Date:	8/19/2008		Time:	8:59 AM		Version no:	0.00		Project name:	55		Sample name:	222		Section name:	section		Position	252.039995	mm	E0	0.000000	keV	E1	1.000000	keV/channel	sample surface	7.466820	cm	Tube anode:	Mo		Tube voltage:	30	kV	Tube current:	50	mA	gain	20		std. database			resultfile	result		matrix element	11		sample thickness	1.000000		air passage	0.560000	cm	comments	not in position		peaking_time	3.000000	m-sec	trigger_threshold	1229.166667	V	mca_bin_width	22.090000	no:	number_mca_channels	1024.000000	no:	gap_time	0.400000	m-sec	trigger_peaking_time	0.150000	m-sec	GAINDAC	9455		HIGHGAIN	1		TAURC	0		RCTAU	53		RCTAUFRAC	32768		livetime	9.725618	seconds	runtime	10.000502	seconds	input_count_rate	25.996498	cps	output_count_rate	20.237985	cps	triggers	252832	seconds	events_in_run	202390	seconds	channel	content		1.000	0.000
2.000	0.000
3.000	0.000
4.000	0.000
5.000	0.000
6.000	0.000
7.000	0.000
8.000	0.000
9.000	0.000
10.000	0.000
11.000	0.000
12.000	0.000
13.000	0.000
14.000	0.000
15.000	0.000
16.000	0.000
17.000	0.000
18.000	0.000
19.000	0.000
20.000	0.000
21.000	0.000
22.000	0.000
23.000	0.000
24.000	0.000
25.000	0.000
26.000	0.000
27.000	0.000
28.000	0.000
29.000	0.000
30.000	0.000
31.000	0.000
32.000	1.000
33.000	0.000
34.000	0.000
35.000	0.000
36.000	2.000
37.000	2.000
38.000	3.000
39.000	2.000
40.000	3.000
41.000	7.000
42.000	8.000
43.000	5.000
44.000	4.000
45.000	8.000
46.000	7.000
47.000	4.000
48.000	8.000
49.000	9.000
50.000	8.000
51.000	11.000
52.000	10.000
53.000	3.000
54.000	15.000
55.000	7.000
56.000	11.000
57.000	4.000
58.000	9.000
59.000	6.000
60.000	7.000
61.000	9.000
62.000	15.000
63.000	7.000
64.000	11.000
65.000	7.000
66.000	7.000
67.000	18.000
68.000	11.000
69.000	3.000
70.000	10.000
71.000	13.000
72.000	11.000
73.000	8.000
74.000	9.000
75.000	10.000
76.000	9.000
77.000	10.000
78.000	11.000
79.000	10.000
80.000	5.000
81.000	9.000
82.000	7.000
83.000	11.000
84.000	5.000
85.000	10.000
86.000	8.000
87.000	9.000
88.000	6.000
89.000	8.000
90.000	3.000
91.000	13.000
92.000	9.000
93.000	9.000
94.000	13.000
95.000	6.000
96.000	6.000
97.000	4.000
98.000	11.000
99.000	7.000
100.000	9.000
101.000	5.000
102.000	7.000
103.000	5.000
104.000	10.000
105.000	6.000
106.000	12.000
107.000	5.000
108.000	8.000
109.000	7.000
110.000	3.000
111.000	6.000
112.000	4.000
113.000	8.000
114.000	4.000
115.000	11.000
116.000	7.000
117.000	7.000
118.000	11.000
119.000	4.000
120.000	10.000
121.000	7.000
122.000	7.000
123.000	9.000
124.000	11.000
125.000	6.000
126.000	6.000
127.000	12.000
128.000	4.000
129.000	7.000
130.000	12.000
131.000	8.000
132.000	4.000
133.000	4.000
134.000	9.000
135.000	8.000
136.000	5.000
137.000	7.000
138.000	4.000
139.000	5.000
140.000	5.000
141.000	4.000
142.000	10.000
143.000	7.000
144.000	5.000
145.000	3.000
146.000	2.000
147.000	5.000
148.000	7.000
149.000	5.000
150.000	1.000
151.000	2.000
152.000	2.000
153.000	5.000
154.000	1.000
155.000	3.000
156.000	4.000
157.000	8.000
158.000	5.000
159.000	7.000
160.000	12.000
161.000	8.000
162.000	14.000
163.000	8.000
164.000	10.000
165.000	15.000
166.000	9.000
167.000	10.000
168.000	1.000
169.000	2.000
170.000	1.000
171.000	2.000
172.000	4.000
173.000	1.000
174.000	4.000
175.000	5.000
176.000	5.000
177.000	5.000
178.000	4.000
179.000	6.000
180.000	7.000
181.000	5.000
182.000	6.000
183.000	5.000
184.000	5.000
185.000	5.000
186.000	6.000
187.000	1.000
188.000	6.000
189.000	4.000
190.000	5.000
191.000	6.000
192.000	3.000
193.000	3.000
194.000	6.000
195.000	5.000
196.000	5.000
197.000	6.000
198.000	8.000
199.000	7.000
200.000	11.000
201.000	6.000
202.000	11.000
203.000	8.000
204.000	6.000
205.000	11.000
206.000	6.000
207.000	4.000
208.000	6.000
209.000	5.000
210.000	5.000
211.000	3.000
212.000	7.000
213.000	4.000
214.000	1.000
215.000	1.000
216.000	2.000
217.000	7.000
218.000	5.000
219.000	5.000
220.000	5.000
221.000	5.000
222.000	4.000
223.000	4.000
224.000	4.000
225.000	6.000
226.000	0.000
227.000	3.000
228.000	1.000
229.000	1.000
230.000	3.000
231.000	4.000
232.000	1.000
233.000	2.000
234.000	1.000
235.000	3.000
236.000	7.000
237.000	4.000
238.000	5.000
239.000	2.000
240.000	2.000
241.000	1.000
242.000	6.000
243.000	5.000
244.000	4.000
245.000	6.000
246.000	4.000
247.000	6.000
248.000	3.000
249.000	9.000
250.000	8.000
251.000	5.000
252.000	2.000
253.000	5.000
254.000	6.000
255.000	3.000
256.000	3.000
257.000	4.000
258.000	5.000
259.000	3.000
260.000	5.000
261.000	7.000
262.000	1.000
263.000	5.000
264.000	3.000
265.000	4.000
266.000	2.000
267.000	2.000
268.000	7.000
269.000	4.000
270.000	5.000
271.000	1.000
272.000	5.000
273.000	6.000
274.000	2.000
275.000	7.000
276.000	5.000
277.000	4.000
278.000	6.000
279.000	5.000
280.000	5.000
281.000	3.000
282.000	8.000
283.000	8.000
284.000	1.000
285.000	1.000
286.000	2.000
287.000	5.000
288.000	3.000
289.000	2.000
290.000	6.000
291.000	4.000
292.000	6.000
293.000	7.000
294.000	5.000
295.000	5.000
296.000	8.000
297.000	3.000
298.000	9.000
299.000	6.000
300.000	7.000
301.000	3.000
302.000	3.000
303.000	5.000
304.000	5.000
305.000	3.000
306.000	1.000
307.000	4.000
308.000	5.000
309.000	3.000
310.000	8.000
311.000	8.000
312.000	6.000
313.000	3.000
314.000	4.000
315.000	7.000
316.000	10.000
317.000	10.000
318.000	11.000
319.000	14.000
320.000	16.000
321.000	25.000
322.000	24.000
323.000	25.000
324.000	19.000
325.000	23.000
326.000	22.000
327.000	7.000
328.000	7.000
329.000	11.000
330.000	13.000
331.000	7.000
332.000	6.000
333.000	6.000
334.000	4.000
335.000	9.000
336.000	10.000
337.000	10.000
338.000	6.000
339.000	3.000
340.000	11.000
341.000	12.000
342.000	33.000
343.000	40.000
344.000	76.000
345.000	113.000
346.000	172.000
347.000	218.000
348.000	310.000
349.000	312.000
350.000	375.000
351.000	388.000
352.000	329.000
353.000	296.000
354.000	270.000
355.000	170.000
356.000	127.000
357.000	68.000
358.000	45.000
359.000	40.000
360.000	20.000
361.000	15.000
362.000	12.000
363.000	14.000
364.000	9.000
365.000	8.000
366.000	5.000
367.000	11.000
368.000	15.000
369.000	7.000
370.000	13.000
371.000	16.000
372.000	12.000
373.000	9.000
374.000	13.000
375.000	14.000
376.000	11.000
377.000	9.000
378.000	15.000
379.000	17.000
380.000	24.000
381.000	29.000
382.000	46.000
383.000	50.000
384.000	57.000
385.000	74.000
386.000	82.000
387.000	81.000
388.000	57.000
389.000	54.000
390.000	46.000
391.000	44.000
392.000	24.000
393.000	22.000
394.000	19.000
395.000	16.000
396.000	14.000
397.000	8.000
398.000	7.000
399.000	19.000
400.000	8.000
401.000	11.000
402.000	9.000
403.000	11.000
404.000	12.000
405.000	10.000
406.000	13.000
407.000	12.000
408.000	9.000
409.000	12.000
410.000	17.000
411.000	14.000
412.000	14.000
413.000	17.000
414.000	19.000
415.000	16.000
416.000	7.000
417.000	12.000
418.000	11.000
419.000	10.000
420.000	19.000
421.000	12.000
422.000	11.000
423.000	16.000
424.000	12.000
425.000	16.000
426.000	20.000
427.000	17.000
428.000	15.000
429.000	19.000
430.000	19.000
431.000	15.000
432.000	23.000
433.000	15.000
434.000	17.000
435.000	24.000
436.000	19.000
437.000	25.000
438.000	22.000
439.000	27.000
440.000	16.000
441.000	19.000
442.000	16.000
443.000	21.000
444.000	21.000
445.000	25.000
446.000	25.000
447.000	20.000
448.000	20.000
449.000	19.000
450.000	35.000
451.000	21.000
452.000	27.000
453.000	28.000
454.000	19.000
455.000	17.000
456.000	21.000
457.000	23.000
458.000	26.000
459.000	39.000
460.000	28.000
461.000	23.000
462.000	15.000
463.000	25.000
464.000	33.000
465.000	27.000
466.000	30.000
467.000	22.000
468.000	27.000
469.000	26.000
470.000	40.000
471.000	24.000
472.000	24.000
473.000	27.000
474.000	35.000
475.000	32.000
476.000	33.000
477.000	37.000
478.000	23.000
479.000	38.000
480.000	25.000
481.000	24.000
482.000	31.000
483.000	31.000
484.000	29.000
485.000	29.000
486.000	37.000
487.000	30.000
488.000	46.000
489.000	25.000
490.000	32.000
491.000	37.000
492.000	37.000
493.000	38.000
494.000	36.000
495.000	40.000
496.000	47.000
497.000	33.000
498.000	39.000
499.000	39.000
500.000	37.000
501.000	43.000
502.000	30.000
503.000	43.000
504.000	44.000
505.000	43.000
506.000	40.000
507.000	44.000
508.000	46.000
509.000	47.000
510.000	48.000
511.000	45.000
512.000	53.000
513.000	44.000
514.000	44.000
515.000	43.000
516.000	48.000
517.000	41.000
518.000	36.000
519.000	70.000
520.000	55.000
521.000	46.000
522.000	53.000
523.000	58.000
524.000	54.000
525.000	48.000
526.000	53.000
527.000	59.000
528.000	49.000
529.000	56.000
530.000	54.000
531.000	60.000
532.000	58.000
533.000	56.000
534.000	60.000
535.000	53.000
536.000	69.000
537.000	62.000
538.000	50.000
539.000	65.000
540.000	52.000
541.000	55.000
542.000	63.000
543.000	58.000
544.000	60.000
545.000	65.000
546.000	53.000
547.000	66.000
548.000	56.000
549.000	75.000
550.000	52.000
551.000	60.000
552.000	56.000
553.000	63.000
554.000	66.000
555.000	70.000
556.000	75.000
557.000	67.000
558.000	53.000
559.000	64.000
560.000	63.000
561.000	63.000
562.000	83.000
563.000	81.000
564.000	85.000
565.000	64.000
566.000	62.000
567.000	76.000
568.000	80.000
569.000	70.000
570.000	81.000
571.000	77.000
572.000	77.000
573.000	71.000
574.000	100.000
575.000	83.000
576.000	103.000
577.000	85.000
578.000	82.000
579.000	89.000
580.000	96.000
581.000	87.000
582.000	100.000
583.000	102.000
584.000	80.000
585.000	82.000
586.000	91.000
587.000	113.000
588.000	87.000
589.000	112.000
590.000	99.000
591.000	115.000
592.000	112.000
593.000	98.000
594.000	86.000
595.000	104.000
596.000	103.000
597.000	87.000
598.000	100.000
599.000	84.000
600.000	100.000
601.000	93.000
602.000	106.000
603.000	101.000
604.000	95.000
605.000	103.000
606.000	96.000
607.000	109.000
608.000	110.000
609.000	103.000
610.000	106.000
611.000	106.000
612.000	121.000
613.000	120.000
614.000	107.000
615.000	118.000
616.000	131.000
617.000	109.000
618.000	121.000
619.000	127.000
620.000	115.000
621.000	122.000
622.000	124.000
623.000	119.000
624.000	122.000
625.000	129.000
626.000	124.000
627.000	123.000
628.000	131.000
629.000	115.000
630.000	133.000
631.000	144.000
632.000	127.000
633.000	136.000
634.000	121.000
635.000	130.000
636.000	140.000
637.000	124.000
638.000	130.000
639.000	116.000
640.000	137.000
641.000	123.000
642.000	151.000
643.000	129.000
644.000	139.000
645.000	132.000
646.000	145.000
647.000	142.000
648.000	148.000
649.000	156.000
650.000	153.000
651.000	137.000
652.000	152.000
653.000	149.000
654.000	141.000
655.000	135.000
656.000	186.000
657.000	162.000
658.000	150.000
659.000	154.000
660.000	131.000
661.000	144.000
662.000	171.000
663.000	177.000
664.000	163.000
665.000	163.000
666.000	161.000
667.000	169.000
668.000	173.000
669.000	154.000
670.000	163.000
671.000	152.000
672.000	172.000
673.000	154.000
674.000	169.000
675.000	166.000
676.000	172.000
677.000	153.000
678.000	190.000
679.000	160.000
680.000	161.000
681.000	190.000
682.000	165.000
683.000	185.000
684.000	144.000
685.000	173.000
686.000	178.000
687.000	168.000
688.000	192.000
689.000	166.000
690.000	180.000
691.000	181.000
692.000	185.000
693.000	195.000
694.000	174.000
695.000	168.000
696.000	168.000
697.000	193.000
698.000	184.000
699.000	182.000
700.000	207.000
701.000	179.000
702.000	205.000
703.000	190.000
704.000	190.000
705.000	189.000
706.000	188.000
707.000	203.000
708.000	203.000
709.000	197.000
710.000	220.000
711.000	190.000
712.000	213.000
713.000	227.000
714.000	203.000
715.000	191.000
716.000	196.000
717.000	201.000
718.000	214.000
719.000	219.000
720.000	215.000
721.000	212.000
722.000	222.000
723.000	230.000
724.000	233.000
725.000	202.000
726.000	216.000
727.000	229.000
728.000	190.000
729.000	238.000
730.000	216.000
731.000	196.000
732.000	210.000
733.000	231.000
734.000	201.000
735.000	253.000
736.000	239.000
737.000	224.000
738.000	204.000
739.000	205.000
740.000	216.000
741.000	223.000
742.000	219.000
743.000	217.000
744.000	233.000
745.000	217.000
746.000	226.000
747.000	239.000
748.000	221.000
749.000	240.000
750.000	209.000
751.000	241.000
752.000	224.000
753.000	217.000
754.000	248.000
755.000	250.000
756.000	206.000
757.000	255.000
758.000	212.000
759.000	247.000
760.000	249.000
761.000	248.000
762.000	277.000
763.000	290.000
764.000	261.000
765.000	209.000
766.000	266.000
767.000	270.000
768.000	272.000
769.000	257.000
770.000	250.000
771.000	278.000
772.000	303.000
773.000	280.000
774.000	273.000
775.000	263.000
776.000	260.000
777.000	259.000
778.000	294.000
779.000	272.000
780.000	241.000
781.000	236.000
782.000	277.000
783.000	255.000
784.000	260.000
785.000	272.000
786.000	278.000
787.000	259.000
788.000	244.000
789.000	248.000
790.000	276.000
791.000	265.000
792.000	264.000
793.000	287.000
794.000	265.000
795.000	270.000
796.000	263.000
797.000	289.000
798.000	299.000
799.000	235.000
800.000	258.000
801.000	252.000
802.000	253.000
803.000	280.000
804.000	252.000
805.000	258.000
806.000	269.000
807.000	268.000
808.000	249.000
809.000	245.000
810.000	273.000
811.000	265.000
812.000	284.000
813.000	252.000
814.000	281.000
815.000	288.000
816.000	270.000
817.000	272.000
818.000	268.000
819.000	306.000
820.000	276.000
821.000	277.000
822.000	298.000
823.000	268.000
824.000	288.000
825.000	303.000
826.000	294.000
827.000	275.000
828.000	309.000
829.000	297.000
830.000	299.000
831.000	309.000
832.000	285.000
833.000	282.000
834.000	288.000
835.000	302.000
836.000	291.000
837.000	308.000
838.000	319.000
839.000	308.000
840.000	297.000
841.000	324.000
842.000	315.000
843.000	313.000
844.000	330.000
845.000	315.000
846.000	315.000
847.000	319.000
848.000	349.000
849.000	350.000
850.000	328.000
851.000	362.000
852.000	348.000
853.000	354.000
854.000	343.000
855.000	354.000
856.000	344.000
857.000	344.000
858.000	383.000
859.000	385.000
860.000	377.000
861.000	422.000
862.000	394.000
863.000	408.000
864.000	353.000
865.000	412.000
866.000	415.000
867.000	404.000
868.000	450.000
869.000	426.000
870.000	442.000
871.000	462.000
872.000	406.000
873.000	444.000
874.000	490.000
875.000	503.000
876.000	553.000
877.000	556.000
878.000	598.000
879.000	616.000
880.000	613.000
881.000	658.000
882.000	704.000
883.000	774.000
884.000	833.000
885.000	884.000
886.000	844.000
887.000	945.000
888.000	997.000
889.000	1113.000
890.000	1103.000
891.000	1210.000
892.000	1190.000
893.000	1240.000
894.000	1328.000
895.000	1339.000
896.000	1399.000
897.000	1418.000
898.000	1455.000
899.000	1457.000
900.000	1418.000
901.000	1427.000
902.000	1372.000
903.000	1453.000
904.000	1375.000
905.000	1383.000
906.000	1326.000
907.000	1264.000
908.000	1230.000
909.000	1124.000
910.000	1157.000
911.000	1078.000
912.000	1095.000
913.000	967.000
914.000	944.000
915.000	895.000
916.000	850.000
917.000	783.000
918.000	719.000
919.000	734.000
920.000	654.000
921.000	616.000
922.000	593.000
923.000	582.000
924.000	507.000
925.000	483.000
926.000	471.000
927.000	448.000
928.000	443.000
929.000	402.000
930.000	385.000
931.000	389.000
932.000	364.000
933.000	341.000
934.000	361.000
935.000	386.000
936.000	341.000
937.000	369.000
938.000	342.000
939.000	342.000
940.000	361.000
941.000	383.000
942.000	392.000
943.000	441.000
944.000	489.000
945.000	514.000
946.000	546.000
947.000	586.000
948.000	616.000
949.000	643.000
950.000	709.000
951.000	762.000
952.000	759.000
953.000	800.000
954.000	795.000
955.000	705.000
956.000	714.000
957.000	705.000
958.000	657.000
959.000	595.000
960.000	542.000
961.000	466.000
962.000	411.000
963.000	364.000
964.000	389.000
965.000	310.000
966.000	315.000
967.000	347.000
968.000	290.000
969.000	257.000
970.000	288.000
971.000	266.000
972.000	305.000
973.000	292.000
974.000	280.000
975.000	294.000
976.000	302.000
977.000	258.000
978.000	303.000
979.000	294.000
980.000	321.000
981.000	268.000
982.000	287.000
983.000	294.000
984.000	311.000
985.000	339.000
986.000	316.000
987.000	346.000
988.000	335.000
989.000	353.000
990.000	354.000
991.000	347.000
992.000	370.000
993.000	378.000
994.000	406.000
995.000	395.000
996.000	413.000
997.000	394.000
998.000	475.000
999.000	406.000
1000.000	413.000
1001.000	424.000
1002.000	400.000
1003.000	423.000
1004.000	463.000
1005.000	420.000
1006.000	427.000
1007.000	431.000
1008.000	503.000
1009.000	445.000
1010.000	423.000
1011.000	437.000
1012.000	375.000
1013.000	424.000
1014.000	391.000
1015.000	368.000
1016.000	345.000
1017.000	313.000
1018.000	345.000
1019.000	333.000
1020.000	310.000
1021.000	275.000
1022.000	304.000
1023.000	269.000
1024.000	298.000
