Date:	8/19/2008		Time:	9:05 AM		Version no:	0.00		Project name:	55		Sample name:	222		Section name:	section		Position	320.039995	mm	E0	0.000000	keV	E1	1.000000	keV/channel	sample surface	7.530420	cm	Tube anode:	Mo		Tube voltage:	30	kV	Tube current:	50	mA	gain	20		std. database			resultfile	result		matrix element	11		sample thickness	1.000000		air passage	0.560000	cm	comments	not in position		peaking_time	3.000000	m-sec	trigger_threshold	1229.166667	V	mca_bin_width	22.090000	no:	number_mca_channels	1024.000000	no:	gap_time	0.400000	m-sec	trigger_peaking_time	0.150000	m-sec	GAINDAC	9455		HIGHGAIN	1		TAURC	0		RCTAU	53		RCTAUFRAC	32768		livetime	9.647038	seconds	runtime	10.000502	seconds	input_count_rate	32.358949	cps	output_count_rate	23.832403	cps	triggers	312168	seconds	events_in_run	238336	seconds	channel	content		1.000	0.000
2.000	0.000
3.000	0.000
4.000	0.000
5.000	0.000
6.000	0.000
7.000	0.000
8.000	0.000
9.000	0.000
10.000	0.000
11.000	0.000
12.000	0.000
13.000	0.000
14.000	0.000
15.000	0.000
16.000	0.000
17.000	0.000
18.000	0.000
19.000	0.000
20.000	0.000
21.000	0.000
22.000	0.000
23.000	0.000
24.000	0.000
25.000	0.000
26.000	0.000
27.000	0.000
28.000	0.000
29.000	0.000
30.000	0.000
31.000	0.000
32.000	1.000
33.000	0.000
34.000	1.000
35.000	0.000
36.000	0.000
37.000	2.000
38.000	1.000
39.000	3.000
40.000	3.000
41.000	5.000
42.000	4.000
43.000	3.000
44.000	2.000
45.000	5.000
46.000	6.000
47.000	11.000
48.000	10.000
49.000	7.000
50.000	12.000
51.000	9.000
52.000	10.000
53.000	9.000
54.000	8.000
55.000	10.000
56.000	8.000
57.000	9.000
58.000	6.000
59.000	13.000
60.000	11.000
61.000	10.000
62.000	16.000
63.000	16.000
64.000	10.000
65.000	5.000
66.000	13.000
67.000	12.000
68.000	11.000
69.000	20.000
70.000	21.000
71.000	7.000
72.000	7.000
73.000	13.000
74.000	14.000
75.000	14.000
76.000	6.000
77.000	7.000
78.000	5.000
79.000	10.000
80.000	10.000
81.000	8.000
82.000	12.000
83.000	12.000
84.000	7.000
85.000	8.000
86.000	11.000
87.000	10.000
88.000	6.000
89.000	9.000
90.000	6.000
91.000	2.000
92.000	11.000
93.000	4.000
94.000	7.000
95.000	8.000
96.000	12.000
97.000	10.000
98.000	11.000
99.000	6.000
100.000	15.000
101.000	10.000
102.000	13.000
103.000	9.000
104.000	6.000
105.000	3.000
106.000	9.000
107.000	9.000
108.000	11.000
109.000	10.000
110.000	5.000
111.000	9.000
112.000	7.000
113.000	13.000
114.000	5.000
115.000	9.000
116.000	7.000
117.000	9.000
118.000	10.000
119.000	6.000
120.000	7.000
121.000	6.000
122.000	7.000
123.000	9.000
124.000	11.000
125.000	8.000
126.000	13.000
127.000	10.000
128.000	15.000
129.000	6.000
130.000	6.000
131.000	7.000
132.000	8.000
133.000	6.000
134.000	10.000
135.000	5.000
136.000	4.000
137.000	11.000
138.000	5.000
139.000	4.000
140.000	8.000
141.000	4.000
142.000	7.000
143.000	4.000
144.000	5.000
145.000	12.000
146.000	5.000
147.000	7.000
148.000	7.000
149.000	6.000
150.000	4.000
151.000	2.000
152.000	6.000
153.000	5.000
154.000	6.000
155.000	6.000
156.000	3.000
157.000	6.000
158.000	3.000
159.000	5.000
160.000	5.000
161.000	14.000
162.000	9.000
163.000	9.000
164.000	14.000
165.000	5.000
166.000	3.000
167.000	9.000
168.000	2.000
169.000	4.000
170.000	5.000
171.000	3.000
172.000	5.000
173.000	3.000
174.000	2.000
175.000	5.000
176.000	5.000
177.000	2.000
178.000	6.000
179.000	5.000
180.000	8.000
181.000	16.000
182.000	8.000
183.000	13.000
184.000	12.000
185.000	10.000
186.000	5.000
187.000	7.000
188.000	8.000
189.000	5.000
190.000	1.000
191.000	8.000
192.000	6.000
193.000	7.000
194.000	5.000
195.000	6.000
196.000	8.000
197.000	9.000
198.000	10.000
199.000	25.000
200.000	23.000
201.000	30.000
202.000	32.000
203.000	31.000
204.000	34.000
205.000	25.000
206.000	18.000
207.000	19.000
208.000	7.000
209.000	6.000
210.000	5.000
211.000	2.000
212.000	7.000
213.000	1.000
214.000	5.000
215.000	8.000
216.000	7.000
217.000	7.000
218.000	2.000
219.000	12.000
220.000	10.000
221.000	10.000
222.000	2.000
223.000	4.000
224.000	4.000
225.000	8.000
226.000	9.000
227.000	6.000
228.000	7.000
229.000	7.000
230.000	4.000
231.000	3.000
232.000	3.000
233.000	3.000
234.000	4.000
235.000	2.000
236.000	2.000
237.000	4.000
238.000	4.000
239.000	5.000
240.000	2.000
241.000	6.000
242.000	9.000
243.000	12.000
244.000	8.000
245.000	9.000
246.000	14.000
247.000	8.000
248.000	13.000
249.000	15.000
250.000	10.000
251.000	10.000
252.000	12.000
253.000	4.000
254.000	3.000
255.000	9.000
256.000	6.000
257.000	8.000
258.000	6.000
259.000	5.000
260.000	5.000
261.000	3.000
262.000	6.000
263.000	5.000
264.000	3.000
265.000	6.000
266.000	8.000
267.000	5.000
268.000	5.000
269.000	4.000
270.000	8.000
271.000	6.000
272.000	7.000
273.000	6.000
274.000	5.000
275.000	4.000
276.000	7.000
277.000	2.000
278.000	4.000
279.000	5.000
280.000	5.000
281.000	7.000
282.000	7.000
283.000	3.000
284.000	3.000
285.000	6.000
286.000	4.000
287.000	7.000
288.000	6.000
289.000	11.000
290.000	6.000
291.000	8.000
292.000	4.000
293.000	10.000
294.000	7.000
295.000	8.000
296.000	8.000
297.000	8.000
298.000	10.000
299.000	8.000
300.000	8.000
301.000	4.000
302.000	7.000
303.000	8.000
304.000	6.000
305.000	9.000
306.000	9.000
307.000	10.000
308.000	6.000
309.000	3.000
310.000	7.000
311.000	3.000
312.000	10.000
313.000	10.000
314.000	8.000
315.000	17.000
316.000	14.000
317.000	21.000
318.000	28.000
319.000	39.000
320.000	38.000
321.000	51.000
322.000	50.000
323.000	59.000
324.000	71.000
325.000	56.000
326.000	44.000
327.000	35.000
328.000	29.000
329.000	16.000
330.000	23.000
331.000	13.000
332.000	11.000
333.000	10.000
334.000	11.000
335.000	6.000
336.000	19.000
337.000	16.000
338.000	10.000
339.000	19.000
340.000	22.000
341.000	31.000
342.000	51.000
343.000	76.000
344.000	163.000
345.000	219.000
346.000	335.000
347.000	464.000
348.000	618.000
349.000	724.000
350.000	824.000
351.000	832.000
352.000	753.000
353.000	662.000
354.000	525.000
355.000	357.000
356.000	236.000
357.000	155.000
358.000	118.000
359.000	60.000
360.000	38.000
361.000	31.000
362.000	23.000
363.000	23.000
364.000	12.000
365.000	24.000
366.000	13.000
367.000	12.000
368.000	18.000
369.000	22.000
370.000	13.000
371.000	20.000
372.000	14.000
373.000	21.000
374.000	21.000
375.000	17.000
376.000	26.000
377.000	21.000
378.000	28.000
379.000	45.000
380.000	50.000
381.000	68.000
382.000	92.000
383.000	114.000
384.000	114.000
385.000	144.000
386.000	141.000
387.000	157.000
388.000	121.000
389.000	130.000
390.000	113.000
391.000	74.000
392.000	64.000
393.000	43.000
394.000	40.000
395.000	29.000
396.000	21.000
397.000	26.000
398.000	31.000
399.000	25.000
400.000	27.000
401.000	28.000
402.000	24.000
403.000	19.000
404.000	31.000
405.000	16.000
406.000	24.000
407.000	20.000
408.000	18.000
409.000	23.000
410.000	28.000
411.000	19.000
412.000	28.000
413.000	29.000
414.000	29.000
415.000	28.000
416.000	31.000
417.000	29.000
418.000	24.000
419.000	24.000
420.000	29.000
421.000	40.000
422.000	29.000
423.000	35.000
424.000	30.000
425.000	37.000
426.000	35.000
427.000	37.000
428.000	33.000
429.000	31.000
430.000	25.000
431.000	34.000
432.000	29.000
433.000	30.000
434.000	33.000
435.000	36.000
436.000	30.000
437.000	29.000
438.000	43.000
439.000	43.000
440.000	36.000
441.000	46.000
442.000	50.000
443.000	39.000
444.000	43.000
445.000	49.000
446.000	39.000
447.000	42.000
448.000	42.000
449.000	57.000
450.000	51.000
451.000	35.000
452.000	48.000
453.000	49.000
454.000	43.000
455.000	60.000
456.000	42.000
457.000	36.000
458.000	43.000
459.000	46.000
460.000	53.000
461.000	39.000
462.000	60.000
463.000	42.000
464.000	48.000
465.000	47.000
466.000	50.000
467.000	59.000
468.000	53.000
469.000	58.000
470.000	53.000
471.000	52.000
472.000	48.000
473.000	37.000
474.000	58.000
475.000	63.000
476.000	55.000
477.000	49.000
478.000	51.000
479.000	55.000
480.000	63.000
481.000	64.000
482.000	67.000
483.000	58.000
484.000	65.000
485.000	61.000
486.000	54.000
487.000	69.000
488.000	57.000
489.000	57.000
490.000	63.000
491.000	60.000
492.000	61.000
493.000	62.000
494.000	65.000
495.000	54.000
496.000	63.000
497.000	78.000
498.000	65.000
499.000	70.000
500.000	49.000
501.000	62.000
502.000	78.000
503.000	61.000
504.000	67.000
505.000	67.000
506.000	85.000
507.000	86.000
508.000	66.000
509.000	53.000
510.000	59.000
511.000	68.000
512.000	85.000
513.000	71.000
514.000	69.000
515.000	72.000
516.000	87.000
517.000	76.000
518.000	74.000
519.000	84.000
520.000	89.000
521.000	86.000
522.000	98.000
523.000	99.000
524.000	71.000
525.000	91.000
526.000	78.000
527.000	106.000
528.000	99.000
529.000	96.000
530.000	85.000
531.000	93.000
532.000	89.000
533.000	106.000
534.000	96.000
535.000	91.000
536.000	102.000
537.000	97.000
538.000	106.000
539.000	94.000
540.000	92.000
541.000	115.000
542.000	107.000
543.000	113.000
544.000	81.000
545.000	98.000
546.000	106.000
547.000	102.000
548.000	103.000
549.000	105.000
550.000	104.000
551.000	103.000
552.000	96.000
553.000	104.000
554.000	91.000
555.000	117.000
556.000	99.000
557.000	110.000
558.000	119.000
559.000	98.000
560.000	97.000
561.000	120.000
562.000	116.000
563.000	109.000
564.000	122.000
565.000	100.000
566.000	116.000
567.000	115.000
568.000	120.000
569.000	111.000
570.000	100.000
571.000	111.000
572.000	127.000
573.000	134.000
574.000	123.000
575.000	125.000
576.000	122.000
577.000	129.000
578.000	133.000
579.000	142.000
580.000	129.000
581.000	121.000
582.000	146.000
583.000	140.000
584.000	128.000
585.000	124.000
586.000	126.000
587.000	138.000
588.000	144.000
589.000	138.000
590.000	122.000
591.000	132.000
592.000	150.000
593.000	135.000
594.000	140.000
595.000	143.000
596.000	133.000
597.000	143.000
598.000	155.000
599.000	135.000
600.000	147.000
601.000	152.000
602.000	154.000
603.000	138.000
604.000	140.000
605.000	146.000
606.000	158.000
607.000	144.000
608.000	134.000
609.000	165.000
610.000	154.000
611.000	153.000
612.000	146.000
613.000	160.000
614.000	146.000
615.000	185.000
616.000	129.000
617.000	183.000
618.000	161.000
619.000	143.000
620.000	142.000
621.000	149.000
622.000	164.000
623.000	153.000
624.000	179.000
625.000	165.000
626.000	137.000
627.000	178.000
628.000	164.000
629.000	182.000
630.000	188.000
631.000	183.000
632.000	176.000
633.000	181.000
634.000	169.000
635.000	172.000
636.000	159.000
637.000	191.000
638.000	169.000
639.000	168.000
640.000	168.000
641.000	193.000
642.000	177.000
643.000	151.000
644.000	181.000
645.000	178.000
646.000	189.000
647.000	179.000
648.000	191.000
649.000	186.000
650.000	198.000
651.000	195.000
652.000	170.000
653.000	181.000
654.000	194.000
655.000	209.000
656.000	208.000
657.000	189.000
658.000	224.000
659.000	170.000
660.000	193.000
661.000	202.000
662.000	182.000
663.000	185.000
664.000	200.000
665.000	211.000
666.000	207.000
667.000	199.000
668.000	220.000
669.000	218.000
670.000	211.000
671.000	195.000
672.000	207.000
673.000	195.000
674.000	216.000
675.000	218.000
676.000	234.000
677.000	226.000
678.000	202.000
679.000	217.000
680.000	181.000
681.000	213.000
682.000	195.000
683.000	221.000
684.000	221.000
685.000	242.000
686.000	218.000
687.000	244.000
688.000	242.000
689.000	243.000
690.000	221.000
691.000	228.000
692.000	216.000
693.000	236.000
694.000	210.000
695.000	236.000
696.000	257.000
697.000	236.000
698.000	267.000
699.000	231.000
700.000	224.000
701.000	239.000
702.000	229.000
703.000	240.000
704.000	240.000
705.000	235.000
706.000	236.000
707.000	221.000
708.000	240.000
709.000	232.000
710.000	226.000
711.000	215.000
712.000	229.000
713.000	239.000
714.000	224.000
715.000	241.000
716.000	233.000
717.000	244.000
718.000	221.000
719.000	262.000
720.000	260.000
721.000	246.000
722.000	258.000
723.000	253.000
724.000	241.000
725.000	278.000
726.000	257.000
727.000	240.000
728.000	284.000
729.000	240.000
730.000	275.000
731.000	284.000
732.000	280.000
733.000	292.000
734.000	245.000
735.000	285.000
736.000	265.000
737.000	294.000
738.000	258.000
739.000	266.000
740.000	281.000
741.000	266.000
742.000	264.000
743.000	280.000
744.000	260.000
745.000	262.000
746.000	245.000
747.000	271.000
748.000	256.000
749.000	283.000
750.000	268.000
751.000	267.000
752.000	277.000
753.000	283.000
754.000	278.000
755.000	271.000
756.000	266.000
757.000	265.000
758.000	278.000
759.000	283.000
760.000	298.000
761.000	256.000
762.000	289.000
763.000	271.000
764.000	295.000
765.000	282.000
766.000	303.000
767.000	291.000
768.000	310.000
769.000	299.000
770.000	291.000
771.000	313.000
772.000	275.000
773.000	330.000
774.000	299.000
775.000	328.000
776.000	321.000
777.000	292.000
778.000	306.000
779.000	292.000
780.000	292.000
781.000	290.000
782.000	292.000
783.000	260.000
784.000	315.000
785.000	277.000
786.000	296.000
787.000	294.000
788.000	269.000
789.000	285.000
790.000	285.000
791.000	311.000
792.000	301.000
793.000	312.000
794.000	293.000
795.000	281.000
796.000	278.000
797.000	284.000
798.000	299.000
799.000	305.000
800.000	330.000
801.000	330.000
802.000	341.000
803.000	292.000
804.000	286.000
805.000	288.000
806.000	305.000
807.000	291.000
808.000	270.000
809.000	322.000
810.000	294.000
811.000	327.000
812.000	325.000
813.000	328.000
814.000	286.000
815.000	320.000
816.000	294.000
817.000	321.000
818.000	337.000
819.000	324.000
820.000	317.000
821.000	305.000
822.000	310.000
823.000	312.000
824.000	323.000
825.000	320.000
826.000	314.000
827.000	295.000
828.000	342.000
829.000	361.000
830.000	334.000
831.000	333.000
832.000	364.000
833.000	337.000
834.000	348.000
835.000	307.000
836.000	339.000
837.000	309.000
838.000	310.000
839.000	378.000
840.000	348.000
841.000	364.000
842.000	371.000
843.000	321.000
844.000	352.000
845.000	348.000
846.000	324.000
847.000	368.000
848.000	348.000
849.000	354.000
850.000	363.000
851.000	370.000
852.000	347.000
853.000	377.000
854.000	374.000
855.000	386.000
856.000	364.000
857.000	377.000
858.000	401.000
859.000	427.000
860.000	379.000
861.000	419.000
862.000	400.000
863.000	407.000
864.000	421.000
865.000	459.000
866.000	444.000
867.000	458.000
868.000	483.000
869.000	477.000
870.000	474.000
871.000	517.000
872.000	509.000
873.000	518.000
874.000	508.000
875.000	581.000
876.000	590.000
877.000	625.000
878.000	622.000
879.000	669.000
880.000	699.000
881.000	737.000
882.000	794.000
883.000	830.000
884.000	896.000
885.000	933.000
886.000	957.000
887.000	1036.000
888.000	1097.000
889.000	1149.000
890.000	1197.000
891.000	1277.000
892.000	1347.000
893.000	1336.000
894.000	1539.000
895.000	1482.000
896.000	1612.000
897.000	1609.000
898.000	1651.000
899.000	1611.000
900.000	1675.000
901.000	1609.000
902.000	1573.000
903.000	1543.000
904.000	1638.000
905.000	1504.000
906.000	1536.000
907.000	1435.000
908.000	1360.000
909.000	1312.000
910.000	1333.000
911.000	1199.000
912.000	1134.000
913.000	1062.000
914.000	968.000
915.000	913.000
916.000	899.000
917.000	816.000
918.000	833.000
919.000	733.000
920.000	686.000
921.000	641.000
922.000	665.000
923.000	623.000
924.000	587.000
925.000	573.000
926.000	502.000
927.000	484.000
928.000	504.000
929.000	465.000
930.000	457.000
931.000	446.000
932.000	431.000
933.000	413.000
934.000	345.000
935.000	411.000
936.000	423.000
937.000	351.000
938.000	395.000
939.000	421.000
940.000	396.000
941.000	429.000
942.000	440.000
943.000	494.000
944.000	518.000
945.000	548.000
946.000	635.000
947.000	692.000
948.000	671.000
949.000	707.000
950.000	814.000
951.000	888.000
952.000	891.000
953.000	832.000
954.000	832.000
955.000	874.000
956.000	794.000
957.000	797.000
958.000	739.000
959.000	650.000
960.000	612.000
961.000	558.000
962.000	529.000
963.000	433.000
964.000	383.000
965.000	349.000
966.000	381.000
967.000	342.000
968.000	324.000
969.000	331.000
970.000	296.000
971.000	324.000
972.000	327.000
973.000	343.000
974.000	327.000
975.000	336.000
976.000	300.000
977.000	311.000
978.000	319.000
979.000	290.000
980.000	335.000
981.000	360.000
982.000	354.000
983.000	363.000
984.000	343.000
985.000	372.000
986.000	336.000
987.000	397.000
988.000	395.000
989.000	391.000
990.000	391.000
991.000	426.000
992.000	436.000
993.000	452.000
994.000	438.000
995.000	495.000
996.000	430.000
997.000	433.000
998.000	450.000
999.000	501.000
1000.000	460.000
1001.000	472.000
1002.000	469.000
1003.000	507.000
1004.000	473.000
1005.000	483.000
1006.000	478.000
1007.000	454.000
1008.000	474.000
1009.000	461.000
1010.000	441.000
1011.000	442.000
1012.000	467.000
1013.000	436.000
1014.000	409.000
1015.000	450.000
1016.000	399.000
1017.000	377.000
1018.000	388.000
1019.000	345.000
1020.000	368.000
1021.000	336.000
1022.000	334.000
1023.000	285.000
1024.000	301.000
