Date:	8/19/2008		Time:	9:25 AM		Version no:	0.00		Project name:	55		Sample name:	222		Section name:	section		Position	528.039995	mm	E0	0.000000	keV	E1	1.000000	keV/channel	sample surface	7.681306	cm	Tube anode:	Mo		Tube voltage:	30	kV	Tube current:	50	mA	gain	20		std. database			resultfile	result		matrix element	11		sample thickness	1.000000		air passage	0.560000	cm	comments	not in position		peaking_time	3.000000	m-sec	trigger_threshold	1229.166667	V	mca_bin_width	22.090000	no:	number_mca_channels	1024.000000	no:	gap_time	0.400000	m-sec	trigger_peaking_time	0.150000	m-sec	GAINDAC	9455		HIGHGAIN	1		TAURC	0		RCTAU	53		RCTAUFRAC	32768		livetime	9.727067	seconds	runtime	10.000502	seconds	input_count_rate	26.492363	cps	output_count_rate	20.502370	cps	triggers	257693	seconds	events_in_run	205034	seconds	channel	content		1.000	0.000
2.000	0.000
3.000	0.000
4.000	0.000
5.000	0.000
6.000	0.000
7.000	0.000
8.000	0.000
9.000	0.000
10.000	0.000
11.000	0.000
12.000	0.000
13.000	0.000
14.000	0.000
15.000	0.000
16.000	0.000
17.000	0.000
18.000	0.000
19.000	0.000
20.000	0.000
21.000	0.000
22.000	0.000
23.000	0.000
24.000	0.000
25.000	0.000
26.000	0.000
27.000	0.000
28.000	0.000
29.000	0.000
30.000	0.000
31.000	0.000
32.000	1.000
33.000	0.000
34.000	2.000
35.000	2.000
36.000	0.000
37.000	5.000
38.000	0.000
39.000	5.000
40.000	1.000
41.000	3.000
42.000	2.000
43.000	5.000
44.000	6.000
45.000	5.000
46.000	6.000
47.000	4.000
48.000	5.000
49.000	9.000
50.000	11.000
51.000	8.000
52.000	6.000
53.000	4.000
54.000	11.000
55.000	6.000
56.000	11.000
57.000	13.000
58.000	9.000
59.000	10.000
60.000	10.000
61.000	9.000
62.000	11.000
63.000	13.000
64.000	9.000
65.000	13.000
66.000	11.000
67.000	12.000
68.000	13.000
69.000	12.000
70.000	9.000
71.000	5.000
72.000	9.000
73.000	7.000
74.000	6.000
75.000	7.000
76.000	10.000
77.000	8.000
78.000	10.000
79.000	11.000
80.000	11.000
81.000	6.000
82.000	6.000
83.000	5.000
84.000	8.000
85.000	14.000
86.000	11.000
87.000	7.000
88.000	12.000
89.000	13.000
90.000	7.000
91.000	8.000
92.000	9.000
93.000	6.000
94.000	7.000
95.000	8.000
96.000	10.000
97.000	4.000
98.000	7.000
99.000	10.000
100.000	5.000
101.000	6.000
102.000	2.000
103.000	4.000
104.000	3.000
105.000	2.000
106.000	9.000
107.000	5.000
108.000	12.000
109.000	7.000
110.000	4.000
111.000	8.000
112.000	5.000
113.000	6.000
114.000	9.000
115.000	14.000
116.000	4.000
117.000	4.000
118.000	4.000
119.000	8.000
120.000	7.000
121.000	5.000
122.000	5.000
123.000	5.000
124.000	7.000
125.000	10.000
126.000	11.000
127.000	6.000
128.000	7.000
129.000	10.000
130.000	5.000
131.000	9.000
132.000	9.000
133.000	9.000
134.000	4.000
135.000	8.000
136.000	6.000
137.000	6.000
138.000	4.000
139.000	5.000
140.000	6.000
141.000	1.000
142.000	2.000
143.000	2.000
144.000	2.000
145.000	6.000
146.000	7.000
147.000	0.000
148.000	4.000
149.000	4.000
150.000	9.000
151.000	2.000
152.000	8.000
153.000	6.000
154.000	5.000
155.000	2.000
156.000	8.000
157.000	5.000
158.000	6.000
159.000	10.000
160.000	7.000
161.000	8.000
162.000	7.000
163.000	11.000
164.000	6.000
165.000	12.000
166.000	10.000
167.000	5.000
168.000	4.000
169.000	12.000
170.000	1.000
171.000	8.000
172.000	3.000
173.000	1.000
174.000	3.000
175.000	4.000
176.000	4.000
177.000	4.000
178.000	5.000
179.000	2.000
180.000	7.000
181.000	5.000
182.000	8.000
183.000	11.000
184.000	7.000
185.000	9.000
186.000	4.000
187.000	2.000
188.000	3.000
189.000	5.000
190.000	4.000
191.000	5.000
192.000	8.000
193.000	2.000
194.000	5.000
195.000	3.000
196.000	6.000
197.000	9.000
198.000	8.000
199.000	22.000
200.000	20.000
201.000	31.000
202.000	31.000
203.000	32.000
204.000	24.000
205.000	27.000
206.000	21.000
207.000	11.000
208.000	3.000
209.000	10.000
210.000	2.000
211.000	2.000
212.000	6.000
213.000	3.000
214.000	4.000
215.000	4.000
216.000	3.000
217.000	6.000
218.000	5.000
219.000	8.000
220.000	4.000
221.000	7.000
222.000	5.000
223.000	6.000
224.000	9.000
225.000	6.000
226.000	4.000
227.000	2.000
228.000	4.000
229.000	6.000
230.000	2.000
231.000	1.000
232.000	2.000
233.000	3.000
234.000	1.000
235.000	3.000
236.000	5.000
237.000	7.000
238.000	5.000
239.000	1.000
240.000	4.000
241.000	3.000
242.000	7.000
243.000	7.000
244.000	6.000
245.000	0.000
246.000	3.000
247.000	7.000
248.000	8.000
249.000	4.000
250.000	5.000
251.000	7.000
252.000	4.000
253.000	4.000
254.000	7.000
255.000	5.000
256.000	9.000
257.000	11.000
258.000	10.000
259.000	9.000
260.000	9.000
261.000	4.000
262.000	3.000
263.000	4.000
264.000	5.000
265.000	4.000
266.000	3.000
267.000	5.000
268.000	5.000
269.000	6.000
270.000	7.000
271.000	3.000
272.000	7.000
273.000	6.000
274.000	3.000
275.000	6.000
276.000	2.000
277.000	7.000
278.000	5.000
279.000	4.000
280.000	6.000
281.000	1.000
282.000	2.000
283.000	4.000
284.000	4.000
285.000	7.000
286.000	4.000
287.000	9.000
288.000	9.000
289.000	5.000
290.000	5.000
291.000	6.000
292.000	4.000
293.000	7.000
294.000	9.000
295.000	6.000
296.000	11.000
297.000	8.000
298.000	7.000
299.000	6.000
300.000	3.000
301.000	10.000
302.000	8.000
303.000	6.000
304.000	10.000
305.000	6.000
306.000	8.000
307.000	6.000
308.000	9.000
309.000	4.000
310.000	2.000
311.000	7.000
312.000	7.000
313.000	11.000
314.000	8.000
315.000	6.000
316.000	9.000
317.000	20.000
318.000	15.000
319.000	28.000
320.000	22.000
321.000	26.000
322.000	43.000
323.000	61.000
324.000	47.000
325.000	39.000
326.000	27.000
327.000	25.000
328.000	17.000
329.000	20.000
330.000	15.000
331.000	9.000
332.000	12.000
333.000	8.000
334.000	9.000
335.000	12.000
336.000	8.000
337.000	10.000
338.000	18.000
339.000	15.000
340.000	22.000
341.000	37.000
342.000	45.000
343.000	68.000
344.000	131.000
345.000	204.000
346.000	323.000
347.000	398.000
348.000	584.000
349.000	630.000
350.000	697.000
351.000	745.000
352.000	666.000
353.000	567.000
354.000	461.000
355.000	340.000
356.000	226.000
357.000	151.000
358.000	120.000
359.000	63.000
360.000	43.000
361.000	21.000
362.000	23.000
363.000	13.000
364.000	6.000
365.000	14.000
366.000	13.000
367.000	15.000
368.000	6.000
369.000	11.000
370.000	14.000
371.000	13.000
372.000	13.000
373.000	18.000
374.000	11.000
375.000	14.000
376.000	16.000
377.000	9.000
378.000	26.000
379.000	37.000
380.000	40.000
381.000	48.000
382.000	85.000
383.000	78.000
384.000	110.000
385.000	137.000
386.000	118.000
387.000	113.000
388.000	115.000
389.000	96.000
390.000	88.000
391.000	70.000
392.000	44.000
393.000	40.000
394.000	25.000
395.000	23.000
396.000	19.000
397.000	24.000
398.000	21.000
399.000	18.000
400.000	15.000
401.000	11.000
402.000	15.000
403.000	24.000
404.000	20.000
405.000	15.000
406.000	19.000
407.000	20.000
408.000	23.000
409.000	19.000
410.000	14.000
411.000	28.000
412.000	23.000
413.000	15.000
414.000	26.000
415.000	25.000
416.000	21.000
417.000	19.000
418.000	20.000
419.000	21.000
420.000	21.000
421.000	37.000
422.000	13.000
423.000	16.000
424.000	18.000
425.000	18.000
426.000	14.000
427.000	21.000
428.000	21.000
429.000	21.000
430.000	22.000
431.000	25.000
432.000	19.000
433.000	27.000
434.000	21.000
435.000	23.000
436.000	27.000
437.000	23.000
438.000	19.000
439.000	27.000
440.000	35.000
441.000	36.000
442.000	31.000
443.000	24.000
444.000	26.000
445.000	33.000
446.000	34.000
447.000	25.000
448.000	32.000
449.000	22.000
450.000	40.000
451.000	19.000
452.000	31.000
453.000	37.000
454.000	28.000
455.000	30.000
456.000	32.000
457.000	29.000
458.000	42.000
459.000	39.000
460.000	24.000
461.000	32.000
462.000	37.000
463.000	40.000
464.000	25.000
465.000	31.000
466.000	34.000
467.000	36.000
468.000	43.000
469.000	33.000
470.000	44.000
471.000	37.000
472.000	42.000
473.000	45.000
474.000	35.000
475.000	46.000
476.000	42.000
477.000	43.000
478.000	29.000
479.000	48.000
480.000	41.000
481.000	42.000
482.000	43.000
483.000	46.000
484.000	31.000
485.000	32.000
486.000	38.000
487.000	42.000
488.000	50.000
489.000	30.000
490.000	38.000
491.000	41.000
492.000	43.000
493.000	55.000
494.000	36.000
495.000	42.000
496.000	51.000
497.000	43.000
498.000	46.000
499.000	43.000
500.000	42.000
501.000	50.000
502.000	50.000
503.000	47.000
504.000	65.000
505.000	61.000
506.000	62.000
507.000	49.000
508.000	59.000
509.000	53.000
510.000	56.000
511.000	56.000
512.000	40.000
513.000	61.000
514.000	47.000
515.000	49.000
516.000	58.000
517.000	69.000
518.000	51.000
519.000	65.000
520.000	66.000
521.000	62.000
522.000	67.000
523.000	71.000
524.000	66.000
525.000	64.000
526.000	69.000
527.000	75.000
528.000	71.000
529.000	68.000
530.000	42.000
531.000	69.000
532.000	69.000
533.000	71.000
534.000	73.000
535.000	67.000
536.000	68.000
537.000	63.000
538.000	65.000
539.000	63.000
540.000	64.000
541.000	78.000
542.000	66.000
543.000	86.000
544.000	84.000
545.000	87.000
546.000	83.000
547.000	92.000
548.000	59.000
549.000	73.000
550.000	71.000
551.000	75.000
552.000	68.000
553.000	71.000
554.000	74.000
555.000	100.000
556.000	65.000
557.000	73.000
558.000	85.000
559.000	85.000
560.000	90.000
561.000	85.000
562.000	116.000
563.000	92.000
564.000	95.000
565.000	83.000
566.000	75.000
567.000	92.000
568.000	88.000
569.000	106.000
570.000	92.000
571.000	95.000
572.000	82.000
573.000	99.000
574.000	101.000
575.000	93.000
576.000	106.000
577.000	111.000
578.000	104.000
579.000	106.000
580.000	100.000
581.000	106.000
582.000	85.000
583.000	107.000
584.000	102.000
585.000	94.000
586.000	120.000
587.000	102.000
588.000	104.000
589.000	101.000
590.000	107.000
591.000	97.000
592.000	106.000
593.000	99.000
594.000	104.000
595.000	105.000
596.000	102.000
597.000	119.000
598.000	105.000
599.000	119.000
600.000	106.000
601.000	99.000
602.000	116.000
603.000	119.000
604.000	114.000
605.000	118.000
606.000	129.000
607.000	121.000
608.000	121.000
609.000	135.000
610.000	105.000
611.000	107.000
612.000	120.000
613.000	108.000
614.000	121.000
615.000	132.000
616.000	123.000
617.000	116.000
618.000	147.000
619.000	126.000
620.000	120.000
621.000	133.000
622.000	129.000
623.000	144.000
624.000	149.000
625.000	117.000
626.000	143.000
627.000	129.000
628.000	151.000
629.000	166.000
630.000	146.000
631.000	141.000
632.000	130.000
633.000	155.000
634.000	141.000
635.000	120.000
636.000	141.000
637.000	140.000
638.000	145.000
639.000	112.000
640.000	165.000
641.000	152.000
642.000	136.000
643.000	152.000
644.000	163.000
645.000	150.000
646.000	158.000
647.000	171.000
648.000	150.000
649.000	178.000
650.000	157.000
651.000	151.000
652.000	163.000
653.000	175.000
654.000	163.000
655.000	154.000
656.000	166.000
657.000	151.000
658.000	150.000
659.000	170.000
660.000	141.000
661.000	167.000
662.000	150.000
663.000	172.000
664.000	179.000
665.000	154.000
666.000	159.000
667.000	159.000
668.000	158.000
669.000	173.000
670.000	169.000
671.000	159.000
672.000	178.000
673.000	169.000
674.000	196.000
675.000	169.000
676.000	165.000
677.000	181.000
678.000	167.000
679.000	210.000
680.000	181.000
681.000	179.000
682.000	172.000
683.000	181.000
684.000	194.000
685.000	175.000
686.000	171.000
687.000	191.000
688.000	169.000
689.000	176.000
690.000	196.000
691.000	225.000
692.000	171.000
693.000	183.000
694.000	186.000
695.000	175.000
696.000	176.000
697.000	171.000
698.000	194.000
699.000	187.000
700.000	187.000
701.000	193.000
702.000	189.000
703.000	201.000
704.000	193.000
705.000	188.000
706.000	214.000
707.000	181.000
708.000	193.000
709.000	197.000
710.000	179.000
711.000	190.000
712.000	208.000
713.000	175.000
714.000	211.000
715.000	188.000
716.000	195.000
717.000	213.000
718.000	199.000
719.000	211.000
720.000	225.000
721.000	190.000
722.000	220.000
723.000	221.000
724.000	209.000
725.000	207.000
726.000	201.000
727.000	214.000
728.000	227.000
729.000	226.000
730.000	231.000
731.000	207.000
732.000	237.000
733.000	212.000
734.000	207.000
735.000	206.000
736.000	217.000
737.000	225.000
738.000	213.000
739.000	219.000
740.000	214.000
741.000	241.000
742.000	241.000
743.000	222.000
744.000	232.000
745.000	225.000
746.000	241.000
747.000	209.000
748.000	219.000
749.000	246.000
750.000	228.000
751.000	241.000
752.000	226.000
753.000	224.000
754.000	228.000
755.000	221.000
756.000	245.000
757.000	227.000
758.000	242.000
759.000	261.000
760.000	254.000
761.000	249.000
762.000	242.000
763.000	252.000
764.000	273.000
765.000	248.000
766.000	256.000
767.000	277.000
768.000	241.000
769.000	228.000
770.000	259.000
771.000	285.000
772.000	272.000
773.000	291.000
774.000	235.000
775.000	294.000
776.000	267.000
777.000	299.000
778.000	288.000
779.000	272.000
780.000	279.000
781.000	280.000
782.000	247.000
783.000	265.000
784.000	228.000
785.000	227.000
786.000	245.000
787.000	233.000
788.000	256.000
789.000	267.000
790.000	263.000
791.000	259.000
792.000	245.000
793.000	247.000
794.000	253.000
795.000	254.000
796.000	233.000
797.000	224.000
798.000	252.000
799.000	257.000
800.000	270.000
801.000	272.000
802.000	225.000
803.000	279.000
804.000	253.000
805.000	299.000
806.000	266.000
807.000	260.000
808.000	278.000
809.000	280.000
810.000	284.000
811.000	252.000
812.000	285.000
813.000	268.000
814.000	276.000
815.000	259.000
816.000	307.000
817.000	248.000
818.000	270.000
819.000	236.000
820.000	266.000
821.000	292.000
822.000	258.000
823.000	275.000
824.000	276.000
825.000	275.000
826.000	307.000
827.000	263.000
828.000	251.000
829.000	277.000
830.000	249.000
831.000	299.000
832.000	284.000
833.000	286.000
834.000	248.000
835.000	301.000
836.000	279.000
837.000	268.000
838.000	290.000
839.000	256.000
840.000	302.000
841.000	258.000
842.000	292.000
843.000	279.000
844.000	293.000
845.000	303.000
846.000	310.000
847.000	308.000
848.000	299.000
849.000	331.000
850.000	334.000
851.000	319.000
852.000	325.000
853.000	327.000
854.000	311.000
855.000	354.000
856.000	308.000
857.000	323.000
858.000	307.000
859.000	324.000
860.000	333.000
861.000	353.000
862.000	368.000
863.000	369.000
864.000	418.000
865.000	366.000
866.000	382.000
867.000	361.000
868.000	401.000
869.000	419.000
870.000	383.000
871.000	403.000
872.000	461.000
873.000	450.000
874.000	471.000
875.000	462.000
876.000	505.000
877.000	503.000
878.000	549.000
879.000	547.000
880.000	576.000
881.000	610.000
882.000	656.000
883.000	696.000
884.000	736.000
885.000	805.000
886.000	823.000
887.000	897.000
888.000	948.000
889.000	1021.000
890.000	1108.000
891.000	1120.000
892.000	1110.000
893.000	1232.000
894.000	1304.000
895.000	1231.000
896.000	1412.000
897.000	1409.000
898.000	1448.000
899.000	1399.000
900.000	1434.000
901.000	1371.000
902.000	1417.000
903.000	1392.000
904.000	1354.000
905.000	1306.000
906.000	1311.000
907.000	1253.000
908.000	1227.000
909.000	1203.000
910.000	1116.000
911.000	1034.000
912.000	1006.000
913.000	965.000
914.000	894.000
915.000	866.000
916.000	811.000
917.000	770.000
918.000	721.000
919.000	632.000
920.000	651.000
921.000	571.000
922.000	561.000
923.000	554.000
924.000	498.000
925.000	507.000
926.000	472.000
927.000	421.000
928.000	374.000
929.000	384.000
930.000	369.000
931.000	376.000
932.000	370.000
933.000	395.000
934.000	316.000
935.000	351.000
936.000	333.000
937.000	319.000
938.000	366.000
939.000	365.000
940.000	361.000
941.000	347.000
942.000	420.000
943.000	416.000
944.000	450.000
945.000	493.000
946.000	528.000
947.000	583.000
948.000	609.000
949.000	677.000
950.000	738.000
951.000	719.000
952.000	726.000
953.000	767.000
954.000	744.000
955.000	782.000
956.000	744.000
957.000	653.000
958.000	635.000
959.000	575.000
960.000	513.000
961.000	466.000
962.000	433.000
963.000	376.000
964.000	317.000
965.000	345.000
966.000	296.000
967.000	321.000
968.000	286.000
969.000	310.000
970.000	293.000
971.000	262.000
972.000	274.000
973.000	272.000
974.000	274.000
975.000	269.000
976.000	259.000
977.000	269.000
978.000	304.000
979.000	295.000
980.000	289.000
981.000	296.000
982.000	324.000
983.000	300.000
984.000	295.000
985.000	321.000
986.000	315.000
987.000	313.000
988.000	326.000
989.000	348.000
990.000	365.000
991.000	328.000
992.000	369.000
993.000	358.000
994.000	379.000
995.000	377.000
996.000	356.000
997.000	383.000
998.000	379.000
999.000	471.000
1000.000	411.000
1001.000	398.000
1002.000	450.000
1003.000	449.000
1004.000	469.000
1005.000	415.000
1006.000	443.000
1007.000	418.000
1008.000	435.000
1009.000	401.000
1010.000	388.000
1011.000	392.000
1012.000	406.000
1013.000	374.000
1014.000	389.000
1015.000	357.000
1016.000	345.000
1017.000	338.000
1018.000	377.000
1019.000	336.000
1020.000	308.000
1021.000	297.000
1022.000	272.000
1023.000	278.000
1024.000	295.000
