Date:	8/19/2008		Time:	8:55 AM		Version no:	0.00		Project name:	55		Sample name:	222		Section name:	section		Position	210.039995	mm	E0	0.000000	keV	E1	1.000000	keV/channel	sample surface	7.531987	cm	Tube anode:	Mo		Tube voltage:	30	kV	Tube current:	50	mA	gain	20		std. database			resultfile	result		matrix element	11		sample thickness	1.000000		air passage	0.560000	cm	comments	not in position		peaking_time	3.000000	m-sec	trigger_threshold	1229.166667	V	mca_bin_width	22.090000	no:	number_mca_channels	1024.000000	no:	gap_time	0.400000	m-sec	trigger_peaking_time	0.150000	m-sec	GAINDAC	9455		HIGHGAIN	1		TAURC	0		RCTAU	53		RCTAUFRAC	32768		livetime	9.675305	seconds	runtime	10.000502	seconds	input_count_rate	30.835411	cps	output_count_rate	23.079640	cps	triggers	298342	seconds	events_in_run	230808	seconds	channel	content		1.000	0.000
2.000	0.000
3.000	0.000
4.000	0.000
5.000	0.000
6.000	0.000
7.000	0.000
8.000	0.000
9.000	0.000
10.000	0.000
11.000	0.000
12.000	0.000
13.000	0.000
14.000	0.000
15.000	0.000
16.000	0.000
17.000	0.000
18.000	0.000
19.000	0.000
20.000	0.000
21.000	0.000
22.000	0.000
23.000	0.000
24.000	0.000
25.000	0.000
26.000	0.000
27.000	0.000
28.000	0.000
29.000	0.000
30.000	0.000
31.000	1.000
32.000	0.000
33.000	0.000
34.000	0.000
35.000	2.000
36.000	2.000
37.000	2.000
38.000	1.000
39.000	2.000
40.000	3.000
41.000	2.000
42.000	2.000
43.000	1.000
44.000	3.000
45.000	4.000
46.000	6.000
47.000	9.000
48.000	6.000
49.000	6.000
50.000	12.000
51.000	13.000
52.000	6.000
53.000	7.000
54.000	12.000
55.000	7.000
56.000	7.000
57.000	12.000
58.000	10.000
59.000	9.000
60.000	14.000
61.000	7.000
62.000	6.000
63.000	14.000
64.000	8.000
65.000	7.000
66.000	10.000
67.000	13.000
68.000	11.000
69.000	16.000
70.000	11.000
71.000	8.000
72.000	11.000
73.000	11.000
74.000	8.000
75.000	7.000
76.000	5.000
77.000	11.000
78.000	5.000
79.000	10.000
80.000	5.000
81.000	12.000
82.000	10.000
83.000	10.000
84.000	6.000
85.000	6.000
86.000	8.000
87.000	9.000
88.000	5.000
89.000	9.000
90.000	2.000
91.000	9.000
92.000	12.000
93.000	8.000
94.000	10.000
95.000	7.000
96.000	9.000
97.000	9.000
98.000	4.000
99.000	10.000
100.000	13.000
101.000	9.000
102.000	6.000
103.000	7.000
104.000	4.000
105.000	13.000
106.000	6.000
107.000	9.000
108.000	3.000
109.000	6.000
110.000	10.000
111.000	11.000
112.000	7.000
113.000	5.000
114.000	8.000
115.000	3.000
116.000	9.000
117.000	4.000
118.000	4.000
119.000	10.000
120.000	6.000
121.000	7.000
122.000	6.000
123.000	11.000
124.000	11.000
125.000	11.000
126.000	7.000
127.000	14.000
128.000	9.000
129.000	6.000
130.000	7.000
131.000	5.000
132.000	4.000
133.000	8.000
134.000	7.000
135.000	3.000
136.000	6.000
137.000	4.000
138.000	3.000
139.000	8.000
140.000	4.000
141.000	5.000
142.000	1.000
143.000	2.000
144.000	2.000
145.000	7.000
146.000	4.000
147.000	2.000
148.000	8.000
149.000	7.000
150.000	5.000
151.000	1.000
152.000	2.000
153.000	4.000
154.000	5.000
155.000	4.000
156.000	5.000
157.000	6.000
158.000	5.000
159.000	3.000
160.000	5.000
161.000	8.000
162.000	8.000
163.000	8.000
164.000	11.000
165.000	4.000
166.000	4.000
167.000	8.000
168.000	5.000
169.000	9.000
170.000	5.000
171.000	6.000
172.000	3.000
173.000	1.000
174.000	3.000
175.000	2.000
176.000	4.000
177.000	2.000
178.000	9.000
179.000	8.000
180.000	7.000
181.000	9.000
182.000	6.000
183.000	10.000
184.000	6.000
185.000	2.000
186.000	10.000
187.000	5.000
188.000	7.000
189.000	4.000
190.000	4.000
191.000	3.000
192.000	4.000
193.000	5.000
194.000	5.000
195.000	5.000
196.000	11.000
197.000	6.000
198.000	14.000
199.000	8.000
200.000	11.000
201.000	25.000
202.000	25.000
203.000	29.000
204.000	27.000
205.000	19.000
206.000	18.000
207.000	13.000
208.000	9.000
209.000	8.000
210.000	3.000
211.000	2.000
212.000	2.000
213.000	5.000
214.000	8.000
215.000	4.000
216.000	0.000
217.000	9.000
218.000	4.000
219.000	16.000
220.000	6.000
221.000	7.000
222.000	6.000
223.000	7.000
224.000	6.000
225.000	8.000
226.000	5.000
227.000	6.000
228.000	9.000
229.000	4.000
230.000	6.000
231.000	3.000
232.000	3.000
233.000	1.000
234.000	4.000
235.000	3.000
236.000	5.000
237.000	2.000
238.000	5.000
239.000	6.000
240.000	3.000
241.000	7.000
242.000	3.000
243.000	3.000
244.000	10.000
245.000	11.000
246.000	13.000
247.000	11.000
248.000	12.000
249.000	8.000
250.000	5.000
251.000	7.000
252.000	9.000
253.000	7.000
254.000	3.000
255.000	4.000
256.000	2.000
257.000	3.000
258.000	5.000
259.000	6.000
260.000	4.000
261.000	7.000
262.000	3.000
263.000	3.000
264.000	8.000
265.000	4.000
266.000	7.000
267.000	7.000
268.000	7.000
269.000	5.000
270.000	5.000
271.000	5.000
272.000	5.000
273.000	7.000
274.000	10.000
275.000	5.000
276.000	10.000
277.000	4.000
278.000	9.000
279.000	7.000
280.000	6.000
281.000	2.000
282.000	3.000
283.000	2.000
284.000	4.000
285.000	10.000
286.000	6.000
287.000	6.000
288.000	12.000
289.000	6.000
290.000	9.000
291.000	5.000
292.000	5.000
293.000	6.000
294.000	8.000
295.000	8.000
296.000	7.000
297.000	14.000
298.000	15.000
299.000	12.000
300.000	5.000
301.000	9.000
302.000	7.000
303.000	5.000
304.000	8.000
305.000	7.000
306.000	7.000
307.000	7.000
308.000	4.000
309.000	4.000
310.000	12.000
311.000	8.000
312.000	7.000
313.000	10.000
314.000	7.000
315.000	4.000
316.000	22.000
317.000	16.000
318.000	17.000
319.000	37.000
320.000	34.000
321.000	48.000
322.000	69.000
323.000	49.000
324.000	69.000
325.000	61.000
326.000	46.000
327.000	44.000
328.000	33.000
329.000	23.000
330.000	18.000
331.000	14.000
332.000	11.000
333.000	5.000
334.000	14.000
335.000	17.000
336.000	19.000
337.000	25.000
338.000	18.000
339.000	19.000
340.000	13.000
341.000	37.000
342.000	55.000
343.000	96.000
344.000	148.000
345.000	238.000
346.000	355.000
347.000	481.000
348.000	587.000
349.000	714.000
350.000	812.000
351.000	840.000
352.000	790.000
353.000	640.000
354.000	493.000
355.000	401.000
356.000	263.000
357.000	187.000
358.000	97.000
359.000	60.000
360.000	37.000
361.000	28.000
362.000	28.000
363.000	23.000
364.000	25.000
365.000	25.000
366.000	22.000
367.000	16.000
368.000	16.000
369.000	26.000
370.000	14.000
371.000	17.000
372.000	12.000
373.000	29.000
374.000	18.000
375.000	28.000
376.000	24.000
377.000	32.000
378.000	36.000
379.000	44.000
380.000	68.000
381.000	60.000
382.000	96.000
383.000	109.000
384.000	130.000
385.000	136.000
386.000	153.000
387.000	145.000
388.000	157.000
389.000	119.000
390.000	122.000
391.000	76.000
392.000	74.000
393.000	44.000
394.000	35.000
395.000	41.000
396.000	22.000
397.000	28.000
398.000	28.000
399.000	24.000
400.000	22.000
401.000	25.000
402.000	22.000
403.000	27.000
404.000	34.000
405.000	18.000
406.000	27.000
407.000	21.000
408.000	27.000
409.000	18.000
410.000	20.000
411.000	36.000
412.000	32.000
413.000	29.000
414.000	38.000
415.000	31.000
416.000	25.000
417.000	31.000
418.000	41.000
419.000	19.000
420.000	30.000
421.000	32.000
422.000	32.000
423.000	36.000
424.000	31.000
425.000	33.000
426.000	23.000
427.000	40.000
428.000	38.000
429.000	39.000
430.000	33.000
431.000	34.000
432.000	29.000
433.000	35.000
434.000	29.000
435.000	38.000
436.000	50.000
437.000	46.000
438.000	36.000
439.000	35.000
440.000	40.000
441.000	38.000
442.000	31.000
443.000	41.000
444.000	52.000
445.000	49.000
446.000	40.000
447.000	52.000
448.000	54.000
449.000	55.000
450.000	60.000
451.000	50.000
452.000	60.000
453.000	43.000
454.000	68.000
455.000	61.000
456.000	50.000
457.000	50.000
458.000	56.000
459.000	60.000
460.000	48.000
461.000	55.000
462.000	46.000
463.000	55.000
464.000	42.000
465.000	51.000
466.000	48.000
467.000	54.000
468.000	51.000
469.000	45.000
470.000	56.000
471.000	50.000
472.000	57.000
473.000	81.000
474.000	50.000
475.000	52.000
476.000	52.000
477.000	52.000
478.000	54.000
479.000	61.000
480.000	64.000
481.000	70.000
482.000	65.000
483.000	62.000
484.000	65.000
485.000	54.000
486.000	74.000
487.000	61.000
488.000	58.000
489.000	71.000
490.000	65.000
491.000	66.000
492.000	66.000
493.000	65.000
494.000	72.000
495.000	82.000
496.000	84.000
497.000	77.000
498.000	99.000
499.000	72.000
500.000	77.000
501.000	69.000
502.000	74.000
503.000	86.000
504.000	55.000
505.000	76.000
506.000	84.000
507.000	63.000
508.000	75.000
509.000	90.000
510.000	100.000
511.000	80.000
512.000	74.000
513.000	83.000
514.000	73.000
515.000	92.000
516.000	79.000
517.000	91.000
518.000	68.000
519.000	92.000
520.000	94.000
521.000	107.000
522.000	90.000
523.000	87.000
524.000	96.000
525.000	96.000
526.000	74.000
527.000	105.000
528.000	101.000
529.000	107.000
530.000	80.000
531.000	103.000
532.000	101.000
533.000	82.000
534.000	100.000
535.000	105.000
536.000	110.000
537.000	103.000
538.000	85.000
539.000	124.000
540.000	88.000
541.000	104.000
542.000	109.000
543.000	109.000
544.000	114.000
545.000	107.000
546.000	125.000
547.000	100.000
548.000	130.000
549.000	120.000
550.000	105.000
551.000	100.000
552.000	106.000
553.000	100.000
554.000	106.000
555.000	123.000
556.000	116.000
557.000	98.000
558.000	121.000
559.000	106.000
560.000	92.000
561.000	109.000
562.000	123.000
563.000	115.000
564.000	125.000
565.000	120.000
566.000	127.000
567.000	127.000
568.000	117.000
569.000	126.000
570.000	119.000
571.000	120.000
572.000	150.000
573.000	119.000
574.000	134.000
575.000	119.000
576.000	130.000
577.000	137.000
578.000	131.000
579.000	145.000
580.000	139.000
581.000	134.000
582.000	121.000
583.000	136.000
584.000	127.000
585.000	123.000
586.000	165.000
587.000	132.000
588.000	146.000
589.000	140.000
590.000	163.000
591.000	138.000
592.000	132.000
593.000	159.000
594.000	160.000
595.000	144.000
596.000	150.000
597.000	150.000
598.000	132.000
599.000	159.000
600.000	157.000
601.000	142.000
602.000	154.000
603.000	151.000
604.000	151.000
605.000	168.000
606.000	156.000
607.000	163.000
608.000	150.000
609.000	171.000
610.000	143.000
611.000	170.000
612.000	135.000
613.000	161.000
614.000	200.000
615.000	151.000
616.000	168.000
617.000	160.000
618.000	176.000
619.000	163.000
620.000	172.000
621.000	187.000
622.000	192.000
623.000	190.000
624.000	165.000
625.000	166.000
626.000	161.000
627.000	170.000
628.000	197.000
629.000	156.000
630.000	163.000
631.000	182.000
632.000	172.000
633.000	154.000
634.000	158.000
635.000	196.000
636.000	194.000
637.000	189.000
638.000	191.000
639.000	184.000
640.000	190.000
641.000	184.000
642.000	188.000
643.000	172.000
644.000	195.000
645.000	201.000
646.000	193.000
647.000	203.000
648.000	191.000
649.000	212.000
650.000	227.000
651.000	213.000
652.000	194.000
653.000	208.000
654.000	201.000
655.000	227.000
656.000	199.000
657.000	231.000
658.000	211.000
659.000	178.000
660.000	203.000
661.000	195.000
662.000	191.000
663.000	218.000
664.000	205.000
665.000	220.000
666.000	222.000
667.000	208.000
668.000	230.000
669.000	214.000
670.000	182.000
671.000	221.000
672.000	205.000
673.000	190.000
674.000	198.000
675.000	207.000
676.000	212.000
677.000	225.000
678.000	242.000
679.000	205.000
680.000	227.000
681.000	220.000
682.000	250.000
683.000	215.000
684.000	202.000
685.000	215.000
686.000	239.000
687.000	223.000
688.000	222.000
689.000	231.000
690.000	224.000
691.000	246.000
692.000	209.000
693.000	211.000
694.000	243.000
695.000	214.000
696.000	270.000
697.000	234.000
698.000	226.000
699.000	207.000
700.000	217.000
701.000	248.000
702.000	240.000
703.000	248.000
704.000	267.000
705.000	240.000
706.000	243.000
707.000	241.000
708.000	226.000
709.000	223.000
710.000	209.000
711.000	219.000
712.000	254.000
713.000	246.000
714.000	262.000
715.000	253.000
716.000	255.000
717.000	254.000
718.000	257.000
719.000	249.000
720.000	254.000
721.000	226.000
722.000	248.000
723.000	248.000
724.000	268.000
725.000	248.000
726.000	249.000
727.000	225.000
728.000	254.000
729.000	294.000
730.000	276.000
731.000	288.000
732.000	284.000
733.000	250.000
734.000	213.000
735.000	274.000
736.000	250.000
737.000	262.000
738.000	264.000
739.000	311.000
740.000	241.000
741.000	291.000
742.000	256.000
743.000	281.000
744.000	264.000
745.000	263.000
746.000	268.000
747.000	252.000
748.000	231.000
749.000	266.000
750.000	258.000
751.000	253.000
752.000	235.000
753.000	248.000
754.000	244.000
755.000	282.000
756.000	283.000
757.000	261.000
758.000	290.000
759.000	235.000
760.000	295.000
761.000	300.000
762.000	265.000
763.000	271.000
764.000	264.000
765.000	284.000
766.000	305.000
767.000	307.000
768.000	315.000
769.000	290.000
770.000	305.000
771.000	295.000
772.000	315.000
773.000	315.000
774.000	320.000
775.000	277.000
776.000	340.000
777.000	277.000
778.000	298.000
779.000	305.000
780.000	295.000
781.000	269.000
782.000	309.000
783.000	272.000
784.000	318.000
785.000	277.000
786.000	311.000
787.000	307.000
788.000	278.000
789.000	277.000
790.000	315.000
791.000	300.000
792.000	279.000
793.000	314.000
794.000	283.000
795.000	285.000
796.000	312.000
797.000	274.000
798.000	296.000
799.000	271.000
800.000	266.000
801.000	282.000
802.000	303.000
803.000	302.000
804.000	301.000
805.000	299.000
806.000	291.000
807.000	303.000
808.000	298.000
809.000	322.000
810.000	262.000
811.000	297.000
812.000	329.000
813.000	287.000
814.000	326.000
815.000	297.000
816.000	303.000
817.000	303.000
818.000	290.000
819.000	325.000
820.000	336.000
821.000	299.000
822.000	295.000
823.000	305.000
824.000	302.000
825.000	287.000
826.000	332.000
827.000	314.000
828.000	275.000
829.000	306.000
830.000	334.000
831.000	349.000
832.000	329.000
833.000	309.000
834.000	346.000
835.000	323.000
836.000	332.000
837.000	317.000
838.000	343.000
839.000	327.000
840.000	307.000
841.000	314.000
842.000	345.000
843.000	299.000
844.000	300.000
845.000	318.000
846.000	336.000
847.000	357.000
848.000	356.000
849.000	331.000
850.000	358.000
851.000	363.000
852.000	345.000
853.000	378.000
854.000	342.000
855.000	373.000
856.000	373.000
857.000	364.000
858.000	374.000
859.000	370.000
860.000	420.000
861.000	370.000
862.000	443.000
863.000	404.000
864.000	368.000
865.000	420.000
866.000	470.000
867.000	448.000
868.000	456.000
869.000	475.000
870.000	462.000
871.000	479.000
872.000	454.000
873.000	506.000
874.000	510.000
875.000	526.000
876.000	536.000
877.000	590.000
878.000	622.000
879.000	599.000
880.000	584.000
881.000	692.000
882.000	703.000
883.000	762.000
884.000	883.000
885.000	886.000
886.000	933.000
887.000	983.000
888.000	1119.000
889.000	1129.000
890.000	1154.000
891.000	1215.000
892.000	1299.000
893.000	1319.000
894.000	1363.000
895.000	1431.000
896.000	1452.000
897.000	1508.000
898.000	1500.000
899.000	1517.000
900.000	1630.000
901.000	1549.000
902.000	1552.000
903.000	1561.000
904.000	1498.000
905.000	1450.000
906.000	1367.000
907.000	1381.000
908.000	1355.000
909.000	1224.000
910.000	1242.000
911.000	1121.000
912.000	1090.000
913.000	1059.000
914.000	967.000
915.000	926.000
916.000	944.000
917.000	786.000
918.000	753.000
919.000	681.000
920.000	704.000
921.000	654.000
922.000	552.000
923.000	612.000
924.000	565.000
925.000	516.000
926.000	510.000
927.000	479.000
928.000	454.000
929.000	429.000
930.000	437.000
931.000	397.000
932.000	387.000
933.000	366.000
934.000	344.000
935.000	393.000
936.000	359.000
937.000	327.000
938.000	373.000
939.000	416.000
940.000	386.000
941.000	394.000
942.000	461.000
943.000	436.000
944.000	515.000
945.000	515.000
946.000	545.000
947.000	644.000
948.000	629.000
949.000	745.000
950.000	738.000
951.000	745.000
952.000	743.000
953.000	833.000
954.000	808.000
955.000	777.000
956.000	764.000
957.000	710.000
958.000	695.000
959.000	640.000
960.000	536.000
961.000	481.000
962.000	451.000
963.000	442.000
964.000	360.000
965.000	345.000
966.000	320.000
967.000	323.000
968.000	304.000
969.000	316.000
970.000	290.000
971.000	325.000
972.000	285.000
973.000	291.000
974.000	326.000
975.000	310.000
976.000	274.000
977.000	292.000
978.000	321.000
979.000	308.000
980.000	315.000
981.000	363.000
982.000	331.000
983.000	314.000
984.000	349.000
985.000	331.000
986.000	371.000
987.000	338.000
988.000	356.000
989.000	352.000
990.000	385.000
991.000	400.000
992.000	405.000
993.000	367.000
994.000	433.000
995.000	413.000
996.000	447.000
997.000	440.000
998.000	409.000
999.000	489.000
1000.000	461.000
1001.000	488.000
1002.000	464.000
1003.000	461.000
1004.000	434.000
1005.000	477.000
1006.000	460.000
1007.000	441.000
1008.000	461.000
1009.000	431.000
1010.000	404.000
1011.000	427.000
1012.000	425.000
1013.000	402.000
1014.000	381.000
1015.000	378.000
1016.000	399.000
1017.000	364.000
1018.000	355.000
1019.000	339.000
1020.000	355.000
1021.000	301.000
1022.000	293.000
1023.000	288.000
1024.000	286.000
