Date:	8/19/2008		Time:	9:54 AM		Version no:	0.00		Project name:	55		Sample name:	222		Section name:	section		Position	838.039995	mm	E0	0.000000	keV	E1	1.000000	keV/channel	sample surface	8.000000	cm	Tube anode:	Mo		Tube voltage:	30	kV	Tube current:	50	mA	gain	20		std. database			resultfile	result		matrix element	11		sample thickness	1.000000		air passage	0.560000	cm	comments	not in position		peaking_time	3.000000	m-sec	trigger_threshold	1229.166667	V	mca_bin_width	22.090000	no:	number_mca_channels	1024.000000	no:	gap_time	0.400000	m-sec	trigger_peaking_time	0.150000	m-sec	GAINDAC	9455		HIGHGAIN	1		TAURC	0		RCTAU	53		RCTAUFRAC	32768		livetime	9.830981	seconds	runtime	10.000503	seconds	input_count_rate	17.051605	cps	output_count_rate	14.236484	cps	triggers	167634	seconds	events_in_run	142372	seconds	channel	content		1.000	0.000
2.000	0.000
3.000	0.000
4.000	0.000
5.000	0.000
6.000	0.000
7.000	0.000
8.000	0.000
9.000	0.000
10.000	0.000
11.000	0.000
12.000	0.000
13.000	0.000
14.000	0.000
15.000	0.000
16.000	0.000
17.000	0.000
18.000	0.000
19.000	0.000
20.000	0.000
21.000	0.000
22.000	0.000
23.000	0.000
24.000	0.000
25.000	0.000
26.000	0.000
27.000	0.000
28.000	0.000
29.000	0.000
30.000	0.000
31.000	0.000
32.000	0.000
33.000	2.000
34.000	0.000
35.000	2.000
36.000	0.000
37.000	0.000
38.000	3.000
39.000	3.000
40.000	1.000
41.000	3.000
42.000	6.000
43.000	6.000
44.000	4.000
45.000	5.000
46.000	7.000
47.000	7.000
48.000	8.000
49.000	5.000
50.000	8.000
51.000	8.000
52.000	6.000
53.000	12.000
54.000	7.000
55.000	7.000
56.000	8.000
57.000	10.000
58.000	6.000
59.000	7.000
60.000	6.000
61.000	6.000
62.000	9.000
63.000	3.000
64.000	9.000
65.000	13.000
66.000	5.000
67.000	3.000
68.000	8.000
69.000	11.000
70.000	7.000
71.000	7.000
72.000	9.000
73.000	6.000
74.000	6.000
75.000	8.000
76.000	8.000
77.000	8.000
78.000	5.000
79.000	6.000
80.000	2.000
81.000	5.000
82.000	5.000
83.000	4.000
84.000	7.000
85.000	5.000
86.000	6.000
87.000	4.000
88.000	6.000
89.000	5.000
90.000	10.000
91.000	4.000
92.000	2.000
93.000	4.000
94.000	7.000
95.000	5.000
96.000	7.000
97.000	7.000
98.000	8.000
99.000	3.000
100.000	5.000
101.000	6.000
102.000	3.000
103.000	8.000
104.000	4.000
105.000	9.000
106.000	5.000
107.000	7.000
108.000	4.000
109.000	3.000
110.000	8.000
111.000	2.000
112.000	4.000
113.000	6.000
114.000	3.000
115.000	4.000
116.000	3.000
117.000	3.000
118.000	10.000
119.000	10.000
120.000	2.000
121.000	4.000
122.000	6.000
123.000	5.000
124.000	7.000
125.000	12.000
126.000	5.000
127.000	6.000
128.000	6.000
129.000	1.000
130.000	3.000
131.000	6.000
132.000	1.000
133.000	3.000
134.000	4.000
135.000	2.000
136.000	1.000
137.000	5.000
138.000	3.000
139.000	6.000
140.000	2.000
141.000	1.000
142.000	3.000
143.000	4.000
144.000	2.000
145.000	2.000
146.000	3.000
147.000	2.000
148.000	3.000
149.000	3.000
150.000	3.000
151.000	1.000
152.000	2.000
153.000	3.000
154.000	4.000
155.000	5.000
156.000	4.000
157.000	4.000
158.000	1.000
159.000	5.000
160.000	8.000
161.000	10.000
162.000	11.000
163.000	14.000
164.000	16.000
165.000	9.000
166.000	3.000
167.000	5.000
168.000	2.000
169.000	4.000
170.000	3.000
171.000	2.000
172.000	4.000
173.000	5.000
174.000	3.000
175.000	3.000
176.000	6.000
177.000	2.000
178.000	0.000
179.000	5.000
180.000	3.000
181.000	0.000
182.000	1.000
183.000	1.000
184.000	3.000
185.000	1.000
186.000	5.000
187.000	4.000
188.000	1.000
189.000	3.000
190.000	2.000
191.000	2.000
192.000	2.000
193.000	3.000
194.000	5.000
195.000	3.000
196.000	2.000
197.000	0.000
198.000	0.000
199.000	3.000
200.000	4.000
201.000	2.000
202.000	5.000
203.000	5.000
204.000	5.000
205.000	3.000
206.000	1.000
207.000	2.000
208.000	2.000
209.000	5.000
210.000	3.000
211.000	3.000
212.000	3.000
213.000	3.000
214.000	0.000
215.000	2.000
216.000	5.000
217.000	0.000
218.000	5.000
219.000	1.000
220.000	4.000
221.000	4.000
222.000	5.000
223.000	2.000
224.000	1.000
225.000	3.000
226.000	2.000
227.000	3.000
228.000	3.000
229.000	2.000
230.000	1.000
231.000	2.000
232.000	1.000
233.000	2.000
234.000	3.000
235.000	4.000
236.000	2.000
237.000	1.000
238.000	2.000
239.000	2.000
240.000	0.000
241.000	1.000
242.000	4.000
243.000	1.000
244.000	0.000
245.000	1.000
246.000	4.000
247.000	1.000
248.000	4.000
249.000	0.000
250.000	1.000
251.000	2.000
252.000	4.000
253.000	0.000
254.000	4.000
255.000	0.000
256.000	3.000
257.000	3.000
258.000	0.000
259.000	2.000
260.000	0.000
261.000	2.000
262.000	5.000
263.000	0.000
264.000	2.000
265.000	4.000
266.000	1.000
267.000	1.000
268.000	0.000
269.000	1.000
270.000	2.000
271.000	3.000
272.000	2.000
273.000	3.000
274.000	2.000
275.000	2.000
276.000	3.000
277.000	0.000
278.000	0.000
279.000	1.000
280.000	3.000
281.000	1.000
282.000	1.000
283.000	0.000
284.000	2.000
285.000	5.000
286.000	1.000
287.000	0.000
288.000	2.000
289.000	0.000
290.000	3.000
291.000	1.000
292.000	4.000
293.000	4.000
294.000	4.000
295.000	3.000
296.000	4.000
297.000	2.000
298.000	5.000
299.000	5.000
300.000	1.000
301.000	3.000
302.000	1.000
303.000	0.000
304.000	2.000
305.000	4.000
306.000	3.000
307.000	2.000
308.000	2.000
309.000	2.000
310.000	1.000
311.000	1.000
312.000	0.000
313.000	4.000
314.000	2.000
315.000	5.000
316.000	1.000
317.000	1.000
318.000	3.000
319.000	1.000
320.000	4.000
321.000	2.000
322.000	2.000
323.000	2.000
324.000	2.000
325.000	2.000
326.000	2.000
327.000	0.000
328.000	1.000
329.000	3.000
330.000	1.000
331.000	0.000
332.000	2.000
333.000	1.000
334.000	4.000
335.000	1.000
336.000	1.000
337.000	1.000
338.000	2.000
339.000	4.000
340.000	4.000
341.000	2.000
342.000	1.000
343.000	4.000
344.000	9.000
345.000	5.000
346.000	11.000
347.000	17.000
348.000	21.000
349.000	25.000
350.000	20.000
351.000	22.000
352.000	18.000
353.000	21.000
354.000	5.000
355.000	5.000
356.000	9.000
357.000	6.000
358.000	5.000
359.000	1.000
360.000	4.000
361.000	3.000
362.000	0.000
363.000	1.000
364.000	4.000
365.000	6.000
366.000	1.000
367.000	1.000
368.000	3.000
369.000	3.000
370.000	0.000
371.000	2.000
372.000	1.000
373.000	1.000
374.000	6.000
375.000	3.000
376.000	4.000
377.000	3.000
378.000	3.000
379.000	1.000
380.000	6.000
381.000	9.000
382.000	3.000
383.000	7.000
384.000	7.000
385.000	7.000
386.000	6.000
387.000	10.000
388.000	8.000
389.000	4.000
390.000	7.000
391.000	4.000
392.000	3.000
393.000	3.000
394.000	5.000
395.000	3.000
396.000	4.000
397.000	4.000
398.000	5.000
399.000	1.000
400.000	1.000
401.000	3.000
402.000	2.000
403.000	6.000
404.000	3.000
405.000	4.000
406.000	2.000
407.000	4.000
408.000	4.000
409.000	3.000
410.000	6.000
411.000	3.000
412.000	4.000
413.000	7.000
414.000	2.000
415.000	2.000
416.000	5.000
417.000	3.000
418.000	3.000
419.000	2.000
420.000	5.000
421.000	2.000
422.000	4.000
423.000	4.000
424.000	2.000
425.000	6.000
426.000	3.000
427.000	4.000
428.000	9.000
429.000	6.000
430.000	2.000
431.000	6.000
432.000	7.000
433.000	2.000
434.000	5.000
435.000	3.000
436.000	6.000
437.000	6.000
438.000	5.000
439.000	6.000
440.000	2.000
441.000	4.000
442.000	4.000
443.000	5.000
444.000	4.000
445.000	12.000
446.000	3.000
447.000	3.000
448.000	5.000
449.000	8.000
450.000	6.000
451.000	9.000
452.000	6.000
453.000	4.000
454.000	6.000
455.000	3.000
456.000	6.000
457.000	5.000
458.000	5.000
459.000	5.000
460.000	6.000
461.000	2.000
462.000	7.000
463.000	6.000
464.000	8.000
465.000	4.000
466.000	4.000
467.000	12.000
468.000	5.000
469.000	7.000
470.000	9.000
471.000	13.000
472.000	5.000
473.000	4.000
474.000	8.000
475.000	12.000
476.000	4.000
477.000	8.000
478.000	6.000
479.000	13.000
480.000	10.000
481.000	8.000
482.000	12.000
483.000	5.000
484.000	5.000
485.000	14.000
486.000	11.000
487.000	7.000
488.000	13.000
489.000	9.000
490.000	7.000
491.000	9.000
492.000	10.000
493.000	8.000
494.000	10.000
495.000	6.000
496.000	12.000
497.000	10.000
498.000	12.000
499.000	8.000
500.000	7.000
501.000	9.000
502.000	14.000
503.000	8.000
504.000	12.000
505.000	15.000
506.000	8.000
507.000	7.000
508.000	17.000
509.000	19.000
510.000	17.000
511.000	23.000
512.000	18.000
513.000	21.000
514.000	21.000
515.000	22.000
516.000	16.000
517.000	21.000
518.000	14.000
519.000	18.000
520.000	19.000
521.000	26.000
522.000	20.000
523.000	15.000
524.000	23.000
525.000	24.000
526.000	17.000
527.000	28.000
528.000	22.000
529.000	23.000
530.000	23.000
531.000	20.000
532.000	19.000
533.000	19.000
534.000	13.000
535.000	20.000
536.000	20.000
537.000	25.000
538.000	28.000
539.000	21.000
540.000	23.000
541.000	26.000
542.000	16.000
543.000	22.000
544.000	22.000
545.000	32.000
546.000	18.000
547.000	27.000
548.000	33.000
549.000	23.000
550.000	31.000
551.000	32.000
552.000	34.000
553.000	25.000
554.000	32.000
555.000	24.000
556.000	22.000
557.000	25.000
558.000	32.000
559.000	31.000
560.000	21.000
561.000	28.000
562.000	32.000
563.000	43.000
564.000	25.000
565.000	29.000
566.000	38.000
567.000	30.000
568.000	38.000
569.000	32.000
570.000	26.000
571.000	24.000
572.000	31.000
573.000	42.000
574.000	40.000
575.000	46.000
576.000	42.000
577.000	44.000
578.000	50.000
579.000	44.000
580.000	32.000
581.000	53.000
582.000	50.000
583.000	40.000
584.000	45.000
585.000	54.000
586.000	41.000
587.000	42.000
588.000	45.000
589.000	38.000
590.000	50.000
591.000	40.000
592.000	52.000
593.000	44.000
594.000	41.000
595.000	51.000
596.000	52.000
597.000	51.000
598.000	54.000
599.000	55.000
600.000	37.000
601.000	50.000
602.000	56.000
603.000	49.000
604.000	66.000
605.000	48.000
606.000	61.000
607.000	63.000
608.000	57.000
609.000	61.000
610.000	57.000
611.000	49.000
612.000	55.000
613.000	64.000
614.000	55.000
615.000	69.000
616.000	73.000
617.000	60.000
618.000	77.000
619.000	84.000
620.000	55.000
621.000	62.000
622.000	67.000
623.000	75.000
624.000	70.000
625.000	62.000
626.000	56.000
627.000	75.000
628.000	70.000
629.000	79.000
630.000	67.000
631.000	65.000
632.000	54.000
633.000	76.000
634.000	64.000
635.000	76.000
636.000	66.000
637.000	78.000
638.000	57.000
639.000	90.000
640.000	60.000
641.000	79.000
642.000	83.000
643.000	78.000
644.000	69.000
645.000	75.000
646.000	77.000
647.000	92.000
648.000	73.000
649.000	86.000
650.000	89.000
651.000	92.000
652.000	101.000
653.000	83.000
654.000	90.000
655.000	87.000
656.000	92.000
657.000	103.000
658.000	90.000
659.000	103.000
660.000	91.000
661.000	85.000
662.000	96.000
663.000	103.000
664.000	103.000
665.000	87.000
666.000	104.000
667.000	106.000
668.000	97.000
669.000	101.000
670.000	93.000
671.000	104.000
672.000	84.000
673.000	116.000
674.000	115.000
675.000	109.000
676.000	106.000
677.000	122.000
678.000	107.000
679.000	95.000
680.000	99.000
681.000	107.000
682.000	107.000
683.000	97.000
684.000	113.000
685.000	117.000
686.000	120.000
687.000	114.000
688.000	91.000
689.000	91.000
690.000	118.000
691.000	119.000
692.000	114.000
693.000	114.000
694.000	110.000
695.000	119.000
696.000	100.000
697.000	109.000
698.000	106.000
699.000	108.000
700.000	125.000
701.000	135.000
702.000	114.000
703.000	119.000
704.000	126.000
705.000	132.000
706.000	128.000
707.000	128.000
708.000	116.000
709.000	125.000
710.000	120.000
711.000	112.000
712.000	150.000
713.000	123.000
714.000	117.000
715.000	137.000
716.000	133.000
717.000	127.000
718.000	127.000
719.000	136.000
720.000	132.000
721.000	130.000
722.000	132.000
723.000	135.000
724.000	148.000
725.000	155.000
726.000	152.000
727.000	153.000
728.000	127.000
729.000	159.000
730.000	143.000
731.000	141.000
732.000	147.000
733.000	134.000
734.000	131.000
735.000	141.000
736.000	154.000
737.000	169.000
738.000	154.000
739.000	149.000
740.000	174.000
741.000	140.000
742.000	177.000
743.000	165.000
744.000	146.000
745.000	146.000
746.000	161.000
747.000	150.000
748.000	161.000
749.000	171.000
750.000	161.000
751.000	144.000
752.000	151.000
753.000	167.000
754.000	162.000
755.000	155.000
756.000	193.000
757.000	179.000
758.000	155.000
759.000	164.000
760.000	148.000
761.000	153.000
762.000	164.000
763.000	164.000
764.000	179.000
765.000	170.000
766.000	175.000
767.000	195.000
768.000	154.000
769.000	170.000
770.000	180.000
771.000	186.000
772.000	200.000
773.000	205.000
774.000	203.000
775.000	187.000
776.000	194.000
777.000	175.000
778.000	176.000
779.000	201.000
780.000	187.000
781.000	190.000
782.000	164.000
783.000	176.000
784.000	177.000
785.000	175.000
786.000	181.000
787.000	177.000
788.000	170.000
789.000	175.000
790.000	171.000
791.000	195.000
792.000	157.000
793.000	186.000
794.000	196.000
795.000	178.000
796.000	194.000
797.000	180.000
798.000	176.000
799.000	181.000
800.000	180.000
801.000	193.000
802.000	180.000
803.000	186.000
804.000	207.000
805.000	168.000
806.000	170.000
807.000	180.000
808.000	206.000
809.000	189.000
810.000	185.000
811.000	187.000
812.000	190.000
813.000	210.000
814.000	195.000
815.000	216.000
816.000	213.000
817.000	195.000
818.000	209.000
819.000	212.000
820.000	206.000
821.000	199.000
822.000	207.000
823.000	197.000
824.000	183.000
825.000	227.000
826.000	212.000
827.000	190.000
828.000	218.000
829.000	187.000
830.000	208.000
831.000	209.000
832.000	232.000
833.000	223.000
834.000	219.000
835.000	236.000
836.000	213.000
837.000	211.000
838.000	236.000
839.000	241.000
840.000	189.000
841.000	222.000
842.000	196.000
843.000	259.000
844.000	242.000
845.000	220.000
846.000	247.000
847.000	232.000
848.000	212.000
849.000	245.000
850.000	257.000
851.000	251.000
852.000	232.000
853.000	236.000
854.000	254.000
855.000	263.000
856.000	268.000
857.000	268.000
858.000	285.000
859.000	245.000
860.000	260.000
861.000	273.000
862.000	253.000
863.000	271.000
864.000	288.000
865.000	309.000
866.000	295.000
867.000	311.000
868.000	316.000
869.000	336.000
870.000	351.000
871.000	323.000
872.000	360.000
873.000	359.000
874.000	371.000
875.000	391.000
876.000	401.000
877.000	409.000
878.000	459.000
879.000	463.000
880.000	494.000
881.000	547.000
882.000	583.000
883.000	557.000
884.000	651.000
885.000	660.000
886.000	764.000
887.000	780.000
888.000	818.000
889.000	785.000
890.000	876.000
891.000	943.000
892.000	961.000
893.000	966.000
894.000	1005.000
895.000	1008.000
896.000	1092.000
897.000	1021.000
898.000	1106.000
899.000	1044.000
900.000	1096.000
901.000	1077.000
902.000	1054.000
903.000	1007.000
904.000	1062.000
905.000	1001.000
906.000	928.000
907.000	852.000
908.000	897.000
909.000	837.000
910.000	808.000
911.000	717.000
912.000	715.000
913.000	657.000
914.000	656.000
915.000	601.000
916.000	580.000
917.000	500.000
918.000	459.000
919.000	453.000
920.000	394.000
921.000	455.000
922.000	360.000
923.000	369.000
924.000	362.000
925.000	349.000
926.000	332.000
927.000	314.000
928.000	309.000
929.000	301.000
930.000	295.000
931.000	274.000
932.000	293.000
933.000	281.000
934.000	262.000
935.000	269.000
936.000	257.000
937.000	246.000
938.000	254.000
939.000	284.000
940.000	310.000
941.000	342.000
942.000	321.000
943.000	307.000
944.000	341.000
945.000	395.000
946.000	433.000
947.000	439.000
948.000	521.000
949.000	522.000
950.000	606.000
951.000	551.000
952.000	625.000
953.000	655.000
954.000	587.000
955.000	586.000
956.000	509.000
957.000	545.000
958.000	498.000
959.000	451.000
960.000	383.000
961.000	382.000
962.000	325.000
963.000	328.000
964.000	300.000
965.000	266.000
966.000	247.000
967.000	238.000
968.000	213.000
969.000	237.000
970.000	221.000
971.000	248.000
972.000	206.000
973.000	212.000
974.000	223.000
975.000	200.000
976.000	223.000
977.000	220.000
978.000	246.000
979.000	213.000
980.000	255.000
981.000	241.000
982.000	235.000
983.000	243.000
984.000	273.000
985.000	254.000
986.000	262.000
987.000	262.000
988.000	283.000
989.000	258.000
990.000	295.000
991.000	303.000
992.000	321.000
993.000	287.000
994.000	290.000
995.000	293.000
996.000	305.000
997.000	349.000
998.000	343.000
999.000	345.000
1000.000	361.000
1001.000	321.000
1002.000	397.000
1003.000	352.000
1004.000	332.000
1005.000	354.000
1006.000	350.000
1007.000	351.000
1008.000	324.000
1009.000	320.000
1010.000	318.000
1011.000	299.000
1012.000	307.000
1013.000	276.000
1014.000	276.000
1015.000	277.000
1016.000	274.000
1017.000	253.000
1018.000	241.000
1019.000	229.000
1020.000	212.000
1021.000	193.000
1022.000	232.000
1023.000	193.000
1024.000	197.000
