Date:	8/19/2008		Time:	9:27 AM		Version no:	0.00		Project name:	55		Sample name:	222		Section name:	section		Position	554.039995	mm	E0	0.000000	keV	E1	1.000000	keV/channel	sample surface	7.720881	cm	Tube anode:	Mo		Tube voltage:	30	kV	Tube current:	50	mA	gain	20		std. database			resultfile	result		matrix element	11		sample thickness	1.000000		air passage	0.560000	cm	comments	not in position		peaking_time	3.000000	m-sec	trigger_threshold	1229.166667	V	mca_bin_width	22.090000	no:	number_mca_channels	1024.000000	no:	gap_time	0.400000	m-sec	trigger_peaking_time	0.150000	m-sec	GAINDAC	9455		HIGHGAIN	1		TAURC	0		RCTAU	53		RCTAUFRAC	32768		livetime	9.677719	seconds	runtime	10.000502	seconds	input_count_rate	30.136646	cps	output_count_rate	22.684662	cps	triggers	291654	seconds	events_in_run	226858	seconds	channel	content		1.000	0.000
2.000	0.000
3.000	0.000
4.000	0.000
5.000	0.000
6.000	0.000
7.000	0.000
8.000	0.000
9.000	0.000
10.000	0.000
11.000	0.000
12.000	0.000
13.000	0.000
14.000	0.000
15.000	0.000
16.000	0.000
17.000	0.000
18.000	0.000
19.000	0.000
20.000	0.000
21.000	0.000
22.000	0.000
23.000	0.000
24.000	0.000
25.000	0.000
26.000	0.000
27.000	0.000
28.000	0.000
29.000	0.000
30.000	0.000
31.000	0.000
32.000	2.000
33.000	2.000
34.000	1.000
35.000	2.000
36.000	2.000
37.000	5.000
38.000	2.000
39.000	4.000
40.000	3.000
41.000	3.000
42.000	2.000
43.000	5.000
44.000	4.000
45.000	5.000
46.000	8.000
47.000	10.000
48.000	4.000
49.000	13.000
50.000	9.000
51.000	7.000
52.000	7.000
53.000	12.000
54.000	10.000
55.000	3.000
56.000	4.000
57.000	15.000
58.000	10.000
59.000	12.000
60.000	7.000
61.000	9.000
62.000	5.000
63.000	8.000
64.000	10.000
65.000	11.000
66.000	8.000
67.000	16.000
68.000	6.000
69.000	13.000
70.000	5.000
71.000	13.000
72.000	7.000
73.000	16.000
74.000	6.000
75.000	11.000
76.000	11.000
77.000	12.000
78.000	12.000
79.000	11.000
80.000	12.000
81.000	10.000
82.000	11.000
83.000	13.000
84.000	9.000
85.000	8.000
86.000	4.000
87.000	3.000
88.000	4.000
89.000	8.000
90.000	7.000
91.000	9.000
92.000	7.000
93.000	14.000
94.000	8.000
95.000	9.000
96.000	13.000
97.000	6.000
98.000	7.000
99.000	9.000
100.000	8.000
101.000	3.000
102.000	10.000
103.000	9.000
104.000	10.000
105.000	6.000
106.000	6.000
107.000	9.000
108.000	4.000
109.000	7.000
110.000	11.000
111.000	9.000
112.000	7.000
113.000	10.000
114.000	4.000
115.000	9.000
116.000	9.000
117.000	17.000
118.000	4.000
119.000	8.000
120.000	5.000
121.000	13.000
122.000	6.000
123.000	3.000
124.000	8.000
125.000	13.000
126.000	10.000
127.000	12.000
128.000	5.000
129.000	12.000
130.000	7.000
131.000	6.000
132.000	4.000
133.000	2.000
134.000	4.000
135.000	13.000
136.000	3.000
137.000	3.000
138.000	1.000
139.000	9.000
140.000	3.000
141.000	2.000
142.000	6.000
143.000	8.000
144.000	5.000
145.000	6.000
146.000	5.000
147.000	3.000
148.000	7.000
149.000	5.000
150.000	4.000
151.000	2.000
152.000	5.000
153.000	7.000
154.000	10.000
155.000	3.000
156.000	8.000
157.000	0.000
158.000	3.000
159.000	4.000
160.000	11.000
161.000	14.000
162.000	12.000
163.000	6.000
164.000	9.000
165.000	7.000
166.000	7.000
167.000	6.000
168.000	3.000
169.000	5.000
170.000	3.000
171.000	3.000
172.000	3.000
173.000	5.000
174.000	2.000
175.000	1.000
176.000	5.000
177.000	8.000
178.000	1.000
179.000	10.000
180.000	5.000
181.000	4.000
182.000	11.000
183.000	7.000
184.000	4.000
185.000	3.000
186.000	2.000
187.000	6.000
188.000	0.000
189.000	7.000
190.000	1.000
191.000	1.000
192.000	4.000
193.000	4.000
194.000	1.000
195.000	4.000
196.000	8.000
197.000	10.000
198.000	7.000
199.000	8.000
200.000	13.000
201.000	16.000
202.000	27.000
203.000	28.000
204.000	34.000
205.000	21.000
206.000	12.000
207.000	13.000
208.000	11.000
209.000	5.000
210.000	7.000
211.000	5.000
212.000	3.000
213.000	2.000
214.000	1.000
215.000	8.000
216.000	8.000
217.000	6.000
218.000	5.000
219.000	8.000
220.000	9.000
221.000	4.000
222.000	4.000
223.000	3.000
224.000	7.000
225.000	5.000
226.000	0.000
227.000	3.000
228.000	5.000
229.000	9.000
230.000	6.000
231.000	3.000
232.000	1.000
233.000	4.000
234.000	3.000
235.000	2.000
236.000	2.000
237.000	3.000
238.000	4.000
239.000	4.000
240.000	7.000
241.000	7.000
242.000	9.000
243.000	2.000
244.000	7.000
245.000	9.000
246.000	7.000
247.000	7.000
248.000	11.000
249.000	15.000
250.000	4.000
251.000	12.000
252.000	5.000
253.000	9.000
254.000	7.000
255.000	13.000
256.000	9.000
257.000	7.000
258.000	9.000
259.000	2.000
260.000	5.000
261.000	2.000
262.000	6.000
263.000	5.000
264.000	8.000
265.000	6.000
266.000	5.000
267.000	4.000
268.000	9.000
269.000	8.000
270.000	7.000
271.000	12.000
272.000	5.000
273.000	3.000
274.000	9.000
275.000	3.000
276.000	5.000
277.000	1.000
278.000	4.000
279.000	7.000
280.000	4.000
281.000	5.000
282.000	8.000
283.000	10.000
284.000	7.000
285.000	7.000
286.000	5.000
287.000	3.000
288.000	7.000
289.000	7.000
290.000	7.000
291.000	7.000
292.000	6.000
293.000	9.000
294.000	10.000
295.000	2.000
296.000	8.000
297.000	9.000
298.000	12.000
299.000	7.000
300.000	4.000
301.000	4.000
302.000	12.000
303.000	7.000
304.000	3.000
305.000	7.000
306.000	7.000
307.000	8.000
308.000	6.000
309.000	6.000
310.000	8.000
311.000	9.000
312.000	7.000
313.000	8.000
314.000	11.000
315.000	15.000
316.000	22.000
317.000	22.000
318.000	29.000
319.000	35.000
320.000	42.000
321.000	56.000
322.000	61.000
323.000	67.000
324.000	51.000
325.000	49.000
326.000	48.000
327.000	43.000
328.000	33.000
329.000	19.000
330.000	9.000
331.000	8.000
332.000	11.000
333.000	13.000
334.000	11.000
335.000	12.000
336.000	12.000
337.000	19.000
338.000	15.000
339.000	26.000
340.000	20.000
341.000	45.000
342.000	64.000
343.000	79.000
344.000	165.000
345.000	241.000
346.000	315.000
347.000	456.000
348.000	602.000
349.000	722.000
350.000	807.000
351.000	775.000
352.000	733.000
353.000	605.000
354.000	521.000
355.000	329.000
356.000	240.000
357.000	172.000
358.000	117.000
359.000	56.000
360.000	51.000
361.000	23.000
362.000	18.000
363.000	24.000
364.000	20.000
365.000	17.000
366.000	17.000
367.000	15.000
368.000	18.000
369.000	14.000
370.000	18.000
371.000	12.000
372.000	14.000
373.000	16.000
374.000	18.000
375.000	19.000
376.000	24.000
377.000	28.000
378.000	32.000
379.000	40.000
380.000	53.000
381.000	73.000
382.000	74.000
383.000	87.000
384.000	137.000
385.000	141.000
386.000	155.000
387.000	143.000
388.000	114.000
389.000	113.000
390.000	106.000
391.000	80.000
392.000	56.000
393.000	43.000
394.000	39.000
395.000	32.000
396.000	28.000
397.000	23.000
398.000	22.000
399.000	15.000
400.000	24.000
401.000	21.000
402.000	29.000
403.000	15.000
404.000	22.000
405.000	26.000
406.000	14.000
407.000	35.000
408.000	28.000
409.000	28.000
410.000	28.000
411.000	29.000
412.000	37.000
413.000	41.000
414.000	26.000
415.000	23.000
416.000	20.000
417.000	17.000
418.000	21.000
419.000	25.000
420.000	25.000
421.000	30.000
422.000	25.000
423.000	33.000
424.000	30.000
425.000	25.000
426.000	31.000
427.000	28.000
428.000	28.000
429.000	28.000
430.000	20.000
431.000	25.000
432.000	30.000
433.000	30.000
434.000	29.000
435.000	37.000
436.000	50.000
437.000	30.000
438.000	33.000
439.000	33.000
440.000	38.000
441.000	47.000
442.000	52.000
443.000	51.000
444.000	31.000
445.000	40.000
446.000	29.000
447.000	45.000
448.000	45.000
449.000	45.000
450.000	47.000
451.000	34.000
452.000	46.000
453.000	46.000
454.000	45.000
455.000	43.000
456.000	41.000
457.000	57.000
458.000	40.000
459.000	53.000
460.000	57.000
461.000	45.000
462.000	47.000
463.000	54.000
464.000	49.000
465.000	58.000
466.000	54.000
467.000	44.000
468.000	45.000
469.000	56.000
470.000	51.000
471.000	56.000
472.000	56.000
473.000	56.000
474.000	52.000
475.000	74.000
476.000	54.000
477.000	50.000
478.000	53.000
479.000	51.000
480.000	45.000
481.000	42.000
482.000	61.000
483.000	69.000
484.000	48.000
485.000	52.000
486.000	66.000
487.000	60.000
488.000	59.000
489.000	46.000
490.000	57.000
491.000	65.000
492.000	62.000
493.000	58.000
494.000	59.000
495.000	55.000
496.000	58.000
497.000	56.000
498.000	53.000
499.000	45.000
500.000	76.000
501.000	73.000
502.000	76.000
503.000	78.000
504.000	76.000
505.000	92.000
506.000	68.000
507.000	67.000
508.000	67.000
509.000	78.000
510.000	58.000
511.000	69.000
512.000	72.000
513.000	79.000
514.000	75.000
515.000	78.000
516.000	84.000
517.000	79.000
518.000	67.000
519.000	70.000
520.000	75.000
521.000	76.000
522.000	80.000
523.000	78.000
524.000	76.000
525.000	96.000
526.000	68.000
527.000	77.000
528.000	96.000
529.000	103.000
530.000	79.000
531.000	85.000
532.000	80.000
533.000	89.000
534.000	90.000
535.000	101.000
536.000	103.000
537.000	80.000
538.000	106.000
539.000	86.000
540.000	94.000
541.000	96.000
542.000	93.000
543.000	89.000
544.000	105.000
545.000	99.000
546.000	93.000
547.000	104.000
548.000	99.000
549.000	96.000
550.000	104.000
551.000	105.000
552.000	112.000
553.000	98.000
554.000	108.000
555.000	87.000
556.000	94.000
557.000	122.000
558.000	102.000
559.000	100.000
560.000	108.000
561.000	117.000
562.000	117.000
563.000	82.000
564.000	103.000
565.000	109.000
566.000	102.000
567.000	99.000
568.000	98.000
569.000	119.000
570.000	113.000
571.000	97.000
572.000	118.000
573.000	105.000
574.000	113.000
575.000	104.000
576.000	119.000
577.000	121.000
578.000	121.000
579.000	118.000
580.000	113.000
581.000	123.000
582.000	117.000
583.000	131.000
584.000	138.000
585.000	114.000
586.000	137.000
587.000	146.000
588.000	134.000
589.000	124.000
590.000	107.000
591.000	127.000
592.000	142.000
593.000	129.000
594.000	129.000
595.000	151.000
596.000	125.000
597.000	138.000
598.000	132.000
599.000	147.000
600.000	139.000
601.000	146.000
602.000	150.000
603.000	154.000
604.000	137.000
605.000	138.000
606.000	149.000
607.000	138.000
608.000	171.000
609.000	132.000
610.000	140.000
611.000	157.000
612.000	151.000
613.000	143.000
614.000	163.000
615.000	149.000
616.000	149.000
617.000	151.000
618.000	156.000
619.000	131.000
620.000	179.000
621.000	170.000
622.000	156.000
623.000	165.000
624.000	171.000
625.000	161.000
626.000	167.000
627.000	167.000
628.000	161.000
629.000	193.000
630.000	157.000
631.000	163.000
632.000	142.000
633.000	178.000
634.000	180.000
635.000	167.000
636.000	158.000
637.000	155.000
638.000	181.000
639.000	158.000
640.000	178.000
641.000	169.000
642.000	176.000
643.000	159.000
644.000	171.000
645.000	179.000
646.000	198.000
647.000	171.000
648.000	178.000
649.000	167.000
650.000	184.000
651.000	199.000
652.000	196.000
653.000	193.000
654.000	216.000
655.000	193.000
656.000	202.000
657.000	195.000
658.000	192.000
659.000	179.000
660.000	185.000
661.000	181.000
662.000	200.000
663.000	179.000
664.000	234.000
665.000	181.000
666.000	192.000
667.000	191.000
668.000	214.000
669.000	210.000
670.000	206.000
671.000	196.000
672.000	202.000
673.000	188.000
674.000	199.000
675.000	211.000
676.000	218.000
677.000	198.000
678.000	186.000
679.000	215.000
680.000	207.000
681.000	190.000
682.000	214.000
683.000	214.000
684.000	195.000
685.000	226.000
686.000	208.000
687.000	210.000
688.000	227.000
689.000	205.000
690.000	204.000
691.000	218.000
692.000	216.000
693.000	203.000
694.000	238.000
695.000	203.000
696.000	219.000
697.000	242.000
698.000	210.000
699.000	211.000
700.000	243.000
701.000	191.000
702.000	223.000
703.000	223.000
704.000	243.000
705.000	210.000
706.000	188.000
707.000	225.000
708.000	231.000
709.000	247.000
710.000	238.000
711.000	225.000
712.000	234.000
713.000	212.000
714.000	221.000
715.000	213.000
716.000	249.000
717.000	235.000
718.000	262.000
719.000	245.000
720.000	244.000
721.000	234.000
722.000	264.000
723.000	223.000
724.000	236.000
725.000	256.000
726.000	230.000
727.000	202.000
728.000	247.000
729.000	246.000
730.000	239.000
731.000	228.000
732.000	209.000
733.000	260.000
734.000	235.000
735.000	236.000
736.000	253.000
737.000	268.000
738.000	253.000
739.000	247.000
740.000	268.000
741.000	248.000
742.000	250.000
743.000	223.000
744.000	279.000
745.000	251.000
746.000	254.000
747.000	280.000
748.000	238.000
749.000	240.000
750.000	282.000
751.000	265.000
752.000	271.000
753.000	264.000
754.000	259.000
755.000	256.000
756.000	252.000
757.000	278.000
758.000	254.000
759.000	272.000
760.000	246.000
761.000	254.000
762.000	254.000
763.000	263.000
764.000	289.000
765.000	240.000
766.000	268.000
767.000	305.000
768.000	260.000
769.000	307.000
770.000	272.000
771.000	276.000
772.000	327.000
773.000	292.000
774.000	304.000
775.000	304.000
776.000	311.000
777.000	277.000
778.000	289.000
779.000	310.000
780.000	319.000
781.000	299.000
782.000	263.000
783.000	310.000
784.000	272.000
785.000	272.000
786.000	294.000
787.000	287.000
788.000	282.000
789.000	251.000
790.000	265.000
791.000	305.000
792.000	254.000
793.000	295.000
794.000	298.000
795.000	298.000
796.000	296.000
797.000	286.000
798.000	279.000
799.000	293.000
800.000	258.000
801.000	292.000
802.000	314.000
803.000	290.000
804.000	304.000
805.000	310.000
806.000	294.000
807.000	267.000
808.000	294.000
809.000	286.000
810.000	297.000
811.000	311.000
812.000	295.000
813.000	327.000
814.000	295.000
815.000	303.000
816.000	297.000
817.000	276.000
818.000	318.000
819.000	291.000
820.000	293.000
821.000	305.000
822.000	324.000
823.000	301.000
824.000	279.000
825.000	271.000
826.000	319.000
827.000	322.000
828.000	313.000
829.000	292.000
830.000	316.000
831.000	322.000
832.000	332.000
833.000	309.000
834.000	290.000
835.000	346.000
836.000	323.000
837.000	312.000
838.000	322.000
839.000	331.000
840.000	300.000
841.000	341.000
842.000	344.000
843.000	334.000
844.000	295.000
845.000	305.000
846.000	326.000
847.000	329.000
848.000	364.000
849.000	333.000
850.000	347.000
851.000	362.000
852.000	373.000
853.000	341.000
854.000	380.000
855.000	351.000
856.000	387.000
857.000	371.000
858.000	383.000
859.000	406.000
860.000	383.000
861.000	416.000
862.000	395.000
863.000	421.000
864.000	402.000
865.000	448.000
866.000	461.000
867.000	431.000
868.000	418.000
869.000	449.000
870.000	462.000
871.000	439.000
872.000	486.000
873.000	462.000
874.000	519.000
875.000	530.000
876.000	545.000
877.000	594.000
878.000	545.000
879.000	650.000
880.000	631.000
881.000	696.000
882.000	707.000
883.000	777.000
884.000	841.000
885.000	846.000
886.000	912.000
887.000	984.000
888.000	1062.000
889.000	1100.000
890.000	1150.000
891.000	1234.000
892.000	1262.000
893.000	1362.000
894.000	1426.000
895.000	1455.000
896.000	1457.000
897.000	1514.000
898.000	1469.000
899.000	1479.000
900.000	1605.000
901.000	1601.000
902.000	1517.000
903.000	1537.000
904.000	1398.000
905.000	1441.000
906.000	1375.000
907.000	1382.000
908.000	1393.000
909.000	1237.000
910.000	1159.000
911.000	1145.000
912.000	1106.000
913.000	1074.000
914.000	937.000
915.000	940.000
916.000	846.000
917.000	729.000
918.000	718.000
919.000	740.000
920.000	653.000
921.000	639.000
922.000	625.000
923.000	535.000
924.000	539.000
925.000	498.000
926.000	485.000
927.000	420.000
928.000	425.000
929.000	435.000
930.000	420.000
931.000	390.000
932.000	392.000
933.000	391.000
934.000	372.000
935.000	343.000
936.000	387.000
937.000	385.000
938.000	370.000
939.000	378.000
940.000	417.000
941.000	443.000
942.000	421.000
943.000	462.000
944.000	482.000
945.000	540.000
946.000	561.000
947.000	678.000
948.000	677.000
949.000	738.000
950.000	779.000
951.000	802.000
952.000	839.000
953.000	823.000
954.000	851.000
955.000	848.000
956.000	780.000
957.000	738.000
958.000	683.000
959.000	660.000
960.000	585.000
961.000	526.000
962.000	498.000
963.000	438.000
964.000	364.000
965.000	355.000
966.000	318.000
967.000	325.000
968.000	319.000
969.000	284.000
970.000	286.000
971.000	300.000
972.000	298.000
973.000	274.000
974.000	291.000
975.000	289.000
976.000	311.000
977.000	284.000
978.000	318.000
979.000	278.000
980.000	329.000
981.000	307.000
982.000	331.000
983.000	310.000
984.000	317.000
985.000	330.000
986.000	362.000
987.000	351.000
988.000	367.000
989.000	369.000
990.000	346.000
991.000	373.000
992.000	371.000
993.000	387.000
994.000	394.000
995.000	415.000
996.000	390.000
997.000	450.000
998.000	395.000
999.000	465.000
1000.000	442.000
1001.000	470.000
1002.000	457.000
1003.000	482.000
1004.000	460.000
1005.000	493.000
1006.000	476.000
1007.000	456.000
1008.000	457.000
1009.000	426.000
1010.000	419.000
1011.000	453.000
1012.000	456.000
1013.000	359.000
1014.000	368.000
1015.000	372.000
1016.000	351.000
1017.000	325.000
1018.000	361.000
1019.000	321.000
1020.000	330.000
1021.000	314.000
1022.000	325.000
1023.000	326.000
1024.000	280.000
