Date:	8/19/2008		Time:	9:15 AM		Version no:	0.00		Project name:	55		Sample name:	222		Section name:	section		Position	422.039995	mm	E0	0.000000	keV	E1	1.000000	keV/channel	sample surface	7.645842	cm	Tube anode:	Mo		Tube voltage:	30	kV	Tube current:	50	mA	gain	20		std. database			resultfile	result		matrix element	11		sample thickness	1.000000		air passage	0.560000	cm	comments	not in position		peaking_time	3.000000	m-sec	trigger_threshold	1229.166667	V	mca_bin_width	22.090000	no:	number_mca_channels	1024.000000	no:	gap_time	0.400000	m-sec	trigger_peaking_time	0.150000	m-sec	GAINDAC	9455		HIGHGAIN	1		TAURC	0		RCTAU	53		RCTAUFRAC	32768		livetime	9.691199	seconds	runtime	10.000503	seconds	input_count_rate	29.394195	cps	output_count_rate	22.182184	cps	triggers	284865	seconds	events_in_run	221833	seconds	channel	content		1.000	0.000
2.000	0.000
3.000	0.000
4.000	0.000
5.000	0.000
6.000	0.000
7.000	0.000
8.000	0.000
9.000	0.000
10.000	0.000
11.000	0.000
12.000	0.000
13.000	0.000
14.000	0.000
15.000	0.000
16.000	0.000
17.000	0.000
18.000	0.000
19.000	0.000
20.000	0.000
21.000	0.000
22.000	0.000
23.000	0.000
24.000	0.000
25.000	0.000
26.000	0.000
27.000	0.000
28.000	0.000
29.000	0.000
30.000	0.000
31.000	0.000
32.000	2.000
33.000	1.000
34.000	1.000
35.000	1.000
36.000	1.000
37.000	0.000
38.000	0.000
39.000	6.000
40.000	1.000
41.000	4.000
42.000	3.000
43.000	4.000
44.000	4.000
45.000	3.000
46.000	5.000
47.000	11.000
48.000	9.000
49.000	7.000
50.000	7.000
51.000	7.000
52.000	9.000
53.000	10.000
54.000	13.000
55.000	13.000
56.000	16.000
57.000	7.000
58.000	10.000
59.000	6.000
60.000	13.000
61.000	16.000
62.000	10.000
63.000	10.000
64.000	10.000
65.000	12.000
66.000	10.000
67.000	13.000
68.000	9.000
69.000	11.000
70.000	16.000
71.000	15.000
72.000	7.000
73.000	3.000
74.000	11.000
75.000	10.000
76.000	5.000
77.000	15.000
78.000	10.000
79.000	8.000
80.000	11.000
81.000	14.000
82.000	6.000
83.000	9.000
84.000	6.000
85.000	11.000
86.000	4.000
87.000	4.000
88.000	7.000
89.000	3.000
90.000	4.000
91.000	5.000
92.000	3.000
93.000	6.000
94.000	5.000
95.000	9.000
96.000	7.000
97.000	4.000
98.000	5.000
99.000	15.000
100.000	13.000
101.000	11.000
102.000	5.000
103.000	5.000
104.000	8.000
105.000	9.000
106.000	11.000
107.000	9.000
108.000	10.000
109.000	6.000
110.000	4.000
111.000	6.000
112.000	7.000
113.000	6.000
114.000	7.000
115.000	7.000
116.000	8.000
117.000	4.000
118.000	10.000
119.000	8.000
120.000	4.000
121.000	5.000
122.000	9.000
123.000	7.000
124.000	10.000
125.000	4.000
126.000	7.000
127.000	13.000
128.000	9.000
129.000	13.000
130.000	9.000
131.000	9.000
132.000	7.000
133.000	5.000
134.000	8.000
135.000	9.000
136.000	8.000
137.000	4.000
138.000	5.000
139.000	3.000
140.000	7.000
141.000	5.000
142.000	3.000
143.000	4.000
144.000	3.000
145.000	7.000
146.000	6.000
147.000	4.000
148.000	4.000
149.000	6.000
150.000	4.000
151.000	4.000
152.000	3.000
153.000	5.000
154.000	5.000
155.000	3.000
156.000	5.000
157.000	6.000
158.000	6.000
159.000	11.000
160.000	8.000
161.000	7.000
162.000	13.000
163.000	13.000
164.000	13.000
165.000	6.000
166.000	6.000
167.000	5.000
168.000	5.000
169.000	8.000
170.000	7.000
171.000	6.000
172.000	4.000
173.000	9.000
174.000	5.000
175.000	3.000
176.000	5.000
177.000	6.000
178.000	5.000
179.000	5.000
180.000	8.000
181.000	9.000
182.000	9.000
183.000	13.000
184.000	5.000
185.000	6.000
186.000	8.000
187.000	1.000
188.000	2.000
189.000	9.000
190.000	8.000
191.000	4.000
192.000	2.000
193.000	4.000
194.000	2.000
195.000	5.000
196.000	6.000
197.000	7.000
198.000	14.000
199.000	11.000
200.000	20.000
201.000	34.000
202.000	26.000
203.000	22.000
204.000	37.000
205.000	23.000
206.000	30.000
207.000	8.000
208.000	4.000
209.000	6.000
210.000	3.000
211.000	1.000
212.000	2.000
213.000	4.000
214.000	2.000
215.000	3.000
216.000	6.000
217.000	4.000
218.000	8.000
219.000	4.000
220.000	13.000
221.000	8.000
222.000	10.000
223.000	4.000
224.000	6.000
225.000	1.000
226.000	4.000
227.000	4.000
228.000	3.000
229.000	1.000
230.000	3.000
231.000	2.000
232.000	3.000
233.000	4.000
234.000	8.000
235.000	4.000
236.000	2.000
237.000	5.000
238.000	6.000
239.000	2.000
240.000	1.000
241.000	8.000
242.000	2.000
243.000	10.000
244.000	7.000
245.000	10.000
246.000	10.000
247.000	16.000
248.000	13.000
249.000	11.000
250.000	12.000
251.000	8.000
252.000	11.000
253.000	6.000
254.000	10.000
255.000	5.000
256.000	5.000
257.000	11.000
258.000	6.000
259.000	7.000
260.000	3.000
261.000	4.000
262.000	6.000
263.000	5.000
264.000	7.000
265.000	3.000
266.000	7.000
267.000	4.000
268.000	11.000
269.000	3.000
270.000	4.000
271.000	9.000
272.000	5.000
273.000	7.000
274.000	3.000
275.000	4.000
276.000	7.000
277.000	7.000
278.000	6.000
279.000	3.000
280.000	8.000
281.000	8.000
282.000	4.000
283.000	6.000
284.000	4.000
285.000	9.000
286.000	3.000
287.000	2.000
288.000	5.000
289.000	6.000
290.000	9.000
291.000	7.000
292.000	7.000
293.000	3.000
294.000	6.000
295.000	7.000
296.000	9.000
297.000	11.000
298.000	10.000
299.000	9.000
300.000	14.000
301.000	9.000
302.000	10.000
303.000	7.000
304.000	10.000
305.000	4.000
306.000	9.000
307.000	6.000
308.000	4.000
309.000	11.000
310.000	10.000
311.000	8.000
312.000	6.000
313.000	15.000
314.000	9.000
315.000	11.000
316.000	16.000
317.000	25.000
318.000	29.000
319.000	33.000
320.000	47.000
321.000	42.000
322.000	67.000
323.000	61.000
324.000	61.000
325.000	63.000
326.000	50.000
327.000	38.000
328.000	30.000
329.000	22.000
330.000	21.000
331.000	14.000
332.000	13.000
333.000	13.000
334.000	13.000
335.000	14.000
336.000	15.000
337.000	12.000
338.000	15.000
339.000	18.000
340.000	18.000
341.000	41.000
342.000	72.000
343.000	101.000
344.000	152.000
345.000	240.000
346.000	335.000
347.000	475.000
348.000	615.000
349.000	760.000
350.000	819.000
351.000	761.000
352.000	781.000
353.000	677.000
354.000	481.000
355.000	370.000
356.000	263.000
357.000	187.000
358.000	112.000
359.000	67.000
360.000	33.000
361.000	19.000
362.000	26.000
363.000	21.000
364.000	11.000
365.000	19.000
366.000	8.000
367.000	22.000
368.000	14.000
369.000	22.000
370.000	31.000
371.000	23.000
372.000	15.000
373.000	15.000
374.000	29.000
375.000	21.000
376.000	17.000
377.000	32.000
378.000	34.000
379.000	29.000
380.000	62.000
381.000	77.000
382.000	84.000
383.000	100.000
384.000	126.000
385.000	139.000
386.000	132.000
387.000	131.000
388.000	127.000
389.000	109.000
390.000	83.000
391.000	74.000
392.000	64.000
393.000	42.000
394.000	25.000
395.000	28.000
396.000	26.000
397.000	25.000
398.000	23.000
399.000	25.000
400.000	22.000
401.000	17.000
402.000	31.000
403.000	33.000
404.000	28.000
405.000	12.000
406.000	21.000
407.000	25.000
408.000	26.000
409.000	21.000
410.000	27.000
411.000	21.000
412.000	27.000
413.000	31.000
414.000	31.000
415.000	25.000
416.000	30.000
417.000	26.000
418.000	28.000
419.000	26.000
420.000	29.000
421.000	25.000
422.000	30.000
423.000	34.000
424.000	24.000
425.000	29.000
426.000	27.000
427.000	30.000
428.000	24.000
429.000	34.000
430.000	25.000
431.000	32.000
432.000	39.000
433.000	27.000
434.000	31.000
435.000	19.000
436.000	35.000
437.000	31.000
438.000	40.000
439.000	38.000
440.000	42.000
441.000	41.000
442.000	40.000
443.000	42.000
444.000	45.000
445.000	36.000
446.000	59.000
447.000	39.000
448.000	44.000
449.000	34.000
450.000	30.000
451.000	51.000
452.000	48.000
453.000	34.000
454.000	42.000
455.000	49.000
456.000	47.000
457.000	58.000
458.000	51.000
459.000	43.000
460.000	49.000
461.000	45.000
462.000	50.000
463.000	61.000
464.000	44.000
465.000	44.000
466.000	50.000
467.000	44.000
468.000	49.000
469.000	41.000
470.000	58.000
471.000	43.000
472.000	53.000
473.000	60.000
474.000	57.000
475.000	65.000
476.000	56.000
477.000	52.000
478.000	50.000
479.000	45.000
480.000	44.000
481.000	59.000
482.000	66.000
483.000	52.000
484.000	57.000
485.000	56.000
486.000	55.000
487.000	60.000
488.000	63.000
489.000	73.000
490.000	63.000
491.000	60.000
492.000	48.000
493.000	47.000
494.000	59.000
495.000	59.000
496.000	56.000
497.000	54.000
498.000	74.000
499.000	60.000
500.000	54.000
501.000	73.000
502.000	60.000
503.000	64.000
504.000	55.000
505.000	65.000
506.000	64.000
507.000	57.000
508.000	98.000
509.000	70.000
510.000	66.000
511.000	72.000
512.000	75.000
513.000	82.000
514.000	85.000
515.000	75.000
516.000	75.000
517.000	84.000
518.000	73.000
519.000	75.000
520.000	90.000
521.000	90.000
522.000	61.000
523.000	97.000
524.000	75.000
525.000	79.000
526.000	77.000
527.000	100.000
528.000	87.000
529.000	102.000
530.000	86.000
531.000	70.000
532.000	72.000
533.000	86.000
534.000	88.000
535.000	96.000
536.000	64.000
537.000	107.000
538.000	86.000
539.000	103.000
540.000	92.000
541.000	111.000
542.000	100.000
543.000	98.000
544.000	103.000
545.000	92.000
546.000	101.000
547.000	105.000
548.000	92.000
549.000	99.000
550.000	104.000
551.000	96.000
552.000	124.000
553.000	100.000
554.000	96.000
555.000	89.000
556.000	101.000
557.000	110.000
558.000	114.000
559.000	108.000
560.000	103.000
561.000	104.000
562.000	109.000
563.000	107.000
564.000	114.000
565.000	108.000
566.000	113.000
567.000	100.000
568.000	128.000
569.000	121.000
570.000	96.000
571.000	120.000
572.000	120.000
573.000	109.000
574.000	112.000
575.000	109.000
576.000	123.000
577.000	139.000
578.000	113.000
579.000	136.000
580.000	126.000
581.000	111.000
582.000	124.000
583.000	117.000
584.000	119.000
585.000	124.000
586.000	136.000
587.000	119.000
588.000	122.000
589.000	133.000
590.000	113.000
591.000	116.000
592.000	133.000
593.000	126.000
594.000	121.000
595.000	109.000
596.000	125.000
597.000	131.000
598.000	145.000
599.000	155.000
600.000	107.000
601.000	146.000
602.000	155.000
603.000	144.000
604.000	127.000
605.000	120.000
606.000	141.000
607.000	153.000
608.000	141.000
609.000	148.000
610.000	142.000
611.000	166.000
612.000	172.000
613.000	145.000
614.000	132.000
615.000	177.000
616.000	138.000
617.000	149.000
618.000	156.000
619.000	143.000
620.000	145.000
621.000	167.000
622.000	165.000
623.000	156.000
624.000	158.000
625.000	135.000
626.000	155.000
627.000	165.000
628.000	188.000
629.000	156.000
630.000	152.000
631.000	174.000
632.000	179.000
633.000	155.000
634.000	164.000
635.000	186.000
636.000	176.000
637.000	167.000
638.000	154.000
639.000	161.000
640.000	167.000
641.000	180.000
642.000	180.000
643.000	173.000
644.000	164.000
645.000	173.000
646.000	174.000
647.000	182.000
648.000	176.000
649.000	183.000
650.000	187.000
651.000	186.000
652.000	212.000
653.000	184.000
654.000	207.000
655.000	198.000
656.000	189.000
657.000	196.000
658.000	196.000
659.000	194.000
660.000	194.000
661.000	210.000
662.000	206.000
663.000	181.000
664.000	192.000
665.000	177.000
666.000	169.000
667.000	202.000
668.000	195.000
669.000	189.000
670.000	192.000
671.000	203.000
672.000	191.000
673.000	174.000
674.000	188.000
675.000	183.000
676.000	184.000
677.000	193.000
678.000	220.000
679.000	220.000
680.000	210.000
681.000	226.000
682.000	214.000
683.000	176.000
684.000	207.000
685.000	200.000
686.000	187.000
687.000	196.000
688.000	210.000
689.000	209.000
690.000	218.000
691.000	204.000
692.000	189.000
693.000	218.000
694.000	207.000
695.000	219.000
696.000	218.000
697.000	197.000
698.000	220.000
699.000	226.000
700.000	229.000
701.000	206.000
702.000	221.000
703.000	236.000
704.000	231.000
705.000	212.000
706.000	225.000
707.000	213.000
708.000	204.000
709.000	219.000
710.000	219.000
711.000	228.000
712.000	217.000
713.000	228.000
714.000	263.000
715.000	239.000
716.000	240.000
717.000	287.000
718.000	254.000
719.000	218.000
720.000	241.000
721.000	241.000
722.000	231.000
723.000	234.000
724.000	261.000
725.000	215.000
726.000	239.000
727.000	250.000
728.000	248.000
729.000	223.000
730.000	259.000
731.000	262.000
732.000	232.000
733.000	228.000
734.000	239.000
735.000	239.000
736.000	236.000
737.000	212.000
738.000	231.000
739.000	238.000
740.000	230.000
741.000	244.000
742.000	269.000
743.000	221.000
744.000	232.000
745.000	259.000
746.000	234.000
747.000	258.000
748.000	231.000
749.000	290.000
750.000	242.000
751.000	248.000
752.000	239.000
753.000	254.000
754.000	248.000
755.000	254.000
756.000	222.000
757.000	255.000
758.000	245.000
759.000	259.000
760.000	272.000
761.000	247.000
762.000	277.000
763.000	295.000
764.000	265.000
765.000	269.000
766.000	251.000
767.000	290.000
768.000	291.000
769.000	254.000
770.000	305.000
771.000	287.000
772.000	304.000
773.000	285.000
774.000	274.000
775.000	274.000
776.000	271.000
777.000	252.000
778.000	258.000
779.000	293.000
780.000	277.000
781.000	287.000
782.000	282.000
783.000	249.000
784.000	265.000
785.000	266.000
786.000	258.000
787.000	277.000
788.000	264.000
789.000	288.000
790.000	266.000
791.000	260.000
792.000	273.000
793.000	292.000
794.000	277.000
795.000	266.000
796.000	292.000
797.000	282.000
798.000	267.000
799.000	253.000
800.000	279.000
801.000	265.000
802.000	286.000
803.000	275.000
804.000	291.000
805.000	272.000
806.000	272.000
807.000	274.000
808.000	282.000
809.000	295.000
810.000	265.000
811.000	292.000
812.000	271.000
813.000	284.000
814.000	321.000
815.000	299.000
816.000	302.000
817.000	287.000
818.000	326.000
819.000	308.000
820.000	309.000
821.000	297.000
822.000	308.000
823.000	298.000
824.000	279.000
825.000	300.000
826.000	293.000
827.000	305.000
828.000	303.000
829.000	292.000
830.000	310.000
831.000	311.000
832.000	325.000
833.000	325.000
834.000	309.000
835.000	312.000
836.000	302.000
837.000	283.000
838.000	320.000
839.000	321.000
840.000	310.000
841.000	310.000
842.000	316.000
843.000	319.000
844.000	313.000
845.000	299.000
846.000	328.000
847.000	278.000
848.000	310.000
849.000	287.000
850.000	352.000
851.000	318.000
852.000	336.000
853.000	370.000
854.000	330.000
855.000	353.000
856.000	335.000
857.000	374.000
858.000	323.000
859.000	382.000
860.000	381.000
861.000	396.000
862.000	360.000
863.000	445.000
864.000	345.000
865.000	432.000
866.000	413.000
867.000	429.000
868.000	449.000
869.000	420.000
870.000	468.000
871.000	459.000
872.000	454.000
873.000	510.000
874.000	474.000
875.000	498.000
876.000	559.000
877.000	601.000
878.000	596.000
879.000	627.000
880.000	634.000
881.000	655.000
882.000	701.000
883.000	744.000
884.000	799.000
885.000	845.000
886.000	934.000
887.000	979.000
888.000	1027.000
889.000	1155.000
890.000	1128.000
891.000	1222.000
892.000	1313.000
893.000	1291.000
894.000	1381.000
895.000	1415.000
896.000	1430.000
897.000	1514.000
898.000	1524.000
899.000	1498.000
900.000	1453.000
901.000	1554.000
902.000	1532.000
903.000	1420.000
904.000	1417.000
905.000	1411.000
906.000	1371.000
907.000	1365.000
908.000	1236.000
909.000	1251.000
910.000	1159.000
911.000	1080.000
912.000	1027.000
913.000	960.000
914.000	914.000
915.000	892.000
916.000	817.000
917.000	810.000
918.000	762.000
919.000	741.000
920.000	632.000
921.000	627.000
922.000	599.000
923.000	529.000
924.000	511.000
925.000	484.000
926.000	483.000
927.000	447.000
928.000	442.000
929.000	399.000
930.000	413.000
931.000	396.000
932.000	415.000
933.000	375.000
934.000	364.000
935.000	407.000
936.000	356.000
937.000	344.000
938.000	379.000
939.000	368.000
940.000	391.000
941.000	371.000
942.000	455.000
943.000	433.000
944.000	460.000
945.000	532.000
946.000	545.000
947.000	646.000
948.000	651.000
949.000	670.000
950.000	809.000
951.000	765.000
952.000	802.000
953.000	848.000
954.000	838.000
955.000	766.000
956.000	753.000
957.000	649.000
958.000	701.000
959.000	629.000
960.000	575.000
961.000	490.000
962.000	428.000
963.000	417.000
964.000	361.000
965.000	359.000
966.000	310.000
967.000	307.000
968.000	321.000
969.000	274.000
970.000	272.000
971.000	304.000
972.000	298.000
973.000	279.000
974.000	295.000
975.000	282.000
976.000	296.000
977.000	308.000
978.000	310.000
979.000	296.000
980.000	298.000
981.000	323.000
982.000	295.000
983.000	310.000
984.000	294.000
985.000	316.000
986.000	322.000
987.000	335.000
988.000	346.000
989.000	353.000
990.000	373.000
991.000	375.000
992.000	407.000
993.000	383.000
994.000	366.000
995.000	431.000
996.000	396.000
997.000	398.000
998.000	428.000
999.000	442.000
1000.000	423.000
1001.000	467.000
1002.000	435.000
1003.000	443.000
1004.000	459.000
1005.000	429.000
1006.000	450.000
1007.000	432.000
1008.000	440.000
1009.000	426.000
1010.000	430.000
1011.000	423.000
1012.000	381.000
1013.000	397.000
1014.000	372.000
1015.000	376.000
1016.000	377.000
1017.000	347.000
1018.000	336.000
1019.000	351.000
1020.000	328.000
1021.000	309.000
1022.000	276.000
1023.000	283.000
1024.000	266.000
