Date:	8/19/2008		Time:	10:04 AM		Version no:	0.00		Project name:	55		Sample name:	222		Section name:	section		Position	938.039995	mm	E0	0.000000	keV	E1	1.000000	keV/channel	sample surface	7.794580	cm	Tube anode:	Mo		Tube voltage:	30	kV	Tube current:	50	mA	gain	20		std. database			resultfile	result		matrix element	11		sample thickness	1.000000		air passage	0.560000	cm	comments	in position		peaking_time	3.000000	m-sec	trigger_threshold	1229.166667	V	mca_bin_width	22.090000	no:	number_mca_channels	1024.000000	no:	gap_time	0.400000	m-sec	trigger_peaking_time	0.150000	m-sec	GAINDAC	9455		HIGHGAIN	1		TAURC	0		RCTAU	53		RCTAUFRAC	32768		livetime	9.725866	seconds	runtime	10.000503	seconds	input_count_rate	25.734263	cps	output_count_rate	20.067690	cps	triggers	250288	seconds	events_in_run	200687	seconds	channel	content		1.000	0.000
2.000	0.000
3.000	0.000
4.000	0.000
5.000	0.000
6.000	0.000
7.000	0.000
8.000	0.000
9.000	0.000
10.000	0.000
11.000	0.000
12.000	0.000
13.000	0.000
14.000	0.000
15.000	0.000
16.000	0.000
17.000	0.000
18.000	0.000
19.000	0.000
20.000	0.000
21.000	0.000
22.000	0.000
23.000	0.000
24.000	0.000
25.000	0.000
26.000	0.000
27.000	0.000
28.000	0.000
29.000	0.000
30.000	0.000
31.000	0.000
32.000	0.000
33.000	2.000
34.000	1.000
35.000	2.000
36.000	2.000
37.000	2.000
38.000	4.000
39.000	2.000
40.000	0.000
41.000	6.000
42.000	6.000
43.000	9.000
44.000	5.000
45.000	7.000
46.000	6.000
47.000	7.000
48.000	6.000
49.000	9.000
50.000	5.000
51.000	10.000
52.000	9.000
53.000	3.000
54.000	7.000
55.000	10.000
56.000	9.000
57.000	12.000
58.000	12.000
59.000	7.000
60.000	8.000
61.000	12.000
62.000	9.000
63.000	15.000
64.000	12.000
65.000	13.000
66.000	4.000
67.000	4.000
68.000	6.000
69.000	10.000
70.000	11.000
71.000	11.000
72.000	8.000
73.000	5.000
74.000	10.000
75.000	7.000
76.000	9.000
77.000	5.000
78.000	13.000
79.000	7.000
80.000	10.000
81.000	8.000
82.000	11.000
83.000	14.000
84.000	16.000
85.000	13.000
86.000	4.000
87.000	4.000
88.000	11.000
89.000	8.000
90.000	5.000
91.000	4.000
92.000	11.000
93.000	6.000
94.000	9.000
95.000	8.000
96.000	10.000
97.000	14.000
98.000	5.000
99.000	5.000
100.000	6.000
101.000	7.000
102.000	7.000
103.000	7.000
104.000	4.000
105.000	11.000
106.000	2.000
107.000	5.000
108.000	10.000
109.000	6.000
110.000	8.000
111.000	4.000
112.000	6.000
113.000	5.000
114.000	12.000
115.000	8.000
116.000	5.000
117.000	5.000
118.000	10.000
119.000	8.000
120.000	4.000
121.000	9.000
122.000	9.000
123.000	7.000
124.000	7.000
125.000	9.000
126.000	8.000
127.000	5.000
128.000	6.000
129.000	6.000
130.000	6.000
131.000	3.000
132.000	6.000
133.000	10.000
134.000	2.000
135.000	7.000
136.000	4.000
137.000	7.000
138.000	7.000
139.000	6.000
140.000	4.000
141.000	6.000
142.000	3.000
143.000	6.000
144.000	7.000
145.000	8.000
146.000	6.000
147.000	8.000
148.000	3.000
149.000	6.000
150.000	4.000
151.000	4.000
152.000	3.000
153.000	5.000
154.000	5.000
155.000	9.000
156.000	5.000
157.000	3.000
158.000	4.000
159.000	6.000
160.000	6.000
161.000	16.000
162.000	15.000
163.000	11.000
164.000	11.000
165.000	13.000
166.000	11.000
167.000	7.000
168.000	6.000
169.000	5.000
170.000	5.000
171.000	6.000
172.000	7.000
173.000	8.000
174.000	1.000
175.000	5.000
176.000	5.000
177.000	3.000
178.000	4.000
179.000	6.000
180.000	3.000
181.000	10.000
182.000	5.000
183.000	7.000
184.000	9.000
185.000	6.000
186.000	3.000
187.000	1.000
188.000	1.000
189.000	7.000
190.000	3.000
191.000	2.000
192.000	4.000
193.000	3.000
194.000	1.000
195.000	2.000
196.000	10.000
197.000	3.000
198.000	8.000
199.000	12.000
200.000	7.000
201.000	20.000
202.000	18.000
203.000	16.000
204.000	21.000
205.000	23.000
206.000	8.000
207.000	6.000
208.000	7.000
209.000	2.000
210.000	4.000
211.000	6.000
212.000	2.000
213.000	0.000
214.000	7.000
215.000	2.000
216.000	4.000
217.000	2.000
218.000	5.000
219.000	3.000
220.000	5.000
221.000	4.000
222.000	6.000
223.000	7.000
224.000	4.000
225.000	6.000
226.000	4.000
227.000	6.000
228.000	5.000
229.000	7.000
230.000	2.000
231.000	5.000
232.000	3.000
233.000	3.000
234.000	4.000
235.000	7.000
236.000	2.000
237.000	3.000
238.000	5.000
239.000	6.000
240.000	5.000
241.000	2.000
242.000	7.000
243.000	9.000
244.000	6.000
245.000	1.000
246.000	7.000
247.000	8.000
248.000	6.000
249.000	9.000
250.000	7.000
251.000	7.000
252.000	5.000
253.000	4.000
254.000	2.000
255.000	7.000
256.000	6.000
257.000	5.000
258.000	4.000
259.000	6.000
260.000	6.000
261.000	2.000
262.000	0.000
263.000	4.000
264.000	4.000
265.000	5.000
266.000	5.000
267.000	4.000
268.000	6.000
269.000	5.000
270.000	5.000
271.000	6.000
272.000	6.000
273.000	4.000
274.000	6.000
275.000	2.000
276.000	3.000
277.000	5.000
278.000	1.000
279.000	3.000
280.000	2.000
281.000	5.000
282.000	6.000
283.000	3.000
284.000	3.000
285.000	3.000
286.000	5.000
287.000	5.000
288.000	6.000
289.000	8.000
290.000	4.000
291.000	4.000
292.000	6.000
293.000	5.000
294.000	8.000
295.000	4.000
296.000	6.000
297.000	5.000
298.000	5.000
299.000	7.000
300.000	6.000
301.000	7.000
302.000	3.000
303.000	3.000
304.000	1.000
305.000	1.000
306.000	6.000
307.000	3.000
308.000	5.000
309.000	7.000
310.000	2.000
311.000	9.000
312.000	7.000
313.000	5.000
314.000	4.000
315.000	8.000
316.000	13.000
317.000	10.000
318.000	19.000
319.000	26.000
320.000	21.000
321.000	28.000
322.000	39.000
323.000	41.000
324.000	31.000
325.000	40.000
326.000	31.000
327.000	24.000
328.000	18.000
329.000	7.000
330.000	10.000
331.000	10.000
332.000	9.000
333.000	9.000
334.000	11.000
335.000	6.000
336.000	10.000
337.000	13.000
338.000	14.000
339.000	10.000
340.000	9.000
341.000	24.000
342.000	35.000
343.000	38.000
344.000	61.000
345.000	113.000
346.000	165.000
347.000	226.000
348.000	278.000
349.000	325.000
350.000	356.000
351.000	372.000
352.000	360.000
353.000	317.000
354.000	242.000
355.000	164.000
356.000	109.000
357.000	95.000
358.000	57.000
359.000	36.000
360.000	20.000
361.000	4.000
362.000	8.000
363.000	10.000
364.000	12.000
365.000	7.000
366.000	9.000
367.000	6.000
368.000	7.000
369.000	13.000
370.000	8.000
371.000	6.000
372.000	9.000
373.000	15.000
374.000	12.000
375.000	15.000
376.000	18.000
377.000	12.000
378.000	19.000
379.000	15.000
380.000	23.000
381.000	31.000
382.000	34.000
383.000	55.000
384.000	57.000
385.000	91.000
386.000	74.000
387.000	72.000
388.000	65.000
389.000	50.000
390.000	61.000
391.000	40.000
392.000	30.000
393.000	17.000
394.000	23.000
395.000	13.000
396.000	15.000
397.000	16.000
398.000	11.000
399.000	13.000
400.000	16.000
401.000	19.000
402.000	13.000
403.000	16.000
404.000	19.000
405.000	14.000
406.000	12.000
407.000	16.000
408.000	15.000
409.000	16.000
410.000	7.000
411.000	13.000
412.000	18.000
413.000	11.000
414.000	15.000
415.000	20.000
416.000	8.000
417.000	12.000
418.000	22.000
419.000	15.000
420.000	12.000
421.000	12.000
422.000	17.000
423.000	16.000
424.000	15.000
425.000	17.000
426.000	15.000
427.000	15.000
428.000	21.000
429.000	12.000
430.000	17.000
431.000	16.000
432.000	16.000
433.000	21.000
434.000	21.000
435.000	24.000
436.000	21.000
437.000	20.000
438.000	25.000
439.000	30.000
440.000	20.000
441.000	25.000
442.000	33.000
443.000	18.000
444.000	32.000
445.000	22.000
446.000	22.000
447.000	19.000
448.000	26.000
449.000	37.000
450.000	24.000
451.000	20.000
452.000	26.000
453.000	25.000
454.000	26.000
455.000	31.000
456.000	26.000
457.000	32.000
458.000	20.000
459.000	33.000
460.000	22.000
461.000	21.000
462.000	30.000
463.000	27.000
464.000	41.000
465.000	28.000
466.000	27.000
467.000	41.000
468.000	21.000
469.000	41.000
470.000	24.000
471.000	37.000
472.000	35.000
473.000	23.000
474.000	27.000
475.000	26.000
476.000	37.000
477.000	40.000
478.000	43.000
479.000	36.000
480.000	31.000
481.000	34.000
482.000	33.000
483.000	36.000
484.000	38.000
485.000	25.000
486.000	24.000
487.000	38.000
488.000	34.000
489.000	31.000
490.000	38.000
491.000	38.000
492.000	38.000
493.000	40.000
494.000	32.000
495.000	44.000
496.000	28.000
497.000	50.000
498.000	39.000
499.000	41.000
500.000	43.000
501.000	43.000
502.000	43.000
503.000	41.000
504.000	31.000
505.000	54.000
506.000	36.000
507.000	47.000
508.000	46.000
509.000	45.000
510.000	53.000
511.000	38.000
512.000	50.000
513.000	48.000
514.000	53.000
515.000	52.000
516.000	49.000
517.000	55.000
518.000	48.000
519.000	51.000
520.000	56.000
521.000	53.000
522.000	55.000
523.000	55.000
524.000	66.000
525.000	52.000
526.000	57.000
527.000	60.000
528.000	65.000
529.000	74.000
530.000	63.000
531.000	67.000
532.000	64.000
533.000	77.000
534.000	78.000
535.000	59.000
536.000	59.000
537.000	64.000
538.000	69.000
539.000	66.000
540.000	71.000
541.000	68.000
542.000	64.000
543.000	61.000
544.000	70.000
545.000	67.000
546.000	78.000
547.000	61.000
548.000	71.000
549.000	61.000
550.000	67.000
551.000	79.000
552.000	62.000
553.000	76.000
554.000	63.000
555.000	78.000
556.000	70.000
557.000	78.000
558.000	88.000
559.000	70.000
560.000	85.000
561.000	82.000
562.000	64.000
563.000	75.000
564.000	72.000
565.000	83.000
566.000	78.000
567.000	84.000
568.000	71.000
569.000	97.000
570.000	71.000
571.000	87.000
572.000	88.000
573.000	82.000
574.000	82.000
575.000	94.000
576.000	87.000
577.000	81.000
578.000	77.000
579.000	83.000
580.000	91.000
581.000	96.000
582.000	92.000
583.000	99.000
584.000	87.000
585.000	84.000
586.000	98.000
587.000	81.000
588.000	91.000
589.000	78.000
590.000	100.000
591.000	102.000
592.000	98.000
593.000	98.000
594.000	95.000
595.000	82.000
596.000	105.000
597.000	114.000
598.000	101.000
599.000	114.000
600.000	122.000
601.000	100.000
602.000	120.000
603.000	105.000
604.000	111.000
605.000	104.000
606.000	105.000
607.000	102.000
608.000	112.000
609.000	118.000
610.000	113.000
611.000	123.000
612.000	117.000
613.000	92.000
614.000	97.000
615.000	141.000
616.000	124.000
617.000	132.000
618.000	106.000
619.000	117.000
620.000	116.000
621.000	141.000
622.000	125.000
623.000	134.000
624.000	116.000
625.000	104.000
626.000	111.000
627.000	132.000
628.000	110.000
629.000	124.000
630.000	133.000
631.000	109.000
632.000	126.000
633.000	157.000
634.000	146.000
635.000	157.000
636.000	140.000
637.000	113.000
638.000	149.000
639.000	121.000
640.000	132.000
641.000	123.000
642.000	142.000
643.000	170.000
644.000	145.000
645.000	155.000
646.000	133.000
647.000	159.000
648.000	149.000
649.000	140.000
650.000	164.000
651.000	141.000
652.000	148.000
653.000	167.000
654.000	152.000
655.000	154.000
656.000	163.000
657.000	139.000
658.000	156.000
659.000	151.000
660.000	151.000
661.000	140.000
662.000	157.000
663.000	150.000
664.000	160.000
665.000	160.000
666.000	153.000
667.000	179.000
668.000	146.000
669.000	141.000
670.000	154.000
671.000	154.000
672.000	167.000
673.000	160.000
674.000	188.000
675.000	144.000
676.000	180.000
677.000	164.000
678.000	166.000
679.000	157.000
680.000	181.000
681.000	164.000
682.000	182.000
683.000	164.000
684.000	176.000
685.000	189.000
686.000	172.000
687.000	162.000
688.000	179.000
689.000	171.000
690.000	181.000
691.000	177.000
692.000	195.000
693.000	200.000
694.000	198.000
695.000	188.000
696.000	183.000
697.000	181.000
698.000	191.000
699.000	173.000
700.000	193.000
701.000	167.000
702.000	202.000
703.000	170.000
704.000	188.000
705.000	190.000
706.000	182.000
707.000	227.000
708.000	209.000
709.000	183.000
710.000	215.000
711.000	167.000
712.000	196.000
713.000	226.000
714.000	196.000
715.000	177.000
716.000	211.000
717.000	197.000
718.000	215.000
719.000	208.000
720.000	213.000
721.000	208.000
722.000	196.000
723.000	217.000
724.000	210.000
725.000	202.000
726.000	245.000
727.000	211.000
728.000	212.000
729.000	200.000
730.000	246.000
731.000	239.000
732.000	232.000
733.000	206.000
734.000	190.000
735.000	219.000
736.000	221.000
737.000	205.000
738.000	222.000
739.000	210.000
740.000	227.000
741.000	212.000
742.000	258.000
743.000	210.000
744.000	232.000
745.000	238.000
746.000	211.000
747.000	217.000
748.000	226.000
749.000	209.000
750.000	224.000
751.000	229.000
752.000	207.000
753.000	218.000
754.000	230.000
755.000	242.000
756.000	237.000
757.000	222.000
758.000	261.000
759.000	226.000
760.000	220.000
761.000	235.000
762.000	224.000
763.000	234.000
764.000	247.000
765.000	268.000
766.000	239.000
767.000	258.000
768.000	224.000
769.000	290.000
770.000	269.000
771.000	266.000
772.000	272.000
773.000	306.000
774.000	250.000
775.000	271.000
776.000	276.000
777.000	248.000
778.000	260.000
779.000	291.000
780.000	275.000
781.000	260.000
782.000	259.000
783.000	248.000
784.000	250.000
785.000	280.000
786.000	226.000
787.000	214.000
788.000	245.000
789.000	228.000
790.000	232.000
791.000	253.000
792.000	261.000
793.000	256.000
794.000	273.000
795.000	281.000
796.000	226.000
797.000	263.000
798.000	258.000
799.000	248.000
800.000	239.000
801.000	244.000
802.000	294.000
803.000	237.000
804.000	247.000
805.000	256.000
806.000	263.000
807.000	260.000
808.000	265.000
809.000	281.000
810.000	244.000
811.000	255.000
812.000	284.000
813.000	265.000
814.000	281.000
815.000	281.000
816.000	286.000
817.000	252.000
818.000	291.000
819.000	258.000
820.000	281.000
821.000	273.000
822.000	291.000
823.000	265.000
824.000	265.000
825.000	283.000
826.000	282.000
827.000	280.000
828.000	276.000
829.000	243.000
830.000	249.000
831.000	297.000
832.000	296.000
833.000	255.000
834.000	273.000
835.000	297.000
836.000	297.000
837.000	286.000
838.000	309.000
839.000	312.000
840.000	269.000
841.000	284.000
842.000	303.000
843.000	296.000
844.000	298.000
845.000	280.000
846.000	295.000
847.000	306.000
848.000	302.000
849.000	346.000
850.000	312.000
851.000	310.000
852.000	323.000
853.000	336.000
854.000	312.000
855.000	344.000
856.000	353.000
857.000	367.000
858.000	342.000
859.000	333.000
860.000	335.000
861.000	354.000
862.000	371.000
863.000	400.000
864.000	423.000
865.000	362.000
866.000	390.000
867.000	438.000
868.000	377.000
869.000	414.000
870.000	465.000
871.000	424.000
872.000	471.000
873.000	441.000
874.000	508.000
875.000	476.000
876.000	494.000
877.000	479.000
878.000	581.000
879.000	581.000
880.000	629.000
881.000	681.000
882.000	691.000
883.000	740.000
884.000	769.000
885.000	799.000
886.000	872.000
887.000	945.000
888.000	959.000
889.000	1002.000
890.000	1047.000
891.000	1158.000
892.000	1160.000
893.000	1266.000
894.000	1284.000
895.000	1294.000
896.000	1386.000
897.000	1410.000
898.000	1374.000
899.000	1405.000
900.000	1353.000
901.000	1393.000
902.000	1501.000
903.000	1348.000
904.000	1382.000
905.000	1318.000
906.000	1379.000
907.000	1260.000
908.000	1177.000
909.000	1197.000
910.000	1066.000
911.000	1044.000
912.000	990.000
913.000	996.000
914.000	880.000
915.000	851.000
916.000	773.000
917.000	760.000
918.000	728.000
919.000	652.000
920.000	606.000
921.000	591.000
922.000	578.000
923.000	543.000
924.000	503.000
925.000	496.000
926.000	465.000
927.000	449.000
928.000	440.000
929.000	430.000
930.000	424.000
931.000	383.000
932.000	361.000
933.000	403.000
934.000	357.000
935.000	360.000
936.000	338.000
937.000	346.000
938.000	367.000
939.000	374.000
940.000	361.000
941.000	359.000
942.000	402.000
943.000	455.000
944.000	429.000
945.000	526.000
946.000	559.000
947.000	615.000
948.000	628.000
949.000	662.000
950.000	753.000
951.000	691.000
952.000	804.000
953.000	778.000
954.000	799.000
955.000	741.000
956.000	735.000
957.000	714.000
958.000	605.000
959.000	553.000
960.000	586.000
961.000	478.000
962.000	438.000
963.000	406.000
964.000	366.000
965.000	327.000
966.000	293.000
967.000	302.000
968.000	266.000
969.000	269.000
970.000	297.000
971.000	329.000
972.000	288.000
973.000	275.000
974.000	289.000
975.000	310.000
976.000	273.000
977.000	307.000
978.000	330.000
979.000	281.000
980.000	283.000
981.000	329.000
982.000	271.000
983.000	335.000
984.000	300.000
985.000	294.000
986.000	317.000
987.000	348.000
988.000	317.000
989.000	361.000
990.000	333.000
991.000	378.000
992.000	364.000
993.000	339.000
994.000	394.000
995.000	402.000
996.000	423.000
997.000	411.000
998.000	419.000
999.000	397.000
1000.000	408.000
1001.000	388.000
1002.000	414.000
1003.000	447.000
1004.000	442.000
1005.000	424.000
1006.000	443.000
1007.000	412.000
1008.000	427.000
1009.000	415.000
1010.000	410.000
1011.000	439.000
1012.000	348.000
1013.000	379.000
1014.000	384.000
1015.000	364.000
1016.000	373.000
1017.000	332.000
1018.000	326.000
1019.000	341.000
1020.000	288.000
1021.000	278.000
1022.000	301.000
1023.000	304.000
1024.000	281.000
