Date:	8/19/2008		Time:	8:43 AM		Version no:	0.00		Project name:	55		Sample name:	222		Section name:	section		Position	88.039995	mm	E0	0.000000	keV	E1	1.000000	keV/channel	sample surface	7.585252	cm	Tube anode:	Mo		Tube voltage:	30	kV	Tube current:	50	mA	gain	20		std. database			resultfile	result		matrix element	11		sample thickness	1.000000		air passage	0.560000	cm	comments	not in position		peaking_time	3.000000	m-sec	trigger_threshold	1229.166667	V	mca_bin_width	22.090000	no:	number_mca_channels	1024.000000	no:	gap_time	0.400000	m-sec	trigger_peaking_time	0.150000	m-sec	GAINDAC	9455		HIGHGAIN	1		TAURC	0		RCTAU	53		RCTAUFRAC	32768		livetime	9.682007	seconds	runtime	10.000502	seconds	input_count_rate	29.993471	cps	output_count_rate	22.511971	cps	triggers	290397	seconds	events_in_run	225131	seconds	channel	content		1.000	0.000
2.000	0.000
3.000	0.000
4.000	0.000
5.000	0.000
6.000	0.000
7.000	0.000
8.000	0.000
9.000	0.000
10.000	0.000
11.000	0.000
12.000	0.000
13.000	0.000
14.000	0.000
15.000	0.000
16.000	0.000
17.000	0.000
18.000	0.000
19.000	0.000
20.000	0.000
21.000	0.000
22.000	0.000
23.000	0.000
24.000	0.000
25.000	0.000
26.000	0.000
27.000	0.000
28.000	0.000
29.000	0.000
30.000	0.000
31.000	1.000
32.000	0.000
33.000	2.000
34.000	1.000
35.000	1.000
36.000	1.000
37.000	1.000
38.000	2.000
39.000	4.000
40.000	7.000
41.000	5.000
42.000	3.000
43.000	2.000
44.000	3.000
45.000	5.000
46.000	4.000
47.000	2.000
48.000	13.000
49.000	4.000
50.000	8.000
51.000	11.000
52.000	7.000
53.000	6.000
54.000	8.000
55.000	12.000
56.000	16.000
57.000	10.000
58.000	6.000
59.000	8.000
60.000	13.000
61.000	10.000
62.000	10.000
63.000	13.000
64.000	15.000
65.000	10.000
66.000	8.000
67.000	8.000
68.000	14.000
69.000	9.000
70.000	9.000
71.000	9.000
72.000	2.000
73.000	9.000
74.000	14.000
75.000	8.000
76.000	18.000
77.000	13.000
78.000	11.000
79.000	10.000
80.000	9.000
81.000	11.000
82.000	8.000
83.000	8.000
84.000	6.000
85.000	11.000
86.000	10.000
87.000	8.000
88.000	5.000
89.000	8.000
90.000	9.000
91.000	6.000
92.000	7.000
93.000	9.000
94.000	10.000
95.000	6.000
96.000	3.000
97.000	8.000
98.000	9.000
99.000	11.000
100.000	2.000
101.000	13.000
102.000	8.000
103.000	9.000
104.000	4.000
105.000	10.000
106.000	6.000
107.000	8.000
108.000	5.000
109.000	15.000
110.000	8.000
111.000	6.000
112.000	6.000
113.000	6.000
114.000	8.000
115.000	3.000
116.000	10.000
117.000	3.000
118.000	14.000
119.000	6.000
120.000	3.000
121.000	8.000
122.000	11.000
123.000	8.000
124.000	9.000
125.000	9.000
126.000	4.000
127.000	19.000
128.000	11.000
129.000	9.000
130.000	7.000
131.000	8.000
132.000	7.000
133.000	10.000
134.000	4.000
135.000	7.000
136.000	4.000
137.000	7.000
138.000	8.000
139.000	7.000
140.000	9.000
141.000	5.000
142.000	3.000
143.000	5.000
144.000	4.000
145.000	4.000
146.000	9.000
147.000	1.000
148.000	5.000
149.000	3.000
150.000	6.000
151.000	9.000
152.000	6.000
153.000	7.000
154.000	6.000
155.000	5.000
156.000	7.000
157.000	3.000
158.000	3.000
159.000	6.000
160.000	2.000
161.000	10.000
162.000	7.000
163.000	11.000
164.000	9.000
165.000	7.000
166.000	6.000
167.000	13.000
168.000	2.000
169.000	5.000
170.000	4.000
171.000	2.000
172.000	4.000
173.000	3.000
174.000	6.000
175.000	2.000
176.000	3.000
177.000	4.000
178.000	6.000
179.000	9.000
180.000	17.000
181.000	12.000
182.000	14.000
183.000	4.000
184.000	8.000
185.000	7.000
186.000	6.000
187.000	4.000
188.000	3.000
189.000	1.000
190.000	6.000
191.000	2.000
192.000	6.000
193.000	1.000
194.000	3.000
195.000	8.000
196.000	11.000
197.000	14.000
198.000	14.000
199.000	13.000
200.000	17.000
201.000	27.000
202.000	28.000
203.000	30.000
204.000	27.000
205.000	16.000
206.000	12.000
207.000	18.000
208.000	9.000
209.000	5.000
210.000	3.000
211.000	5.000
212.000	3.000
213.000	8.000
214.000	5.000
215.000	4.000
216.000	3.000
217.000	4.000
218.000	8.000
219.000	5.000
220.000	7.000
221.000	6.000
222.000	6.000
223.000	6.000
224.000	1.000
225.000	10.000
226.000	2.000
227.000	2.000
228.000	5.000
229.000	2.000
230.000	1.000
231.000	5.000
232.000	3.000
233.000	3.000
234.000	2.000
235.000	3.000
236.000	4.000
237.000	3.000
238.000	7.000
239.000	3.000
240.000	3.000
241.000	9.000
242.000	6.000
243.000	14.000
244.000	9.000
245.000	14.000
246.000	12.000
247.000	8.000
248.000	14.000
249.000	14.000
250.000	13.000
251.000	9.000
252.000	11.000
253.000	9.000
254.000	8.000
255.000	9.000
256.000	8.000
257.000	5.000
258.000	7.000
259.000	5.000
260.000	9.000
261.000	3.000
262.000	3.000
263.000	3.000
264.000	13.000
265.000	8.000
266.000	6.000
267.000	5.000
268.000	6.000
269.000	3.000
270.000	11.000
271.000	8.000
272.000	9.000
273.000	8.000
274.000	8.000
275.000	5.000
276.000	5.000
277.000	8.000
278.000	7.000
279.000	9.000
280.000	4.000
281.000	8.000
282.000	8.000
283.000	2.000
284.000	10.000
285.000	6.000
286.000	6.000
287.000	8.000
288.000	5.000
289.000	5.000
290.000	9.000
291.000	12.000
292.000	4.000
293.000	8.000
294.000	7.000
295.000	10.000
296.000	7.000
297.000	9.000
298.000	8.000
299.000	9.000
300.000	9.000
301.000	9.000
302.000	19.000
303.000	8.000
304.000	4.000
305.000	3.000
306.000	12.000
307.000	5.000
308.000	7.000
309.000	13.000
310.000	8.000
311.000	8.000
312.000	11.000
313.000	10.000
314.000	15.000
315.000	12.000
316.000	20.000
317.000	24.000
318.000	28.000
319.000	26.000
320.000	50.000
321.000	48.000
322.000	50.000
323.000	51.000
324.000	60.000
325.000	56.000
326.000	46.000
327.000	40.000
328.000	20.000
329.000	17.000
330.000	14.000
331.000	15.000
332.000	18.000
333.000	11.000
334.000	14.000
335.000	14.000
336.000	11.000
337.000	12.000
338.000	21.000
339.000	21.000
340.000	25.000
341.000	39.000
342.000	55.000
343.000	76.000
344.000	153.000
345.000	214.000
346.000	328.000
347.000	492.000
348.000	596.000
349.000	729.000
350.000	794.000
351.000	767.000
352.000	743.000
353.000	624.000
354.000	500.000
355.000	397.000
356.000	234.000
357.000	180.000
358.000	111.000
359.000	64.000
360.000	46.000
361.000	31.000
362.000	19.000
363.000	24.000
364.000	12.000
365.000	19.000
366.000	20.000
367.000	20.000
368.000	25.000
369.000	20.000
370.000	19.000
371.000	19.000
372.000	18.000
373.000	27.000
374.000	27.000
375.000	18.000
376.000	14.000
377.000	22.000
378.000	35.000
379.000	37.000
380.000	50.000
381.000	76.000
382.000	72.000
383.000	120.000
384.000	126.000
385.000	170.000
386.000	142.000
387.000	141.000
388.000	150.000
389.000	110.000
390.000	111.000
391.000	82.000
392.000	54.000
393.000	56.000
394.000	44.000
395.000	33.000
396.000	24.000
397.000	14.000
398.000	27.000
399.000	19.000
400.000	20.000
401.000	31.000
402.000	23.000
403.000	32.000
404.000	28.000
405.000	31.000
406.000	30.000
407.000	25.000
408.000	27.000
409.000	22.000
410.000	25.000
411.000	22.000
412.000	32.000
413.000	24.000
414.000	21.000
415.000	32.000
416.000	29.000
417.000	30.000
418.000	38.000
419.000	22.000
420.000	26.000
421.000	30.000
422.000	33.000
423.000	33.000
424.000	25.000
425.000	41.000
426.000	27.000
427.000	23.000
428.000	32.000
429.000	29.000
430.000	32.000
431.000	39.000
432.000	25.000
433.000	34.000
434.000	33.000
435.000	38.000
436.000	36.000
437.000	44.000
438.000	57.000
439.000	50.000
440.000	44.000
441.000	42.000
442.000	29.000
443.000	32.000
444.000	45.000
445.000	36.000
446.000	43.000
447.000	37.000
448.000	56.000
449.000	47.000
450.000	49.000
451.000	54.000
452.000	51.000
453.000	46.000
454.000	47.000
455.000	40.000
456.000	52.000
457.000	57.000
458.000	62.000
459.000	52.000
460.000	47.000
461.000	46.000
462.000	48.000
463.000	47.000
464.000	55.000
465.000	59.000
466.000	53.000
467.000	54.000
468.000	48.000
469.000	61.000
470.000	49.000
471.000	59.000
472.000	62.000
473.000	46.000
474.000	63.000
475.000	58.000
476.000	53.000
477.000	62.000
478.000	49.000
479.000	59.000
480.000	63.000
481.000	47.000
482.000	37.000
483.000	65.000
484.000	50.000
485.000	53.000
486.000	67.000
487.000	65.000
488.000	64.000
489.000	61.000
490.000	55.000
491.000	56.000
492.000	63.000
493.000	70.000
494.000	55.000
495.000	63.000
496.000	72.000
497.000	72.000
498.000	65.000
499.000	60.000
500.000	85.000
501.000	86.000
502.000	58.000
503.000	60.000
504.000	77.000
505.000	66.000
506.000	86.000
507.000	64.000
508.000	61.000
509.000	59.000
510.000	76.000
511.000	83.000
512.000	106.000
513.000	85.000
514.000	80.000
515.000	78.000
516.000	84.000
517.000	79.000
518.000	88.000
519.000	74.000
520.000	88.000
521.000	89.000
522.000	71.000
523.000	79.000
524.000	94.000
525.000	92.000
526.000	93.000
527.000	92.000
528.000	88.000
529.000	80.000
530.000	87.000
531.000	110.000
532.000	99.000
533.000	90.000
534.000	72.000
535.000	88.000
536.000	108.000
537.000	90.000
538.000	106.000
539.000	93.000
540.000	99.000
541.000	116.000
542.000	95.000
543.000	104.000
544.000	104.000
545.000	87.000
546.000	108.000
547.000	104.000
548.000	100.000
549.000	105.000
550.000	101.000
551.000	83.000
552.000	98.000
553.000	110.000
554.000	89.000
555.000	97.000
556.000	100.000
557.000	122.000
558.000	94.000
559.000	100.000
560.000	106.000
561.000	112.000
562.000	86.000
563.000	126.000
564.000	111.000
565.000	118.000
566.000	120.000
567.000	119.000
568.000	130.000
569.000	122.000
570.000	103.000
571.000	136.000
572.000	113.000
573.000	134.000
574.000	103.000
575.000	130.000
576.000	115.000
577.000	129.000
578.000	143.000
579.000	117.000
580.000	137.000
581.000	176.000
582.000	115.000
583.000	118.000
584.000	124.000
585.000	134.000
586.000	123.000
587.000	130.000
588.000	129.000
589.000	129.000
590.000	133.000
591.000	128.000
592.000	122.000
593.000	151.000
594.000	126.000
595.000	147.000
596.000	121.000
597.000	136.000
598.000	134.000
599.000	137.000
600.000	144.000
601.000	159.000
602.000	138.000
603.000	151.000
604.000	133.000
605.000	159.000
606.000	165.000
607.000	133.000
608.000	178.000
609.000	181.000
610.000	143.000
611.000	134.000
612.000	164.000
613.000	145.000
614.000	158.000
615.000	167.000
616.000	146.000
617.000	157.000
618.000	185.000
619.000	173.000
620.000	149.000
621.000	170.000
622.000	154.000
623.000	143.000
624.000	153.000
625.000	170.000
626.000	141.000
627.000	157.000
628.000	144.000
629.000	171.000
630.000	185.000
631.000	147.000
632.000	171.000
633.000	184.000
634.000	175.000
635.000	183.000
636.000	144.000
637.000	175.000
638.000	183.000
639.000	212.000
640.000	168.000
641.000	168.000
642.000	176.000
643.000	180.000
644.000	175.000
645.000	175.000
646.000	194.000
647.000	212.000
648.000	202.000
649.000	183.000
650.000	206.000
651.000	179.000
652.000	206.000
653.000	204.000
654.000	192.000
655.000	187.000
656.000	203.000
657.000	208.000
658.000	221.000
659.000	200.000
660.000	191.000
661.000	179.000
662.000	227.000
663.000	215.000
664.000	179.000
665.000	180.000
666.000	182.000
667.000	198.000
668.000	211.000
669.000	242.000
670.000	180.000
671.000	189.000
672.000	208.000
673.000	224.000
674.000	204.000
675.000	226.000
676.000	197.000
677.000	232.000
678.000	194.000
679.000	239.000
680.000	210.000
681.000	213.000
682.000	211.000
683.000	176.000
684.000	191.000
685.000	214.000
686.000	222.000
687.000	219.000
688.000	204.000
689.000	226.000
690.000	219.000
691.000	248.000
692.000	184.000
693.000	233.000
694.000	241.000
695.000	230.000
696.000	215.000
697.000	241.000
698.000	228.000
699.000	225.000
700.000	202.000
701.000	229.000
702.000	227.000
703.000	234.000
704.000	220.000
705.000	252.000
706.000	248.000
707.000	225.000
708.000	219.000
709.000	236.000
710.000	234.000
711.000	206.000
712.000	217.000
713.000	226.000
714.000	275.000
715.000	214.000
716.000	233.000
717.000	263.000
718.000	234.000
719.000	262.000
720.000	245.000
721.000	254.000
722.000	244.000
723.000	250.000
724.000	245.000
725.000	264.000
726.000	256.000
727.000	245.000
728.000	278.000
729.000	236.000
730.000	297.000
731.000	267.000
732.000	249.000
733.000	277.000
734.000	234.000
735.000	249.000
736.000	268.000
737.000	246.000
738.000	276.000
739.000	238.000
740.000	294.000
741.000	257.000
742.000	254.000
743.000	271.000
744.000	232.000
745.000	227.000
746.000	260.000
747.000	258.000
748.000	259.000
749.000	254.000
750.000	307.000
751.000	248.000
752.000	271.000
753.000	268.000
754.000	254.000
755.000	247.000
756.000	265.000
757.000	244.000
758.000	260.000
759.000	261.000
760.000	271.000
761.000	283.000
762.000	269.000
763.000	259.000
764.000	297.000
765.000	280.000
766.000	314.000
767.000	299.000
768.000	273.000
769.000	301.000
770.000	288.000
771.000	312.000
772.000	292.000
773.000	323.000
774.000	284.000
775.000	324.000
776.000	269.000
777.000	301.000
778.000	268.000
779.000	277.000
780.000	314.000
781.000	277.000
782.000	260.000
783.000	251.000
784.000	274.000
785.000	268.000
786.000	251.000
787.000	285.000
788.000	291.000
789.000	289.000
790.000	276.000
791.000	265.000
792.000	268.000
793.000	286.000
794.000	294.000
795.000	289.000
796.000	260.000
797.000	276.000
798.000	282.000
799.000	270.000
800.000	245.000
801.000	310.000
802.000	269.000
803.000	291.000
804.000	294.000
805.000	266.000
806.000	322.000
807.000	278.000
808.000	296.000
809.000	294.000
810.000	319.000
811.000	290.000
812.000	290.000
813.000	301.000
814.000	298.000
815.000	292.000
816.000	278.000
817.000	326.000
818.000	329.000
819.000	280.000
820.000	305.000
821.000	308.000
822.000	340.000
823.000	261.000
824.000	290.000
825.000	312.000
826.000	293.000
827.000	291.000
828.000	337.000
829.000	299.000
830.000	310.000
831.000	317.000
832.000	309.000
833.000	308.000
834.000	308.000
835.000	329.000
836.000	310.000
837.000	312.000
838.000	314.000
839.000	325.000
840.000	332.000
841.000	304.000
842.000	322.000
843.000	314.000
844.000	329.000
845.000	331.000
846.000	303.000
847.000	354.000
848.000	299.000
849.000	326.000
850.000	314.000
851.000	342.000
852.000	336.000
853.000	344.000
854.000	324.000
855.000	352.000
856.000	355.000
857.000	344.000
858.000	391.000
859.000	375.000
860.000	398.000
861.000	428.000
862.000	419.000
863.000	356.000
864.000	406.000
865.000	421.000
866.000	387.000
867.000	445.000
868.000	386.000
869.000	457.000
870.000	446.000
871.000	465.000
872.000	487.000
873.000	466.000
874.000	519.000
875.000	593.000
876.000	578.000
877.000	560.000
878.000	565.000
879.000	619.000
880.000	637.000
881.000	692.000
882.000	728.000
883.000	768.000
884.000	847.000
885.000	889.000
886.000	906.000
887.000	1035.000
888.000	987.000
889.000	1080.000
890.000	1137.000
891.000	1228.000
892.000	1273.000
893.000	1340.000
894.000	1479.000
895.000	1437.000
896.000	1495.000
897.000	1481.000
898.000	1573.000
899.000	1526.000
900.000	1526.000
901.000	1515.000
902.000	1463.000
903.000	1476.000
904.000	1439.000
905.000	1418.000
906.000	1381.000
907.000	1367.000
908.000	1268.000
909.000	1233.000
910.000	1160.000
911.000	1138.000
912.000	1121.000
913.000	992.000
914.000	935.000
915.000	930.000
916.000	857.000
917.000	793.000
918.000	757.000
919.000	692.000
920.000	654.000
921.000	600.000
922.000	566.000
923.000	544.000
924.000	505.000
925.000	495.000
926.000	508.000
927.000	438.000
928.000	447.000
929.000	448.000
930.000	404.000
931.000	413.000
932.000	406.000
933.000	402.000
934.000	357.000
935.000	367.000
936.000	343.000
937.000	343.000
938.000	371.000
939.000	336.000
940.000	390.000
941.000	401.000
942.000	439.000
943.000	454.000
944.000	501.000
945.000	506.000
946.000	544.000
947.000	598.000
948.000	632.000
949.000	694.000
950.000	714.000
951.000	836.000
952.000	774.000
953.000	800.000
954.000	761.000
955.000	745.000
956.000	782.000
957.000	714.000
958.000	694.000
959.000	617.000
960.000	562.000
961.000	486.000
962.000	484.000
963.000	404.000
964.000	348.000
965.000	316.000
966.000	344.000
967.000	282.000
968.000	337.000
969.000	294.000
970.000	271.000
971.000	318.000
972.000	282.000
973.000	304.000
974.000	289.000
975.000	277.000
976.000	323.000
977.000	284.000
978.000	279.000
979.000	331.000
980.000	304.000
981.000	302.000
982.000	345.000
983.000	314.000
984.000	308.000
985.000	310.000
986.000	333.000
987.000	325.000
988.000	337.000
989.000	368.000
990.000	327.000
991.000	369.000
992.000	408.000
993.000	393.000
994.000	375.000
995.000	430.000
996.000	421.000
997.000	413.000
998.000	415.000
999.000	440.000
1000.000	456.000
1001.000	434.000
1002.000	416.000
1003.000	430.000
1004.000	471.000
1005.000	417.000
1006.000	453.000
1007.000	461.000
1008.000	467.000
1009.000	391.000
1010.000	444.000
1011.000	398.000
1012.000	389.000
1013.000	428.000
1014.000	393.000
1015.000	369.000
1016.000	332.000
1017.000	360.000
1018.000	340.000
1019.000	349.000
1020.000	329.000
1021.000	323.000
1022.000	290.000
1023.000	303.000
1024.000	291.000
