Date:	8/19/2008		Time:	8:47 AM		Version no:	0.00		Project name:	55		Sample name:	222		Section name:	section		Position	132.039995	mm	E0	0.000000	keV	E1	1.000000	keV/channel	sample surface	7.602580	cm	Tube anode:	Mo		Tube voltage:	30	kV	Tube current:	50	mA	gain	20		std. database			resultfile	result		matrix element	11		sample thickness	1.000000		air passage	0.560000	cm	comments	not in position		peaking_time	3.000000	m-sec	trigger_threshold	1229.166667	V	mca_bin_width	22.090000	no:	number_mca_channels	1024.000000	no:	gap_time	0.400000	m-sec	trigger_peaking_time	0.150000	m-sec	GAINDAC	9455		HIGHGAIN	1		TAURC	0		RCTAU	53		RCTAUFRAC	32768		livetime	9.687663	seconds	runtime	10.000503	seconds	input_count_rate	29.902774	cps	output_count_rate	22.537366	cps	triggers	289688	seconds	events_in_run	225385	seconds	channel	content		1.000	0.000
2.000	0.000
3.000	0.000
4.000	0.000
5.000	0.000
6.000	0.000
7.000	0.000
8.000	0.000
9.000	0.000
10.000	0.000
11.000	0.000
12.000	0.000
13.000	0.000
14.000	0.000
15.000	0.000
16.000	0.000
17.000	0.000
18.000	0.000
19.000	0.000
20.000	0.000
21.000	0.000
22.000	0.000
23.000	0.000
24.000	0.000
25.000	0.000
26.000	0.000
27.000	0.000
28.000	0.000
29.000	0.000
30.000	0.000
31.000	0.000
32.000	0.000
33.000	0.000
34.000	2.000
35.000	0.000
36.000	1.000
37.000	2.000
38.000	1.000
39.000	0.000
40.000	1.000
41.000	3.000
42.000	7.000
43.000	3.000
44.000	1.000
45.000	1.000
46.000	5.000
47.000	6.000
48.000	3.000
49.000	9.000
50.000	10.000
51.000	5.000
52.000	7.000
53.000	10.000
54.000	9.000
55.000	11.000
56.000	4.000
57.000	12.000
58.000	7.000
59.000	11.000
60.000	10.000
61.000	9.000
62.000	8.000
63.000	6.000
64.000	12.000
65.000	8.000
66.000	10.000
67.000	7.000
68.000	5.000
69.000	13.000
70.000	4.000
71.000	9.000
72.000	13.000
73.000	10.000
74.000	9.000
75.000	8.000
76.000	12.000
77.000	6.000
78.000	5.000
79.000	11.000
80.000	9.000
81.000	3.000
82.000	8.000
83.000	13.000
84.000	7.000
85.000	9.000
86.000	3.000
87.000	10.000
88.000	12.000
89.000	6.000
90.000	7.000
91.000	5.000
92.000	7.000
93.000	6.000
94.000	7.000
95.000	4.000
96.000	8.000
97.000	9.000
98.000	11.000
99.000	14.000
100.000	5.000
101.000	9.000
102.000	6.000
103.000	5.000
104.000	5.000
105.000	6.000
106.000	7.000
107.000	7.000
108.000	11.000
109.000	8.000
110.000	8.000
111.000	8.000
112.000	7.000
113.000	8.000
114.000	6.000
115.000	5.000
116.000	6.000
117.000	3.000
118.000	4.000
119.000	7.000
120.000	10.000
121.000	7.000
122.000	6.000
123.000	4.000
124.000	10.000
125.000	9.000
126.000	13.000
127.000	10.000
128.000	10.000
129.000	9.000
130.000	10.000
131.000	9.000
132.000	8.000
133.000	10.000
134.000	4.000
135.000	6.000
136.000	6.000
137.000	7.000
138.000	4.000
139.000	5.000
140.000	6.000
141.000	2.000
142.000	5.000
143.000	5.000
144.000	6.000
145.000	3.000
146.000	5.000
147.000	9.000
148.000	11.000
149.000	2.000
150.000	1.000
151.000	4.000
152.000	6.000
153.000	7.000
154.000	3.000
155.000	4.000
156.000	6.000
157.000	5.000
158.000	3.000
159.000	3.000
160.000	8.000
161.000	12.000
162.000	9.000
163.000	8.000
164.000	10.000
165.000	7.000
166.000	6.000
167.000	5.000
168.000	7.000
169.000	2.000
170.000	3.000
171.000	4.000
172.000	6.000
173.000	10.000
174.000	4.000
175.000	6.000
176.000	3.000
177.000	1.000
178.000	2.000
179.000	8.000
180.000	10.000
181.000	8.000
182.000	13.000
183.000	13.000
184.000	10.000
185.000	6.000
186.000	8.000
187.000	6.000
188.000	8.000
189.000	5.000
190.000	10.000
191.000	9.000
192.000	6.000
193.000	5.000
194.000	3.000
195.000	4.000
196.000	9.000
197.000	11.000
198.000	14.000
199.000	13.000
200.000	14.000
201.000	28.000
202.000	28.000
203.000	27.000
204.000	30.000
205.000	24.000
206.000	25.000
207.000	9.000
208.000	5.000
209.000	7.000
210.000	4.000
211.000	2.000
212.000	6.000
213.000	5.000
214.000	7.000
215.000	3.000
216.000	2.000
217.000	13.000
218.000	7.000
219.000	6.000
220.000	12.000
221.000	9.000
222.000	8.000
223.000	8.000
224.000	2.000
225.000	8.000
226.000	8.000
227.000	1.000
228.000	2.000
229.000	5.000
230.000	3.000
231.000	2.000
232.000	2.000
233.000	3.000
234.000	1.000
235.000	1.000
236.000	1.000
237.000	5.000
238.000	2.000
239.000	2.000
240.000	3.000
241.000	4.000
242.000	4.000
243.000	7.000
244.000	8.000
245.000	11.000
246.000	10.000
247.000	9.000
248.000	13.000
249.000	17.000
250.000	21.000
251.000	20.000
252.000	6.000
253.000	11.000
254.000	9.000
255.000	8.000
256.000	4.000
257.000	13.000
258.000	3.000
259.000	7.000
260.000	6.000
261.000	7.000
262.000	9.000
263.000	5.000
264.000	1.000
265.000	3.000
266.000	5.000
267.000	5.000
268.000	6.000
269.000	6.000
270.000	10.000
271.000	12.000
272.000	6.000
273.000	7.000
274.000	8.000
275.000	4.000
276.000	3.000
277.000	7.000
278.000	4.000
279.000	6.000
280.000	2.000
281.000	6.000
282.000	5.000
283.000	7.000
284.000	5.000
285.000	5.000
286.000	10.000
287.000	3.000
288.000	4.000
289.000	6.000
290.000	5.000
291.000	9.000
292.000	3.000
293.000	14.000
294.000	4.000
295.000	6.000
296.000	11.000
297.000	7.000
298.000	10.000
299.000	11.000
300.000	11.000
301.000	8.000
302.000	9.000
303.000	6.000
304.000	9.000
305.000	7.000
306.000	7.000
307.000	7.000
308.000	6.000
309.000	6.000
310.000	3.000
311.000	10.000
312.000	12.000
313.000	10.000
314.000	12.000
315.000	14.000
316.000	15.000
317.000	21.000
318.000	29.000
319.000	33.000
320.000	55.000
321.000	35.000
322.000	49.000
323.000	51.000
324.000	50.000
325.000	33.000
326.000	39.000
327.000	34.000
328.000	19.000
329.000	21.000
330.000	24.000
331.000	9.000
332.000	12.000
333.000	10.000
334.000	14.000
335.000	12.000
336.000	26.000
337.000	14.000
338.000	13.000
339.000	26.000
340.000	38.000
341.000	38.000
342.000	77.000
343.000	114.000
344.000	161.000
345.000	247.000
346.000	359.000
347.000	527.000
348.000	686.000
349.000	785.000
350.000	866.000
351.000	874.000
352.000	826.000
353.000	699.000
354.000	539.000
355.000	390.000
356.000	297.000
357.000	176.000
358.000	116.000
359.000	50.000
360.000	42.000
361.000	31.000
362.000	15.000
363.000	19.000
364.000	19.000
365.000	15.000
366.000	13.000
367.000	16.000
368.000	29.000
369.000	15.000
370.000	23.000
371.000	26.000
372.000	16.000
373.000	31.000
374.000	20.000
375.000	17.000
376.000	28.000
377.000	30.000
378.000	39.000
379.000	42.000
380.000	50.000
381.000	67.000
382.000	107.000
383.000	110.000
384.000	139.000
385.000	156.000
386.000	188.000
387.000	152.000
388.000	165.000
389.000	132.000
390.000	111.000
391.000	98.000
392.000	69.000
393.000	55.000
394.000	41.000
395.000	31.000
396.000	27.000
397.000	29.000
398.000	25.000
399.000	28.000
400.000	24.000
401.000	23.000
402.000	29.000
403.000	11.000
404.000	24.000
405.000	26.000
406.000	26.000
407.000	22.000
408.000	29.000
409.000	29.000
410.000	29.000
411.000	30.000
412.000	22.000
413.000	33.000
414.000	33.000
415.000	27.000
416.000	29.000
417.000	30.000
418.000	34.000
419.000	31.000
420.000	28.000
421.000	21.000
422.000	39.000
423.000	35.000
424.000	27.000
425.000	31.000
426.000	30.000
427.000	35.000
428.000	32.000
429.000	29.000
430.000	34.000
431.000	32.000
432.000	42.000
433.000	32.000
434.000	44.000
435.000	45.000
436.000	29.000
437.000	40.000
438.000	40.000
439.000	28.000
440.000	40.000
441.000	40.000
442.000	41.000
443.000	41.000
444.000	38.000
445.000	37.000
446.000	49.000
447.000	46.000
448.000	41.000
449.000	46.000
450.000	56.000
451.000	40.000
452.000	50.000
453.000	63.000
454.000	45.000
455.000	42.000
456.000	53.000
457.000	52.000
458.000	40.000
459.000	46.000
460.000	40.000
461.000	52.000
462.000	57.000
463.000	58.000
464.000	51.000
465.000	59.000
466.000	48.000
467.000	57.000
468.000	47.000
469.000	61.000
470.000	47.000
471.000	68.000
472.000	55.000
473.000	60.000
474.000	66.000
475.000	75.000
476.000	48.000
477.000	64.000
478.000	70.000
479.000	52.000
480.000	70.000
481.000	41.000
482.000	52.000
483.000	65.000
484.000	64.000
485.000	59.000
486.000	56.000
487.000	60.000
488.000	58.000
489.000	57.000
490.000	63.000
491.000	74.000
492.000	67.000
493.000	67.000
494.000	76.000
495.000	55.000
496.000	69.000
497.000	70.000
498.000	68.000
499.000	64.000
500.000	70.000
501.000	73.000
502.000	69.000
503.000	87.000
504.000	76.000
505.000	69.000
506.000	79.000
507.000	60.000
508.000	81.000
509.000	69.000
510.000	76.000
511.000	78.000
512.000	81.000
513.000	73.000
514.000	73.000
515.000	81.000
516.000	85.000
517.000	80.000
518.000	77.000
519.000	96.000
520.000	76.000
521.000	95.000
522.000	86.000
523.000	101.000
524.000	82.000
525.000	79.000
526.000	101.000
527.000	98.000
528.000	78.000
529.000	97.000
530.000	90.000
531.000	95.000
532.000	101.000
533.000	96.000
534.000	88.000
535.000	109.000
536.000	88.000
537.000	105.000
538.000	97.000
539.000	85.000
540.000	95.000
541.000	106.000
542.000	95.000
543.000	97.000
544.000	90.000
545.000	70.000
546.000	96.000
547.000	102.000
548.000	91.000
549.000	99.000
550.000	118.000
551.000	106.000
552.000	100.000
553.000	98.000
554.000	104.000
555.000	96.000
556.000	124.000
557.000	107.000
558.000	107.000
559.000	103.000
560.000	123.000
561.000	93.000
562.000	118.000
563.000	101.000
564.000	104.000
565.000	113.000
566.000	120.000
567.000	119.000
568.000	115.000
569.000	117.000
570.000	117.000
571.000	132.000
572.000	123.000
573.000	106.000
574.000	118.000
575.000	121.000
576.000	133.000
577.000	133.000
578.000	133.000
579.000	113.000
580.000	130.000
581.000	118.000
582.000	139.000
583.000	121.000
584.000	138.000
585.000	135.000
586.000	117.000
587.000	155.000
588.000	117.000
589.000	116.000
590.000	140.000
591.000	142.000
592.000	139.000
593.000	128.000
594.000	110.000
595.000	151.000
596.000	149.000
597.000	134.000
598.000	137.000
599.000	142.000
600.000	136.000
601.000	157.000
602.000	149.000
603.000	129.000
604.000	164.000
605.000	147.000
606.000	176.000
607.000	146.000
608.000	154.000
609.000	127.000
610.000	143.000
611.000	153.000
612.000	160.000
613.000	144.000
614.000	156.000
615.000	161.000
616.000	146.000
617.000	179.000
618.000	176.000
619.000	173.000
620.000	171.000
621.000	171.000
622.000	155.000
623.000	161.000
624.000	159.000
625.000	168.000
626.000	151.000
627.000	162.000
628.000	139.000
629.000	159.000
630.000	148.000
631.000	163.000
632.000	164.000
633.000	171.000
634.000	170.000
635.000	187.000
636.000	187.000
637.000	169.000
638.000	181.000
639.000	166.000
640.000	166.000
641.000	178.000
642.000	183.000
643.000	187.000
644.000	173.000
645.000	180.000
646.000	171.000
647.000	176.000
648.000	187.000
649.000	216.000
650.000	198.000
651.000	201.000
652.000	199.000
653.000	207.000
654.000	197.000
655.000	218.000
656.000	191.000
657.000	194.000
658.000	189.000
659.000	202.000
660.000	184.000
661.000	207.000
662.000	210.000
663.000	201.000
664.000	207.000
665.000	193.000
666.000	196.000
667.000	210.000
668.000	191.000
669.000	205.000
670.000	189.000
671.000	212.000
672.000	207.000
673.000	204.000
674.000	218.000
675.000	246.000
676.000	193.000
677.000	219.000
678.000	228.000
679.000	222.000
680.000	213.000
681.000	218.000
682.000	215.000
683.000	221.000
684.000	206.000
685.000	219.000
686.000	243.000
687.000	214.000
688.000	211.000
689.000	237.000
690.000	228.000
691.000	213.000
692.000	222.000
693.000	223.000
694.000	220.000
695.000	231.000
696.000	209.000
697.000	236.000
698.000	229.000
699.000	219.000
700.000	231.000
701.000	253.000
702.000	241.000
703.000	242.000
704.000	222.000
705.000	214.000
706.000	250.000
707.000	223.000
708.000	227.000
709.000	204.000
710.000	228.000
711.000	217.000
712.000	221.000
713.000	267.000
714.000	262.000
715.000	244.000
716.000	250.000
717.000	253.000
718.000	236.000
719.000	243.000
720.000	237.000
721.000	206.000
722.000	236.000
723.000	261.000
724.000	227.000
725.000	222.000
726.000	235.000
727.000	215.000
728.000	252.000
729.000	252.000
730.000	249.000
731.000	265.000
732.000	261.000
733.000	238.000
734.000	284.000
735.000	254.000
736.000	283.000
737.000	224.000
738.000	262.000
739.000	274.000
740.000	245.000
741.000	263.000
742.000	254.000
743.000	254.000
744.000	248.000
745.000	252.000
746.000	241.000
747.000	229.000
748.000	244.000
749.000	271.000
750.000	248.000
751.000	259.000
752.000	246.000
753.000	246.000
754.000	258.000
755.000	264.000
756.000	245.000
757.000	251.000
758.000	239.000
759.000	247.000
760.000	259.000
761.000	263.000
762.000	257.000
763.000	254.000
764.000	275.000
765.000	293.000
766.000	278.000
767.000	280.000
768.000	308.000
769.000	283.000
770.000	281.000
771.000	315.000
772.000	303.000
773.000	289.000
774.000	283.000
775.000	316.000
776.000	318.000
777.000	329.000
778.000	282.000
779.000	287.000
780.000	289.000
781.000	268.000
782.000	295.000
783.000	282.000
784.000	277.000
785.000	267.000
786.000	272.000
787.000	290.000
788.000	291.000
789.000	262.000
790.000	283.000
791.000	276.000
792.000	274.000
793.000	282.000
794.000	287.000
795.000	263.000
796.000	311.000
797.000	259.000
798.000	283.000
799.000	284.000
800.000	290.000
801.000	263.000
802.000	285.000
803.000	284.000
804.000	307.000
805.000	290.000
806.000	290.000
807.000	263.000
808.000	274.000
809.000	283.000
810.000	304.000
811.000	313.000
812.000	290.000
813.000	265.000
814.000	293.000
815.000	286.000
816.000	321.000
817.000	313.000
818.000	301.000
819.000	351.000
820.000	285.000
821.000	300.000
822.000	295.000
823.000	246.000
824.000	301.000
825.000	300.000
826.000	321.000
827.000	312.000
828.000	323.000
829.000	294.000
830.000	327.000
831.000	309.000
832.000	293.000
833.000	307.000
834.000	285.000
835.000	306.000
836.000	313.000
837.000	321.000
838.000	309.000
839.000	345.000
840.000	326.000
841.000	289.000
842.000	308.000
843.000	334.000
844.000	321.000
845.000	312.000
846.000	312.000
847.000	327.000
848.000	327.000
849.000	298.000
850.000	357.000
851.000	331.000
852.000	338.000
853.000	355.000
854.000	367.000
855.000	339.000
856.000	378.000
857.000	388.000
858.000	402.000
859.000	361.000
860.000	340.000
861.000	390.000
862.000	417.000
863.000	415.000
864.000	434.000
865.000	404.000
866.000	452.000
867.000	404.000
868.000	441.000
869.000	454.000
870.000	461.000
871.000	467.000
872.000	414.000
873.000	492.000
874.000	509.000
875.000	557.000
876.000	570.000
877.000	529.000
878.000	621.000
879.000	582.000
880.000	674.000
881.000	645.000
882.000	710.000
883.000	781.000
884.000	815.000
885.000	920.000
886.000	936.000
887.000	1008.000
888.000	1099.000
889.000	1126.000
890.000	1202.000
891.000	1173.000
892.000	1364.000
893.000	1334.000
894.000	1350.000
895.000	1467.000
896.000	1426.000
897.000	1417.000
898.000	1500.000
899.000	1521.000
900.000	1535.000
901.000	1536.000
902.000	1476.000
903.000	1476.000
904.000	1476.000
905.000	1418.000
906.000	1396.000
907.000	1301.000
908.000	1312.000
909.000	1266.000
910.000	1199.000
911.000	1156.000
912.000	1075.000
913.000	953.000
914.000	891.000
915.000	863.000
916.000	770.000
917.000	778.000
918.000	753.000
919.000	729.000
920.000	639.000
921.000	595.000
922.000	629.000
923.000	563.000
924.000	489.000
925.000	491.000
926.000	502.000
927.000	462.000
928.000	415.000
929.000	398.000
930.000	412.000
931.000	428.000
932.000	386.000
933.000	391.000
934.000	381.000
935.000	361.000
936.000	385.000
937.000	351.000
938.000	367.000
939.000	342.000
940.000	377.000
941.000	404.000
942.000	409.000
943.000	441.000
944.000	500.000
945.000	516.000
946.000	584.000
947.000	617.000
948.000	705.000
949.000	657.000
950.000	742.000
951.000	786.000
952.000	831.000
953.000	778.000
954.000	783.000
955.000	791.000
956.000	701.000
957.000	671.000
958.000	671.000
959.000	604.000
960.000	539.000
961.000	482.000
962.000	456.000
963.000	391.000
964.000	383.000
965.000	334.000
966.000	327.000
967.000	317.000
968.000	322.000
969.000	324.000
970.000	286.000
971.000	267.000
972.000	259.000
973.000	296.000
974.000	275.000
975.000	285.000
976.000	281.000
977.000	311.000
978.000	248.000
979.000	298.000
980.000	288.000
981.000	340.000
982.000	325.000
983.000	306.000
984.000	346.000
985.000	309.000
986.000	314.000
987.000	362.000
988.000	346.000
989.000	363.000
990.000	406.000
991.000	402.000
992.000	397.000
993.000	385.000
994.000	412.000
995.000	421.000
996.000	396.000
997.000	424.000
998.000	434.000
999.000	497.000
1000.000	422.000
1001.000	466.000
1002.000	415.000
1003.000	419.000
1004.000	451.000
1005.000	461.000
1006.000	474.000
1007.000	402.000
1008.000	399.000
1009.000	440.000
1010.000	424.000
1011.000	394.000
1012.000	408.000
1013.000	431.000
1014.000	377.000
1015.000	370.000
1016.000	320.000
1017.000	335.000
1018.000	339.000
1019.000	326.000
1020.000	310.000
1021.000	278.000
1022.000	267.000
1023.000	282.000
1024.000	277.000
