Date:	8/19/2008		Time:	9:20 AM		Version no:	0.00		Project name:	55		Sample name:	222		Section name:	section		Position	480.039995	mm	E0	0.000000	keV	E1	1.000000	keV/channel	sample surface	7.649629	cm	Tube anode:	Mo		Tube voltage:	30	kV	Tube current:	50	mA	gain	20		std. database			resultfile	result		matrix element	11		sample thickness	1.000000		air passage	0.560000	cm	comments	not in position		peaking_time	3.000000	m-sec	trigger_threshold	1229.166667	V	mca_bin_width	22.090000	no:	number_mca_channels	1024.000000	no:	gap_time	0.400000	m-sec	trigger_peaking_time	0.150000	m-sec	GAINDAC	9455		HIGHGAIN	1		TAURC	0		RCTAU	53		RCTAUFRAC	32768		livetime	9.769542	seconds	runtime	10.000503	seconds	input_count_rate	23.392397	cps	output_count_rate	18.591464	cps	triggers	228533	seconds	events_in_run	185924	seconds	channel	content		1.000	0.000
2.000	0.000
3.000	0.000
4.000	0.000
5.000	0.000
6.000	0.000
7.000	0.000
8.000	0.000
9.000	0.000
10.000	0.000
11.000	0.000
12.000	0.000
13.000	0.000
14.000	0.000
15.000	0.000
16.000	0.000
17.000	0.000
18.000	0.000
19.000	0.000
20.000	0.000
21.000	0.000
22.000	0.000
23.000	0.000
24.000	0.000
25.000	0.000
26.000	0.000
27.000	0.000
28.000	0.000
29.000	0.000
30.000	0.000
31.000	1.000
32.000	0.000
33.000	0.000
34.000	0.000
35.000	1.000
36.000	2.000
37.000	2.000
38.000	3.000
39.000	1.000
40.000	3.000
41.000	5.000
42.000	6.000
43.000	3.000
44.000	2.000
45.000	5.000
46.000	9.000
47.000	3.000
48.000	8.000
49.000	8.000
50.000	10.000
51.000	9.000
52.000	12.000
53.000	10.000
54.000	10.000
55.000	9.000
56.000	9.000
57.000	9.000
58.000	9.000
59.000	11.000
60.000	12.000
61.000	6.000
62.000	9.000
63.000	8.000
64.000	14.000
65.000	6.000
66.000	7.000
67.000	15.000
68.000	8.000
69.000	5.000
70.000	8.000
71.000	4.000
72.000	13.000
73.000	9.000
74.000	7.000
75.000	11.000
76.000	7.000
77.000	10.000
78.000	7.000
79.000	3.000
80.000	4.000
81.000	11.000
82.000	9.000
83.000	5.000
84.000	9.000
85.000	8.000
86.000	9.000
87.000	13.000
88.000	5.000
89.000	13.000
90.000	5.000
91.000	8.000
92.000	5.000
93.000	3.000
94.000	12.000
95.000	11.000
96.000	6.000
97.000	10.000
98.000	10.000
99.000	9.000
100.000	9.000
101.000	5.000
102.000	6.000
103.000	3.000
104.000	11.000
105.000	6.000
106.000	6.000
107.000	7.000
108.000	8.000
109.000	10.000
110.000	4.000
111.000	7.000
112.000	12.000
113.000	5.000
114.000	6.000
115.000	5.000
116.000	11.000
117.000	1.000
118.000	4.000
119.000	8.000
120.000	8.000
121.000	8.000
122.000	6.000
123.000	8.000
124.000	10.000
125.000	9.000
126.000	9.000
127.000	11.000
128.000	7.000
129.000	3.000
130.000	12.000
131.000	9.000
132.000	5.000
133.000	2.000
134.000	2.000
135.000	7.000
136.000	6.000
137.000	9.000
138.000	2.000
139.000	7.000
140.000	1.000
141.000	6.000
142.000	5.000
143.000	4.000
144.000	2.000
145.000	1.000
146.000	6.000
147.000	3.000
148.000	2.000
149.000	2.000
150.000	4.000
151.000	1.000
152.000	5.000
153.000	3.000
154.000	8.000
155.000	1.000
156.000	3.000
157.000	9.000
158.000	9.000
159.000	8.000
160.000	7.000
161.000	11.000
162.000	9.000
163.000	11.000
164.000	8.000
165.000	12.000
166.000	7.000
167.000	6.000
168.000	6.000
169.000	8.000
170.000	7.000
171.000	4.000
172.000	2.000
173.000	2.000
174.000	8.000
175.000	2.000
176.000	1.000
177.000	8.000
178.000	5.000
179.000	3.000
180.000	10.000
181.000	11.000
182.000	6.000
183.000	7.000
184.000	6.000
185.000	10.000
186.000	2.000
187.000	2.000
188.000	5.000
189.000	5.000
190.000	2.000
191.000	10.000
192.000	1.000
193.000	6.000
194.000	5.000
195.000	2.000
196.000	3.000
197.000	13.000
198.000	6.000
199.000	16.000
200.000	22.000
201.000	9.000
202.000	21.000
203.000	16.000
204.000	16.000
205.000	15.000
206.000	16.000
207.000	6.000
208.000	2.000
209.000	2.000
210.000	5.000
211.000	4.000
212.000	1.000
213.000	8.000
214.000	2.000
215.000	4.000
216.000	3.000
217.000	6.000
218.000	2.000
219.000	7.000
220.000	5.000
221.000	4.000
222.000	9.000
223.000	4.000
224.000	1.000
225.000	2.000
226.000	5.000
227.000	2.000
228.000	4.000
229.000	7.000
230.000	2.000
231.000	0.000
232.000	1.000
233.000	4.000
234.000	2.000
235.000	9.000
236.000	3.000
237.000	4.000
238.000	3.000
239.000	2.000
240.000	1.000
241.000	4.000
242.000	3.000
243.000	7.000
244.000	5.000
245.000	9.000
246.000	8.000
247.000	5.000
248.000	7.000
249.000	7.000
250.000	4.000
251.000	10.000
252.000	4.000
253.000	5.000
254.000	3.000
255.000	9.000
256.000	6.000
257.000	7.000
258.000	3.000
259.000	5.000
260.000	6.000
261.000	7.000
262.000	2.000
263.000	3.000
264.000	3.000
265.000	4.000
266.000	4.000
267.000	3.000
268.000	9.000
269.000	3.000
270.000	5.000
271.000	5.000
272.000	6.000
273.000	4.000
274.000	2.000
275.000	2.000
276.000	3.000
277.000	6.000
278.000	7.000
279.000	5.000
280.000	3.000
281.000	6.000
282.000	2.000
283.000	3.000
284.000	5.000
285.000	4.000
286.000	3.000
287.000	8.000
288.000	6.000
289.000	1.000
290.000	7.000
291.000	3.000
292.000	4.000
293.000	6.000
294.000	4.000
295.000	6.000
296.000	2.000
297.000	5.000
298.000	7.000
299.000	4.000
300.000	7.000
301.000	7.000
302.000	2.000
303.000	5.000
304.000	3.000
305.000	4.000
306.000	6.000
307.000	5.000
308.000	8.000
309.000	5.000
310.000	8.000
311.000	3.000
312.000	2.000
313.000	9.000
314.000	3.000
315.000	8.000
316.000	6.000
317.000	9.000
318.000	20.000
319.000	25.000
320.000	36.000
321.000	34.000
322.000	42.000
323.000	42.000
324.000	41.000
325.000	29.000
326.000	30.000
327.000	24.000
328.000	25.000
329.000	12.000
330.000	13.000
331.000	8.000
332.000	4.000
333.000	12.000
334.000	9.000
335.000	12.000
336.000	7.000
337.000	9.000
338.000	17.000
339.000	15.000
340.000	27.000
341.000	41.000
342.000	69.000
343.000	88.000
344.000	175.000
345.000	279.000
346.000	402.000
347.000	537.000
348.000	724.000
349.000	828.000
350.000	900.000
351.000	935.000
352.000	872.000
353.000	775.000
354.000	583.000
355.000	478.000
356.000	301.000
357.000	147.000
358.000	114.000
359.000	78.000
360.000	39.000
361.000	20.000
362.000	19.000
363.000	8.000
364.000	9.000
365.000	11.000
366.000	12.000
367.000	16.000
368.000	13.000
369.000	12.000
370.000	10.000
371.000	18.000
372.000	12.000
373.000	14.000
374.000	15.000
375.000	11.000
376.000	22.000
377.000	32.000
378.000	34.000
379.000	40.000
380.000	47.000
381.000	50.000
382.000	102.000
383.000	114.000
384.000	152.000
385.000	158.000
386.000	166.000
387.000	150.000
388.000	165.000
389.000	128.000
390.000	105.000
391.000	96.000
392.000	73.000
393.000	32.000
394.000	29.000
395.000	27.000
396.000	21.000
397.000	17.000
398.000	17.000
399.000	13.000
400.000	14.000
401.000	17.000
402.000	17.000
403.000	14.000
404.000	13.000
405.000	19.000
406.000	19.000
407.000	21.000
408.000	17.000
409.000	13.000
410.000	17.000
411.000	16.000
412.000	23.000
413.000	13.000
414.000	19.000
415.000	21.000
416.000	18.000
417.000	20.000
418.000	25.000
419.000	16.000
420.000	20.000
421.000	18.000
422.000	14.000
423.000	21.000
424.000	29.000
425.000	20.000
426.000	25.000
427.000	16.000
428.000	22.000
429.000	18.000
430.000	24.000
431.000	20.000
432.000	23.000
433.000	32.000
434.000	25.000
435.000	17.000
436.000	22.000
437.000	20.000
438.000	30.000
439.000	31.000
440.000	17.000
441.000	31.000
442.000	22.000
443.000	26.000
444.000	28.000
445.000	27.000
446.000	23.000
447.000	21.000
448.000	35.000
449.000	30.000
450.000	23.000
451.000	28.000
452.000	28.000
453.000	31.000
454.000	20.000
455.000	34.000
456.000	29.000
457.000	34.000
458.000	31.000
459.000	39.000
460.000	23.000
461.000	34.000
462.000	37.000
463.000	36.000
464.000	32.000
465.000	30.000
466.000	31.000
467.000	32.000
468.000	31.000
469.000	43.000
470.000	31.000
471.000	34.000
472.000	31.000
473.000	36.000
474.000	37.000
475.000	44.000
476.000	32.000
477.000	33.000
478.000	26.000
479.000	37.000
480.000	39.000
481.000	41.000
482.000	26.000
483.000	33.000
484.000	42.000
485.000	48.000
486.000	35.000
487.000	32.000
488.000	33.000
489.000	43.000
490.000	34.000
491.000	42.000
492.000	45.000
493.000	52.000
494.000	46.000
495.000	45.000
496.000	36.000
497.000	48.000
498.000	33.000
499.000	44.000
500.000	46.000
501.000	37.000
502.000	52.000
503.000	51.000
504.000	58.000
505.000	47.000
506.000	34.000
507.000	55.000
508.000	55.000
509.000	47.000
510.000	38.000
511.000	53.000
512.000	52.000
513.000	52.000
514.000	52.000
515.000	83.000
516.000	59.000
517.000	63.000
518.000	58.000
519.000	65.000
520.000	51.000
521.000	70.000
522.000	68.000
523.000	54.000
524.000	59.000
525.000	48.000
526.000	45.000
527.000	57.000
528.000	55.000
529.000	74.000
530.000	61.000
531.000	65.000
532.000	72.000
533.000	50.000
534.000	72.000
535.000	73.000
536.000	65.000
537.000	67.000
538.000	67.000
539.000	70.000
540.000	63.000
541.000	69.000
542.000	58.000
543.000	77.000
544.000	73.000
545.000	76.000
546.000	79.000
547.000	68.000
548.000	46.000
549.000	78.000
550.000	55.000
551.000	79.000
552.000	83.000
553.000	79.000
554.000	80.000
555.000	82.000
556.000	97.000
557.000	76.000
558.000	72.000
559.000	86.000
560.000	76.000
561.000	75.000
562.000	70.000
563.000	70.000
564.000	84.000
565.000	88.000
566.000	85.000
567.000	78.000
568.000	76.000
569.000	96.000
570.000	90.000
571.000	93.000
572.000	87.000
573.000	80.000
574.000	81.000
575.000	95.000
576.000	90.000
577.000	107.000
578.000	102.000
579.000	85.000
580.000	87.000
581.000	89.000
582.000	95.000
583.000	85.000
584.000	90.000
585.000	91.000
586.000	83.000
587.000	93.000
588.000	92.000
589.000	92.000
590.000	94.000
591.000	85.000
592.000	107.000
593.000	99.000
594.000	98.000
595.000	91.000
596.000	104.000
597.000	108.000
598.000	104.000
599.000	129.000
600.000	98.000
601.000	101.000
602.000	112.000
603.000	96.000
604.000	122.000
605.000	97.000
606.000	97.000
607.000	101.000
608.000	102.000
609.000	104.000
610.000	109.000
611.000	122.000
612.000	121.000
613.000	96.000
614.000	107.000
615.000	112.000
616.000	117.000
617.000	117.000
618.000	93.000
619.000	102.000
620.000	126.000
621.000	108.000
622.000	111.000
623.000	107.000
624.000	126.000
625.000	121.000
626.000	121.000
627.000	110.000
628.000	130.000
629.000	127.000
630.000	112.000
631.000	118.000
632.000	116.000
633.000	115.000
634.000	112.000
635.000	137.000
636.000	147.000
637.000	138.000
638.000	133.000
639.000	97.000
640.000	122.000
641.000	120.000
642.000	124.000
643.000	143.000
644.000	165.000
645.000	149.000
646.000	136.000
647.000	151.000
648.000	170.000
649.000	146.000
650.000	151.000
651.000	134.000
652.000	144.000
653.000	140.000
654.000	127.000
655.000	125.000
656.000	134.000
657.000	130.000
658.000	154.000
659.000	150.000
660.000	132.000
661.000	131.000
662.000	148.000
663.000	159.000
664.000	160.000
665.000	149.000
666.000	143.000
667.000	158.000
668.000	158.000
669.000	129.000
670.000	170.000
671.000	132.000
672.000	142.000
673.000	129.000
674.000	149.000
675.000	170.000
676.000	149.000
677.000	118.000
678.000	138.000
679.000	150.000
680.000	161.000
681.000	183.000
682.000	162.000
683.000	148.000
684.000	152.000
685.000	176.000
686.000	149.000
687.000	180.000
688.000	144.000
689.000	153.000
690.000	141.000
691.000	163.000
692.000	158.000
693.000	162.000
694.000	157.000
695.000	169.000
696.000	164.000
697.000	170.000
698.000	177.000
699.000	181.000
700.000	144.000
701.000	189.000
702.000	170.000
703.000	199.000
704.000	187.000
705.000	179.000
706.000	188.000
707.000	200.000
708.000	175.000
709.000	178.000
710.000	205.000
711.000	192.000
712.000	184.000
713.000	194.000
714.000	194.000
715.000	186.000
716.000	212.000
717.000	192.000
718.000	190.000
719.000	177.000
720.000	187.000
721.000	191.000
722.000	173.000
723.000	191.000
724.000	194.000
725.000	203.000
726.000	205.000
727.000	194.000
728.000	221.000
729.000	200.000
730.000	193.000
731.000	213.000
732.000	207.000
733.000	190.000
734.000	204.000
735.000	211.000
736.000	210.000
737.000	198.000
738.000	186.000
739.000	185.000
740.000	208.000
741.000	191.000
742.000	194.000
743.000	192.000
744.000	199.000
745.000	218.000
746.000	192.000
747.000	196.000
748.000	184.000
749.000	193.000
750.000	219.000
751.000	207.000
752.000	197.000
753.000	210.000
754.000	220.000
755.000	180.000
756.000	211.000
757.000	207.000
758.000	213.000
759.000	207.000
760.000	209.000
761.000	205.000
762.000	218.000
763.000	219.000
764.000	222.000
765.000	231.000
766.000	232.000
767.000	196.000
768.000	213.000
769.000	218.000
770.000	225.000
771.000	236.000
772.000	241.000
773.000	198.000
774.000	254.000
775.000	247.000
776.000	232.000
777.000	229.000
778.000	219.000
779.000	219.000
780.000	224.000
781.000	233.000
782.000	234.000
783.000	200.000
784.000	225.000
785.000	216.000
786.000	215.000
787.000	216.000
788.000	206.000
789.000	212.000
790.000	214.000
791.000	224.000
792.000	248.000
793.000	222.000
794.000	226.000
795.000	242.000
796.000	230.000
797.000	240.000
798.000	225.000
799.000	227.000
800.000	206.000
801.000	259.000
802.000	240.000
803.000	245.000
804.000	212.000
805.000	246.000
806.000	218.000
807.000	226.000
808.000	246.000
809.000	235.000
810.000	245.000
811.000	239.000
812.000	265.000
813.000	264.000
814.000	253.000
815.000	237.000
816.000	237.000
817.000	240.000
818.000	229.000
819.000	241.000
820.000	265.000
821.000	219.000
822.000	253.000
823.000	248.000
824.000	229.000
825.000	257.000
826.000	246.000
827.000	245.000
828.000	231.000
829.000	223.000
830.000	251.000
831.000	224.000
832.000	247.000
833.000	261.000
834.000	241.000
835.000	216.000
836.000	262.000
837.000	236.000
838.000	228.000
839.000	295.000
840.000	245.000
841.000	238.000
842.000	222.000
843.000	236.000
844.000	280.000
845.000	305.000
846.000	275.000
847.000	270.000
848.000	271.000
849.000	266.000
850.000	288.000
851.000	321.000
852.000	282.000
853.000	291.000
854.000	255.000
855.000	315.000
856.000	275.000
857.000	345.000
858.000	280.000
859.000	329.000
860.000	346.000
861.000	320.000
862.000	323.000
863.000	321.000
864.000	328.000
865.000	370.000
866.000	317.000
867.000	335.000
868.000	348.000
869.000	369.000
870.000	409.000
871.000	415.000
872.000	389.000
873.000	387.000
874.000	401.000
875.000	425.000
876.000	429.000
877.000	429.000
878.000	475.000
879.000	564.000
880.000	555.000
881.000	569.000
882.000	641.000
883.000	628.000
884.000	714.000
885.000	705.000
886.000	725.000
887.000	767.000
888.000	849.000
889.000	869.000
890.000	1006.000
891.000	1024.000
892.000	1015.000
893.000	1086.000
894.000	1100.000
895.000	1186.000
896.000	1098.000
897.000	1206.000
898.000	1197.000
899.000	1197.000
900.000	1251.000
901.000	1271.000
902.000	1214.000
903.000	1181.000
904.000	1168.000
905.000	1191.000
906.000	1172.000
907.000	1138.000
908.000	1041.000
909.000	973.000
910.000	933.000
911.000	932.000
912.000	880.000
913.000	793.000
914.000	760.000
915.000	701.000
916.000	706.000
917.000	674.000
918.000	615.000
919.000	623.000
920.000	561.000
921.000	517.000
922.000	490.000
923.000	457.000
924.000	459.000
925.000	405.000
926.000	419.000
927.000	390.000
928.000	364.000
929.000	353.000
930.000	362.000
931.000	338.000
932.000	338.000
933.000	318.000
934.000	273.000
935.000	287.000
936.000	335.000
937.000	307.000
938.000	312.000
939.000	285.000
940.000	340.000
941.000	328.000
942.000	361.000
943.000	390.000
944.000	398.000
945.000	417.000
946.000	486.000
947.000	532.000
948.000	574.000
949.000	601.000
950.000	614.000
951.000	688.000
952.000	621.000
953.000	677.000
954.000	709.000
955.000	654.000
956.000	655.000
957.000	619.000
958.000	577.000
959.000	540.000
960.000	464.000
961.000	466.000
962.000	350.000
963.000	343.000
964.000	327.000
965.000	280.000
966.000	290.000
967.000	258.000
968.000	261.000
969.000	260.000
970.000	249.000
971.000	223.000
972.000	247.000
973.000	231.000
974.000	254.000
975.000	216.000
976.000	263.000
977.000	252.000
978.000	240.000
979.000	295.000
980.000	252.000
981.000	265.000
982.000	265.000
983.000	276.000
984.000	239.000
985.000	301.000
986.000	286.000
987.000	287.000
988.000	305.000
989.000	284.000
990.000	301.000
991.000	326.000
992.000	336.000
993.000	332.000
994.000	335.000
995.000	339.000
996.000	373.000
997.000	336.000
998.000	355.000
999.000	375.000
1000.000	387.000
1001.000	359.000
1002.000	367.000
1003.000	378.000
1004.000	391.000
1005.000	376.000
1006.000	404.000
1007.000	398.000
1008.000	382.000
1009.000	394.000
1010.000	374.000
1011.000	333.000
1012.000	336.000
1013.000	352.000
1014.000	332.000
1015.000	350.000
1016.000	279.000
1017.000	307.000
1018.000	280.000
1019.000	283.000
1020.000	289.000
1021.000	251.000
1022.000	256.000
1023.000	235.000
1024.000	227.000
