Date:	8/19/2008		Time:	9:03 AM		Version no:	0.00		Project name:	55		Sample name:	222		Section name:	section		Position	294.039995	mm	E0	0.000000	keV	E1	1.000000	keV/channel	sample surface	7.594857	cm	Tube anode:	Mo		Tube voltage:	30	kV	Tube current:	50	mA	gain	20		std. database			resultfile	result		matrix element	11		sample thickness	1.000000		air passage	0.560000	cm	comments	not in position		peaking_time	3.000000	m-sec	trigger_threshold	1229.166667	V	mca_bin_width	22.090000	no:	number_mca_channels	1024.000000	no:	gap_time	0.400000	m-sec	trigger_peaking_time	0.150000	m-sec	GAINDAC	9455		HIGHGAIN	1		TAURC	0		RCTAU	53		RCTAUFRAC	32768		livetime	9.629585	seconds	runtime	10.000502	seconds	input_count_rate	33.845384	cps	output_count_rate	24.714760	cps	triggers	325917	seconds	events_in_run	247160	seconds	channel	content		1.000	0.000
2.000	0.000
3.000	0.000
4.000	0.000
5.000	0.000
6.000	0.000
7.000	0.000
8.000	0.000
9.000	0.000
10.000	0.000
11.000	0.000
12.000	0.000
13.000	0.000
14.000	0.000
15.000	0.000
16.000	0.000
17.000	0.000
18.000	0.000
19.000	0.000
20.000	0.000
21.000	0.000
22.000	0.000
23.000	0.000
24.000	0.000
25.000	0.000
26.000	0.000
27.000	0.000
28.000	0.000
29.000	0.000
30.000	0.000
31.000	0.000
32.000	0.000
33.000	0.000
34.000	1.000
35.000	0.000
36.000	2.000
37.000	0.000
38.000	1.000
39.000	3.000
40.000	2.000
41.000	2.000
42.000	5.000
43.000	7.000
44.000	7.000
45.000	6.000
46.000	8.000
47.000	5.000
48.000	11.000
49.000	11.000
50.000	8.000
51.000	12.000
52.000	7.000
53.000	8.000
54.000	9.000
55.000	3.000
56.000	9.000
57.000	13.000
58.000	10.000
59.000	19.000
60.000	13.000
61.000	12.000
62.000	11.000
63.000	10.000
64.000	9.000
65.000	11.000
66.000	5.000
67.000	12.000
68.000	7.000
69.000	3.000
70.000	12.000
71.000	12.000
72.000	10.000
73.000	12.000
74.000	8.000
75.000	7.000
76.000	7.000
77.000	9.000
78.000	12.000
79.000	8.000
80.000	9.000
81.000	10.000
82.000	11.000
83.000	7.000
84.000	13.000
85.000	10.000
86.000	18.000
87.000	11.000
88.000	10.000
89.000	15.000
90.000	7.000
91.000	5.000
92.000	8.000
93.000	10.000
94.000	14.000
95.000	11.000
96.000	11.000
97.000	13.000
98.000	11.000
99.000	11.000
100.000	5.000
101.000	9.000
102.000	2.000
103.000	5.000
104.000	6.000
105.000	5.000
106.000	7.000
107.000	11.000
108.000	6.000
109.000	8.000
110.000	8.000
111.000	12.000
112.000	8.000
113.000	7.000
114.000	7.000
115.000	10.000
116.000	7.000
117.000	5.000
118.000	4.000
119.000	7.000
120.000	9.000
121.000	4.000
122.000	8.000
123.000	5.000
124.000	11.000
125.000	10.000
126.000	8.000
127.000	8.000
128.000	14.000
129.000	10.000
130.000	8.000
131.000	10.000
132.000	13.000
133.000	12.000
134.000	4.000
135.000	0.000
136.000	8.000
137.000	8.000
138.000	6.000
139.000	5.000
140.000	5.000
141.000	6.000
142.000	6.000
143.000	5.000
144.000	5.000
145.000	4.000
146.000	7.000
147.000	3.000
148.000	5.000
149.000	4.000
150.000	4.000
151.000	6.000
152.000	2.000
153.000	5.000
154.000	7.000
155.000	3.000
156.000	4.000
157.000	10.000
158.000	8.000
159.000	7.000
160.000	2.000
161.000	6.000
162.000	13.000
163.000	7.000
164.000	9.000
165.000	6.000
166.000	10.000
167.000	3.000
168.000	10.000
169.000	7.000
170.000	9.000
171.000	6.000
172.000	3.000
173.000	3.000
174.000	1.000
175.000	8.000
176.000	6.000
177.000	10.000
178.000	6.000
179.000	3.000
180.000	8.000
181.000	9.000
182.000	3.000
183.000	13.000
184.000	10.000
185.000	3.000
186.000	3.000
187.000	4.000
188.000	5.000
189.000	5.000
190.000	3.000
191.000	8.000
192.000	3.000
193.000	8.000
194.000	4.000
195.000	6.000
196.000	8.000
197.000	8.000
198.000	13.000
199.000	10.000
200.000	17.000
201.000	17.000
202.000	25.000
203.000	30.000
204.000	19.000
205.000	17.000
206.000	19.000
207.000	15.000
208.000	9.000
209.000	11.000
210.000	3.000
211.000	7.000
212.000	4.000
213.000	1.000
214.000	1.000
215.000	4.000
216.000	4.000
217.000	5.000
218.000	7.000
219.000	10.000
220.000	4.000
221.000	4.000
222.000	6.000
223.000	9.000
224.000	9.000
225.000	6.000
226.000	2.000
227.000	4.000
228.000	1.000
229.000	4.000
230.000	3.000
231.000	2.000
232.000	2.000
233.000	3.000
234.000	3.000
235.000	4.000
236.000	5.000
237.000	1.000
238.000	4.000
239.000	4.000
240.000	5.000
241.000	8.000
242.000	8.000
243.000	13.000
244.000	12.000
245.000	12.000
246.000	16.000
247.000	24.000
248.000	15.000
249.000	6.000
250.000	17.000
251.000	8.000
252.000	3.000
253.000	9.000
254.000	11.000
255.000	8.000
256.000	9.000
257.000	7.000
258.000	6.000
259.000	4.000
260.000	2.000
261.000	6.000
262.000	8.000
263.000	3.000
264.000	5.000
265.000	8.000
266.000	5.000
267.000	6.000
268.000	5.000
269.000	7.000
270.000	10.000
271.000	7.000
272.000	10.000
273.000	6.000
274.000	7.000
275.000	5.000
276.000	2.000
277.000	9.000
278.000	5.000
279.000	3.000
280.000	5.000
281.000	3.000
282.000	4.000
283.000	4.000
284.000	4.000
285.000	8.000
286.000	7.000
287.000	6.000
288.000	7.000
289.000	13.000
290.000	7.000
291.000	13.000
292.000	8.000
293.000	9.000
294.000	5.000
295.000	10.000
296.000	6.000
297.000	9.000
298.000	9.000
299.000	16.000
300.000	9.000
301.000	13.000
302.000	14.000
303.000	8.000
304.000	10.000
305.000	5.000
306.000	6.000
307.000	10.000
308.000	6.000
309.000	6.000
310.000	7.000
311.000	9.000
312.000	7.000
313.000	11.000
314.000	11.000
315.000	9.000
316.000	14.000
317.000	20.000
318.000	26.000
319.000	34.000
320.000	48.000
321.000	52.000
322.000	60.000
323.000	60.000
324.000	70.000
325.000	55.000
326.000	44.000
327.000	37.000
328.000	28.000
329.000	25.000
330.000	16.000
331.000	13.000
332.000	14.000
333.000	11.000
334.000	10.000
335.000	16.000
336.000	11.000
337.000	9.000
338.000	25.000
339.000	18.000
340.000	29.000
341.000	31.000
342.000	55.000
343.000	87.000
344.000	154.000
345.000	269.000
346.000	360.000
347.000	516.000
348.000	677.000
349.000	809.000
350.000	836.000
351.000	853.000
352.000	815.000
353.000	702.000
354.000	541.000
355.000	408.000
356.000	275.000
357.000	185.000
358.000	115.000
359.000	76.000
360.000	50.000
361.000	35.000
362.000	32.000
363.000	21.000
364.000	20.000
365.000	27.000
366.000	17.000
367.000	35.000
368.000	16.000
369.000	20.000
370.000	17.000
371.000	24.000
372.000	26.000
373.000	21.000
374.000	16.000
375.000	25.000
376.000	25.000
377.000	28.000
378.000	31.000
379.000	47.000
380.000	46.000
381.000	87.000
382.000	87.000
383.000	120.000
384.000	139.000
385.000	160.000
386.000	158.000
387.000	158.000
388.000	178.000
389.000	134.000
390.000	111.000
391.000	78.000
392.000	64.000
393.000	64.000
394.000	30.000
395.000	29.000
396.000	28.000
397.000	27.000
398.000	24.000
399.000	29.000
400.000	23.000
401.000	29.000
402.000	27.000
403.000	37.000
404.000	28.000
405.000	28.000
406.000	25.000
407.000	32.000
408.000	23.000
409.000	36.000
410.000	29.000
411.000	36.000
412.000	36.000
413.000	33.000
414.000	39.000
415.000	37.000
416.000	30.000
417.000	28.000
418.000	31.000
419.000	24.000
420.000	30.000
421.000	39.000
422.000	35.000
423.000	31.000
424.000	29.000
425.000	28.000
426.000	27.000
427.000	27.000
428.000	38.000
429.000	40.000
430.000	44.000
431.000	37.000
432.000	39.000
433.000	32.000
434.000	38.000
435.000	32.000
436.000	36.000
437.000	50.000
438.000	33.000
439.000	45.000
440.000	43.000
441.000	52.000
442.000	49.000
443.000	44.000
444.000	63.000
445.000	44.000
446.000	36.000
447.000	54.000
448.000	47.000
449.000	50.000
450.000	51.000
451.000	49.000
452.000	61.000
453.000	50.000
454.000	38.000
455.000	58.000
456.000	55.000
457.000	52.000
458.000	39.000
459.000	61.000
460.000	61.000
461.000	52.000
462.000	46.000
463.000	40.000
464.000	58.000
465.000	52.000
466.000	48.000
467.000	50.000
468.000	56.000
469.000	61.000
470.000	67.000
471.000	70.000
472.000	50.000
473.000	57.000
474.000	63.000
475.000	52.000
476.000	63.000
477.000	60.000
478.000	72.000
479.000	69.000
480.000	62.000
481.000	59.000
482.000	67.000
483.000	57.000
484.000	58.000
485.000	67.000
486.000	70.000
487.000	74.000
488.000	66.000
489.000	60.000
490.000	54.000
491.000	58.000
492.000	67.000
493.000	73.000
494.000	71.000
495.000	59.000
496.000	69.000
497.000	81.000
498.000	64.000
499.000	77.000
500.000	70.000
501.000	65.000
502.000	69.000
503.000	78.000
504.000	94.000
505.000	80.000
506.000	86.000
507.000	93.000
508.000	86.000
509.000	97.000
510.000	92.000
511.000	92.000
512.000	80.000
513.000	106.000
514.000	79.000
515.000	88.000
516.000	87.000
517.000	110.000
518.000	114.000
519.000	103.000
520.000	111.000
521.000	100.000
522.000	103.000
523.000	85.000
524.000	123.000
525.000	118.000
526.000	97.000
527.000	107.000
528.000	91.000
529.000	119.000
530.000	116.000
531.000	96.000
532.000	83.000
533.000	122.000
534.000	98.000
535.000	111.000
536.000	83.000
537.000	92.000
538.000	100.000
539.000	115.000
540.000	118.000
541.000	97.000
542.000	119.000
543.000	110.000
544.000	115.000
545.000	102.000
546.000	107.000
547.000	132.000
548.000	114.000
549.000	112.000
550.000	110.000
551.000	107.000
552.000	113.000
553.000	127.000
554.000	128.000
555.000	128.000
556.000	118.000
557.000	121.000
558.000	114.000
559.000	126.000
560.000	135.000
561.000	124.000
562.000	128.000
563.000	129.000
564.000	106.000
565.000	146.000
566.000	121.000
567.000	134.000
568.000	126.000
569.000	116.000
570.000	133.000
571.000	133.000
572.000	142.000
573.000	146.000
574.000	147.000
575.000	144.000
576.000	145.000
577.000	153.000
578.000	169.000
579.000	147.000
580.000	155.000
581.000	152.000
582.000	167.000
583.000	144.000
584.000	147.000
585.000	148.000
586.000	146.000
587.000	136.000
588.000	143.000
589.000	151.000
590.000	148.000
591.000	170.000
592.000	153.000
593.000	152.000
594.000	145.000
595.000	176.000
596.000	159.000
597.000	160.000
598.000	144.000
599.000	161.000
600.000	176.000
601.000	160.000
602.000	157.000
603.000	186.000
604.000	162.000
605.000	154.000
606.000	179.000
607.000	133.000
608.000	160.000
609.000	192.000
610.000	147.000
611.000	191.000
612.000	163.000
613.000	184.000
614.000	168.000
615.000	172.000
616.000	155.000
617.000	176.000
618.000	170.000
619.000	169.000
620.000	190.000
621.000	177.000
622.000	170.000
623.000	168.000
624.000	195.000
625.000	169.000
626.000	174.000
627.000	208.000
628.000	216.000
629.000	173.000
630.000	195.000
631.000	200.000
632.000	222.000
633.000	187.000
634.000	200.000
635.000	185.000
636.000	205.000
637.000	197.000
638.000	191.000
639.000	192.000
640.000	188.000
641.000	206.000
642.000	190.000
643.000	195.000
644.000	227.000
645.000	195.000
646.000	181.000
647.000	210.000
648.000	226.000
649.000	225.000
650.000	221.000
651.000	237.000
652.000	192.000
653.000	230.000
654.000	220.000
655.000	209.000
656.000	257.000
657.000	224.000
658.000	226.000
659.000	238.000
660.000	217.000
661.000	236.000
662.000	230.000
663.000	221.000
664.000	218.000
665.000	220.000
666.000	241.000
667.000	241.000
668.000	238.000
669.000	228.000
670.000	255.000
671.000	244.000
672.000	256.000
673.000	249.000
674.000	228.000
675.000	226.000
676.000	218.000
677.000	221.000
678.000	241.000
679.000	236.000
680.000	225.000
681.000	237.000
682.000	227.000
683.000	240.000
684.000	218.000
685.000	245.000
686.000	251.000
687.000	243.000
688.000	253.000
689.000	228.000
690.000	247.000
691.000	237.000
692.000	225.000
693.000	267.000
694.000	258.000
695.000	266.000
696.000	266.000
697.000	270.000
698.000	233.000
699.000	269.000
700.000	216.000
701.000	254.000
702.000	268.000
703.000	265.000
704.000	246.000
705.000	245.000
706.000	264.000
707.000	251.000
708.000	257.000
709.000	248.000
710.000	248.000
711.000	264.000
712.000	292.000
713.000	266.000
714.000	269.000
715.000	275.000
716.000	274.000
717.000	245.000
718.000	273.000
719.000	293.000
720.000	259.000
721.000	263.000
722.000	261.000
723.000	301.000
724.000	270.000
725.000	290.000
726.000	269.000
727.000	259.000
728.000	273.000
729.000	252.000
730.000	280.000
731.000	314.000
732.000	288.000
733.000	294.000
734.000	306.000
735.000	293.000
736.000	271.000
737.000	274.000
738.000	284.000
739.000	301.000
740.000	255.000
741.000	287.000
742.000	278.000
743.000	309.000
744.000	301.000
745.000	297.000
746.000	270.000
747.000	286.000
748.000	290.000
749.000	279.000
750.000	268.000
751.000	268.000
752.000	303.000
753.000	256.000
754.000	292.000
755.000	320.000
756.000	307.000
757.000	296.000
758.000	281.000
759.000	271.000
760.000	282.000
761.000	294.000
762.000	279.000
763.000	283.000
764.000	300.000
765.000	331.000
766.000	300.000
767.000	304.000
768.000	302.000
769.000	314.000
770.000	348.000
771.000	321.000
772.000	321.000
773.000	310.000
774.000	319.000
775.000	333.000
776.000	312.000
777.000	351.000
778.000	294.000
779.000	348.000
780.000	305.000
781.000	305.000
782.000	314.000
783.000	344.000
784.000	331.000
785.000	277.000
786.000	289.000
787.000	281.000
788.000	311.000
789.000	305.000
790.000	303.000
791.000	352.000
792.000	255.000
793.000	324.000
794.000	300.000
795.000	326.000
796.000	333.000
797.000	334.000
798.000	338.000
799.000	330.000
800.000	292.000
801.000	327.000
802.000	301.000
803.000	317.000
804.000	298.000
805.000	297.000
806.000	331.000
807.000	335.000
808.000	326.000
809.000	307.000
810.000	323.000
811.000	299.000
812.000	339.000
813.000	316.000
814.000	312.000
815.000	327.000
816.000	311.000
817.000	330.000
818.000	361.000
819.000	334.000
820.000	329.000
821.000	339.000
822.000	337.000
823.000	347.000
824.000	369.000
825.000	336.000
826.000	366.000
827.000	349.000
828.000	361.000
829.000	330.000
830.000	324.000
831.000	351.000
832.000	313.000
833.000	338.000
834.000	345.000
835.000	363.000
836.000	369.000
837.000	336.000
838.000	395.000
839.000	337.000
840.000	356.000
841.000	367.000
842.000	360.000
843.000	340.000
844.000	365.000
845.000	390.000
846.000	366.000
847.000	355.000
848.000	434.000
849.000	360.000
850.000	377.000
851.000	360.000
852.000	392.000
853.000	388.000
854.000	387.000
855.000	360.000
856.000	397.000
857.000	396.000
858.000	426.000
859.000	389.000
860.000	402.000
861.000	403.000
862.000	387.000
863.000	465.000
864.000	432.000
865.000	449.000
866.000	481.000
867.000	476.000
868.000	508.000
869.000	427.000
870.000	545.000
871.000	525.000
872.000	518.000
873.000	597.000
874.000	577.000
875.000	585.000
876.000	567.000
877.000	613.000
878.000	656.000
879.000	675.000
880.000	700.000
881.000	751.000
882.000	735.000
883.000	863.000
884.000	866.000
885.000	932.000
886.000	985.000
887.000	1087.000
888.000	1159.000
889.000	1141.000
890.000	1277.000
891.000	1342.000
892.000	1452.000
893.000	1370.000
894.000	1551.000
895.000	1534.000
896.000	1610.000
897.000	1635.000
898.000	1683.000
899.000	1603.000
900.000	1676.000
901.000	1632.000
902.000	1676.000
903.000	1618.000
904.000	1619.000
905.000	1623.000
906.000	1592.000
907.000	1481.000
908.000	1446.000
909.000	1401.000
910.000	1293.000
911.000	1210.000
912.000	1144.000
913.000	1091.000
914.000	1009.000
915.000	955.000
916.000	982.000
917.000	905.000
918.000	816.000
919.000	771.000
920.000	664.000
921.000	678.000
922.000	613.000
923.000	658.000
924.000	572.000
925.000	568.000
926.000	497.000
927.000	491.000
928.000	465.000
929.000	451.000
930.000	446.000
931.000	445.000
932.000	440.000
933.000	429.000
934.000	407.000
935.000	379.000
936.000	424.000
937.000	429.000
938.000	409.000
939.000	386.000
940.000	450.000
941.000	445.000
942.000	443.000
943.000	498.000
944.000	491.000
945.000	540.000
946.000	635.000
947.000	678.000
948.000	721.000
949.000	760.000
950.000	797.000
951.000	826.000
952.000	916.000
953.000	922.000
954.000	853.000
955.000	863.000
956.000	805.000
957.000	769.000
958.000	721.000
959.000	608.000
960.000	568.000
961.000	504.000
962.000	490.000
963.000	454.000
964.000	412.000
965.000	385.000
966.000	367.000
967.000	305.000
968.000	312.000
969.000	304.000
970.000	320.000
971.000	301.000
972.000	265.000
973.000	330.000
974.000	303.000
975.000	315.000
976.000	317.000
977.000	284.000
978.000	349.000
979.000	328.000
980.000	343.000
981.000	346.000
982.000	351.000
983.000	331.000
984.000	350.000
985.000	351.000
986.000	328.000
987.000	354.000
988.000	399.000
989.000	378.000
990.000	398.000
991.000	402.000
992.000	409.000
993.000	395.000
994.000	394.000
995.000	435.000
996.000	425.000
997.000	450.000
998.000	471.000
999.000	452.000
1000.000	490.000
1001.000	512.000
1002.000	483.000
1003.000	448.000
1004.000	462.000
1005.000	474.000
1006.000	461.000
1007.000	458.000
1008.000	482.000
1009.000	478.000
1010.000	461.000
1011.000	446.000
1012.000	463.000
1013.000	419.000
1014.000	432.000
1015.000	437.000
1016.000	396.000
1017.000	350.000
1018.000	339.000
1019.000	347.000
1020.000	363.000
1021.000	330.000
1022.000	322.000
1023.000	282.000
1024.000	306.000
