Date:	8/19/2008		Time:	9:40 AM		Version no:	0.00		Project name:	55		Sample name:	222		Section name:	section		Position	692.039995	mm	E0	0.000000	keV	E1	1.000000	keV/channel	sample surface	7.630690	cm	Tube anode:	Mo		Tube voltage:	30	kV	Tube current:	50	mA	gain	20		std. database			resultfile	result		matrix element	11		sample thickness	1.000000		air passage	0.560000	cm	comments	not in position		peaking_time	3.000000	m-sec	trigger_threshold	1229.166667	V	mca_bin_width	22.090000	no:	number_mca_channels	1024.000000	no:	gap_time	0.400000	m-sec	trigger_peaking_time	0.150000	m-sec	GAINDAC	9455		HIGHGAIN	1		TAURC	0		RCTAU	53		RCTAUFRAC	32768		livetime	9.729934	seconds	runtime	10.000502	seconds	input_count_rate	26.238923	cps	output_count_rate	20.382776	cps	triggers	255303	seconds	events_in_run	203838	seconds	channel	content		1.000	0.000
2.000	0.000
3.000	0.000
4.000	0.000
5.000	0.000
6.000	0.000
7.000	0.000
8.000	0.000
9.000	0.000
10.000	0.000
11.000	0.000
12.000	0.000
13.000	0.000
14.000	0.000
15.000	0.000
16.000	0.000
17.000	0.000
18.000	0.000
19.000	0.000
20.000	0.000
21.000	0.000
22.000	0.000
23.000	0.000
24.000	0.000
25.000	0.000
26.000	0.000
27.000	0.000
28.000	0.000
29.000	0.000
30.000	0.000
31.000	1.000
32.000	0.000
33.000	0.000
34.000	0.000
35.000	0.000
36.000	0.000
37.000	2.000
38.000	1.000
39.000	1.000
40.000	3.000
41.000	4.000
42.000	4.000
43.000	4.000
44.000	5.000
45.000	13.000
46.000	4.000
47.000	6.000
48.000	8.000
49.000	5.000
50.000	4.000
51.000	9.000
52.000	12.000
53.000	13.000
54.000	10.000
55.000	11.000
56.000	12.000
57.000	10.000
58.000	15.000
59.000	6.000
60.000	7.000
61.000	7.000
62.000	10.000
63.000	3.000
64.000	8.000
65.000	8.000
66.000	4.000
67.000	10.000
68.000	7.000
69.000	5.000
70.000	11.000
71.000	2.000
72.000	6.000
73.000	12.000
74.000	9.000
75.000	8.000
76.000	7.000
77.000	11.000
78.000	7.000
79.000	10.000
80.000	6.000
81.000	8.000
82.000	8.000
83.000	8.000
84.000	8.000
85.000	3.000
86.000	9.000
87.000	13.000
88.000	13.000
89.000	3.000
90.000	7.000
91.000	7.000
92.000	11.000
93.000	4.000
94.000	12.000
95.000	8.000
96.000	10.000
97.000	8.000
98.000	8.000
99.000	8.000
100.000	7.000
101.000	8.000
102.000	8.000
103.000	3.000
104.000	4.000
105.000	3.000
106.000	5.000
107.000	12.000
108.000	11.000
109.000	9.000
110.000	8.000
111.000	4.000
112.000	6.000
113.000	5.000
114.000	6.000
115.000	6.000
116.000	6.000
117.000	7.000
118.000	2.000
119.000	5.000
120.000	5.000
121.000	3.000
122.000	8.000
123.000	5.000
124.000	7.000
125.000	5.000
126.000	4.000
127.000	11.000
128.000	11.000
129.000	12.000
130.000	6.000
131.000	4.000
132.000	11.000
133.000	6.000
134.000	5.000
135.000	10.000
136.000	2.000
137.000	1.000
138.000	7.000
139.000	4.000
140.000	3.000
141.000	6.000
142.000	5.000
143.000	5.000
144.000	4.000
145.000	7.000
146.000	3.000
147.000	6.000
148.000	0.000
149.000	5.000
150.000	2.000
151.000	4.000
152.000	3.000
153.000	7.000
154.000	3.000
155.000	1.000
156.000	5.000
157.000	1.000
158.000	4.000
159.000	6.000
160.000	7.000
161.000	9.000
162.000	9.000
163.000	7.000
164.000	11.000
165.000	10.000
166.000	6.000
167.000	3.000
168.000	5.000
169.000	5.000
170.000	4.000
171.000	3.000
172.000	4.000
173.000	6.000
174.000	5.000
175.000	6.000
176.000	1.000
177.000	10.000
178.000	7.000
179.000	5.000
180.000	5.000
181.000	15.000
182.000	8.000
183.000	11.000
184.000	8.000
185.000	7.000
186.000	7.000
187.000	3.000
188.000	2.000
189.000	5.000
190.000	3.000
191.000	0.000
192.000	4.000
193.000	2.000
194.000	7.000
195.000	2.000
196.000	6.000
197.000	6.000
198.000	13.000
199.000	13.000
200.000	15.000
201.000	31.000
202.000	25.000
203.000	27.000
204.000	19.000
205.000	24.000
206.000	10.000
207.000	8.000
208.000	7.000
209.000	3.000
210.000	5.000
211.000	2.000
212.000	5.000
213.000	2.000
214.000	7.000
215.000	5.000
216.000	1.000
217.000	6.000
218.000	4.000
219.000	13.000
220.000	11.000
221.000	7.000
222.000	6.000
223.000	12.000
224.000	4.000
225.000	2.000
226.000	4.000
227.000	3.000
228.000	6.000
229.000	5.000
230.000	5.000
231.000	2.000
232.000	2.000
233.000	5.000
234.000	1.000
235.000	2.000
236.000	3.000
237.000	4.000
238.000	3.000
239.000	6.000
240.000	3.000
241.000	7.000
242.000	13.000
243.000	7.000
244.000	7.000
245.000	12.000
246.000	10.000
247.000	5.000
248.000	17.000
249.000	15.000
250.000	3.000
251.000	13.000
252.000	3.000
253.000	7.000
254.000	5.000
255.000	2.000
256.000	5.000
257.000	6.000
258.000	8.000
259.000	3.000
260.000	7.000
261.000	5.000
262.000	7.000
263.000	6.000
264.000	4.000
265.000	3.000
266.000	5.000
267.000	2.000
268.000	6.000
269.000	6.000
270.000	9.000
271.000	5.000
272.000	6.000
273.000	1.000
274.000	6.000
275.000	9.000
276.000	6.000
277.000	7.000
278.000	4.000
279.000	3.000
280.000	9.000
281.000	5.000
282.000	7.000
283.000	8.000
284.000	7.000
285.000	6.000
286.000	4.000
287.000	6.000
288.000	5.000
289.000	8.000
290.000	7.000
291.000	3.000
292.000	6.000
293.000	11.000
294.000	3.000
295.000	7.000
296.000	7.000
297.000	6.000
298.000	12.000
299.000	6.000
300.000	10.000
301.000	8.000
302.000	11.000
303.000	5.000
304.000	9.000
305.000	10.000
306.000	6.000
307.000	8.000
308.000	5.000
309.000	7.000
310.000	4.000
311.000	10.000
312.000	10.000
313.000	7.000
314.000	13.000
315.000	8.000
316.000	14.000
317.000	14.000
318.000	16.000
319.000	29.000
320.000	36.000
321.000	52.000
322.000	55.000
323.000	52.000
324.000	52.000
325.000	60.000
326.000	39.000
327.000	34.000
328.000	28.000
329.000	30.000
330.000	18.000
331.000	13.000
332.000	10.000
333.000	11.000
334.000	10.000
335.000	20.000
336.000	11.000
337.000	8.000
338.000	21.000
339.000	21.000
340.000	14.000
341.000	27.000
342.000	44.000
343.000	86.000
344.000	122.000
345.000	237.000
346.000	305.000
347.000	382.000
348.000	529.000
349.000	619.000
350.000	719.000
351.000	694.000
352.000	605.000
353.000	573.000
354.000	461.000
355.000	323.000
356.000	235.000
357.000	151.000
358.000	91.000
359.000	63.000
360.000	35.000
361.000	22.000
362.000	15.000
363.000	19.000
364.000	11.000
365.000	10.000
366.000	22.000
367.000	18.000
368.000	16.000
369.000	24.000
370.000	20.000
371.000	21.000
372.000	23.000
373.000	16.000
374.000	16.000
375.000	18.000
376.000	24.000
377.000	29.000
378.000	26.000
379.000	37.000
380.000	45.000
381.000	56.000
382.000	69.000
383.000	92.000
384.000	109.000
385.000	111.000
386.000	113.000
387.000	128.000
388.000	142.000
389.000	93.000
390.000	84.000
391.000	74.000
392.000	54.000
393.000	42.000
394.000	40.000
395.000	17.000
396.000	32.000
397.000	28.000
398.000	26.000
399.000	18.000
400.000	17.000
401.000	27.000
402.000	21.000
403.000	19.000
404.000	17.000
405.000	26.000
406.000	15.000
407.000	21.000
408.000	25.000
409.000	24.000
410.000	20.000
411.000	24.000
412.000	35.000
413.000	24.000
414.000	32.000
415.000	21.000
416.000	23.000
417.000	28.000
418.000	22.000
419.000	32.000
420.000	28.000
421.000	31.000
422.000	28.000
423.000	30.000
424.000	28.000
425.000	27.000
426.000	29.000
427.000	29.000
428.000	34.000
429.000	32.000
430.000	36.000
431.000	32.000
432.000	30.000
433.000	32.000
434.000	43.000
435.000	36.000
436.000	26.000
437.000	38.000
438.000	37.000
439.000	53.000
440.000	35.000
441.000	36.000
442.000	44.000
443.000	45.000
444.000	48.000
445.000	34.000
446.000	37.000
447.000	40.000
448.000	41.000
449.000	41.000
450.000	33.000
451.000	33.000
452.000	47.000
453.000	41.000
454.000	50.000
455.000	47.000
456.000	45.000
457.000	37.000
458.000	57.000
459.000	45.000
460.000	46.000
461.000	44.000
462.000	59.000
463.000	57.000
464.000	53.000
465.000	52.000
466.000	36.000
467.000	54.000
468.000	55.000
469.000	37.000
470.000	46.000
471.000	57.000
472.000	52.000
473.000	66.000
474.000	34.000
475.000	58.000
476.000	56.000
477.000	54.000
478.000	43.000
479.000	56.000
480.000	62.000
481.000	52.000
482.000	61.000
483.000	51.000
484.000	56.000
485.000	62.000
486.000	47.000
487.000	50.000
488.000	56.000
489.000	60.000
490.000	59.000
491.000	48.000
492.000	60.000
493.000	68.000
494.000	48.000
495.000	60.000
496.000	56.000
497.000	56.000
498.000	54.000
499.000	63.000
500.000	54.000
501.000	49.000
502.000	76.000
503.000	72.000
504.000	62.000
505.000	70.000
506.000	71.000
507.000	76.000
508.000	50.000
509.000	72.000
510.000	82.000
511.000	65.000
512.000	65.000
513.000	74.000
514.000	57.000
515.000	55.000
516.000	84.000
517.000	82.000
518.000	67.000
519.000	95.000
520.000	85.000
521.000	76.000
522.000	75.000
523.000	77.000
524.000	69.000
525.000	71.000
526.000	91.000
527.000	82.000
528.000	81.000
529.000	96.000
530.000	62.000
531.000	90.000
532.000	89.000
533.000	84.000
534.000	87.000
535.000	79.000
536.000	97.000
537.000	82.000
538.000	80.000
539.000	70.000
540.000	68.000
541.000	75.000
542.000	92.000
543.000	93.000
544.000	75.000
545.000	77.000
546.000	96.000
547.000	78.000
548.000	88.000
549.000	86.000
550.000	89.000
551.000	95.000
552.000	103.000
553.000	87.000
554.000	84.000
555.000	107.000
556.000	100.000
557.000	93.000
558.000	94.000
559.000	89.000
560.000	100.000
561.000	95.000
562.000	107.000
563.000	97.000
564.000	110.000
565.000	103.000
566.000	100.000
567.000	105.000
568.000	110.000
569.000	106.000
570.000	103.000
571.000	91.000
572.000	82.000
573.000	111.000
574.000	99.000
575.000	126.000
576.000	115.000
577.000	118.000
578.000	105.000
579.000	109.000
580.000	102.000
581.000	116.000
582.000	117.000
583.000	108.000
584.000	120.000
585.000	107.000
586.000	124.000
587.000	102.000
588.000	110.000
589.000	136.000
590.000	118.000
591.000	123.000
592.000	99.000
593.000	112.000
594.000	128.000
595.000	117.000
596.000	123.000
597.000	122.000
598.000	130.000
599.000	130.000
600.000	130.000
601.000	120.000
602.000	134.000
603.000	125.000
604.000	126.000
605.000	130.000
606.000	123.000
607.000	120.000
608.000	122.000
609.000	136.000
610.000	131.000
611.000	120.000
612.000	125.000
613.000	145.000
614.000	132.000
615.000	130.000
616.000	151.000
617.000	130.000
618.000	145.000
619.000	126.000
620.000	150.000
621.000	139.000
622.000	165.000
623.000	132.000
624.000	128.000
625.000	117.000
626.000	128.000
627.000	150.000
628.000	136.000
629.000	179.000
630.000	139.000
631.000	159.000
632.000	148.000
633.000	146.000
634.000	152.000
635.000	141.000
636.000	161.000
637.000	159.000
638.000	145.000
639.000	151.000
640.000	138.000
641.000	139.000
642.000	149.000
643.000	157.000
644.000	141.000
645.000	154.000
646.000	173.000
647.000	153.000
648.000	151.000
649.000	170.000
650.000	154.000
651.000	166.000
652.000	176.000
653.000	178.000
654.000	156.000
655.000	154.000
656.000	165.000
657.000	173.000
658.000	155.000
659.000	149.000
660.000	166.000
661.000	159.000
662.000	161.000
663.000	158.000
664.000	171.000
665.000	162.000
666.000	158.000
667.000	180.000
668.000	167.000
669.000	163.000
670.000	157.000
671.000	190.000
672.000	162.000
673.000	147.000
674.000	159.000
675.000	163.000
676.000	177.000
677.000	193.000
678.000	182.000
679.000	163.000
680.000	208.000
681.000	198.000
682.000	159.000
683.000	181.000
684.000	179.000
685.000	197.000
686.000	184.000
687.000	175.000
688.000	167.000
689.000	193.000
690.000	202.000
691.000	200.000
692.000	182.000
693.000	194.000
694.000	191.000
695.000	182.000
696.000	184.000
697.000	189.000
698.000	196.000
699.000	196.000
700.000	200.000
701.000	197.000
702.000	251.000
703.000	195.000
704.000	225.000
705.000	170.000
706.000	210.000
707.000	204.000
708.000	192.000
709.000	203.000
710.000	192.000
711.000	221.000
712.000	187.000
713.000	178.000
714.000	211.000
715.000	212.000
716.000	223.000
717.000	219.000
718.000	216.000
719.000	224.000
720.000	186.000
721.000	209.000
722.000	204.000
723.000	190.000
724.000	208.000
725.000	219.000
726.000	201.000
727.000	222.000
728.000	212.000
729.000	210.000
730.000	200.000
731.000	227.000
732.000	194.000
733.000	225.000
734.000	224.000
735.000	224.000
736.000	232.000
737.000	227.000
738.000	207.000
739.000	217.000
740.000	230.000
741.000	257.000
742.000	199.000
743.000	224.000
744.000	213.000
745.000	211.000
746.000	199.000
747.000	207.000
748.000	236.000
749.000	214.000
750.000	229.000
751.000	225.000
752.000	217.000
753.000	229.000
754.000	212.000
755.000	230.000
756.000	231.000
757.000	227.000
758.000	209.000
759.000	248.000
760.000	260.000
761.000	224.000
762.000	225.000
763.000	222.000
764.000	233.000
765.000	254.000
766.000	258.000
767.000	247.000
768.000	263.000
769.000	247.000
770.000	269.000
771.000	274.000
772.000	253.000
773.000	279.000
774.000	239.000
775.000	262.000
776.000	247.000
777.000	246.000
778.000	252.000
779.000	233.000
780.000	237.000
781.000	271.000
782.000	216.000
783.000	250.000
784.000	255.000
785.000	250.000
786.000	242.000
787.000	231.000
788.000	269.000
789.000	221.000
790.000	253.000
791.000	261.000
792.000	229.000
793.000	227.000
794.000	273.000
795.000	244.000
796.000	235.000
797.000	270.000
798.000	262.000
799.000	242.000
800.000	240.000
801.000	273.000
802.000	248.000
803.000	257.000
804.000	248.000
805.000	256.000
806.000	264.000
807.000	266.000
808.000	246.000
809.000	235.000
810.000	240.000
811.000	263.000
812.000	264.000
813.000	272.000
814.000	281.000
815.000	276.000
816.000	283.000
817.000	240.000
818.000	281.000
819.000	269.000
820.000	263.000
821.000	256.000
822.000	264.000
823.000	305.000
824.000	265.000
825.000	282.000
826.000	302.000
827.000	261.000
828.000	266.000
829.000	290.000
830.000	276.000
831.000	264.000
832.000	267.000
833.000	263.000
834.000	267.000
835.000	281.000
836.000	286.000
837.000	308.000
838.000	275.000
839.000	265.000
840.000	287.000
841.000	267.000
842.000	299.000
843.000	295.000
844.000	293.000
845.000	296.000
846.000	310.000
847.000	289.000
848.000	281.000
849.000	326.000
850.000	322.000
851.000	323.000
852.000	334.000
853.000	283.000
854.000	319.000
855.000	327.000
856.000	299.000
857.000	335.000
858.000	336.000
859.000	378.000
860.000	354.000
861.000	402.000
862.000	333.000
863.000	349.000
864.000	380.000
865.000	355.000
866.000	399.000
867.000	423.000
868.000	380.000
869.000	411.000
870.000	419.000
871.000	364.000
872.000	429.000
873.000	452.000
874.000	489.000
875.000	483.000
876.000	478.000
877.000	515.000
878.000	591.000
879.000	573.000
880.000	587.000
881.000	588.000
882.000	732.000
883.000	716.000
884.000	758.000
885.000	842.000
886.000	858.000
887.000	895.000
888.000	970.000
889.000	1015.000
890.000	1029.000
891.000	1106.000
892.000	1167.000
893.000	1213.000
894.000	1248.000
895.000	1221.000
896.000	1325.000
897.000	1299.000
898.000	1279.000
899.000	1412.000
900.000	1377.000
901.000	1391.000
902.000	1398.000
903.000	1312.000
904.000	1327.000
905.000	1240.000
906.000	1291.000
907.000	1253.000
908.000	1221.000
909.000	1098.000
910.000	1058.000
911.000	984.000
912.000	926.000
913.000	884.000
914.000	820.000
915.000	804.000
916.000	741.000
917.000	687.000
918.000	655.000
919.000	641.000
920.000	625.000
921.000	572.000
922.000	533.000
923.000	496.000
924.000	493.000
925.000	469.000
926.000	459.000
927.000	451.000
928.000	412.000
929.000	379.000
930.000	386.000
931.000	382.000
932.000	362.000
933.000	381.000
934.000	354.000
935.000	306.000
936.000	320.000
937.000	344.000
938.000	324.000
939.000	353.000
940.000	333.000
941.000	333.000
942.000	400.000
943.000	428.000
944.000	421.000
945.000	469.000
946.000	508.000
947.000	593.000
948.000	569.000
949.000	648.000
950.000	701.000
951.000	732.000
952.000	733.000
953.000	753.000
954.000	748.000
955.000	727.000
956.000	672.000
957.000	642.000
958.000	587.000
959.000	552.000
960.000	467.000
961.000	469.000
962.000	419.000
963.000	365.000
964.000	329.000
965.000	307.000
966.000	325.000
967.000	301.000
968.000	270.000
969.000	265.000
970.000	282.000
971.000	284.000
972.000	293.000
973.000	299.000
974.000	267.000
975.000	262.000
976.000	276.000
977.000	260.000
978.000	257.000
979.000	313.000
980.000	278.000
981.000	299.000
982.000	278.000
983.000	316.000
984.000	319.000
985.000	304.000
986.000	265.000
987.000	318.000
988.000	329.000
989.000	347.000
990.000	363.000
991.000	373.000
992.000	365.000
993.000	348.000
994.000	442.000
995.000	359.000
996.000	411.000
997.000	391.000
998.000	390.000
999.000	414.000
1000.000	390.000
1001.000	386.000
1002.000	383.000
1003.000	417.000
1004.000	445.000
1005.000	438.000
1006.000	375.000
1007.000	411.000
1008.000	368.000
1009.000	420.000
1010.000	416.000
1011.000	359.000
1012.000	389.000
1013.000	398.000
1014.000	314.000
1015.000	329.000
1016.000	316.000
1017.000	351.000
1018.000	352.000
1019.000	281.000
1020.000	291.000
1021.000	310.000
1022.000	281.000
1023.000	270.000
1024.000	258.000
