Date:	8/19/2008		Time:	8:38 AM		Version no:	0.00		Project name:	55		Sample name:	222		Section name:	section		Position	30.039995	mm	E0	0.000000	keV	E1	1.000000	keV/channel	sample surface	7.663905	cm	Tube anode:	Mo		Tube voltage:	30	kV	Tube current:	50	mA	gain	20		std. database			resultfile	result		matrix element	11		sample thickness	1.000000		air passage	0.560000	cm	comments	in position		peaking_time	3.000000	m-sec	trigger_threshold	1229.166667	V	mca_bin_width	22.090000	no:	number_mca_channels	1024.000000	no:	gap_time	0.400000	m-sec	trigger_peaking_time	0.150000	m-sec	GAINDAC	9455		HIGHGAIN	1		TAURC	0		RCTAU	53		RCTAUFRAC	32768		livetime	9.665054	seconds	runtime	10.000502	seconds	input_count_rate	31.464388	cps	output_count_rate	23.386727	cps	triggers	304105	seconds	events_in_run	233879	seconds	channel	content		1.000	0.000
2.000	0.000
3.000	0.000
4.000	0.000
5.000	0.000
6.000	0.000
7.000	0.000
8.000	0.000
9.000	0.000
10.000	0.000
11.000	0.000
12.000	0.000
13.000	0.000
14.000	0.000
15.000	0.000
16.000	0.000
17.000	0.000
18.000	0.000
19.000	0.000
20.000	0.000
21.000	0.000
22.000	0.000
23.000	0.000
24.000	0.000
25.000	0.000
26.000	0.000
27.000	0.000
28.000	0.000
29.000	0.000
30.000	0.000
31.000	0.000
32.000	2.000
33.000	0.000
34.000	3.000
35.000	1.000
36.000	3.000
37.000	2.000
38.000	3.000
39.000	4.000
40.000	4.000
41.000	4.000
42.000	2.000
43.000	6.000
44.000	1.000
45.000	6.000
46.000	4.000
47.000	5.000
48.000	5.000
49.000	4.000
50.000	7.000
51.000	11.000
52.000	8.000
53.000	5.000
54.000	10.000
55.000	13.000
56.000	13.000
57.000	15.000
58.000	11.000
59.000	10.000
60.000	9.000
61.000	16.000
62.000	11.000
63.000	8.000
64.000	13.000
65.000	11.000
66.000	13.000
67.000	12.000
68.000	13.000
69.000	6.000
70.000	11.000
71.000	12.000
72.000	10.000
73.000	6.000
74.000	10.000
75.000	11.000
76.000	10.000
77.000	9.000
78.000	9.000
79.000	10.000
80.000	11.000
81.000	9.000
82.000	8.000
83.000	5.000
84.000	8.000
85.000	5.000
86.000	14.000
87.000	11.000
88.000	7.000
89.000	9.000
90.000	4.000
91.000	6.000
92.000	11.000
93.000	11.000
94.000	8.000
95.000	9.000
96.000	11.000
97.000	8.000
98.000	8.000
99.000	11.000
100.000	10.000
101.000	7.000
102.000	17.000
103.000	7.000
104.000	6.000
105.000	9.000
106.000	8.000
107.000	12.000
108.000	13.000
109.000	6.000
110.000	5.000
111.000	15.000
112.000	4.000
113.000	7.000
114.000	4.000
115.000	7.000
116.000	4.000
117.000	4.000
118.000	6.000
119.000	3.000
120.000	8.000
121.000	8.000
122.000	10.000
123.000	6.000
124.000	6.000
125.000	12.000
126.000	10.000
127.000	3.000
128.000	8.000
129.000	16.000
130.000	4.000
131.000	4.000
132.000	1.000
133.000	9.000
134.000	7.000
135.000	2.000
136.000	2.000
137.000	12.000
138.000	4.000
139.000	5.000
140.000	6.000
141.000	2.000
142.000	2.000
143.000	4.000
144.000	7.000
145.000	5.000
146.000	6.000
147.000	3.000
148.000	5.000
149.000	4.000
150.000	7.000
151.000	8.000
152.000	4.000
153.000	4.000
154.000	3.000
155.000	5.000
156.000	1.000
157.000	3.000
158.000	6.000
159.000	7.000
160.000	10.000
161.000	5.000
162.000	9.000
163.000	7.000
164.000	4.000
165.000	5.000
166.000	10.000
167.000	5.000
168.000	2.000
169.000	1.000
170.000	1.000
171.000	1.000
172.000	4.000
173.000	4.000
174.000	6.000
175.000	3.000
176.000	7.000
177.000	7.000
178.000	6.000
179.000	8.000
180.000	7.000
181.000	11.000
182.000	12.000
183.000	5.000
184.000	6.000
185.000	10.000
186.000	6.000
187.000	7.000
188.000	7.000
189.000	7.000
190.000	6.000
191.000	1.000
192.000	7.000
193.000	7.000
194.000	5.000
195.000	3.000
196.000	6.000
197.000	10.000
198.000	15.000
199.000	21.000
200.000	34.000
201.000	34.000
202.000	29.000
203.000	22.000
204.000	28.000
205.000	30.000
206.000	22.000
207.000	11.000
208.000	8.000
209.000	5.000
210.000	6.000
211.000	5.000
212.000	2.000
213.000	7.000
214.000	4.000
215.000	3.000
216.000	7.000
217.000	5.000
218.000	8.000
219.000	7.000
220.000	9.000
221.000	10.000
222.000	9.000
223.000	4.000
224.000	2.000
225.000	4.000
226.000	6.000
227.000	5.000
228.000	5.000
229.000	9.000
230.000	5.000
231.000	3.000
232.000	5.000
233.000	5.000
234.000	1.000
235.000	5.000
236.000	4.000
237.000	3.000
238.000	4.000
239.000	4.000
240.000	4.000
241.000	3.000
242.000	6.000
243.000	9.000
244.000	7.000
245.000	10.000
246.000	16.000
247.000	5.000
248.000	12.000
249.000	12.000
250.000	12.000
251.000	8.000
252.000	9.000
253.000	7.000
254.000	6.000
255.000	0.000
256.000	4.000
257.000	8.000
258.000	9.000
259.000	7.000
260.000	8.000
261.000	7.000
262.000	4.000
263.000	5.000
264.000	6.000
265.000	9.000
266.000	4.000
267.000	7.000
268.000	12.000
269.000	10.000
270.000	6.000
271.000	9.000
272.000	4.000
273.000	7.000
274.000	7.000
275.000	9.000
276.000	3.000
277.000	5.000
278.000	9.000
279.000	10.000
280.000	5.000
281.000	3.000
282.000	5.000
283.000	8.000
284.000	7.000
285.000	7.000
286.000	7.000
287.000	6.000
288.000	3.000
289.000	10.000
290.000	4.000
291.000	10.000
292.000	9.000
293.000	7.000
294.000	5.000
295.000	15.000
296.000	15.000
297.000	10.000
298.000	9.000
299.000	8.000
300.000	9.000
301.000	17.000
302.000	7.000
303.000	12.000
304.000	8.000
305.000	8.000
306.000	8.000
307.000	17.000
308.000	11.000
309.000	9.000
310.000	4.000
311.000	9.000
312.000	10.000
313.000	9.000
314.000	7.000
315.000	16.000
316.000	25.000
317.000	21.000
318.000	16.000
319.000	30.000
320.000	50.000
321.000	48.000
322.000	52.000
323.000	58.000
324.000	54.000
325.000	55.000
326.000	41.000
327.000	27.000
328.000	38.000
329.000	25.000
330.000	16.000
331.000	16.000
332.000	14.000
333.000	13.000
334.000	16.000
335.000	15.000
336.000	10.000
337.000	13.000
338.000	22.000
339.000	21.000
340.000	18.000
341.000	31.000
342.000	51.000
343.000	111.000
344.000	190.000
345.000	256.000
346.000	352.000
347.000	505.000
348.000	664.000
349.000	792.000
350.000	899.000
351.000	869.000
352.000	842.000
353.000	731.000
354.000	515.000
355.000	404.000
356.000	283.000
357.000	189.000
358.000	121.000
359.000	61.000
360.000	40.000
361.000	30.000
362.000	33.000
363.000	19.000
364.000	18.000
365.000	19.000
366.000	15.000
367.000	24.000
368.000	14.000
369.000	21.000
370.000	20.000
371.000	23.000
372.000	15.000
373.000	34.000
374.000	25.000
375.000	31.000
376.000	23.000
377.000	37.000
378.000	34.000
379.000	43.000
380.000	61.000
381.000	70.000
382.000	85.000
383.000	106.000
384.000	137.000
385.000	166.000
386.000	163.000
387.000	160.000
388.000	136.000
389.000	104.000
390.000	113.000
391.000	85.000
392.000	65.000
393.000	55.000
394.000	22.000
395.000	31.000
396.000	25.000
397.000	22.000
398.000	37.000
399.000	27.000
400.000	24.000
401.000	24.000
402.000	25.000
403.000	22.000
404.000	30.000
405.000	33.000
406.000	27.000
407.000	26.000
408.000	32.000
409.000	24.000
410.000	26.000
411.000	32.000
412.000	36.000
413.000	34.000
414.000	26.000
415.000	28.000
416.000	32.000
417.000	39.000
418.000	38.000
419.000	25.000
420.000	23.000
421.000	30.000
422.000	40.000
423.000	32.000
424.000	32.000
425.000	32.000
426.000	35.000
427.000	25.000
428.000	34.000
429.000	42.000
430.000	45.000
431.000	30.000
432.000	26.000
433.000	40.000
434.000	35.000
435.000	40.000
436.000	35.000
437.000	38.000
438.000	38.000
439.000	38.000
440.000	38.000
441.000	40.000
442.000	44.000
443.000	37.000
444.000	59.000
445.000	44.000
446.000	44.000
447.000	54.000
448.000	44.000
449.000	61.000
450.000	44.000
451.000	53.000
452.000	49.000
453.000	30.000
454.000	61.000
455.000	64.000
456.000	53.000
457.000	69.000
458.000	52.000
459.000	51.000
460.000	44.000
461.000	45.000
462.000	51.000
463.000	51.000
464.000	61.000
465.000	53.000
466.000	50.000
467.000	61.000
468.000	54.000
469.000	54.000
470.000	70.000
471.000	72.000
472.000	55.000
473.000	63.000
474.000	63.000
475.000	57.000
476.000	58.000
477.000	62.000
478.000	57.000
479.000	68.000
480.000	53.000
481.000	62.000
482.000	58.000
483.000	74.000
484.000	50.000
485.000	60.000
486.000	55.000
487.000	67.000
488.000	65.000
489.000	55.000
490.000	68.000
491.000	72.000
492.000	59.000
493.000	61.000
494.000	73.000
495.000	72.000
496.000	79.000
497.000	76.000
498.000	69.000
499.000	87.000
500.000	63.000
501.000	79.000
502.000	76.000
503.000	75.000
504.000	76.000
505.000	75.000
506.000	72.000
507.000	91.000
508.000	70.000
509.000	75.000
510.000	66.000
511.000	82.000
512.000	79.000
513.000	85.000
514.000	100.000
515.000	81.000
516.000	84.000
517.000	90.000
518.000	92.000
519.000	86.000
520.000	87.000
521.000	76.000
522.000	85.000
523.000	102.000
524.000	103.000
525.000	90.000
526.000	93.000
527.000	105.000
528.000	114.000
529.000	89.000
530.000	102.000
531.000	92.000
532.000	85.000
533.000	98.000
534.000	88.000
535.000	108.000
536.000	105.000
537.000	111.000
538.000	127.000
539.000	94.000
540.000	81.000
541.000	110.000
542.000	114.000
543.000	93.000
544.000	102.000
545.000	106.000
546.000	104.000
547.000	101.000
548.000	124.000
549.000	119.000
550.000	134.000
551.000	104.000
552.000	110.000
553.000	117.000
554.000	117.000
555.000	106.000
556.000	103.000
557.000	143.000
558.000	107.000
559.000	124.000
560.000	113.000
561.000	123.000
562.000	97.000
563.000	122.000
564.000	126.000
565.000	105.000
566.000	111.000
567.000	131.000
568.000	129.000
569.000	128.000
570.000	134.000
571.000	106.000
572.000	117.000
573.000	155.000
574.000	138.000
575.000	120.000
576.000	130.000
577.000	140.000
578.000	156.000
579.000	139.000
580.000	149.000
581.000	140.000
582.000	141.000
583.000	122.000
584.000	151.000
585.000	143.000
586.000	124.000
587.000	125.000
588.000	151.000
589.000	155.000
590.000	145.000
591.000	138.000
592.000	137.000
593.000	131.000
594.000	143.000
595.000	139.000
596.000	125.000
597.000	147.000
598.000	156.000
599.000	168.000
600.000	154.000
601.000	144.000
602.000	139.000
603.000	146.000
604.000	162.000
605.000	152.000
606.000	148.000
607.000	157.000
608.000	142.000
609.000	157.000
610.000	170.000
611.000	142.000
612.000	148.000
613.000	154.000
614.000	169.000
615.000	162.000
616.000	175.000
617.000	163.000
618.000	161.000
619.000	173.000
620.000	161.000
621.000	157.000
622.000	185.000
623.000	179.000
624.000	175.000
625.000	161.000
626.000	173.000
627.000	168.000
628.000	188.000
629.000	170.000
630.000	171.000
631.000	167.000
632.000	185.000
633.000	186.000
634.000	193.000
635.000	165.000
636.000	176.000
637.000	181.000
638.000	196.000
639.000	180.000
640.000	181.000
641.000	192.000
642.000	170.000
643.000	190.000
644.000	191.000
645.000	218.000
646.000	188.000
647.000	186.000
648.000	204.000
649.000	211.000
650.000	215.000
651.000	212.000
652.000	189.000
653.000	208.000
654.000	218.000
655.000	199.000
656.000	218.000
657.000	221.000
658.000	193.000
659.000	189.000
660.000	225.000
661.000	203.000
662.000	199.000
663.000	222.000
664.000	212.000
665.000	206.000
666.000	213.000
667.000	210.000
668.000	220.000
669.000	210.000
670.000	205.000
671.000	234.000
672.000	231.000
673.000	217.000
674.000	228.000
675.000	207.000
676.000	212.000
677.000	200.000
678.000	244.000
679.000	243.000
680.000	200.000
681.000	228.000
682.000	222.000
683.000	207.000
684.000	217.000
685.000	233.000
686.000	205.000
687.000	221.000
688.000	217.000
689.000	235.000
690.000	221.000
691.000	212.000
692.000	248.000
693.000	218.000
694.000	236.000
695.000	213.000
696.000	247.000
697.000	249.000
698.000	241.000
699.000	233.000
700.000	218.000
701.000	231.000
702.000	239.000
703.000	268.000
704.000	267.000
705.000	250.000
706.000	240.000
707.000	204.000
708.000	213.000
709.000	242.000
710.000	249.000
711.000	249.000
712.000	243.000
713.000	276.000
714.000	246.000
715.000	215.000
716.000	248.000
717.000	257.000
718.000	245.000
719.000	260.000
720.000	250.000
721.000	275.000
722.000	252.000
723.000	244.000
724.000	271.000
725.000	240.000
726.000	269.000
727.000	273.000
728.000	242.000
729.000	292.000
730.000	255.000
731.000	287.000
732.000	287.000
733.000	277.000
734.000	257.000
735.000	246.000
736.000	263.000
737.000	275.000
738.000	272.000
739.000	275.000
740.000	253.000
741.000	239.000
742.000	282.000
743.000	301.000
744.000	271.000
745.000	275.000
746.000	287.000
747.000	290.000
748.000	300.000
749.000	239.000
750.000	268.000
751.000	266.000
752.000	269.000
753.000	275.000
754.000	271.000
755.000	276.000
756.000	291.000
757.000	290.000
758.000	292.000
759.000	313.000
760.000	258.000
761.000	260.000
762.000	268.000
763.000	305.000
764.000	260.000
765.000	283.000
766.000	259.000
767.000	282.000
768.000	299.000
769.000	333.000
770.000	311.000
771.000	324.000
772.000	317.000
773.000	320.000
774.000	292.000
775.000	309.000
776.000	284.000
777.000	324.000
778.000	273.000
779.000	322.000
780.000	289.000
781.000	282.000
782.000	313.000
783.000	291.000
784.000	267.000
785.000	294.000
786.000	301.000
787.000	294.000
788.000	290.000
789.000	305.000
790.000	300.000
791.000	299.000
792.000	283.000
793.000	285.000
794.000	307.000
795.000	282.000
796.000	265.000
797.000	299.000
798.000	303.000
799.000	315.000
800.000	309.000
801.000	263.000
802.000	294.000
803.000	293.000
804.000	305.000
805.000	303.000
806.000	298.000
807.000	284.000
808.000	304.000
809.000	281.000
810.000	301.000
811.000	293.000
812.000	272.000
813.000	342.000
814.000	304.000
815.000	303.000
816.000	309.000
817.000	292.000
818.000	298.000
819.000	317.000
820.000	303.000
821.000	302.000
822.000	351.000
823.000	311.000
824.000	314.000
825.000	335.000
826.000	303.000
827.000	298.000
828.000	306.000
829.000	311.000
830.000	310.000
831.000	324.000
832.000	322.000
833.000	292.000
834.000	296.000
835.000	309.000
836.000	305.000
837.000	329.000
838.000	325.000
839.000	312.000
840.000	316.000
841.000	317.000
842.000	366.000
843.000	352.000
844.000	348.000
845.000	345.000
846.000	334.000
847.000	321.000
848.000	335.000
849.000	355.000
850.000	344.000
851.000	352.000
852.000	321.000
853.000	357.000
854.000	384.000
855.000	386.000
856.000	359.000
857.000	389.000
858.000	385.000
859.000	394.000
860.000	382.000
861.000	457.000
862.000	396.000
863.000	405.000
864.000	424.000
865.000	435.000
866.000	423.000
867.000	487.000
868.000	429.000
869.000	451.000
870.000	455.000
871.000	464.000
872.000	496.000
873.000	528.000
874.000	498.000
875.000	607.000
876.000	558.000
877.000	571.000
878.000	634.000
879.000	727.000
880.000	711.000
881.000	703.000
882.000	713.000
883.000	777.000
884.000	843.000
885.000	916.000
886.000	970.000
887.000	985.000
888.000	1112.000
889.000	1140.000
890.000	1255.000
891.000	1225.000
892.000	1394.000
893.000	1399.000
894.000	1497.000
895.000	1501.000
896.000	1453.000
897.000	1523.000
898.000	1513.000
899.000	1568.000
900.000	1527.000
901.000	1548.000
902.000	1598.000
903.000	1501.000
904.000	1482.000
905.000	1476.000
906.000	1423.000
907.000	1459.000
908.000	1369.000
909.000	1300.000
910.000	1221.000
911.000	1172.000
912.000	1180.000
913.000	988.000
914.000	916.000
915.000	879.000
916.000	839.000
917.000	811.000
918.000	778.000
919.000	715.000
920.000	707.000
921.000	626.000
922.000	616.000
923.000	544.000
924.000	588.000
925.000	547.000
926.000	493.000
927.000	482.000
928.000	479.000
929.000	453.000
930.000	421.000
931.000	412.000
932.000	428.000
933.000	392.000
934.000	405.000
935.000	404.000
936.000	410.000
937.000	358.000
938.000	361.000
939.000	345.000
940.000	381.000
941.000	420.000
942.000	425.000
943.000	427.000
944.000	489.000
945.000	532.000
946.000	598.000
947.000	686.000
948.000	680.000
949.000	692.000
950.000	742.000
951.000	815.000
952.000	730.000
953.000	861.000
954.000	852.000
955.000	800.000
956.000	781.000
957.000	741.000
958.000	710.000
959.000	630.000
960.000	578.000
961.000	541.000
962.000	423.000
963.000	418.000
964.000	404.000
965.000	340.000
966.000	348.000
967.000	332.000
968.000	296.000
969.000	321.000
970.000	304.000
971.000	333.000
972.000	285.000
973.000	295.000
974.000	300.000
975.000	303.000
976.000	328.000
977.000	330.000
978.000	292.000
979.000	332.000
980.000	321.000
981.000	320.000
982.000	312.000
983.000	333.000
984.000	319.000
985.000	357.000
986.000	327.000
987.000	290.000
988.000	346.000
989.000	352.000
990.000	403.000
991.000	386.000
992.000	400.000
993.000	410.000
994.000	422.000
995.000	425.000
996.000	443.000
997.000	399.000
998.000	450.000
999.000	486.000
1000.000	412.000
1001.000	441.000
1002.000	466.000
1003.000	455.000
1004.000	468.000
1005.000	483.000
1006.000	439.000
1007.000	451.000
1008.000	416.000
1009.000	425.000
1010.000	439.000
1011.000	441.000
1012.000	418.000
1013.000	403.000
1014.000	404.000
1015.000	357.000
1016.000	332.000
1017.000	369.000
1018.000	327.000
1019.000	319.000
1020.000	355.000
1021.000	324.000
1022.000	323.000
1023.000	273.000
1024.000	272.000
