Date:	8/19/2008		Time:	9:33 AM		Version no:	0.00		Project name:	55		Sample name:	222		Section name:	section		Position	610.039995	mm	E0	0.000000	keV	E1	1.000000	keV/channel	sample surface	7.639128	cm	Tube anode:	Mo		Tube voltage:	30	kV	Tube current:	50	mA	gain	20		std. database			resultfile	result		matrix element	11		sample thickness	1.000000		air passage	0.560000	cm	comments	not in position		peaking_time	3.000000	m-sec	trigger_threshold	1229.166667	V	mca_bin_width	22.090000	no:	number_mca_channels	1024.000000	no:	gap_time	0.400000	m-sec	trigger_peaking_time	0.150000	m-sec	GAINDAC	9455		HIGHGAIN	1		TAURC	0		RCTAU	53		RCTAUFRAC	32768		livetime	9.690764	seconds	runtime	10.000502	seconds	input_count_rate	29.013399	cps	output_count_rate	22.008996	cps	triggers	281162	seconds	events_in_run	220101	seconds	channel	content		1.000	0.000
2.000	0.000
3.000	0.000
4.000	0.000
5.000	0.000
6.000	0.000
7.000	0.000
8.000	0.000
9.000	0.000
10.000	0.000
11.000	0.000
12.000	0.000
13.000	0.000
14.000	0.000
15.000	0.000
16.000	0.000
17.000	0.000
18.000	0.000
19.000	0.000
20.000	0.000
21.000	0.000
22.000	0.000
23.000	0.000
24.000	0.000
25.000	0.000
26.000	0.000
27.000	0.000
28.000	0.000
29.000	0.000
30.000	0.000
31.000	0.000
32.000	1.000
33.000	0.000
34.000	1.000
35.000	0.000
36.000	2.000
37.000	1.000
38.000	4.000
39.000	1.000
40.000	4.000
41.000	2.000
42.000	3.000
43.000	1.000
44.000	4.000
45.000	3.000
46.000	10.000
47.000	11.000
48.000	9.000
49.000	6.000
50.000	10.000
51.000	12.000
52.000	12.000
53.000	10.000
54.000	9.000
55.000	7.000
56.000	9.000
57.000	7.000
58.000	11.000
59.000	8.000
60.000	11.000
61.000	10.000
62.000	13.000
63.000	14.000
64.000	15.000
65.000	8.000
66.000	15.000
67.000	13.000
68.000	10.000
69.000	11.000
70.000	16.000
71.000	14.000
72.000	7.000
73.000	8.000
74.000	9.000
75.000	13.000
76.000	6.000
77.000	5.000
78.000	14.000
79.000	19.000
80.000	4.000
81.000	11.000
82.000	12.000
83.000	9.000
84.000	13.000
85.000	6.000
86.000	12.000
87.000	6.000
88.000	12.000
89.000	6.000
90.000	5.000
91.000	5.000
92.000	5.000
93.000	6.000
94.000	3.000
95.000	12.000
96.000	9.000
97.000	2.000
98.000	3.000
99.000	11.000
100.000	8.000
101.000	10.000
102.000	8.000
103.000	4.000
104.000	11.000
105.000	7.000
106.000	8.000
107.000	6.000
108.000	6.000
109.000	5.000
110.000	7.000
111.000	4.000
112.000	15.000
113.000	8.000
114.000	5.000
115.000	8.000
116.000	9.000
117.000	9.000
118.000	6.000
119.000	8.000
120.000	5.000
121.000	6.000
122.000	5.000
123.000	11.000
124.000	10.000
125.000	10.000
126.000	12.000
127.000	10.000
128.000	11.000
129.000	10.000
130.000	6.000
131.000	5.000
132.000	8.000
133.000	5.000
134.000	7.000
135.000	3.000
136.000	9.000
137.000	6.000
138.000	7.000
139.000	4.000
140.000	10.000
141.000	4.000
142.000	4.000
143.000	4.000
144.000	5.000
145.000	7.000
146.000	6.000
147.000	6.000
148.000	0.000
149.000	7.000
150.000	5.000
151.000	4.000
152.000	5.000
153.000	4.000
154.000	6.000
155.000	5.000
156.000	5.000
157.000	2.000
158.000	5.000
159.000	7.000
160.000	8.000
161.000	11.000
162.000	14.000
163.000	14.000
164.000	13.000
165.000	12.000
166.000	11.000
167.000	7.000
168.000	3.000
169.000	3.000
170.000	3.000
171.000	7.000
172.000	6.000
173.000	5.000
174.000	2.000
175.000	2.000
176.000	7.000
177.000	7.000
178.000	5.000
179.000	3.000
180.000	4.000
181.000	9.000
182.000	6.000
183.000	7.000
184.000	5.000
185.000	4.000
186.000	2.000
187.000	2.000
188.000	4.000
189.000	7.000
190.000	3.000
191.000	2.000
192.000	3.000
193.000	8.000
194.000	4.000
195.000	2.000
196.000	7.000
197.000	4.000
198.000	12.000
199.000	13.000
200.000	14.000
201.000	23.000
202.000	25.000
203.000	30.000
204.000	20.000
205.000	14.000
206.000	21.000
207.000	9.000
208.000	11.000
209.000	3.000
210.000	4.000
211.000	7.000
212.000	3.000
213.000	6.000
214.000	3.000
215.000	9.000
216.000	3.000
217.000	5.000
218.000	6.000
219.000	4.000
220.000	11.000
221.000	7.000
222.000	6.000
223.000	5.000
224.000	0.000
225.000	3.000
226.000	2.000
227.000	8.000
228.000	4.000
229.000	2.000
230.000	4.000
231.000	3.000
232.000	4.000
233.000	3.000
234.000	1.000
235.000	4.000
236.000	4.000
237.000	4.000
238.000	6.000
239.000	2.000
240.000	1.000
241.000	8.000
242.000	10.000
243.000	4.000
244.000	12.000
245.000	13.000
246.000	8.000
247.000	13.000
248.000	12.000
249.000	15.000
250.000	7.000
251.000	6.000
252.000	4.000
253.000	11.000
254.000	8.000
255.000	6.000
256.000	4.000
257.000	6.000
258.000	3.000
259.000	7.000
260.000	5.000
261.000	7.000
262.000	2.000
263.000	7.000
264.000	4.000
265.000	6.000
266.000	5.000
267.000	5.000
268.000	7.000
269.000	8.000
270.000	6.000
271.000	7.000
272.000	5.000
273.000	4.000
274.000	1.000
275.000	6.000
276.000	8.000
277.000	8.000
278.000	2.000
279.000	9.000
280.000	6.000
281.000	6.000
282.000	4.000
283.000	6.000
284.000	9.000
285.000	9.000
286.000	9.000
287.000	2.000
288.000	8.000
289.000	5.000
290.000	4.000
291.000	6.000
292.000	6.000
293.000	5.000
294.000	6.000
295.000	7.000
296.000	2.000
297.000	8.000
298.000	7.000
299.000	8.000
300.000	6.000
301.000	7.000
302.000	10.000
303.000	5.000
304.000	3.000
305.000	7.000
306.000	10.000
307.000	8.000
308.000	7.000
309.000	10.000
310.000	5.000
311.000	8.000
312.000	11.000
313.000	12.000
314.000	12.000
315.000	15.000
316.000	9.000
317.000	17.000
318.000	28.000
319.000	31.000
320.000	31.000
321.000	56.000
322.000	59.000
323.000	62.000
324.000	63.000
325.000	56.000
326.000	44.000
327.000	34.000
328.000	27.000
329.000	21.000
330.000	10.000
331.000	9.000
332.000	18.000
333.000	7.000
334.000	15.000
335.000	7.000
336.000	10.000
337.000	14.000
338.000	13.000
339.000	20.000
340.000	20.000
341.000	38.000
342.000	54.000
343.000	81.000
344.000	151.000
345.000	205.000
346.000	316.000
347.000	411.000
348.000	540.000
349.000	636.000
350.000	716.000
351.000	691.000
352.000	702.000
353.000	527.000
354.000	444.000
355.000	326.000
356.000	226.000
357.000	168.000
358.000	98.000
359.000	68.000
360.000	24.000
361.000	28.000
362.000	20.000
363.000	9.000
364.000	19.000
365.000	22.000
366.000	17.000
367.000	11.000
368.000	17.000
369.000	16.000
370.000	18.000
371.000	15.000
372.000	19.000
373.000	24.000
374.000	23.000
375.000	18.000
376.000	21.000
377.000	20.000
378.000	28.000
379.000	38.000
380.000	39.000
381.000	55.000
382.000	68.000
383.000	84.000
384.000	119.000
385.000	128.000
386.000	127.000
387.000	134.000
388.000	115.000
389.000	99.000
390.000	92.000
391.000	80.000
392.000	59.000
393.000	57.000
394.000	25.000
395.000	28.000
396.000	22.000
397.000	21.000
398.000	27.000
399.000	16.000
400.000	25.000
401.000	20.000
402.000	11.000
403.000	22.000
404.000	17.000
405.000	31.000
406.000	14.000
407.000	18.000
408.000	26.000
409.000	30.000
410.000	21.000
411.000	22.000
412.000	30.000
413.000	16.000
414.000	19.000
415.000	16.000
416.000	15.000
417.000	13.000
418.000	25.000
419.000	22.000
420.000	18.000
421.000	33.000
422.000	23.000
423.000	17.000
424.000	27.000
425.000	25.000
426.000	34.000
427.000	28.000
428.000	28.000
429.000	25.000
430.000	30.000
431.000	25.000
432.000	31.000
433.000	25.000
434.000	36.000
435.000	31.000
436.000	25.000
437.000	36.000
438.000	37.000
439.000	24.000
440.000	28.000
441.000	35.000
442.000	33.000
443.000	38.000
444.000	34.000
445.000	40.000
446.000	36.000
447.000	38.000
448.000	47.000
449.000	42.000
450.000	41.000
451.000	25.000
452.000	41.000
453.000	39.000
454.000	31.000
455.000	44.000
456.000	34.000
457.000	35.000
458.000	37.000
459.000	41.000
460.000	42.000
461.000	38.000
462.000	35.000
463.000	37.000
464.000	39.000
465.000	54.000
466.000	42.000
467.000	48.000
468.000	48.000
469.000	52.000
470.000	63.000
471.000	49.000
472.000	55.000
473.000	49.000
474.000	46.000
475.000	51.000
476.000	44.000
477.000	48.000
478.000	40.000
479.000	42.000
480.000	55.000
481.000	51.000
482.000	45.000
483.000	49.000
484.000	59.000
485.000	52.000
486.000	54.000
487.000	54.000
488.000	47.000
489.000	51.000
490.000	54.000
491.000	43.000
492.000	49.000
493.000	48.000
494.000	58.000
495.000	49.000
496.000	78.000
497.000	71.000
498.000	68.000
499.000	71.000
500.000	61.000
501.000	62.000
502.000	76.000
503.000	60.000
504.000	69.000
505.000	74.000
506.000	52.000
507.000	73.000
508.000	71.000
509.000	59.000
510.000	65.000
511.000	59.000
512.000	61.000
513.000	63.000
514.000	60.000
515.000	61.000
516.000	54.000
517.000	74.000
518.000	76.000
519.000	73.000
520.000	65.000
521.000	82.000
522.000	72.000
523.000	70.000
524.000	92.000
525.000	81.000
526.000	67.000
527.000	81.000
528.000	77.000
529.000	80.000
530.000	94.000
531.000	82.000
532.000	88.000
533.000	75.000
534.000	97.000
535.000	78.000
536.000	79.000
537.000	82.000
538.000	84.000
539.000	73.000
540.000	75.000
541.000	93.000
542.000	80.000
543.000	91.000
544.000	96.000
545.000	65.000
546.000	73.000
547.000	87.000
548.000	89.000
549.000	79.000
550.000	89.000
551.000	96.000
552.000	97.000
553.000	98.000
554.000	77.000
555.000	118.000
556.000	98.000
557.000	77.000
558.000	89.000
559.000	106.000
560.000	96.000
561.000	100.000
562.000	98.000
563.000	110.000
564.000	125.000
565.000	82.000
566.000	92.000
567.000	104.000
568.000	117.000
569.000	112.000
570.000	97.000
571.000	106.000
572.000	114.000
573.000	100.000
574.000	113.000
575.000	110.000
576.000	110.000
577.000	112.000
578.000	106.000
579.000	87.000
580.000	114.000
581.000	103.000
582.000	116.000
583.000	101.000
584.000	118.000
585.000	107.000
586.000	114.000
587.000	109.000
588.000	114.000
589.000	124.000
590.000	113.000
591.000	131.000
592.000	111.000
593.000	123.000
594.000	118.000
595.000	129.000
596.000	115.000
597.000	133.000
598.000	127.000
599.000	143.000
600.000	121.000
601.000	127.000
602.000	151.000
603.000	123.000
604.000	126.000
605.000	125.000
606.000	123.000
607.000	145.000
608.000	115.000
609.000	123.000
610.000	136.000
611.000	143.000
612.000	139.000
613.000	167.000
614.000	140.000
615.000	144.000
616.000	137.000
617.000	157.000
618.000	131.000
619.000	157.000
620.000	171.000
621.000	161.000
622.000	134.000
623.000	149.000
624.000	157.000
625.000	141.000
626.000	154.000
627.000	147.000
628.000	150.000
629.000	176.000
630.000	160.000
631.000	150.000
632.000	166.000
633.000	155.000
634.000	171.000
635.000	169.000
636.000	135.000
637.000	167.000
638.000	159.000
639.000	137.000
640.000	160.000
641.000	160.000
642.000	152.000
643.000	159.000
644.000	161.000
645.000	183.000
646.000	205.000
647.000	180.000
648.000	192.000
649.000	197.000
650.000	184.000
651.000	168.000
652.000	210.000
653.000	207.000
654.000	220.000
655.000	187.000
656.000	183.000
657.000	176.000
658.000	172.000
659.000	174.000
660.000	165.000
661.000	177.000
662.000	175.000
663.000	192.000
664.000	161.000
665.000	172.000
666.000	182.000
667.000	194.000
668.000	174.000
669.000	194.000
670.000	186.000
671.000	209.000
672.000	199.000
673.000	220.000
674.000	216.000
675.000	194.000
676.000	170.000
677.000	189.000
678.000	189.000
679.000	188.000
680.000	200.000
681.000	176.000
682.000	186.000
683.000	218.000
684.000	203.000
685.000	201.000
686.000	207.000
687.000	204.000
688.000	205.000
689.000	209.000
690.000	200.000
691.000	186.000
692.000	205.000
693.000	204.000
694.000	211.000
695.000	215.000
696.000	230.000
697.000	217.000
698.000	216.000
699.000	206.000
700.000	210.000
701.000	182.000
702.000	235.000
703.000	202.000
704.000	246.000
705.000	212.000
706.000	224.000
707.000	215.000
708.000	196.000
709.000	232.000
710.000	237.000
711.000	199.000
712.000	244.000
713.000	218.000
714.000	224.000
715.000	221.000
716.000	240.000
717.000	218.000
718.000	226.000
719.000	218.000
720.000	216.000
721.000	240.000
722.000	234.000
723.000	230.000
724.000	222.000
725.000	216.000
726.000	205.000
727.000	217.000
728.000	268.000
729.000	224.000
730.000	254.000
731.000	284.000
732.000	242.000
733.000	234.000
734.000	233.000
735.000	249.000
736.000	256.000
737.000	263.000
738.000	228.000
739.000	215.000
740.000	229.000
741.000	230.000
742.000	250.000
743.000	263.000
744.000	232.000
745.000	243.000
746.000	251.000
747.000	251.000
748.000	260.000
749.000	244.000
750.000	268.000
751.000	229.000
752.000	217.000
753.000	254.000
754.000	267.000
755.000	218.000
756.000	246.000
757.000	249.000
758.000	275.000
759.000	260.000
760.000	270.000
761.000	263.000
762.000	255.000
763.000	257.000
764.000	279.000
765.000	254.000
766.000	271.000
767.000	266.000
768.000	269.000
769.000	278.000
770.000	288.000
771.000	302.000
772.000	322.000
773.000	284.000
774.000	285.000
775.000	277.000
776.000	270.000
777.000	302.000
778.000	279.000
779.000	298.000
780.000	265.000
781.000	279.000
782.000	257.000
783.000	279.000
784.000	263.000
785.000	275.000
786.000	281.000
787.000	261.000
788.000	291.000
789.000	270.000
790.000	272.000
791.000	280.000
792.000	290.000
793.000	258.000
794.000	266.000
795.000	286.000
796.000	290.000
797.000	272.000
798.000	257.000
799.000	264.000
800.000	263.000
801.000	284.000
802.000	273.000
803.000	290.000
804.000	270.000
805.000	272.000
806.000	267.000
807.000	303.000
808.000	306.000
809.000	279.000
810.000	265.000
811.000	281.000
812.000	294.000
813.000	270.000
814.000	288.000
815.000	273.000
816.000	288.000
817.000	307.000
818.000	285.000
819.000	286.000
820.000	350.000
821.000	316.000
822.000	304.000
823.000	292.000
824.000	292.000
825.000	333.000
826.000	301.000
827.000	281.000
828.000	309.000
829.000	286.000
830.000	286.000
831.000	296.000
832.000	318.000
833.000	328.000
834.000	262.000
835.000	293.000
836.000	256.000
837.000	315.000
838.000	325.000
839.000	332.000
840.000	339.000
841.000	316.000
842.000	313.000
843.000	342.000
844.000	332.000
845.000	335.000
846.000	345.000
847.000	338.000
848.000	349.000
849.000	330.000
850.000	348.000
851.000	347.000
852.000	352.000
853.000	316.000
854.000	382.000
855.000	367.000
856.000	373.000
857.000	355.000
858.000	378.000
859.000	385.000
860.000	367.000
861.000	348.000
862.000	410.000
863.000	382.000
864.000	417.000
865.000	387.000
866.000	463.000
867.000	454.000
868.000	439.000
869.000	407.000
870.000	460.000
871.000	420.000
872.000	477.000
873.000	438.000
874.000	498.000
875.000	524.000
876.000	537.000
877.000	582.000
878.000	582.000
879.000	615.000
880.000	688.000
881.000	659.000
882.000	692.000
883.000	769.000
884.000	813.000
885.000	863.000
886.000	932.000
887.000	942.000
888.000	1025.000
889.000	1076.000
890.000	1111.000
891.000	1184.000
892.000	1253.000
893.000	1334.000
894.000	1332.000
895.000	1450.000
896.000	1457.000
897.000	1468.000
898.000	1487.000
899.000	1510.000
900.000	1576.000
901.000	1553.000
902.000	1502.000
903.000	1543.000
904.000	1460.000
905.000	1436.000
906.000	1358.000
907.000	1370.000
908.000	1287.000
909.000	1165.000
910.000	1225.000
911.000	1151.000
912.000	1013.000
913.000	971.000
914.000	906.000
915.000	874.000
916.000	818.000
917.000	812.000
918.000	765.000
919.000	692.000
920.000	652.000
921.000	630.000
922.000	623.000
923.000	564.000
924.000	538.000
925.000	487.000
926.000	502.000
927.000	462.000
928.000	458.000
929.000	432.000
930.000	414.000
931.000	411.000
932.000	416.000
933.000	391.000
934.000	377.000
935.000	358.000
936.000	355.000
937.000	351.000
938.000	369.000
939.000	364.000
940.000	384.000
941.000	427.000
942.000	412.000
943.000	454.000
944.000	523.000
945.000	506.000
946.000	554.000
947.000	599.000
948.000	684.000
949.000	707.000
950.000	779.000
951.000	734.000
952.000	864.000
953.000	780.000
954.000	789.000
955.000	805.000
956.000	802.000
957.000	696.000
958.000	709.000
959.000	656.000
960.000	539.000
961.000	511.000
962.000	478.000
963.000	385.000
964.000	361.000
965.000	310.000
966.000	353.000
967.000	326.000
968.000	314.000
969.000	306.000
970.000	288.000
971.000	287.000
972.000	298.000
973.000	286.000
974.000	304.000
975.000	288.000
976.000	311.000
977.000	335.000
978.000	290.000
979.000	328.000
980.000	333.000
981.000	308.000
982.000	312.000
983.000	333.000
984.000	337.000
985.000	374.000
986.000	343.000
987.000	345.000
988.000	317.000
989.000	349.000
990.000	389.000
991.000	380.000
992.000	380.000
993.000	415.000
994.000	419.000
995.000	395.000
996.000	409.000
997.000	426.000
998.000	383.000
999.000	431.000
1000.000	470.000
1001.000	496.000
1002.000	441.000
1003.000	441.000
1004.000	446.000
1005.000	454.000
1006.000	464.000
1007.000	488.000
1008.000	430.000
1009.000	428.000
1010.000	426.000
1011.000	419.000
1012.000	416.000
1013.000	411.000
1014.000	415.000
1015.000	409.000
1016.000	376.000
1017.000	363.000
1018.000	353.000
1019.000	297.000
1020.000	324.000
1021.000	286.000
1022.000	335.000
1023.000	285.000
1024.000	282.000
