Date:	8/19/2008		Time:	9:49 AM		Version no:	0.00		Project name:	55		Sample name:	222		Section name:	section		Position	788.039995	mm	E0	0.000000	keV	E1	1.000000	keV/channel	sample surface	7.801853	cm	Tube anode:	Mo		Tube voltage:	30	kV	Tube current:	50	mA	gain	20		std. database			resultfile	result		matrix element	11		sample thickness	1.000000		air passage	0.560000	cm	comments	not in position		peaking_time	3.000000	m-sec	trigger_threshold	1229.166667	V	mca_bin_width	22.090000	no:	number_mca_channels	1024.000000	no:	gap_time	0.400000	m-sec	trigger_peaking_time	0.150000	m-sec	GAINDAC	9455		HIGHGAIN	1		TAURC	0		RCTAU	53		RCTAUFRAC	32768		livetime	9.727906	seconds	runtime	10.000502	seconds	input_count_rate	26.860045	cps	output_count_rate	20.733960	cps	triggers	261292	seconds	events_in_run	207350	seconds	channel	content		1.000	0.000
2.000	0.000
3.000	0.000
4.000	0.000
5.000	0.000
6.000	0.000
7.000	0.000
8.000	0.000
9.000	0.000
10.000	0.000
11.000	0.000
12.000	0.000
13.000	0.000
14.000	0.000
15.000	0.000
16.000	0.000
17.000	0.000
18.000	0.000
19.000	0.000
20.000	0.000
21.000	0.000
22.000	0.000
23.000	0.000
24.000	0.000
25.000	0.000
26.000	0.000
27.000	0.000
28.000	0.000
29.000	0.000
30.000	0.000
31.000	0.000
32.000	0.000
33.000	1.000
34.000	0.000
35.000	1.000
36.000	1.000
37.000	0.000
38.000	5.000
39.000	3.000
40.000	1.000
41.000	5.000
42.000	2.000
43.000	1.000
44.000	2.000
45.000	3.000
46.000	3.000
47.000	8.000
48.000	7.000
49.000	12.000
50.000	7.000
51.000	14.000
52.000	6.000
53.000	7.000
54.000	14.000
55.000	8.000
56.000	11.000
57.000	11.000
58.000	5.000
59.000	9.000
60.000	7.000
61.000	8.000
62.000	8.000
63.000	10.000
64.000	12.000
65.000	12.000
66.000	10.000
67.000	12.000
68.000	7.000
69.000	6.000
70.000	19.000
71.000	9.000
72.000	4.000
73.000	7.000
74.000	8.000
75.000	8.000
76.000	8.000
77.000	7.000
78.000	8.000
79.000	7.000
80.000	10.000
81.000	9.000
82.000	12.000
83.000	4.000
84.000	7.000
85.000	3.000
86.000	0.000
87.000	10.000
88.000	2.000
89.000	7.000
90.000	6.000
91.000	7.000
92.000	1.000
93.000	6.000
94.000	6.000
95.000	4.000
96.000	7.000
97.000	15.000
98.000	8.000
99.000	6.000
100.000	12.000
101.000	5.000
102.000	5.000
103.000	10.000
104.000	10.000
105.000	4.000
106.000	6.000
107.000	7.000
108.000	9.000
109.000	5.000
110.000	16.000
111.000	9.000
112.000	4.000
113.000	8.000
114.000	5.000
115.000	4.000
116.000	8.000
117.000	3.000
118.000	3.000
119.000	8.000
120.000	6.000
121.000	6.000
122.000	8.000
123.000	7.000
124.000	4.000
125.000	10.000
126.000	9.000
127.000	8.000
128.000	5.000
129.000	10.000
130.000	10.000
131.000	4.000
132.000	8.000
133.000	6.000
134.000	5.000
135.000	5.000
136.000	7.000
137.000	5.000
138.000	1.000
139.000	5.000
140.000	6.000
141.000	4.000
142.000	3.000
143.000	0.000
144.000	5.000
145.000	5.000
146.000	2.000
147.000	4.000
148.000	3.000
149.000	4.000
150.000	4.000
151.000	2.000
152.000	4.000
153.000	2.000
154.000	3.000
155.000	1.000
156.000	3.000
157.000	4.000
158.000	8.000
159.000	9.000
160.000	5.000
161.000	7.000
162.000	9.000
163.000	10.000
164.000	10.000
165.000	8.000
166.000	5.000
167.000	4.000
168.000	2.000
169.000	6.000
170.000	4.000
171.000	4.000
172.000	4.000
173.000	6.000
174.000	7.000
175.000	3.000
176.000	1.000
177.000	4.000
178.000	4.000
179.000	12.000
180.000	16.000
181.000	11.000
182.000	16.000
183.000	11.000
184.000	12.000
185.000	9.000
186.000	6.000
187.000	3.000
188.000	3.000
189.000	5.000
190.000	3.000
191.000	4.000
192.000	2.000
193.000	0.000
194.000	4.000
195.000	7.000
196.000	7.000
197.000	11.000
198.000	17.000
199.000	22.000
200.000	32.000
201.000	35.000
202.000	37.000
203.000	37.000
204.000	34.000
205.000	33.000
206.000	16.000
207.000	14.000
208.000	12.000
209.000	11.000
210.000	5.000
211.000	5.000
212.000	3.000
213.000	10.000
214.000	10.000
215.000	5.000
216.000	5.000
217.000	9.000
218.000	8.000
219.000	13.000
220.000	17.000
221.000	4.000
222.000	7.000
223.000	3.000
224.000	6.000
225.000	3.000
226.000	5.000
227.000	2.000
228.000	3.000
229.000	5.000
230.000	2.000
231.000	3.000
232.000	0.000
233.000	3.000
234.000	2.000
235.000	4.000
236.000	3.000
237.000	4.000
238.000	1.000
239.000	3.000
240.000	4.000
241.000	5.000
242.000	9.000
243.000	10.000
244.000	14.000
245.000	10.000
246.000	18.000
247.000	9.000
248.000	17.000
249.000	7.000
250.000	9.000
251.000	12.000
252.000	14.000
253.000	7.000
254.000	9.000
255.000	7.000
256.000	11.000
257.000	14.000
258.000	9.000
259.000	12.000
260.000	3.000
261.000	7.000
262.000	3.000
263.000	4.000
264.000	7.000
265.000	5.000
266.000	10.000
267.000	3.000
268.000	8.000
269.000	8.000
270.000	8.000
271.000	2.000
272.000	5.000
273.000	6.000
274.000	9.000
275.000	3.000
276.000	4.000
277.000	4.000
278.000	8.000
279.000	4.000
280.000	6.000
281.000	6.000
282.000	3.000
283.000	5.000
284.000	4.000
285.000	6.000
286.000	8.000
287.000	9.000
288.000	5.000
289.000	10.000
290.000	7.000
291.000	4.000
292.000	3.000
293.000	8.000
294.000	11.000
295.000	10.000
296.000	6.000
297.000	9.000
298.000	11.000
299.000	3.000
300.000	11.000
301.000	10.000
302.000	8.000
303.000	9.000
304.000	7.000
305.000	5.000
306.000	6.000
307.000	12.000
308.000	10.000
309.000	4.000
310.000	2.000
311.000	6.000
312.000	10.000
313.000	9.000
314.000	15.000
315.000	4.000
316.000	21.000
317.000	21.000
318.000	26.000
319.000	35.000
320.000	47.000
321.000	57.000
322.000	76.000
323.000	54.000
324.000	54.000
325.000	56.000
326.000	43.000
327.000	34.000
328.000	26.000
329.000	18.000
330.000	9.000
331.000	14.000
332.000	12.000
333.000	14.000
334.000	13.000
335.000	17.000
336.000	13.000
337.000	17.000
338.000	17.000
339.000	15.000
340.000	31.000
341.000	46.000
342.000	75.000
343.000	113.000
344.000	228.000
345.000	324.000
346.000	460.000
347.000	744.000
348.000	885.000
349.000	1092.000
350.000	1130.000
351.000	1177.000
352.000	1076.000
353.000	913.000
354.000	723.000
355.000	574.000
356.000	374.000
357.000	243.000
358.000	148.000
359.000	79.000
360.000	56.000
361.000	34.000
362.000	29.000
363.000	18.000
364.000	20.000
365.000	20.000
366.000	29.000
367.000	26.000
368.000	21.000
369.000	20.000
370.000	20.000
371.000	27.000
372.000	21.000
373.000	21.000
374.000	24.000
375.000	24.000
376.000	27.000
377.000	22.000
378.000	36.000
379.000	39.000
380.000	62.000
381.000	89.000
382.000	121.000
383.000	138.000
384.000	169.000
385.000	178.000
386.000	219.000
387.000	203.000
388.000	212.000
389.000	170.000
390.000	146.000
391.000	89.000
392.000	80.000
393.000	72.000
394.000	44.000
395.000	31.000
396.000	24.000
397.000	27.000
398.000	26.000
399.000	16.000
400.000	29.000
401.000	18.000
402.000	28.000
403.000	22.000
404.000	23.000
405.000	32.000
406.000	24.000
407.000	29.000
408.000	20.000
409.000	26.000
410.000	28.000
411.000	16.000
412.000	26.000
413.000	24.000
414.000	30.000
415.000	29.000
416.000	34.000
417.000	22.000
418.000	32.000
419.000	24.000
420.000	36.000
421.000	29.000
422.000	27.000
423.000	38.000
424.000	31.000
425.000	31.000
426.000	34.000
427.000	27.000
428.000	29.000
429.000	26.000
430.000	35.000
431.000	31.000
432.000	27.000
433.000	40.000
434.000	37.000
435.000	34.000
436.000	30.000
437.000	38.000
438.000	26.000
439.000	39.000
440.000	58.000
441.000	46.000
442.000	46.000
443.000	42.000
444.000	41.000
445.000	56.000
446.000	29.000
447.000	41.000
448.000	48.000
449.000	34.000
450.000	38.000
451.000	39.000
452.000	35.000
453.000	49.000
454.000	38.000
455.000	42.000
456.000	36.000
457.000	50.000
458.000	39.000
459.000	45.000
460.000	54.000
461.000	49.000
462.000	61.000
463.000	53.000
464.000	53.000
465.000	45.000
466.000	49.000
467.000	39.000
468.000	52.000
469.000	47.000
470.000	53.000
471.000	50.000
472.000	63.000
473.000	44.000
474.000	58.000
475.000	61.000
476.000	57.000
477.000	63.000
478.000	53.000
479.000	56.000
480.000	50.000
481.000	56.000
482.000	57.000
483.000	56.000
484.000	47.000
485.000	62.000
486.000	56.000
487.000	54.000
488.000	52.000
489.000	58.000
490.000	54.000
491.000	61.000
492.000	55.000
493.000	54.000
494.000	59.000
495.000	47.000
496.000	46.000
497.000	64.000
498.000	62.000
499.000	58.000
500.000	64.000
501.000	56.000
502.000	58.000
503.000	64.000
504.000	62.000
505.000	64.000
506.000	65.000
507.000	66.000
508.000	68.000
509.000	73.000
510.000	69.000
511.000	71.000
512.000	74.000
513.000	75.000
514.000	76.000
515.000	77.000
516.000	87.000
517.000	82.000
518.000	70.000
519.000	87.000
520.000	81.000
521.000	82.000
522.000	91.000
523.000	78.000
524.000	87.000
525.000	87.000
526.000	70.000
527.000	83.000
528.000	96.000
529.000	103.000
530.000	93.000
531.000	91.000
532.000	99.000
533.000	76.000
534.000	76.000
535.000	92.000
536.000	95.000
537.000	102.000
538.000	93.000
539.000	97.000
540.000	95.000
541.000	87.000
542.000	86.000
543.000	96.000
544.000	88.000
545.000	93.000
546.000	81.000
547.000	82.000
548.000	82.000
549.000	85.000
550.000	79.000
551.000	107.000
552.000	96.000
553.000	95.000
554.000	116.000
555.000	119.000
556.000	89.000
557.000	106.000
558.000	91.000
559.000	93.000
560.000	108.000
561.000	94.000
562.000	99.000
563.000	102.000
564.000	97.000
565.000	99.000
566.000	116.000
567.000	104.000
568.000	111.000
569.000	94.000
570.000	105.000
571.000	108.000
572.000	121.000
573.000	133.000
574.000	118.000
575.000	123.000
576.000	122.000
577.000	95.000
578.000	117.000
579.000	120.000
580.000	105.000
581.000	116.000
582.000	112.000
583.000	103.000
584.000	133.000
585.000	120.000
586.000	129.000
587.000	136.000
588.000	142.000
589.000	137.000
590.000	130.000
591.000	117.000
592.000	126.000
593.000	141.000
594.000	126.000
595.000	129.000
596.000	148.000
597.000	131.000
598.000	137.000
599.000	129.000
600.000	109.000
601.000	134.000
602.000	153.000
603.000	144.000
604.000	153.000
605.000	149.000
606.000	113.000
607.000	129.000
608.000	145.000
609.000	129.000
610.000	129.000
611.000	137.000
612.000	129.000
613.000	121.000
614.000	140.000
615.000	154.000
616.000	146.000
617.000	152.000
618.000	140.000
619.000	137.000
620.000	155.000
621.000	133.000
622.000	128.000
623.000	133.000
624.000	153.000
625.000	147.000
626.000	157.000
627.000	147.000
628.000	168.000
629.000	158.000
630.000	169.000
631.000	176.000
632.000	147.000
633.000	154.000
634.000	166.000
635.000	143.000
636.000	181.000
637.000	149.000
638.000	151.000
639.000	173.000
640.000	151.000
641.000	154.000
642.000	160.000
643.000	163.000
644.000	177.000
645.000	162.000
646.000	191.000
647.000	204.000
648.000	178.000
649.000	174.000
650.000	169.000
651.000	165.000
652.000	189.000
653.000	212.000
654.000	191.000
655.000	174.000
656.000	160.000
657.000	162.000
658.000	172.000
659.000	178.000
660.000	171.000
661.000	191.000
662.000	190.000
663.000	172.000
664.000	170.000
665.000	187.000
666.000	165.000
667.000	179.000
668.000	168.000
669.000	165.000
670.000	190.000
671.000	171.000
672.000	202.000
673.000	187.000
674.000	165.000
675.000	167.000
676.000	193.000
677.000	172.000
678.000	177.000
679.000	177.000
680.000	185.000
681.000	183.000
682.000	215.000
683.000	201.000
684.000	198.000
685.000	172.000
686.000	215.000
687.000	196.000
688.000	179.000
689.000	211.000
690.000	179.000
691.000	193.000
692.000	207.000
693.000	205.000
694.000	215.000
695.000	168.000
696.000	203.000
697.000	210.000
698.000	214.000
699.000	223.000
700.000	189.000
701.000	199.000
702.000	188.000
703.000	200.000
704.000	216.000
705.000	223.000
706.000	213.000
707.000	219.000
708.000	197.000
709.000	214.000
710.000	190.000
711.000	227.000
712.000	190.000
713.000	232.000
714.000	201.000
715.000	220.000
716.000	221.000
717.000	211.000
718.000	230.000
719.000	214.000
720.000	224.000
721.000	207.000
722.000	216.000
723.000	243.000
724.000	227.000
725.000	233.000
726.000	223.000
727.000	239.000
728.000	240.000
729.000	261.000
730.000	203.000
731.000	232.000
732.000	212.000
733.000	224.000
734.000	209.000
735.000	225.000
736.000	218.000
737.000	231.000
738.000	222.000
739.000	221.000
740.000	209.000
741.000	240.000
742.000	216.000
743.000	203.000
744.000	216.000
745.000	236.000
746.000	227.000
747.000	261.000
748.000	216.000
749.000	248.000
750.000	249.000
751.000	259.000
752.000	221.000
753.000	247.000
754.000	236.000
755.000	258.000
756.000	239.000
757.000	216.000
758.000	240.000
759.000	235.000
760.000	245.000
761.000	230.000
762.000	219.000
763.000	236.000
764.000	266.000
765.000	250.000
766.000	246.000
767.000	272.000
768.000	262.000
769.000	283.000
770.000	280.000
771.000	281.000
772.000	299.000
773.000	303.000
774.000	294.000
775.000	305.000
776.000	272.000
777.000	313.000
778.000	276.000
779.000	259.000
780.000	264.000
781.000	251.000
782.000	247.000
783.000	233.000
784.000	284.000
785.000	262.000
786.000	267.000
787.000	285.000
788.000	223.000
789.000	246.000
790.000	264.000
791.000	266.000
792.000	251.000
793.000	249.000
794.000	246.000
795.000	239.000
796.000	285.000
797.000	228.000
798.000	264.000
799.000	288.000
800.000	245.000
801.000	260.000
802.000	259.000
803.000	246.000
804.000	271.000
805.000	246.000
806.000	242.000
807.000	265.000
808.000	276.000
809.000	263.000
810.000	290.000
811.000	251.000
812.000	256.000
813.000	269.000
814.000	269.000
815.000	265.000
816.000	282.000
817.000	251.000
818.000	256.000
819.000	274.000
820.000	243.000
821.000	266.000
822.000	259.000
823.000	292.000
824.000	272.000
825.000	273.000
826.000	272.000
827.000	275.000
828.000	260.000
829.000	269.000
830.000	266.000
831.000	249.000
832.000	289.000
833.000	268.000
834.000	255.000
835.000	282.000
836.000	295.000
837.000	268.000
838.000	296.000
839.000	274.000
840.000	270.000
841.000	290.000
842.000	264.000
843.000	296.000
844.000	290.000
845.000	298.000
846.000	315.000
847.000	269.000
848.000	276.000
849.000	347.000
850.000	319.000
851.000	293.000
852.000	316.000
853.000	318.000
854.000	333.000
855.000	305.000
856.000	326.000
857.000	352.000
858.000	328.000
859.000	319.000
860.000	353.000
861.000	348.000
862.000	378.000
863.000	402.000
864.000	403.000
865.000	360.000
866.000	375.000
867.000	395.000
868.000	392.000
869.000	369.000
870.000	368.000
871.000	379.000
872.000	411.000
873.000	450.000
874.000	425.000
875.000	459.000
876.000	468.000
877.000	485.000
878.000	489.000
879.000	557.000
880.000	586.000
881.000	564.000
882.000	676.000
883.000	666.000
884.000	694.000
885.000	793.000
886.000	838.000
887.000	909.000
888.000	882.000
889.000	1026.000
890.000	1003.000
891.000	1056.000
892.000	1111.000
893.000	1102.000
894.000	1160.000
895.000	1275.000
896.000	1235.000
897.000	1266.000
898.000	1305.000
899.000	1306.000
900.000	1376.000
901.000	1385.000
902.000	1283.000
903.000	1313.000
904.000	1275.000
905.000	1307.000
906.000	1194.000
907.000	1159.000
908.000	1148.000
909.000	1064.000
910.000	1035.000
911.000	972.000
912.000	924.000
913.000	935.000
914.000	813.000
915.000	797.000
916.000	788.000
917.000	704.000
918.000	673.000
919.000	641.000
920.000	568.000
921.000	551.000
922.000	571.000
923.000	495.000
924.000	483.000
925.000	428.000
926.000	425.000
927.000	426.000
928.000	376.000
929.000	370.000
930.000	361.000
931.000	340.000
932.000	373.000
933.000	318.000
934.000	333.000
935.000	322.000
936.000	322.000
937.000	310.000
938.000	334.000
939.000	310.000
940.000	337.000
941.000	335.000
942.000	356.000
943.000	419.000
944.000	453.000
945.000	454.000
946.000	504.000
947.000	567.000
948.000	620.000
949.000	607.000
950.000	685.000
951.000	713.000
952.000	679.000
953.000	683.000
954.000	750.000
955.000	734.000
956.000	683.000
957.000	627.000
958.000	597.000
959.000	572.000
960.000	475.000
961.000	418.000
962.000	422.000
963.000	350.000
964.000	364.000
965.000	313.000
966.000	291.000
967.000	267.000
968.000	248.000
969.000	274.000
970.000	223.000
971.000	241.000
972.000	239.000
973.000	258.000
974.000	247.000
975.000	270.000
976.000	267.000
977.000	234.000
978.000	285.000
979.000	281.000
980.000	263.000
981.000	275.000
982.000	256.000
983.000	257.000
984.000	280.000
985.000	298.000
986.000	312.000
987.000	306.000
988.000	334.000
989.000	310.000
990.000	312.000
991.000	342.000
992.000	365.000
993.000	355.000
994.000	339.000
995.000	368.000
996.000	371.000
997.000	320.000
998.000	395.000
999.000	365.000
1000.000	390.000
1001.000	387.000
1002.000	365.000
1003.000	386.000
1004.000	431.000
1005.000	387.000
1006.000	415.000
1007.000	402.000
1008.000	393.000
1009.000	393.000
1010.000	339.000
1011.000	340.000
1012.000	372.000
1013.000	355.000
1014.000	347.000
1015.000	348.000
1016.000	355.000
1017.000	292.000
1018.000	315.000
1019.000	289.000
1020.000	288.000
1021.000	248.000
1022.000	230.000
1023.000	233.000
1024.000	261.000
