Date:	8/19/2008		Time:	9:21 AM		Version no:	0.00		Project name:	55		Sample name:	222		Section name:	section		Position	492.039995	mm	E0	0.000000	keV	E1	1.000000	keV/channel	sample surface	7.699002	cm	Tube anode:	Mo		Tube voltage:	30	kV	Tube current:	50	mA	gain	20		std. database			resultfile	result		matrix element	11		sample thickness	1.000000		air passage	0.560000	cm	comments	not in position		peaking_time	3.000000	m-sec	trigger_threshold	1229.166667	V	mca_bin_width	22.090000	no:	number_mca_channels	1024.000000	no:	gap_time	0.400000	m-sec	trigger_peaking_time	0.150000	m-sec	GAINDAC	9455		HIGHGAIN	1		TAURC	0		RCTAU	53		RCTAUFRAC	32768		livetime	9.666505	seconds	runtime	10.000502	seconds	input_count_rate	32.017053	cps	output_count_rate	23.619913	cps	triggers	309493	seconds	events_in_run	236211	seconds	channel	content		1.000	0.000
2.000	0.000
3.000	0.000
4.000	0.000
5.000	0.000
6.000	0.000
7.000	0.000
8.000	0.000
9.000	0.000
10.000	0.000
11.000	0.000
12.000	0.000
13.000	0.000
14.000	0.000
15.000	0.000
16.000	0.000
17.000	0.000
18.000	0.000
19.000	0.000
20.000	0.000
21.000	0.000
22.000	0.000
23.000	0.000
24.000	0.000
25.000	0.000
26.000	0.000
27.000	0.000
28.000	0.000
29.000	0.000
30.000	0.000
31.000	1.000
32.000	0.000
33.000	0.000
34.000	1.000
35.000	1.000
36.000	0.000
37.000	1.000
38.000	1.000
39.000	0.000
40.000	2.000
41.000	4.000
42.000	7.000
43.000	2.000
44.000	4.000
45.000	5.000
46.000	7.000
47.000	4.000
48.000	13.000
49.000	11.000
50.000	7.000
51.000	9.000
52.000	10.000
53.000	15.000
54.000	8.000
55.000	9.000
56.000	10.000
57.000	13.000
58.000	14.000
59.000	9.000
60.000	15.000
61.000	11.000
62.000	10.000
63.000	6.000
64.000	18.000
65.000	5.000
66.000	13.000
67.000	9.000
68.000	7.000
69.000	12.000
70.000	8.000
71.000	17.000
72.000	7.000
73.000	10.000
74.000	9.000
75.000	4.000
76.000	8.000
77.000	11.000
78.000	9.000
79.000	8.000
80.000	12.000
81.000	6.000
82.000	10.000
83.000	6.000
84.000	8.000
85.000	7.000
86.000	9.000
87.000	5.000
88.000	7.000
89.000	6.000
90.000	8.000
91.000	6.000
92.000	9.000
93.000	13.000
94.000	8.000
95.000	9.000
96.000	6.000
97.000	9.000
98.000	15.000
99.000	7.000
100.000	5.000
101.000	8.000
102.000	7.000
103.000	8.000
104.000	11.000
105.000	8.000
106.000	3.000
107.000	6.000
108.000	9.000
109.000	11.000
110.000	8.000
111.000	12.000
112.000	4.000
113.000	6.000
114.000	3.000
115.000	6.000
116.000	2.000
117.000	6.000
118.000	7.000
119.000	8.000
120.000	7.000
121.000	8.000
122.000	8.000
123.000	11.000
124.000	11.000
125.000	5.000
126.000	7.000
127.000	8.000
128.000	11.000
129.000	6.000
130.000	7.000
131.000	12.000
132.000	3.000
133.000	8.000
134.000	6.000
135.000	6.000
136.000	8.000
137.000	6.000
138.000	6.000
139.000	5.000
140.000	7.000
141.000	6.000
142.000	8.000
143.000	3.000
144.000	2.000
145.000	6.000
146.000	7.000
147.000	5.000
148.000	5.000
149.000	5.000
150.000	7.000
151.000	3.000
152.000	3.000
153.000	9.000
154.000	5.000
155.000	1.000
156.000	4.000
157.000	3.000
158.000	2.000
159.000	6.000
160.000	12.000
161.000	9.000
162.000	10.000
163.000	9.000
164.000	8.000
165.000	15.000
166.000	6.000
167.000	7.000
168.000	6.000
169.000	6.000
170.000	2.000
171.000	4.000
172.000	5.000
173.000	6.000
174.000	3.000
175.000	8.000
176.000	1.000
177.000	3.000
178.000	2.000
179.000	6.000
180.000	10.000
181.000	11.000
182.000	16.000
183.000	11.000
184.000	6.000
185.000	7.000
186.000	2.000
187.000	5.000
188.000	2.000
189.000	5.000
190.000	2.000
191.000	2.000
192.000	2.000
193.000	0.000
194.000	2.000
195.000	6.000
196.000	6.000
197.000	4.000
198.000	8.000
199.000	12.000
200.000	13.000
201.000	27.000
202.000	32.000
203.000	28.000
204.000	18.000
205.000	34.000
206.000	15.000
207.000	13.000
208.000	11.000
209.000	4.000
210.000	1.000
211.000	4.000
212.000	6.000
213.000	3.000
214.000	5.000
215.000	4.000
216.000	5.000
217.000	7.000
218.000	8.000
219.000	4.000
220.000	9.000
221.000	5.000
222.000	9.000
223.000	6.000
224.000	6.000
225.000	5.000
226.000	5.000
227.000	5.000
228.000	2.000
229.000	2.000
230.000	4.000
231.000	4.000
232.000	9.000
233.000	6.000
234.000	1.000
235.000	1.000
236.000	8.000
237.000	3.000
238.000	3.000
239.000	7.000
240.000	5.000
241.000	4.000
242.000	7.000
243.000	5.000
244.000	9.000
245.000	12.000
246.000	13.000
247.000	10.000
248.000	16.000
249.000	3.000
250.000	16.000
251.000	9.000
252.000	20.000
253.000	13.000
254.000	7.000
255.000	8.000
256.000	9.000
257.000	10.000
258.000	9.000
259.000	5.000
260.000	10.000
261.000	11.000
262.000	1.000
263.000	6.000
264.000	3.000
265.000	4.000
266.000	2.000
267.000	11.000
268.000	6.000
269.000	6.000
270.000	10.000
271.000	6.000
272.000	9.000
273.000	3.000
274.000	8.000
275.000	3.000
276.000	5.000
277.000	4.000
278.000	4.000
279.000	5.000
280.000	2.000
281.000	6.000
282.000	7.000
283.000	8.000
284.000	4.000
285.000	5.000
286.000	3.000
287.000	8.000
288.000	10.000
289.000	5.000
290.000	9.000
291.000	9.000
292.000	10.000
293.000	3.000
294.000	9.000
295.000	11.000
296.000	7.000
297.000	9.000
298.000	13.000
299.000	12.000
300.000	11.000
301.000	6.000
302.000	7.000
303.000	6.000
304.000	6.000
305.000	6.000
306.000	5.000
307.000	5.000
308.000	11.000
309.000	11.000
310.000	5.000
311.000	10.000
312.000	12.000
313.000	17.000
314.000	14.000
315.000	11.000
316.000	20.000
317.000	16.000
318.000	31.000
319.000	42.000
320.000	57.000
321.000	56.000
322.000	65.000
323.000	56.000
324.000	61.000
325.000	59.000
326.000	57.000
327.000	41.000
328.000	29.000
329.000	23.000
330.000	23.000
331.000	18.000
332.000	11.000
333.000	15.000
334.000	16.000
335.000	20.000
336.000	18.000
337.000	20.000
338.000	27.000
339.000	25.000
340.000	50.000
341.000	64.000
342.000	103.000
343.000	160.000
344.000	259.000
345.000	437.000
346.000	601.000
347.000	848.000
348.000	1115.000
349.000	1309.000
350.000	1455.000
351.000	1478.000
352.000	1390.000
353.000	1193.000
354.000	982.000
355.000	740.000
356.000	488.000
357.000	333.000
358.000	199.000
359.000	112.000
360.000	64.000
361.000	37.000
362.000	31.000
363.000	17.000
364.000	20.000
365.000	16.000
366.000	11.000
367.000	23.000
368.000	21.000
369.000	15.000
370.000	28.000
371.000	21.000
372.000	25.000
373.000	30.000
374.000	27.000
375.000	18.000
376.000	27.000
377.000	32.000
378.000	40.000
379.000	62.000
380.000	81.000
381.000	106.000
382.000	137.000
383.000	158.000
384.000	260.000
385.000	255.000
386.000	253.000
387.000	266.000
388.000	238.000
389.000	245.000
390.000	167.000
391.000	135.000
392.000	93.000
393.000	81.000
394.000	57.000
395.000	44.000
396.000	32.000
397.000	24.000
398.000	29.000
399.000	23.000
400.000	23.000
401.000	34.000
402.000	20.000
403.000	19.000
404.000	31.000
405.000	24.000
406.000	21.000
407.000	28.000
408.000	31.000
409.000	32.000
410.000	32.000
411.000	26.000
412.000	35.000
413.000	30.000
414.000	28.000
415.000	22.000
416.000	33.000
417.000	25.000
418.000	21.000
419.000	26.000
420.000	31.000
421.000	26.000
422.000	31.000
423.000	29.000
424.000	25.000
425.000	26.000
426.000	31.000
427.000	30.000
428.000	35.000
429.000	26.000
430.000	25.000
431.000	35.000
432.000	40.000
433.000	31.000
434.000	43.000
435.000	48.000
436.000	39.000
437.000	37.000
438.000	36.000
439.000	42.000
440.000	50.000
441.000	43.000
442.000	49.000
443.000	38.000
444.000	53.000
445.000	60.000
446.000	50.000
447.000	43.000
448.000	46.000
449.000	37.000
450.000	49.000
451.000	40.000
452.000	42.000
453.000	49.000
454.000	55.000
455.000	49.000
456.000	51.000
457.000	58.000
458.000	62.000
459.000	59.000
460.000	56.000
461.000	67.000
462.000	53.000
463.000	60.000
464.000	49.000
465.000	37.000
466.000	60.000
467.000	49.000
468.000	52.000
469.000	38.000
470.000	52.000
471.000	69.000
472.000	53.000
473.000	54.000
474.000	53.000
475.000	47.000
476.000	58.000
477.000	66.000
478.000	60.000
479.000	49.000
480.000	39.000
481.000	50.000
482.000	61.000
483.000	65.000
484.000	58.000
485.000	62.000
486.000	80.000
487.000	69.000
488.000	53.000
489.000	64.000
490.000	55.000
491.000	71.000
492.000	60.000
493.000	55.000
494.000	64.000
495.000	63.000
496.000	50.000
497.000	65.000
498.000	63.000
499.000	63.000
500.000	66.000
501.000	62.000
502.000	76.000
503.000	72.000
504.000	94.000
505.000	68.000
506.000	76.000
507.000	78.000
508.000	63.000
509.000	82.000
510.000	72.000
511.000	73.000
512.000	83.000
513.000	80.000
514.000	57.000
515.000	92.000
516.000	90.000
517.000	83.000
518.000	79.000
519.000	93.000
520.000	90.000
521.000	88.000
522.000	95.000
523.000	73.000
524.000	87.000
525.000	100.000
526.000	107.000
527.000	76.000
528.000	99.000
529.000	100.000
530.000	107.000
531.000	114.000
532.000	91.000
533.000	92.000
534.000	118.000
535.000	86.000
536.000	91.000
537.000	105.000
538.000	84.000
539.000	106.000
540.000	108.000
541.000	120.000
542.000	102.000
543.000	99.000
544.000	100.000
545.000	88.000
546.000	117.000
547.000	109.000
548.000	114.000
549.000	105.000
550.000	107.000
551.000	96.000
552.000	127.000
553.000	103.000
554.000	146.000
555.000	122.000
556.000	130.000
557.000	119.000
558.000	110.000
559.000	111.000
560.000	122.000
561.000	125.000
562.000	135.000
563.000	111.000
564.000	110.000
565.000	116.000
566.000	131.000
567.000	144.000
568.000	129.000
569.000	125.000
570.000	130.000
571.000	147.000
572.000	121.000
573.000	133.000
574.000	131.000
575.000	154.000
576.000	136.000
577.000	129.000
578.000	123.000
579.000	145.000
580.000	124.000
581.000	131.000
582.000	150.000
583.000	141.000
584.000	147.000
585.000	133.000
586.000	150.000
587.000	124.000
588.000	140.000
589.000	121.000
590.000	137.000
591.000	136.000
592.000	149.000
593.000	151.000
594.000	142.000
595.000	154.000
596.000	149.000
597.000	142.000
598.000	167.000
599.000	174.000
600.000	149.000
601.000	132.000
602.000	165.000
603.000	160.000
604.000	141.000
605.000	145.000
606.000	180.000
607.000	185.000
608.000	142.000
609.000	193.000
610.000	174.000
611.000	169.000
612.000	139.000
613.000	143.000
614.000	173.000
615.000	147.000
616.000	180.000
617.000	161.000
618.000	172.000
619.000	168.000
620.000	149.000
621.000	183.000
622.000	173.000
623.000	197.000
624.000	181.000
625.000	194.000
626.000	199.000
627.000	189.000
628.000	177.000
629.000	156.000
630.000	176.000
631.000	197.000
632.000	163.000
633.000	173.000
634.000	185.000
635.000	176.000
636.000	211.000
637.000	193.000
638.000	205.000
639.000	187.000
640.000	174.000
641.000	211.000
642.000	191.000
643.000	193.000
644.000	190.000
645.000	198.000
646.000	167.000
647.000	216.000
648.000	204.000
649.000	216.000
650.000	209.000
651.000	202.000
652.000	205.000
653.000	223.000
654.000	215.000
655.000	201.000
656.000	198.000
657.000	180.000
658.000	199.000
659.000	221.000
660.000	224.000
661.000	191.000
662.000	200.000
663.000	238.000
664.000	213.000
665.000	231.000
666.000	213.000
667.000	230.000
668.000	188.000
669.000	228.000
670.000	224.000
671.000	221.000
672.000	195.000
673.000	215.000
674.000	222.000
675.000	214.000
676.000	210.000
677.000	220.000
678.000	209.000
679.000	219.000
680.000	210.000
681.000	249.000
682.000	242.000
683.000	230.000
684.000	247.000
685.000	192.000
686.000	220.000
687.000	213.000
688.000	207.000
689.000	204.000
690.000	218.000
691.000	225.000
692.000	204.000
693.000	229.000
694.000	219.000
695.000	235.000
696.000	250.000
697.000	241.000
698.000	250.000
699.000	241.000
700.000	234.000
701.000	239.000
702.000	265.000
703.000	260.000
704.000	262.000
705.000	240.000
706.000	263.000
707.000	243.000
708.000	215.000
709.000	235.000
710.000	245.000
711.000	235.000
712.000	245.000
713.000	237.000
714.000	259.000
715.000	237.000
716.000	260.000
717.000	259.000
718.000	242.000
719.000	257.000
720.000	216.000
721.000	249.000
722.000	274.000
723.000	254.000
724.000	223.000
725.000	269.000
726.000	279.000
727.000	282.000
728.000	234.000
729.000	266.000
730.000	279.000
731.000	288.000
732.000	282.000
733.000	290.000
734.000	272.000
735.000	241.000
736.000	270.000
737.000	271.000
738.000	236.000
739.000	277.000
740.000	254.000
741.000	257.000
742.000	275.000
743.000	263.000
744.000	267.000
745.000	241.000
746.000	262.000
747.000	255.000
748.000	274.000
749.000	241.000
750.000	288.000
751.000	258.000
752.000	270.000
753.000	281.000
754.000	262.000
755.000	268.000
756.000	281.000
757.000	249.000
758.000	241.000
759.000	290.000
760.000	271.000
761.000	285.000
762.000	289.000
763.000	303.000
764.000	270.000
765.000	305.000
766.000	278.000
767.000	290.000
768.000	280.000
769.000	305.000
770.000	298.000
771.000	298.000
772.000	332.000
773.000	313.000
774.000	307.000
775.000	321.000
776.000	305.000
777.000	319.000
778.000	261.000
779.000	302.000
780.000	275.000
781.000	295.000
782.000	286.000
783.000	291.000
784.000	291.000
785.000	290.000
786.000	296.000
787.000	307.000
788.000	267.000
789.000	291.000
790.000	289.000
791.000	275.000
792.000	291.000
793.000	288.000
794.000	286.000
795.000	317.000
796.000	328.000
797.000	298.000
798.000	300.000
799.000	305.000
800.000	286.000
801.000	313.000
802.000	297.000
803.000	309.000
804.000	298.000
805.000	325.000
806.000	295.000
807.000	317.000
808.000	284.000
809.000	301.000
810.000	312.000
811.000	341.000
812.000	301.000
813.000	275.000
814.000	345.000
815.000	272.000
816.000	326.000
817.000	316.000
818.000	295.000
819.000	317.000
820.000	312.000
821.000	351.000
822.000	307.000
823.000	296.000
824.000	338.000
825.000	287.000
826.000	290.000
827.000	309.000
828.000	310.000
829.000	300.000
830.000	299.000
831.000	296.000
832.000	335.000
833.000	311.000
834.000	307.000
835.000	343.000
836.000	353.000
837.000	329.000
838.000	325.000
839.000	345.000
840.000	308.000
841.000	328.000
842.000	297.000
843.000	353.000
844.000	349.000
845.000	344.000
846.000	341.000
847.000	355.000
848.000	354.000
849.000	373.000
850.000	354.000
851.000	332.000
852.000	373.000
853.000	341.000
854.000	367.000
855.000	360.000
856.000	403.000
857.000	362.000
858.000	388.000
859.000	405.000
860.000	371.000
861.000	400.000
862.000	401.000
863.000	411.000
864.000	406.000
865.000	421.000
866.000	408.000
867.000	426.000
868.000	464.000
869.000	482.000
870.000	468.000
871.000	446.000
872.000	463.000
873.000	518.000
874.000	515.000
875.000	521.000
876.000	571.000
877.000	576.000
878.000	555.000
879.000	628.000
880.000	679.000
881.000	716.000
882.000	786.000
883.000	763.000
884.000	873.000
885.000	910.000
886.000	914.000
887.000	1030.000
888.000	1090.000
889.000	1095.000
890.000	1216.000
891.000	1211.000
892.000	1341.000
893.000	1361.000
894.000	1393.000
895.000	1430.000
896.000	1499.000
897.000	1507.000
898.000	1567.000
899.000	1520.000
900.000	1528.000
901.000	1497.000
902.000	1650.000
903.000	1512.000
904.000	1513.000
905.000	1424.000
906.000	1430.000
907.000	1343.000
908.000	1257.000
909.000	1239.000
910.000	1234.000
911.000	1163.000
912.000	1103.000
913.000	1057.000
914.000	950.000
915.000	849.000
916.000	856.000
917.000	753.000
918.000	742.000
919.000	671.000
920.000	628.000
921.000	676.000
922.000	578.000
923.000	553.000
924.000	573.000
925.000	528.000
926.000	465.000
927.000	481.000
928.000	442.000
929.000	405.000
930.000	464.000
931.000	391.000
932.000	362.000
933.000	384.000
934.000	377.000
935.000	361.000
936.000	370.000
937.000	367.000
938.000	363.000
939.000	375.000
940.000	383.000
941.000	384.000
942.000	405.000
943.000	395.000
944.000	471.000
945.000	501.000
946.000	565.000
947.000	613.000
948.000	697.000
949.000	694.000
950.000	789.000
951.000	778.000
952.000	791.000
953.000	834.000
954.000	822.000
955.000	773.000
956.000	754.000
957.000	709.000
958.000	682.000
959.000	602.000
960.000	509.000
961.000	493.000
962.000	463.000
963.000	397.000
964.000	394.000
965.000	327.000
966.000	353.000
967.000	285.000
968.000	278.000
969.000	316.000
970.000	292.000
971.000	316.000
972.000	267.000
973.000	293.000
974.000	296.000
975.000	307.000
976.000	303.000
977.000	290.000
978.000	302.000
979.000	319.000
980.000	315.000
981.000	307.000
982.000	322.000
983.000	315.000
984.000	338.000
985.000	374.000
986.000	312.000
987.000	354.000
988.000	348.000
989.000	356.000
990.000	374.000
991.000	385.000
992.000	349.000
993.000	408.000
994.000	409.000
995.000	439.000
996.000	412.000
997.000	458.000
998.000	482.000
999.000	394.000
1000.000	449.000
1001.000	436.000
1002.000	451.000
1003.000	420.000
1004.000	406.000
1005.000	446.000
1006.000	443.000
1007.000	421.000
1008.000	414.000
1009.000	438.000
1010.000	393.000
1011.000	437.000
1012.000	407.000
1013.000	392.000
1014.000	387.000
1015.000	370.000
1016.000	362.000
1017.000	366.000
1018.000	307.000
1019.000	313.000
1020.000	273.000
1021.000	292.000
1022.000	301.000
1023.000	258.000
1024.000	278.000
