Date:	8/19/2008		Time:	9:56 AM		Version no:	0.00		Project name:	55		Sample name:	222		Section name:	section		Position	852.039995	mm	E0	0.000000	keV	E1	1.000000	keV/channel	sample surface	7.789638	cm	Tube anode:	Mo		Tube voltage:	30	kV	Tube current:	50	mA	gain	20		std. database			resultfile	result		matrix element	11		sample thickness	1.000000		air passage	0.560000	cm	comments	in position		peaking_time	3.000000	m-sec	trigger_threshold	1229.166667	V	mca_bin_width	22.090000	no:	number_mca_channels	1024.000000	no:	gap_time	0.400000	m-sec	trigger_peaking_time	0.150000	m-sec	GAINDAC	9455		HIGHGAIN	1		TAURC	0		RCTAU	53		RCTAUFRAC	32768		livetime	9.708281	seconds	runtime	10.000502	seconds	input_count_rate	28.143912	cps	output_count_rate	21.542919	cps	triggers	273229	seconds	events_in_run	215440	seconds	channel	content		1.000	0.000
2.000	0.000
3.000	0.000
4.000	0.000
5.000	0.000
6.000	0.000
7.000	0.000
8.000	0.000
9.000	0.000
10.000	0.000
11.000	0.000
12.000	0.000
13.000	0.000
14.000	0.000
15.000	0.000
16.000	0.000
17.000	0.000
18.000	0.000
19.000	0.000
20.000	0.000
21.000	0.000
22.000	0.000
23.000	0.000
24.000	0.000
25.000	0.000
26.000	0.000
27.000	0.000
28.000	0.000
29.000	0.000
30.000	0.000
31.000	1.000
32.000	0.000
33.000	1.000
34.000	1.000
35.000	0.000
36.000	0.000
37.000	0.000
38.000	1.000
39.000	1.000
40.000	4.000
41.000	2.000
42.000	3.000
43.000	3.000
44.000	6.000
45.000	7.000
46.000	4.000
47.000	10.000
48.000	7.000
49.000	6.000
50.000	12.000
51.000	8.000
52.000	9.000
53.000	13.000
54.000	9.000
55.000	8.000
56.000	9.000
57.000	5.000
58.000	6.000
59.000	6.000
60.000	9.000
61.000	11.000
62.000	17.000
63.000	10.000
64.000	6.000
65.000	12.000
66.000	11.000
67.000	11.000
68.000	10.000
69.000	9.000
70.000	7.000
71.000	6.000
72.000	8.000
73.000	10.000
74.000	11.000
75.000	10.000
76.000	7.000
77.000	7.000
78.000	6.000
79.000	8.000
80.000	7.000
81.000	12.000
82.000	11.000
83.000	6.000
84.000	8.000
85.000	8.000
86.000	7.000
87.000	8.000
88.000	6.000
89.000	12.000
90.000	6.000
91.000	3.000
92.000	10.000
93.000	3.000
94.000	4.000
95.000	9.000
96.000	6.000
97.000	9.000
98.000	3.000
99.000	14.000
100.000	7.000
101.000	9.000
102.000	5.000
103.000	6.000
104.000	6.000
105.000	15.000
106.000	11.000
107.000	6.000
108.000	13.000
109.000	5.000
110.000	8.000
111.000	6.000
112.000	6.000
113.000	7.000
114.000	4.000
115.000	4.000
116.000	6.000
117.000	7.000
118.000	6.000
119.000	4.000
120.000	5.000
121.000	10.000
122.000	7.000
123.000	10.000
124.000	11.000
125.000	14.000
126.000	8.000
127.000	6.000
128.000	10.000
129.000	8.000
130.000	4.000
131.000	8.000
132.000	2.000
133.000	2.000
134.000	8.000
135.000	4.000
136.000	4.000
137.000	5.000
138.000	3.000
139.000	9.000
140.000	5.000
141.000	1.000
142.000	4.000
143.000	4.000
144.000	3.000
145.000	1.000
146.000	7.000
147.000	6.000
148.000	2.000
149.000	1.000
150.000	7.000
151.000	4.000
152.000	3.000
153.000	5.000
154.000	6.000
155.000	3.000
156.000	6.000
157.000	5.000
158.000	4.000
159.000	7.000
160.000	9.000
161.000	13.000
162.000	11.000
163.000	11.000
164.000	7.000
165.000	6.000
166.000	12.000
167.000	2.000
168.000	2.000
169.000	4.000
170.000	7.000
171.000	3.000
172.000	7.000
173.000	2.000
174.000	6.000
175.000	8.000
176.000	5.000
177.000	7.000
178.000	4.000
179.000	6.000
180.000	5.000
181.000	13.000
182.000	11.000
183.000	10.000
184.000	11.000
185.000	8.000
186.000	4.000
187.000	6.000
188.000	2.000
189.000	4.000
190.000	6.000
191.000	4.000
192.000	3.000
193.000	2.000
194.000	3.000
195.000	8.000
196.000	5.000
197.000	6.000
198.000	11.000
199.000	17.000
200.000	21.000
201.000	37.000
202.000	40.000
203.000	47.000
204.000	30.000
205.000	28.000
206.000	13.000
207.000	11.000
208.000	12.000
209.000	7.000
210.000	7.000
211.000	4.000
212.000	6.000
213.000	4.000
214.000	6.000
215.000	5.000
216.000	3.000
217.000	8.000
218.000	6.000
219.000	8.000
220.000	7.000
221.000	7.000
222.000	6.000
223.000	5.000
224.000	8.000
225.000	6.000
226.000	6.000
227.000	8.000
228.000	2.000
229.000	3.000
230.000	2.000
231.000	4.000
232.000	4.000
233.000	6.000
234.000	7.000
235.000	5.000
236.000	1.000
237.000	3.000
238.000	9.000
239.000	6.000
240.000	3.000
241.000	4.000
242.000	9.000
243.000	11.000
244.000	4.000
245.000	15.000
246.000	10.000
247.000	18.000
248.000	22.000
249.000	21.000
250.000	13.000
251.000	6.000
252.000	12.000
253.000	8.000
254.000	8.000
255.000	10.000
256.000	5.000
257.000	10.000
258.000	9.000
259.000	3.000
260.000	7.000
261.000	3.000
262.000	6.000
263.000	6.000
264.000	2.000
265.000	4.000
266.000	10.000
267.000	13.000
268.000	6.000
269.000	6.000
270.000	7.000
271.000	8.000
272.000	8.000
273.000	13.000
274.000	6.000
275.000	4.000
276.000	11.000
277.000	10.000
278.000	6.000
279.000	6.000
280.000	6.000
281.000	9.000
282.000	4.000
283.000	9.000
284.000	7.000
285.000	9.000
286.000	3.000
287.000	11.000
288.000	7.000
289.000	12.000
290.000	5.000
291.000	8.000
292.000	3.000
293.000	4.000
294.000	7.000
295.000	8.000
296.000	11.000
297.000	8.000
298.000	6.000
299.000	14.000
300.000	7.000
301.000	5.000
302.000	2.000
303.000	9.000
304.000	4.000
305.000	15.000
306.000	7.000
307.000	12.000
308.000	6.000
309.000	15.000
310.000	15.000
311.000	5.000
312.000	14.000
313.000	17.000
314.000	10.000
315.000	16.000
316.000	18.000
317.000	15.000
318.000	27.000
319.000	24.000
320.000	31.000
321.000	48.000
322.000	53.000
323.000	60.000
324.000	58.000
325.000	78.000
326.000	42.000
327.000	28.000
328.000	17.000
329.000	23.000
330.000	19.000
331.000	10.000
332.000	7.000
333.000	17.000
334.000	12.000
335.000	8.000
336.000	11.000
337.000	17.000
338.000	16.000
339.000	24.000
340.000	20.000
341.000	34.000
342.000	62.000
343.000	112.000
344.000	178.000
345.000	300.000
346.000	405.000
347.000	615.000
348.000	664.000
349.000	899.000
350.000	955.000
351.000	1015.000
352.000	966.000
353.000	738.000
354.000	620.000
355.000	442.000
356.000	318.000
357.000	234.000
358.000	137.000
359.000	66.000
360.000	46.000
361.000	32.000
362.000	24.000
363.000	20.000
364.000	18.000
365.000	26.000
366.000	20.000
367.000	19.000
368.000	23.000
369.000	20.000
370.000	25.000
371.000	17.000
372.000	32.000
373.000	27.000
374.000	19.000
375.000	28.000
376.000	28.000
377.000	37.000
378.000	48.000
379.000	54.000
380.000	58.000
381.000	75.000
382.000	136.000
383.000	123.000
384.000	152.000
385.000	169.000
386.000	181.000
387.000	191.000
388.000	150.000
389.000	122.000
390.000	133.000
391.000	104.000
392.000	73.000
393.000	61.000
394.000	44.000
395.000	30.000
396.000	44.000
397.000	25.000
398.000	28.000
399.000	24.000
400.000	25.000
401.000	24.000
402.000	39.000
403.000	18.000
404.000	20.000
405.000	39.000
406.000	30.000
407.000	35.000
408.000	25.000
409.000	29.000
410.000	34.000
411.000	35.000
412.000	31.000
413.000	31.000
414.000	34.000
415.000	25.000
416.000	30.000
417.000	30.000
418.000	34.000
419.000	21.000
420.000	31.000
421.000	30.000
422.000	26.000
423.000	36.000
424.000	27.000
425.000	33.000
426.000	34.000
427.000	30.000
428.000	33.000
429.000	44.000
430.000	43.000
431.000	38.000
432.000	38.000
433.000	32.000
434.000	33.000
435.000	36.000
436.000	56.000
437.000	40.000
438.000	42.000
439.000	39.000
440.000	46.000
441.000	43.000
442.000	41.000
443.000	38.000
444.000	40.000
445.000	51.000
446.000	35.000
447.000	41.000
448.000	46.000
449.000	54.000
450.000	48.000
451.000	47.000
452.000	45.000
453.000	51.000
454.000	51.000
455.000	45.000
456.000	58.000
457.000	58.000
458.000	47.000
459.000	68.000
460.000	53.000
461.000	54.000
462.000	50.000
463.000	43.000
464.000	57.000
465.000	41.000
466.000	51.000
467.000	54.000
468.000	44.000
469.000	56.000
470.000	66.000
471.000	49.000
472.000	52.000
473.000	56.000
474.000	64.000
475.000	62.000
476.000	63.000
477.000	63.000
478.000	64.000
479.000	63.000
480.000	64.000
481.000	66.000
482.000	51.000
483.000	72.000
484.000	63.000
485.000	55.000
486.000	64.000
487.000	61.000
488.000	56.000
489.000	63.000
490.000	66.000
491.000	50.000
492.000	66.000
493.000	65.000
494.000	67.000
495.000	61.000
496.000	74.000
497.000	61.000
498.000	70.000
499.000	66.000
500.000	69.000
501.000	66.000
502.000	57.000
503.000	84.000
504.000	80.000
505.000	68.000
506.000	67.000
507.000	102.000
508.000	93.000
509.000	85.000
510.000	57.000
511.000	64.000
512.000	87.000
513.000	76.000
514.000	86.000
515.000	72.000
516.000	78.000
517.000	91.000
518.000	82.000
519.000	83.000
520.000	97.000
521.000	96.000
522.000	93.000
523.000	89.000
524.000	101.000
525.000	98.000
526.000	104.000
527.000	125.000
528.000	94.000
529.000	103.000
530.000	83.000
531.000	88.000
532.000	87.000
533.000	88.000
534.000	102.000
535.000	102.000
536.000	95.000
537.000	101.000
538.000	89.000
539.000	102.000
540.000	94.000
541.000	85.000
542.000	84.000
543.000	107.000
544.000	91.000
545.000	104.000
546.000	100.000
547.000	118.000
548.000	102.000
549.000	95.000
550.000	85.000
551.000	102.000
552.000	104.000
553.000	99.000
554.000	111.000
555.000	110.000
556.000	129.000
557.000	111.000
558.000	105.000
559.000	122.000
560.000	109.000
561.000	121.000
562.000	123.000
563.000	99.000
564.000	126.000
565.000	112.000
566.000	119.000
567.000	119.000
568.000	140.000
569.000	119.000
570.000	140.000
571.000	134.000
572.000	124.000
573.000	135.000
574.000	113.000
575.000	130.000
576.000	115.000
577.000	138.000
578.000	130.000
579.000	141.000
580.000	110.000
581.000	115.000
582.000	120.000
583.000	133.000
584.000	153.000
585.000	136.000
586.000	124.000
587.000	139.000
588.000	142.000
589.000	141.000
590.000	128.000
591.000	132.000
592.000	145.000
593.000	107.000
594.000	144.000
595.000	126.000
596.000	151.000
597.000	139.000
598.000	142.000
599.000	147.000
600.000	151.000
601.000	145.000
602.000	164.000
603.000	150.000
604.000	151.000
605.000	157.000
606.000	141.000
607.000	141.000
608.000	149.000
609.000	143.000
610.000	146.000
611.000	142.000
612.000	141.000
613.000	150.000
614.000	161.000
615.000	140.000
616.000	150.000
617.000	159.000
618.000	167.000
619.000	145.000
620.000	166.000
621.000	157.000
622.000	169.000
623.000	156.000
624.000	155.000
625.000	144.000
626.000	164.000
627.000	171.000
628.000	176.000
629.000	183.000
630.000	152.000
631.000	181.000
632.000	172.000
633.000	168.000
634.000	188.000
635.000	152.000
636.000	179.000
637.000	156.000
638.000	176.000
639.000	177.000
640.000	181.000
641.000	179.000
642.000	165.000
643.000	186.000
644.000	199.000
645.000	177.000
646.000	189.000
647.000	174.000
648.000	165.000
649.000	181.000
650.000	219.000
651.000	171.000
652.000	227.000
653.000	176.000
654.000	187.000
655.000	207.000
656.000	199.000
657.000	200.000
658.000	182.000
659.000	207.000
660.000	179.000
661.000	199.000
662.000	183.000
663.000	193.000
664.000	178.000
665.000	193.000
666.000	208.000
667.000	188.000
668.000	209.000
669.000	177.000
670.000	186.000
671.000	209.000
672.000	183.000
673.000	201.000
674.000	210.000
675.000	204.000
676.000	204.000
677.000	212.000
678.000	181.000
679.000	217.000
680.000	205.000
681.000	196.000
682.000	229.000
683.000	196.000
684.000	186.000
685.000	186.000
686.000	214.000
687.000	238.000
688.000	198.000
689.000	208.000
690.000	175.000
691.000	212.000
692.000	213.000
693.000	227.000
694.000	243.000
695.000	213.000
696.000	209.000
697.000	195.000
698.000	200.000
699.000	193.000
700.000	207.000
701.000	255.000
702.000	237.000
703.000	208.000
704.000	240.000
705.000	238.000
706.000	219.000
707.000	197.000
708.000	217.000
709.000	215.000
710.000	204.000
711.000	238.000
712.000	214.000
713.000	210.000
714.000	217.000
715.000	224.000
716.000	224.000
717.000	235.000
718.000	216.000
719.000	274.000
720.000	245.000
721.000	209.000
722.000	215.000
723.000	237.000
724.000	228.000
725.000	232.000
726.000	244.000
727.000	234.000
728.000	233.000
729.000	255.000
730.000	240.000
731.000	255.000
732.000	250.000
733.000	233.000
734.000	241.000
735.000	239.000
736.000	241.000
737.000	236.000
738.000	235.000
739.000	233.000
740.000	246.000
741.000	249.000
742.000	236.000
743.000	259.000
744.000	240.000
745.000	240.000
746.000	237.000
747.000	223.000
748.000	240.000
749.000	258.000
750.000	244.000
751.000	236.000
752.000	260.000
753.000	217.000
754.000	220.000
755.000	254.000
756.000	228.000
757.000	234.000
758.000	255.000
759.000	227.000
760.000	255.000
761.000	251.000
762.000	269.000
763.000	259.000
764.000	247.000
765.000	252.000
766.000	284.000
767.000	257.000
768.000	284.000
769.000	283.000
770.000	274.000
771.000	300.000
772.000	276.000
773.000	270.000
774.000	252.000
775.000	325.000
776.000	246.000
777.000	272.000
778.000	259.000
779.000	265.000
780.000	263.000
781.000	268.000
782.000	258.000
783.000	261.000
784.000	280.000
785.000	266.000
786.000	246.000
787.000	266.000
788.000	262.000
789.000	269.000
790.000	262.000
791.000	276.000
792.000	277.000
793.000	274.000
794.000	278.000
795.000	261.000
796.000	268.000
797.000	251.000
798.000	261.000
799.000	276.000
800.000	266.000
801.000	242.000
802.000	267.000
803.000	231.000
804.000	265.000
805.000	278.000
806.000	255.000
807.000	274.000
808.000	261.000
809.000	293.000
810.000	272.000
811.000	280.000
812.000	233.000
813.000	284.000
814.000	269.000
815.000	246.000
816.000	304.000
817.000	264.000
818.000	306.000
819.000	267.000
820.000	291.000
821.000	290.000
822.000	294.000
823.000	275.000
824.000	266.000
825.000	308.000
826.000	289.000
827.000	271.000
828.000	265.000
829.000	277.000
830.000	297.000
831.000	285.000
832.000	312.000
833.000	289.000
834.000	301.000
835.000	297.000
836.000	304.000
837.000	308.000
838.000	298.000
839.000	263.000
840.000	311.000
841.000	285.000
842.000	320.000
843.000	324.000
844.000	298.000
845.000	277.000
846.000	298.000
847.000	290.000
848.000	355.000
849.000	327.000
850.000	323.000
851.000	326.000
852.000	336.000
853.000	338.000
854.000	317.000
855.000	335.000
856.000	341.000
857.000	325.000
858.000	358.000
859.000	364.000
860.000	348.000
861.000	365.000
862.000	352.000
863.000	355.000
864.000	390.000
865.000	396.000
866.000	384.000
867.000	395.000
868.000	409.000
869.000	387.000
870.000	415.000
871.000	426.000
872.000	444.000
873.000	457.000
874.000	474.000
875.000	479.000
876.000	562.000
877.000	530.000
878.000	529.000
879.000	591.000
880.000	598.000
881.000	623.000
882.000	678.000
883.000	724.000
884.000	772.000
885.000	805.000
886.000	839.000
887.000	931.000
888.000	931.000
889.000	1060.000
890.000	1010.000
891.000	1178.000
892.000	1267.000
893.000	1200.000
894.000	1303.000
895.000	1330.000
896.000	1362.000
897.000	1381.000
898.000	1425.000
899.000	1314.000
900.000	1447.000
901.000	1416.000
902.000	1382.000
903.000	1324.000
904.000	1275.000
905.000	1234.000
906.000	1308.000
907.000	1237.000
908.000	1151.000
909.000	1151.000
910.000	1131.000
911.000	1033.000
912.000	952.000
913.000	999.000
914.000	868.000
915.000	845.000
916.000	740.000
917.000	737.000
918.000	683.000
919.000	630.000
920.000	581.000
921.000	595.000
922.000	563.000
923.000	467.000
924.000	517.000
925.000	445.000
926.000	467.000
927.000	466.000
928.000	394.000
929.000	376.000
930.000	384.000
931.000	366.000
932.000	353.000
933.000	349.000
934.000	338.000
935.000	346.000
936.000	293.000
937.000	330.000
938.000	364.000
939.000	382.000
940.000	409.000
941.000	338.000
942.000	383.000
943.000	412.000
944.000	434.000
945.000	451.000
946.000	517.000
947.000	541.000
948.000	598.000
949.000	680.000
950.000	657.000
951.000	690.000
952.000	727.000
953.000	778.000
954.000	730.000
955.000	724.000
956.000	698.000
957.000	697.000
958.000	603.000
959.000	587.000
960.000	497.000
961.000	466.000
962.000	424.000
963.000	371.000
964.000	349.000
965.000	319.000
966.000	290.000
967.000	289.000
968.000	301.000
969.000	285.000
970.000	278.000
971.000	259.000
972.000	261.000
973.000	261.000
974.000	308.000
975.000	251.000
976.000	275.000
977.000	251.000
978.000	286.000
979.000	314.000
980.000	277.000
981.000	309.000
982.000	298.000
983.000	297.000
984.000	307.000
985.000	310.000
986.000	328.000
987.000	303.000
988.000	329.000
989.000	312.000
990.000	358.000
991.000	350.000
992.000	346.000
993.000	370.000
994.000	368.000
995.000	402.000
996.000	390.000
997.000	423.000
998.000	389.000
999.000	394.000
1000.000	410.000
1001.000	437.000
1002.000	426.000
1003.000	403.000
1004.000	400.000
1005.000	423.000
1006.000	409.000
1007.000	410.000
1008.000	433.000
1009.000	404.000
1010.000	391.000
1011.000	381.000
1012.000	390.000
1013.000	357.000
1014.000	346.000
1015.000	351.000
1016.000	331.000
1017.000	331.000
1018.000	306.000
1019.000	331.000
1020.000	289.000
1021.000	266.000
1022.000	263.000
1023.000	273.000
1024.000	246.000
