Date:	8/19/2008		Time:	9:43 AM		Version no:	0.00		Project name:	55		Sample name:	222		Section name:	section		Position	718.039995	mm	E0	0.000000	keV	E1	1.000000	keV/channel	sample surface	7.598825	cm	Tube anode:	Mo		Tube voltage:	30	kV	Tube current:	50	mA	gain	20		std. database			resultfile	result		matrix element	11		sample thickness	1.000000		air passage	0.560000	cm	comments	in position		peaking_time	3.000000	m-sec	trigger_threshold	1229.166667	V	mca_bin_width	22.090000	no:	number_mca_channels	1024.000000	no:	gap_time	0.400000	m-sec	trigger_peaking_time	0.150000	m-sec	GAINDAC	9455		HIGHGAIN	1		TAURC	0		RCTAU	53		RCTAUFRAC	32768		livetime	9.707079	seconds	runtime	10.000502	seconds	input_count_rate	27.852971	cps	output_count_rate	21.351029	cps	triggers	270371	seconds	events_in_run	213521	seconds	channel	content		1.000	0.000
2.000	0.000
3.000	0.000
4.000	0.000
5.000	0.000
6.000	0.000
7.000	0.000
8.000	0.000
9.000	0.000
10.000	0.000
11.000	0.000
12.000	0.000
13.000	0.000
14.000	0.000
15.000	0.000
16.000	0.000
17.000	0.000
18.000	0.000
19.000	0.000
20.000	0.000
21.000	0.000
22.000	0.000
23.000	0.000
24.000	0.000
25.000	0.000
26.000	0.000
27.000	0.000
28.000	0.000
29.000	0.000
30.000	0.000
31.000	1.000
32.000	1.000
33.000	0.000
34.000	1.000
35.000	2.000
36.000	1.000
37.000	2.000
38.000	5.000
39.000	3.000
40.000	0.000
41.000	2.000
42.000	3.000
43.000	6.000
44.000	6.000
45.000	3.000
46.000	4.000
47.000	11.000
48.000	8.000
49.000	7.000
50.000	9.000
51.000	10.000
52.000	11.000
53.000	10.000
54.000	5.000
55.000	12.000
56.000	9.000
57.000	12.000
58.000	8.000
59.000	8.000
60.000	11.000
61.000	13.000
62.000	15.000
63.000	7.000
64.000	8.000
65.000	10.000
66.000	13.000
67.000	15.000
68.000	9.000
69.000	5.000
70.000	4.000
71.000	8.000
72.000	14.000
73.000	6.000
74.000	12.000
75.000	11.000
76.000	9.000
77.000	7.000
78.000	9.000
79.000	9.000
80.000	13.000
81.000	3.000
82.000	7.000
83.000	6.000
84.000	15.000
85.000	16.000
86.000	10.000
87.000	12.000
88.000	7.000
89.000	11.000
90.000	11.000
91.000	9.000
92.000	7.000
93.000	6.000
94.000	5.000
95.000	7.000
96.000	1.000
97.000	11.000
98.000	9.000
99.000	13.000
100.000	8.000
101.000	12.000
102.000	9.000
103.000	4.000
104.000	11.000
105.000	7.000
106.000	9.000
107.000	6.000
108.000	9.000
109.000	6.000
110.000	10.000
111.000	8.000
112.000	3.000
113.000	5.000
114.000	8.000
115.000	2.000
116.000	5.000
117.000	4.000
118.000	13.000
119.000	7.000
120.000	8.000
121.000	6.000
122.000	9.000
123.000	7.000
124.000	7.000
125.000	8.000
126.000	7.000
127.000	6.000
128.000	6.000
129.000	9.000
130.000	5.000
131.000	12.000
132.000	5.000
133.000	7.000
134.000	6.000
135.000	5.000
136.000	9.000
137.000	6.000
138.000	5.000
139.000	5.000
140.000	3.000
141.000	9.000
142.000	3.000
143.000	6.000
144.000	5.000
145.000	4.000
146.000	3.000
147.000	2.000
148.000	7.000
149.000	6.000
150.000	6.000
151.000	3.000
152.000	2.000
153.000	7.000
154.000	2.000
155.000	7.000
156.000	5.000
157.000	6.000
158.000	9.000
159.000	10.000
160.000	8.000
161.000	12.000
162.000	12.000
163.000	8.000
164.000	14.000
165.000	6.000
166.000	8.000
167.000	4.000
168.000	8.000
169.000	3.000
170.000	4.000
171.000	2.000
172.000	2.000
173.000	4.000
174.000	7.000
175.000	1.000
176.000	5.000
177.000	4.000
178.000	4.000
179.000	10.000
180.000	5.000
181.000	6.000
182.000	11.000
183.000	10.000
184.000	4.000
185.000	6.000
186.000	3.000
187.000	1.000
188.000	2.000
189.000	2.000
190.000	4.000
191.000	5.000
192.000	1.000
193.000	6.000
194.000	2.000
195.000	1.000
196.000	12.000
197.000	7.000
198.000	13.000
199.000	17.000
200.000	14.000
201.000	22.000
202.000	29.000
203.000	25.000
204.000	16.000
205.000	16.000
206.000	15.000
207.000	6.000
208.000	9.000
209.000	3.000
210.000	4.000
211.000	2.000
212.000	5.000
213.000	6.000
214.000	3.000
215.000	1.000
216.000	5.000
217.000	5.000
218.000	4.000
219.000	6.000
220.000	6.000
221.000	4.000
222.000	7.000
223.000	6.000
224.000	5.000
225.000	0.000
226.000	2.000
227.000	4.000
228.000	4.000
229.000	2.000
230.000	9.000
231.000	3.000
232.000	3.000
233.000	3.000
234.000	2.000
235.000	4.000
236.000	8.000
237.000	7.000
238.000	3.000
239.000	7.000
240.000	2.000
241.000	2.000
242.000	7.000
243.000	5.000
244.000	8.000
245.000	4.000
246.000	8.000
247.000	8.000
248.000	6.000
249.000	12.000
250.000	15.000
251.000	7.000
252.000	4.000
253.000	9.000
254.000	9.000
255.000	5.000
256.000	6.000
257.000	5.000
258.000	3.000
259.000	2.000
260.000	4.000
261.000	4.000
262.000	3.000
263.000	7.000
264.000	3.000
265.000	10.000
266.000	4.000
267.000	4.000
268.000	3.000
269.000	5.000
270.000	4.000
271.000	8.000
272.000	6.000
273.000	5.000
274.000	6.000
275.000	8.000
276.000	2.000
277.000	7.000
278.000	2.000
279.000	5.000
280.000	5.000
281.000	2.000
282.000	1.000
283.000	5.000
284.000	5.000
285.000	10.000
286.000	1.000
287.000	5.000
288.000	8.000
289.000	5.000
290.000	8.000
291.000	6.000
292.000	3.000
293.000	6.000
294.000	9.000
295.000	4.000
296.000	5.000
297.000	11.000
298.000	8.000
299.000	5.000
300.000	6.000
301.000	10.000
302.000	5.000
303.000	12.000
304.000	10.000
305.000	4.000
306.000	5.000
307.000	2.000
308.000	6.000
309.000	6.000
310.000	10.000
311.000	7.000
312.000	9.000
313.000	6.000
314.000	10.000
315.000	13.000
316.000	14.000
317.000	14.000
318.000	13.000
319.000	16.000
320.000	25.000
321.000	43.000
322.000	43.000
323.000	43.000
324.000	37.000
325.000	39.000
326.000	31.000
327.000	29.000
328.000	21.000
329.000	9.000
330.000	14.000
331.000	13.000
332.000	4.000
333.000	12.000
334.000	10.000
335.000	10.000
336.000	16.000
337.000	7.000
338.000	11.000
339.000	12.000
340.000	22.000
341.000	15.000
342.000	36.000
343.000	66.000
344.000	115.000
345.000	155.000
346.000	231.000
347.000	357.000
348.000	431.000
349.000	500.000
350.000	607.000
351.000	613.000
352.000	547.000
353.000	486.000
354.000	399.000
355.000	273.000
356.000	212.000
357.000	112.000
358.000	81.000
359.000	42.000
360.000	41.000
361.000	26.000
362.000	21.000
363.000	18.000
364.000	18.000
365.000	10.000
366.000	10.000
367.000	14.000
368.000	14.000
369.000	13.000
370.000	12.000
371.000	14.000
372.000	17.000
373.000	7.000
374.000	12.000
375.000	17.000
376.000	19.000
377.000	17.000
378.000	19.000
379.000	27.000
380.000	45.000
381.000	50.000
382.000	63.000
383.000	76.000
384.000	79.000
385.000	109.000
386.000	105.000
387.000	109.000
388.000	109.000
389.000	105.000
390.000	83.000
391.000	61.000
392.000	45.000
393.000	27.000
394.000	26.000
395.000	28.000
396.000	22.000
397.000	26.000
398.000	17.000
399.000	23.000
400.000	21.000
401.000	14.000
402.000	21.000
403.000	9.000
404.000	24.000
405.000	19.000
406.000	16.000
407.000	17.000
408.000	16.000
409.000	25.000
410.000	20.000
411.000	26.000
412.000	25.000
413.000	23.000
414.000	22.000
415.000	21.000
416.000	19.000
417.000	23.000
418.000	23.000
419.000	19.000
420.000	20.000
421.000	21.000
422.000	12.000
423.000	29.000
424.000	26.000
425.000	22.000
426.000	15.000
427.000	23.000
428.000	30.000
429.000	18.000
430.000	24.000
431.000	18.000
432.000	23.000
433.000	30.000
434.000	27.000
435.000	31.000
436.000	24.000
437.000	25.000
438.000	37.000
439.000	23.000
440.000	30.000
441.000	25.000
442.000	25.000
443.000	38.000
444.000	32.000
445.000	32.000
446.000	41.000
447.000	45.000
448.000	29.000
449.000	34.000
450.000	40.000
451.000	37.000
452.000	29.000
453.000	30.000
454.000	26.000
455.000	42.000
456.000	45.000
457.000	27.000
458.000	32.000
459.000	34.000
460.000	36.000
461.000	40.000
462.000	40.000
463.000	48.000
464.000	46.000
465.000	30.000
466.000	38.000
467.000	40.000
468.000	32.000
469.000	39.000
470.000	40.000
471.000	31.000
472.000	44.000
473.000	31.000
474.000	40.000
475.000	35.000
476.000	27.000
477.000	37.000
478.000	44.000
479.000	42.000
480.000	45.000
481.000	46.000
482.000	48.000
483.000	43.000
484.000	44.000
485.000	43.000
486.000	44.000
487.000	47.000
488.000	48.000
489.000	52.000
490.000	42.000
491.000	45.000
492.000	40.000
493.000	56.000
494.000	51.000
495.000	48.000
496.000	42.000
497.000	45.000
498.000	56.000
499.000	37.000
500.000	49.000
501.000	59.000
502.000	51.000
503.000	50.000
504.000	65.000
505.000	53.000
506.000	57.000
507.000	57.000
508.000	67.000
509.000	61.000
510.000	63.000
511.000	64.000
512.000	71.000
513.000	66.000
514.000	65.000
515.000	54.000
516.000	68.000
517.000	53.000
518.000	60.000
519.000	72.000
520.000	68.000
521.000	71.000
522.000	65.000
523.000	66.000
524.000	67.000
525.000	80.000
526.000	71.000
527.000	80.000
528.000	76.000
529.000	66.000
530.000	80.000
531.000	80.000
532.000	64.000
533.000	75.000
534.000	68.000
535.000	77.000
536.000	66.000
537.000	61.000
538.000	85.000
539.000	77.000
540.000	67.000
541.000	75.000
542.000	75.000
543.000	76.000
544.000	84.000
545.000	85.000
546.000	75.000
547.000	65.000
548.000	97.000
549.000	87.000
550.000	80.000
551.000	84.000
552.000	82.000
553.000	75.000
554.000	90.000
555.000	104.000
556.000	75.000
557.000	100.000
558.000	91.000
559.000	98.000
560.000	106.000
561.000	97.000
562.000	73.000
563.000	84.000
564.000	86.000
565.000	88.000
566.000	95.000
567.000	112.000
568.000	102.000
569.000	98.000
570.000	109.000
571.000	98.000
572.000	105.000
573.000	101.000
574.000	111.000
575.000	106.000
576.000	115.000
577.000	111.000
578.000	110.000
579.000	103.000
580.000	93.000
581.000	106.000
582.000	101.000
583.000	126.000
584.000	117.000
585.000	101.000
586.000	122.000
587.000	92.000
588.000	108.000
589.000	112.000
590.000	97.000
591.000	115.000
592.000	122.000
593.000	113.000
594.000	99.000
595.000	124.000
596.000	120.000
597.000	124.000
598.000	98.000
599.000	126.000
600.000	103.000
601.000	118.000
602.000	117.000
603.000	110.000
604.000	126.000
605.000	121.000
606.000	130.000
607.000	131.000
608.000	117.000
609.000	125.000
610.000	124.000
611.000	130.000
612.000	142.000
613.000	112.000
614.000	113.000
615.000	119.000
616.000	137.000
617.000	131.000
618.000	127.000
619.000	142.000
620.000	125.000
621.000	118.000
622.000	144.000
623.000	137.000
624.000	156.000
625.000	144.000
626.000	155.000
627.000	152.000
628.000	141.000
629.000	145.000
630.000	135.000
631.000	164.000
632.000	139.000
633.000	124.000
634.000	150.000
635.000	129.000
636.000	149.000
637.000	156.000
638.000	141.000
639.000	145.000
640.000	165.000
641.000	138.000
642.000	153.000
643.000	163.000
644.000	150.000
645.000	155.000
646.000	148.000
647.000	147.000
648.000	160.000
649.000	158.000
650.000	143.000
651.000	171.000
652.000	178.000
653.000	169.000
654.000	196.000
655.000	155.000
656.000	181.000
657.000	182.000
658.000	176.000
659.000	171.000
660.000	149.000
661.000	157.000
662.000	169.000
663.000	173.000
664.000	161.000
665.000	159.000
666.000	167.000
667.000	197.000
668.000	189.000
669.000	166.000
670.000	158.000
671.000	159.000
672.000	195.000
673.000	178.000
674.000	190.000
675.000	186.000
676.000	160.000
677.000	199.000
678.000	197.000
679.000	178.000
680.000	213.000
681.000	171.000
682.000	185.000
683.000	181.000
684.000	193.000
685.000	186.000
686.000	179.000
687.000	178.000
688.000	187.000
689.000	228.000
690.000	194.000
691.000	202.000
692.000	178.000
693.000	179.000
694.000	190.000
695.000	205.000
696.000	200.000
697.000	216.000
698.000	189.000
699.000	198.000
700.000	194.000
701.000	193.000
702.000	188.000
703.000	222.000
704.000	195.000
705.000	211.000
706.000	208.000
707.000	216.000
708.000	193.000
709.000	245.000
710.000	191.000
711.000	228.000
712.000	242.000
713.000	213.000
714.000	229.000
715.000	224.000
716.000	202.000
717.000	224.000
718.000	201.000
719.000	204.000
720.000	232.000
721.000	209.000
722.000	186.000
723.000	246.000
724.000	247.000
725.000	232.000
726.000	216.000
727.000	238.000
728.000	208.000
729.000	231.000
730.000	263.000
731.000	236.000
732.000	221.000
733.000	251.000
734.000	208.000
735.000	220.000
736.000	231.000
737.000	246.000
738.000	251.000
739.000	228.000
740.000	216.000
741.000	225.000
742.000	206.000
743.000	234.000
744.000	218.000
745.000	234.000
746.000	209.000
747.000	219.000
748.000	227.000
749.000	247.000
750.000	246.000
751.000	234.000
752.000	236.000
753.000	261.000
754.000	226.000
755.000	244.000
756.000	247.000
757.000	260.000
758.000	234.000
759.000	210.000
760.000	252.000
761.000	250.000
762.000	283.000
763.000	239.000
764.000	260.000
765.000	264.000
766.000	252.000
767.000	249.000
768.000	274.000
769.000	292.000
770.000	251.000
771.000	291.000
772.000	323.000
773.000	285.000
774.000	304.000
775.000	277.000
776.000	284.000
777.000	306.000
778.000	297.000
779.000	285.000
780.000	299.000
781.000	269.000
782.000	258.000
783.000	252.000
784.000	285.000
785.000	255.000
786.000	284.000
787.000	281.000
788.000	259.000
789.000	288.000
790.000	233.000
791.000	250.000
792.000	241.000
793.000	265.000
794.000	282.000
795.000	276.000
796.000	272.000
797.000	287.000
798.000	295.000
799.000	254.000
800.000	256.000
801.000	304.000
802.000	241.000
803.000	285.000
804.000	269.000
805.000	251.000
806.000	279.000
807.000	303.000
808.000	264.000
809.000	257.000
810.000	282.000
811.000	296.000
812.000	274.000
813.000	286.000
814.000	294.000
815.000	289.000
816.000	325.000
817.000	272.000
818.000	305.000
819.000	250.000
820.000	281.000
821.000	270.000
822.000	265.000
823.000	270.000
824.000	269.000
825.000	282.000
826.000	270.000
827.000	287.000
828.000	331.000
829.000	322.000
830.000	284.000
831.000	290.000
832.000	304.000
833.000	312.000
834.000	285.000
835.000	303.000
836.000	291.000
837.000	306.000
838.000	295.000
839.000	347.000
840.000	302.000
841.000	324.000
842.000	293.000
843.000	369.000
844.000	319.000
845.000	310.000
846.000	327.000
847.000	326.000
848.000	355.000
849.000	366.000
850.000	339.000
851.000	301.000
852.000	359.000
853.000	309.000
854.000	333.000
855.000	341.000
856.000	367.000
857.000	363.000
858.000	378.000
859.000	322.000
860.000	376.000
861.000	331.000
862.000	361.000
863.000	403.000
864.000	412.000
865.000	377.000
866.000	408.000
867.000	420.000
868.000	394.000
869.000	453.000
870.000	418.000
871.000	416.000
872.000	469.000
873.000	505.000
874.000	509.000
875.000	527.000
876.000	549.000
877.000	510.000
878.000	555.000
879.000	614.000
880.000	635.000
881.000	664.000
882.000	722.000
883.000	777.000
884.000	795.000
885.000	867.000
886.000	906.000
887.000	924.000
888.000	994.000
889.000	1112.000
890.000	1135.000
891.000	1165.000
892.000	1299.000
893.000	1242.000
894.000	1275.000
895.000	1392.000
896.000	1450.000
897.000	1528.000
898.000	1437.000
899.000	1477.000
900.000	1528.000
901.000	1452.000
902.000	1524.000
903.000	1515.000
904.000	1410.000
905.000	1379.000
906.000	1377.000
907.000	1274.000
908.000	1295.000
909.000	1218.000
910.000	1154.000
911.000	1085.000
912.000	1060.000
913.000	956.000
914.000	953.000
915.000	900.000
916.000	862.000
917.000	750.000
918.000	754.000
919.000	720.000
920.000	649.000
921.000	601.000
922.000	607.000
923.000	510.000
924.000	506.000
925.000	522.000
926.000	462.000
927.000	466.000
928.000	435.000
929.000	385.000
930.000	410.000
931.000	398.000
932.000	357.000
933.000	373.000
934.000	366.000
935.000	357.000
936.000	381.000
937.000	345.000
938.000	341.000
939.000	370.000
940.000	402.000
941.000	432.000
942.000	414.000
943.000	439.000
944.000	497.000
945.000	526.000
946.000	550.000
947.000	669.000
948.000	615.000
949.000	689.000
950.000	773.000
951.000	815.000
952.000	787.000
953.000	782.000
954.000	866.000
955.000	772.000
956.000	738.000
957.000	691.000
958.000	651.000
959.000	615.000
960.000	536.000
961.000	491.000
962.000	419.000
963.000	409.000
964.000	396.000
965.000	352.000
966.000	332.000
967.000	275.000
968.000	297.000
969.000	268.000
970.000	289.000
971.000	289.000
972.000	292.000
973.000	278.000
974.000	300.000
975.000	284.000
976.000	280.000
977.000	286.000
978.000	304.000
979.000	296.000
980.000	304.000
981.000	317.000
982.000	344.000
983.000	309.000
984.000	335.000
985.000	291.000
986.000	368.000
987.000	326.000
988.000	373.000
989.000	327.000
990.000	412.000
991.000	376.000
992.000	384.000
993.000	384.000
994.000	391.000
995.000	454.000
996.000	399.000
997.000	437.000
998.000	421.000
999.000	446.000
1000.000	427.000
1001.000	445.000
1002.000	451.000
1003.000	465.000
1004.000	468.000
1005.000	460.000
1006.000	438.000
1007.000	412.000
1008.000	441.000
1009.000	411.000
1010.000	413.000
1011.000	415.000
1012.000	412.000
1013.000	389.000
1014.000	418.000
1015.000	367.000
1016.000	399.000
1017.000	336.000
1018.000	343.000
1019.000	373.000
1020.000	300.000
1021.000	291.000
1022.000	308.000
1023.000	293.000
1024.000	296.000
