Date:	8/19/2008		Time:	8:40 AM		Version no:	0.00		Project name:	55		Sample name:	222		Section name:	section		Position	50.039995	mm	E0	0.000000	keV	E1	1.000000	keV/channel	sample surface	7.598682	cm	Tube anode:	Mo		Tube voltage:	30	kV	Tube current:	50	mA	gain	20		std. database			resultfile	result		matrix element	11		sample thickness	1.000000		air passage	0.560000	cm	comments	not in position		peaking_time	3.000000	m-sec	trigger_threshold	1229.166667	V	mca_bin_width	22.090000	no:	number_mca_channels	1024.000000	no:	gap_time	0.400000	m-sec	trigger_peaking_time	0.150000	m-sec	GAINDAC	9455		HIGHGAIN	1		TAURC	0		RCTAU	53		RCTAUFRAC	32768		livetime	9.673659	seconds	runtime	10.000502	seconds	input_count_rate	30.379094	cps	output_count_rate	22.812154	cps	triggers	293877	seconds	events_in_run	228133	seconds	channel	content		1.000	0.000
2.000	0.000
3.000	0.000
4.000	0.000
5.000	0.000
6.000	0.000
7.000	0.000
8.000	0.000
9.000	0.000
10.000	0.000
11.000	0.000
12.000	0.000
13.000	0.000
14.000	0.000
15.000	0.000
16.000	0.000
17.000	0.000
18.000	0.000
19.000	0.000
20.000	0.000
21.000	0.000
22.000	0.000
23.000	0.000
24.000	0.000
25.000	0.000
26.000	0.000
27.000	0.000
28.000	0.000
29.000	0.000
30.000	0.000
31.000	0.000
32.000	1.000
33.000	3.000
34.000	0.000
35.000	1.000
36.000	0.000
37.000	2.000
38.000	1.000
39.000	6.000
40.000	2.000
41.000	9.000
42.000	2.000
43.000	3.000
44.000	5.000
45.000	7.000
46.000	11.000
47.000	4.000
48.000	4.000
49.000	8.000
50.000	5.000
51.000	4.000
52.000	2.000
53.000	9.000
54.000	12.000
55.000	15.000
56.000	9.000
57.000	10.000
58.000	10.000
59.000	10.000
60.000	6.000
61.000	6.000
62.000	17.000
63.000	11.000
64.000	13.000
65.000	12.000
66.000	12.000
67.000	13.000
68.000	9.000
69.000	14.000
70.000	14.000
71.000	17.000
72.000	10.000
73.000	7.000
74.000	8.000
75.000	10.000
76.000	18.000
77.000	4.000
78.000	11.000
79.000	9.000
80.000	11.000
81.000	5.000
82.000	6.000
83.000	12.000
84.000	7.000
85.000	6.000
86.000	8.000
87.000	5.000
88.000	1.000
89.000	14.000
90.000	10.000
91.000	13.000
92.000	10.000
93.000	8.000
94.000	9.000
95.000	9.000
96.000	8.000
97.000	5.000
98.000	6.000
99.000	6.000
100.000	9.000
101.000	5.000
102.000	7.000
103.000	3.000
104.000	13.000
105.000	8.000
106.000	10.000
107.000	12.000
108.000	8.000
109.000	5.000
110.000	6.000
111.000	5.000
112.000	2.000
113.000	9.000
114.000	10.000
115.000	10.000
116.000	8.000
117.000	7.000
118.000	11.000
119.000	10.000
120.000	6.000
121.000	5.000
122.000	7.000
123.000	10.000
124.000	3.000
125.000	9.000
126.000	7.000
127.000	8.000
128.000	5.000
129.000	11.000
130.000	11.000
131.000	1.000
132.000	9.000
133.000	9.000
134.000	3.000
135.000	7.000
136.000	3.000
137.000	8.000
138.000	4.000
139.000	3.000
140.000	9.000
141.000	3.000
142.000	7.000
143.000	2.000
144.000	4.000
145.000	6.000
146.000	8.000
147.000	4.000
148.000	8.000
149.000	1.000
150.000	7.000
151.000	6.000
152.000	6.000
153.000	9.000
154.000	4.000
155.000	4.000
156.000	4.000
157.000	4.000
158.000	4.000
159.000	7.000
160.000	8.000
161.000	13.000
162.000	11.000
163.000	8.000
164.000	5.000
165.000	6.000
166.000	8.000
167.000	10.000
168.000	3.000
169.000	1.000
170.000	6.000
171.000	7.000
172.000	3.000
173.000	4.000
174.000	7.000
175.000	1.000
176.000	6.000
177.000	6.000
178.000	5.000
179.000	9.000
180.000	5.000
181.000	9.000
182.000	10.000
183.000	11.000
184.000	6.000
185.000	9.000
186.000	3.000
187.000	3.000
188.000	5.000
189.000	3.000
190.000	2.000
191.000	3.000
192.000	5.000
193.000	5.000
194.000	3.000
195.000	2.000
196.000	5.000
197.000	12.000
198.000	7.000
199.000	12.000
200.000	13.000
201.000	28.000
202.000	21.000
203.000	34.000
204.000	28.000
205.000	17.000
206.000	19.000
207.000	15.000
208.000	13.000
209.000	7.000
210.000	3.000
211.000	4.000
212.000	9.000
213.000	2.000
214.000	4.000
215.000	2.000
216.000	3.000
217.000	6.000
218.000	4.000
219.000	3.000
220.000	5.000
221.000	5.000
222.000	7.000
223.000	6.000
224.000	0.000
225.000	2.000
226.000	4.000
227.000	2.000
228.000	8.000
229.000	5.000
230.000	5.000
231.000	4.000
232.000	5.000
233.000	8.000
234.000	3.000
235.000	2.000
236.000	1.000
237.000	5.000
238.000	2.000
239.000	5.000
240.000	6.000
241.000	3.000
242.000	9.000
243.000	10.000
244.000	12.000
245.000	7.000
246.000	10.000
247.000	4.000
248.000	8.000
249.000	10.000
250.000	6.000
251.000	12.000
252.000	7.000
253.000	6.000
254.000	10.000
255.000	5.000
256.000	10.000
257.000	4.000
258.000	7.000
259.000	3.000
260.000	7.000
261.000	5.000
262.000	4.000
263.000	9.000
264.000	4.000
265.000	5.000
266.000	5.000
267.000	10.000
268.000	8.000
269.000	7.000
270.000	3.000
271.000	4.000
272.000	9.000
273.000	9.000
274.000	3.000
275.000	7.000
276.000	4.000
277.000	11.000
278.000	7.000
279.000	5.000
280.000	5.000
281.000	6.000
282.000	6.000
283.000	8.000
284.000	4.000
285.000	5.000
286.000	7.000
287.000	9.000
288.000	6.000
289.000	5.000
290.000	8.000
291.000	10.000
292.000	3.000
293.000	4.000
294.000	8.000
295.000	5.000
296.000	10.000
297.000	7.000
298.000	12.000
299.000	8.000
300.000	4.000
301.000	4.000
302.000	10.000
303.000	5.000
304.000	5.000
305.000	6.000
306.000	10.000
307.000	7.000
308.000	6.000
309.000	6.000
310.000	10.000
311.000	6.000
312.000	8.000
313.000	6.000
314.000	6.000
315.000	9.000
316.000	16.000
317.000	18.000
318.000	22.000
319.000	22.000
320.000	28.000
321.000	36.000
322.000	43.000
323.000	42.000
324.000	30.000
325.000	62.000
326.000	38.000
327.000	30.000
328.000	27.000
329.000	21.000
330.000	20.000
331.000	12.000
332.000	14.000
333.000	14.000
334.000	10.000
335.000	7.000
336.000	17.000
337.000	12.000
338.000	25.000
339.000	16.000
340.000	14.000
341.000	38.000
342.000	41.000
343.000	72.000
344.000	101.000
345.000	173.000
346.000	255.000
347.000	340.000
348.000	418.000
349.000	526.000
350.000	625.000
351.000	601.000
352.000	568.000
353.000	468.000
354.000	395.000
355.000	290.000
356.000	207.000
357.000	145.000
358.000	67.000
359.000	58.000
360.000	34.000
361.000	23.000
362.000	21.000
363.000	10.000
364.000	22.000
365.000	8.000
366.000	23.000
367.000	15.000
368.000	27.000
369.000	19.000
370.000	16.000
371.000	20.000
372.000	19.000
373.000	10.000
374.000	21.000
375.000	17.000
376.000	19.000
377.000	23.000
378.000	25.000
379.000	24.000
380.000	42.000
381.000	67.000
382.000	66.000
383.000	76.000
384.000	88.000
385.000	111.000
386.000	117.000
387.000	106.000
388.000	119.000
389.000	103.000
390.000	80.000
391.000	67.000
392.000	45.000
393.000	38.000
394.000	29.000
395.000	25.000
396.000	30.000
397.000	30.000
398.000	23.000
399.000	24.000
400.000	29.000
401.000	27.000
402.000	25.000
403.000	15.000
404.000	22.000
405.000	12.000
406.000	20.000
407.000	34.000
408.000	24.000
409.000	28.000
410.000	31.000
411.000	17.000
412.000	21.000
413.000	22.000
414.000	35.000
415.000	18.000
416.000	25.000
417.000	26.000
418.000	21.000
419.000	28.000
420.000	22.000
421.000	38.000
422.000	29.000
423.000	34.000
424.000	16.000
425.000	32.000
426.000	35.000
427.000	43.000
428.000	36.000
429.000	27.000
430.000	28.000
431.000	27.000
432.000	26.000
433.000	18.000
434.000	41.000
435.000	36.000
436.000	38.000
437.000	34.000
438.000	37.000
439.000	42.000
440.000	31.000
441.000	35.000
442.000	39.000
443.000	41.000
444.000	50.000
445.000	40.000
446.000	48.000
447.000	49.000
448.000	60.000
449.000	42.000
450.000	43.000
451.000	38.000
452.000	44.000
453.000	34.000
454.000	35.000
455.000	44.000
456.000	42.000
457.000	50.000
458.000	37.000
459.000	54.000
460.000	41.000
461.000	40.000
462.000	31.000
463.000	53.000
464.000	34.000
465.000	41.000
466.000	37.000
467.000	37.000
468.000	47.000
469.000	53.000
470.000	42.000
471.000	61.000
472.000	52.000
473.000	50.000
474.000	59.000
475.000	50.000
476.000	63.000
477.000	53.000
478.000	44.000
479.000	53.000
480.000	55.000
481.000	48.000
482.000	54.000
483.000	54.000
484.000	56.000
485.000	62.000
486.000	49.000
487.000	56.000
488.000	53.000
489.000	56.000
490.000	56.000
491.000	58.000
492.000	53.000
493.000	57.000
494.000	47.000
495.000	55.000
496.000	53.000
497.000	69.000
498.000	72.000
499.000	50.000
500.000	68.000
501.000	69.000
502.000	58.000
503.000	58.000
504.000	56.000
505.000	71.000
506.000	61.000
507.000	75.000
508.000	66.000
509.000	63.000
510.000	60.000
511.000	67.000
512.000	76.000
513.000	71.000
514.000	84.000
515.000	66.000
516.000	70.000
517.000	73.000
518.000	84.000
519.000	85.000
520.000	81.000
521.000	68.000
522.000	81.000
523.000	88.000
524.000	83.000
525.000	96.000
526.000	77.000
527.000	85.000
528.000	83.000
529.000	95.000
530.000	81.000
531.000	91.000
532.000	99.000
533.000	99.000
534.000	93.000
535.000	100.000
536.000	109.000
537.000	104.000
538.000	103.000
539.000	84.000
540.000	103.000
541.000	81.000
542.000	88.000
543.000	84.000
544.000	97.000
545.000	94.000
546.000	116.000
547.000	96.000
548.000	85.000
549.000	124.000
550.000	112.000
551.000	81.000
552.000	85.000
553.000	87.000
554.000	106.000
555.000	92.000
556.000	91.000
557.000	106.000
558.000	108.000
559.000	110.000
560.000	100.000
561.000	122.000
562.000	97.000
563.000	92.000
564.000	96.000
565.000	86.000
566.000	117.000
567.000	119.000
568.000	113.000
569.000	111.000
570.000	103.000
571.000	127.000
572.000	132.000
573.000	115.000
574.000	107.000
575.000	128.000
576.000	129.000
577.000	124.000
578.000	123.000
579.000	139.000
580.000	113.000
581.000	136.000
582.000	105.000
583.000	127.000
584.000	123.000
585.000	126.000
586.000	131.000
587.000	132.000
588.000	128.000
589.000	129.000
590.000	136.000
591.000	139.000
592.000	127.000
593.000	136.000
594.000	147.000
595.000	134.000
596.000	158.000
597.000	128.000
598.000	152.000
599.000	127.000
600.000	143.000
601.000	138.000
602.000	144.000
603.000	174.000
604.000	144.000
605.000	172.000
606.000	118.000
607.000	156.000
608.000	145.000
609.000	152.000
610.000	156.000
611.000	157.000
612.000	150.000
613.000	149.000
614.000	154.000
615.000	150.000
616.000	174.000
617.000	162.000
618.000	167.000
619.000	168.000
620.000	183.000
621.000	161.000
622.000	152.000
623.000	192.000
624.000	155.000
625.000	176.000
626.000	176.000
627.000	158.000
628.000	173.000
629.000	148.000
630.000	144.000
631.000	162.000
632.000	177.000
633.000	170.000
634.000	197.000
635.000	177.000
636.000	169.000
637.000	166.000
638.000	165.000
639.000	204.000
640.000	150.000
641.000	157.000
642.000	181.000
643.000	178.000
644.000	162.000
645.000	167.000
646.000	176.000
647.000	166.000
648.000	198.000
649.000	192.000
650.000	196.000
651.000	179.000
652.000	184.000
653.000	174.000
654.000	196.000
655.000	199.000
656.000	182.000
657.000	190.000
658.000	201.000
659.000	203.000
660.000	184.000
661.000	169.000
662.000	192.000
663.000	194.000
664.000	197.000
665.000	200.000
666.000	194.000
667.000	188.000
668.000	229.000
669.000	202.000
670.000	220.000
671.000	229.000
672.000	221.000
673.000	221.000
674.000	230.000
675.000	243.000
676.000	181.000
677.000	212.000
678.000	211.000
679.000	201.000
680.000	208.000
681.000	203.000
682.000	237.000
683.000	215.000
684.000	210.000
685.000	219.000
686.000	234.000
687.000	203.000
688.000	230.000
689.000	226.000
690.000	197.000
691.000	199.000
692.000	231.000
693.000	215.000
694.000	195.000
695.000	236.000
696.000	222.000
697.000	221.000
698.000	226.000
699.000	225.000
700.000	221.000
701.000	226.000
702.000	256.000
703.000	231.000
704.000	219.000
705.000	225.000
706.000	293.000
707.000	234.000
708.000	219.000
709.000	226.000
710.000	236.000
711.000	217.000
712.000	205.000
713.000	239.000
714.000	226.000
715.000	233.000
716.000	227.000
717.000	233.000
718.000	249.000
719.000	263.000
720.000	234.000
721.000	265.000
722.000	258.000
723.000	220.000
724.000	272.000
725.000	261.000
726.000	278.000
727.000	240.000
728.000	229.000
729.000	262.000
730.000	292.000
731.000	263.000
732.000	298.000
733.000	290.000
734.000	286.000
735.000	240.000
736.000	264.000
737.000	245.000
738.000	244.000
739.000	267.000
740.000	288.000
741.000	252.000
742.000	251.000
743.000	267.000
744.000	261.000
745.000	267.000
746.000	286.000
747.000	250.000
748.000	240.000
749.000	286.000
750.000	259.000
751.000	255.000
752.000	271.000
753.000	264.000
754.000	258.000
755.000	263.000
756.000	276.000
757.000	288.000
758.000	267.000
759.000	244.000
760.000	257.000
761.000	276.000
762.000	295.000
763.000	246.000
764.000	280.000
765.000	285.000
766.000	312.000
767.000	268.000
768.000	310.000
769.000	320.000
770.000	314.000
771.000	318.000
772.000	329.000
773.000	295.000
774.000	288.000
775.000	320.000
776.000	265.000
777.000	314.000
778.000	275.000
779.000	302.000
780.000	266.000
781.000	286.000
782.000	300.000
783.000	291.000
784.000	292.000
785.000	279.000
786.000	285.000
787.000	306.000
788.000	283.000
789.000	299.000
790.000	306.000
791.000	294.000
792.000	289.000
793.000	254.000
794.000	275.000
795.000	290.000
796.000	313.000
797.000	288.000
798.000	273.000
799.000	288.000
800.000	302.000
801.000	305.000
802.000	303.000
803.000	285.000
804.000	309.000
805.000	301.000
806.000	285.000
807.000	304.000
808.000	289.000
809.000	309.000
810.000	311.000
811.000	332.000
812.000	321.000
813.000	283.000
814.000	299.000
815.000	308.000
816.000	318.000
817.000	312.000
818.000	318.000
819.000	306.000
820.000	303.000
821.000	328.000
822.000	326.000
823.000	345.000
824.000	337.000
825.000	346.000
826.000	329.000
827.000	309.000
828.000	323.000
829.000	297.000
830.000	302.000
831.000	307.000
832.000	280.000
833.000	306.000
834.000	346.000
835.000	319.000
836.000	301.000
837.000	318.000
838.000	326.000
839.000	337.000
840.000	329.000
841.000	337.000
842.000	387.000
843.000	307.000
844.000	359.000
845.000	318.000
846.000	345.000
847.000	334.000
848.000	348.000
849.000	340.000
850.000	330.000
851.000	348.000
852.000	326.000
853.000	374.000
854.000	361.000
855.000	391.000
856.000	386.000
857.000	394.000
858.000	362.000
859.000	409.000
860.000	379.000
861.000	415.000
862.000	449.000
863.000	390.000
864.000	469.000
865.000	441.000
866.000	470.000
867.000	404.000
868.000	402.000
869.000	477.000
870.000	434.000
871.000	492.000
872.000	488.000
873.000	493.000
874.000	547.000
875.000	544.000
876.000	545.000
877.000	572.000
878.000	578.000
879.000	678.000
880.000	654.000
881.000	722.000
882.000	728.000
883.000	803.000
884.000	851.000
885.000	944.000
886.000	1015.000
887.000	998.000
888.000	1062.000
889.000	1180.000
890.000	1201.000
891.000	1235.000
892.000	1385.000
893.000	1413.000
894.000	1383.000
895.000	1458.000
896.000	1449.000
897.000	1489.000
898.000	1560.000
899.000	1560.000
900.000	1615.000
901.000	1600.000
902.000	1515.000
903.000	1547.000
904.000	1458.000
905.000	1565.000
906.000	1448.000
907.000	1413.000
908.000	1289.000
909.000	1206.000
910.000	1173.000
911.000	1145.000
912.000	1064.000
913.000	1015.000
914.000	1017.000
915.000	939.000
916.000	874.000
917.000	833.000
918.000	789.000
919.000	726.000
920.000	642.000
921.000	647.000
922.000	610.000
923.000	569.000
924.000	539.000
925.000	537.000
926.000	486.000
927.000	452.000
928.000	462.000
929.000	474.000
930.000	423.000
931.000	386.000
932.000	391.000
933.000	367.000
934.000	390.000
935.000	366.000
936.000	378.000
937.000	380.000
938.000	389.000
939.000	390.000
940.000	370.000
941.000	449.000
942.000	432.000
943.000	444.000
944.000	480.000
945.000	551.000
946.000	589.000
947.000	653.000
948.000	676.000
949.000	738.000
950.000	786.000
951.000	804.000
952.000	836.000
953.000	842.000
954.000	820.000
955.000	812.000
956.000	782.000
957.000	742.000
958.000	723.000
959.000	657.000
960.000	576.000
961.000	474.000
962.000	489.000
963.000	466.000
964.000	380.000
965.000	357.000
966.000	333.000
967.000	289.000
968.000	338.000
969.000	320.000
970.000	321.000
971.000	283.000
972.000	322.000
973.000	321.000
974.000	271.000
975.000	293.000
976.000	337.000
977.000	303.000
978.000	294.000
979.000	311.000
980.000	334.000
981.000	316.000
982.000	321.000
983.000	303.000
984.000	340.000
985.000	312.000
986.000	348.000
987.000	351.000
988.000	370.000
989.000	361.000
990.000	397.000
991.000	402.000
992.000	435.000
993.000	421.000
994.000	414.000
995.000	420.000
996.000	414.000
997.000	424.000
998.000	483.000
999.000	435.000
1000.000	440.000
1001.000	436.000
1002.000	468.000
1003.000	446.000
1004.000	494.000
1005.000	459.000
1006.000	443.000
1007.000	455.000
1008.000	485.000
1009.000	450.000
1010.000	444.000
1011.000	442.000
1012.000	447.000
1013.000	404.000
1014.000	420.000
1015.000	355.000
1016.000	362.000
1017.000	401.000
1018.000	353.000
1019.000	348.000
1020.000	303.000
1021.000	320.000
1022.000	308.000
1023.000	295.000
1024.000	277.000
