Date:	8/19/2008		Time:	9:44 AM		Version no:	0.00		Project name:	55		Sample name:	222		Section name:	section		Position	734.039995	mm	E0	0.000000	keV	E1	1.000000	keV/channel	sample surface	8.000000	cm	Tube anode:	Mo		Tube voltage:	30	kV	Tube current:	50	mA	gain	20		std. database			resultfile	result		matrix element	11		sample thickness	1.000000		air passage	0.560000	cm	comments	not in position		peaking_time	3.000000	m-sec	trigger_threshold	1229.166667	V	mca_bin_width	22.090000	no:	number_mca_channels	1024.000000	no:	gap_time	0.400000	m-sec	trigger_peaking_time	0.150000	m-sec	GAINDAC	9455		HIGHGAIN	1		TAURC	0		RCTAU	53		RCTAUFRAC	32768		livetime	9.798322	seconds	runtime	10.000502	seconds	input_count_rate	19.611522	cps	output_count_rate	16.050994	cps	triggers	192160	seconds	events_in_run	160518	seconds	channel	content		1.000	0.000
2.000	0.000
3.000	0.000
4.000	0.000
5.000	0.000
6.000	0.000
7.000	0.000
8.000	0.000
9.000	0.000
10.000	0.000
11.000	0.000
12.000	0.000
13.000	0.000
14.000	0.000
15.000	0.000
16.000	0.000
17.000	0.000
18.000	0.000
19.000	0.000
20.000	0.000
21.000	0.000
22.000	0.000
23.000	0.000
24.000	0.000
25.000	0.000
26.000	0.000
27.000	0.000
28.000	0.000
29.000	0.000
30.000	0.000
31.000	0.000
32.000	0.000
33.000	1.000
34.000	1.000
35.000	1.000
36.000	3.000
37.000	3.000
38.000	1.000
39.000	5.000
40.000	3.000
41.000	4.000
42.000	6.000
43.000	2.000
44.000	7.000
45.000	4.000
46.000	7.000
47.000	5.000
48.000	3.000
49.000	8.000
50.000	8.000
51.000	12.000
52.000	10.000
53.000	11.000
54.000	8.000
55.000	11.000
56.000	7.000
57.000	9.000
58.000	10.000
59.000	6.000
60.000	3.000
61.000	8.000
62.000	11.000
63.000	12.000
64.000	8.000
65.000	5.000
66.000	12.000
67.000	8.000
68.000	9.000
69.000	7.000
70.000	16.000
71.000	4.000
72.000	7.000
73.000	9.000
74.000	4.000
75.000	8.000
76.000	12.000
77.000	4.000
78.000	7.000
79.000	4.000
80.000	8.000
81.000	5.000
82.000	8.000
83.000	5.000
84.000	7.000
85.000	4.000
86.000	5.000
87.000	6.000
88.000	6.000
89.000	5.000
90.000	6.000
91.000	9.000
92.000	4.000
93.000	10.000
94.000	5.000
95.000	8.000
96.000	6.000
97.000	7.000
98.000	10.000
99.000	8.000
100.000	6.000
101.000	3.000
102.000	3.000
103.000	8.000
104.000	6.000
105.000	7.000
106.000	10.000
107.000	5.000
108.000	5.000
109.000	6.000
110.000	9.000
111.000	8.000
112.000	5.000
113.000	3.000
114.000	9.000
115.000	5.000
116.000	7.000
117.000	11.000
118.000	4.000
119.000	9.000
120.000	2.000
121.000	4.000
122.000	6.000
123.000	5.000
124.000	7.000
125.000	9.000
126.000	6.000
127.000	5.000
128.000	6.000
129.000	5.000
130.000	5.000
131.000	4.000
132.000	1.000
133.000	7.000
134.000	6.000
135.000	6.000
136.000	5.000
137.000	3.000
138.000	3.000
139.000	1.000
140.000	2.000
141.000	6.000
142.000	1.000
143.000	5.000
144.000	0.000
145.000	6.000
146.000	5.000
147.000	4.000
148.000	3.000
149.000	4.000
150.000	2.000
151.000	0.000
152.000	2.000
153.000	3.000
154.000	6.000
155.000	2.000
156.000	5.000
157.000	1.000
158.000	4.000
159.000	9.000
160.000	10.000
161.000	14.000
162.000	16.000
163.000	10.000
164.000	13.000
165.000	6.000
166.000	9.000
167.000	8.000
168.000	4.000
169.000	8.000
170.000	3.000
171.000	2.000
172.000	2.000
173.000	4.000
174.000	4.000
175.000	2.000
176.000	4.000
177.000	4.000
178.000	3.000
179.000	2.000
180.000	0.000
181.000	1.000
182.000	0.000
183.000	2.000
184.000	0.000
185.000	3.000
186.000	1.000
187.000	2.000
188.000	3.000
189.000	3.000
190.000	6.000
191.000	3.000
192.000	1.000
193.000	3.000
194.000	3.000
195.000	2.000
196.000	4.000
197.000	2.000
198.000	2.000
199.000	2.000
200.000	2.000
201.000	4.000
202.000	4.000
203.000	2.000
204.000	3.000
205.000	3.000
206.000	4.000
207.000	2.000
208.000	3.000
209.000	2.000
210.000	8.000
211.000	0.000
212.000	1.000
213.000	2.000
214.000	2.000
215.000	3.000
216.000	5.000
217.000	3.000
218.000	3.000
219.000	1.000
220.000	4.000
221.000	2.000
222.000	3.000
223.000	3.000
224.000	4.000
225.000	2.000
226.000	2.000
227.000	3.000
228.000	2.000
229.000	2.000
230.000	1.000
231.000	3.000
232.000	1.000
233.000	1.000
234.000	5.000
235.000	0.000
236.000	2.000
237.000	3.000
238.000	1.000
239.000	2.000
240.000	2.000
241.000	2.000
242.000	2.000
243.000	3.000
244.000	0.000
245.000	1.000
246.000	2.000
247.000	2.000
248.000	2.000
249.000	1.000
250.000	1.000
251.000	0.000
252.000	5.000
253.000	4.000
254.000	0.000
255.000	2.000
256.000	5.000
257.000	2.000
258.000	1.000
259.000	1.000
260.000	3.000
261.000	3.000
262.000	2.000
263.000	1.000
264.000	4.000
265.000	0.000
266.000	2.000
267.000	0.000
268.000	3.000
269.000	2.000
270.000	1.000
271.000	0.000
272.000	3.000
273.000	5.000
274.000	4.000
275.000	2.000
276.000	2.000
277.000	1.000
278.000	1.000
279.000	4.000
280.000	3.000
281.000	4.000
282.000	3.000
283.000	0.000
284.000	2.000
285.000	2.000
286.000	2.000
287.000	4.000
288.000	2.000
289.000	2.000
290.000	1.000
291.000	4.000
292.000	4.000
293.000	3.000
294.000	3.000
295.000	1.000
296.000	3.000
297.000	0.000
298.000	2.000
299.000	1.000
300.000	2.000
301.000	2.000
302.000	5.000
303.000	5.000
304.000	0.000
305.000	3.000
306.000	1.000
307.000	1.000
308.000	1.000
309.000	3.000
310.000	0.000
311.000	2.000
312.000	9.000
313.000	0.000
314.000	2.000
315.000	4.000
316.000	1.000
317.000	3.000
318.000	3.000
319.000	2.000
320.000	4.000
321.000	3.000
322.000	1.000
323.000	1.000
324.000	2.000
325.000	2.000
326.000	2.000
327.000	2.000
328.000	2.000
329.000	2.000
330.000	2.000
331.000	0.000
332.000	2.000
333.000	3.000
334.000	4.000
335.000	0.000
336.000	3.000
337.000	3.000
338.000	5.000
339.000	5.000
340.000	2.000
341.000	3.000
342.000	1.000
343.000	4.000
344.000	4.000
345.000	6.000
346.000	8.000
347.000	6.000
348.000	6.000
349.000	9.000
350.000	7.000
351.000	11.000
352.000	8.000
353.000	9.000
354.000	5.000
355.000	5.000
356.000	4.000
357.000	0.000
358.000	4.000
359.000	4.000
360.000	5.000
361.000	2.000
362.000	5.000
363.000	0.000
364.000	2.000
365.000	2.000
366.000	2.000
367.000	3.000
368.000	0.000
369.000	2.000
370.000	5.000
371.000	2.000
372.000	2.000
373.000	4.000
374.000	4.000
375.000	5.000
376.000	5.000
377.000	2.000
378.000	4.000
379.000	1.000
380.000	1.000
381.000	6.000
382.000	2.000
383.000	4.000
384.000	4.000
385.000	5.000
386.000	5.000
387.000	2.000
388.000	5.000
389.000	9.000
390.000	2.000
391.000	3.000
392.000	0.000
393.000	4.000
394.000	2.000
395.000	2.000
396.000	1.000
397.000	2.000
398.000	4.000
399.000	5.000
400.000	3.000
401.000	7.000
402.000	3.000
403.000	3.000
404.000	0.000
405.000	1.000
406.000	5.000
407.000	4.000
408.000	3.000
409.000	4.000
410.000	3.000
411.000	1.000
412.000	2.000
413.000	4.000
414.000	6.000
415.000	2.000
416.000	5.000
417.000	4.000
418.000	2.000
419.000	3.000
420.000	3.000
421.000	5.000
422.000	3.000
423.000	2.000
424.000	2.000
425.000	4.000
426.000	0.000
427.000	4.000
428.000	4.000
429.000	2.000
430.000	3.000
431.000	5.000
432.000	1.000
433.000	2.000
434.000	3.000
435.000	6.000
436.000	4.000
437.000	6.000
438.000	5.000
439.000	8.000
440.000	1.000
441.000	3.000
442.000	3.000
443.000	4.000
444.000	5.000
445.000	3.000
446.000	8.000
447.000	8.000
448.000	4.000
449.000	10.000
450.000	3.000
451.000	4.000
452.000	6.000
453.000	6.000
454.000	5.000
455.000	8.000
456.000	10.000
457.000	5.000
458.000	8.000
459.000	8.000
460.000	6.000
461.000	8.000
462.000	2.000
463.000	7.000
464.000	5.000
465.000	6.000
466.000	8.000
467.000	12.000
468.000	11.000
469.000	6.000
470.000	7.000
471.000	6.000
472.000	4.000
473.000	7.000
474.000	7.000
475.000	11.000
476.000	6.000
477.000	4.000
478.000	13.000
479.000	9.000
480.000	6.000
481.000	10.000
482.000	9.000
483.000	9.000
484.000	8.000
485.000	11.000
486.000	8.000
487.000	4.000
488.000	9.000
489.000	11.000
490.000	6.000
491.000	15.000
492.000	6.000
493.000	11.000
494.000	18.000
495.000	15.000
496.000	9.000
497.000	10.000
498.000	10.000
499.000	17.000
500.000	10.000
501.000	14.000
502.000	15.000
503.000	14.000
504.000	18.000
505.000	7.000
506.000	16.000
507.000	12.000
508.000	14.000
509.000	13.000
510.000	23.000
511.000	19.000
512.000	19.000
513.000	8.000
514.000	16.000
515.000	16.000
516.000	20.000
517.000	16.000
518.000	15.000
519.000	26.000
520.000	11.000
521.000	18.000
522.000	16.000
523.000	27.000
524.000	24.000
525.000	20.000
526.000	15.000
527.000	18.000
528.000	17.000
529.000	21.000
530.000	25.000
531.000	30.000
532.000	21.000
533.000	21.000
534.000	28.000
535.000	26.000
536.000	19.000
537.000	20.000
538.000	27.000
539.000	21.000
540.000	31.000
541.000	22.000
542.000	24.000
543.000	30.000
544.000	19.000
545.000	21.000
546.000	32.000
547.000	28.000
548.000	27.000
549.000	20.000
550.000	32.000
551.000	20.000
552.000	28.000
553.000	25.000
554.000	40.000
555.000	32.000
556.000	36.000
557.000	44.000
558.000	38.000
559.000	33.000
560.000	34.000
561.000	42.000
562.000	36.000
563.000	24.000
564.000	22.000
565.000	45.000
566.000	28.000
567.000	42.000
568.000	39.000
569.000	40.000
570.000	40.000
571.000	38.000
572.000	44.000
573.000	43.000
574.000	40.000
575.000	58.000
576.000	51.000
577.000	55.000
578.000	44.000
579.000	62.000
580.000	48.000
581.000	51.000
582.000	45.000
583.000	45.000
584.000	46.000
585.000	48.000
586.000	48.000
587.000	46.000
588.000	46.000
589.000	53.000
590.000	51.000
591.000	44.000
592.000	54.000
593.000	38.000
594.000	52.000
595.000	47.000
596.000	58.000
597.000	62.000
598.000	48.000
599.000	63.000
600.000	53.000
601.000	56.000
602.000	62.000
603.000	65.000
604.000	64.000
605.000	70.000
606.000	56.000
607.000	61.000
608.000	56.000
609.000	53.000
610.000	57.000
611.000	66.000
612.000	56.000
613.000	66.000
614.000	54.000
615.000	73.000
616.000	67.000
617.000	62.000
618.000	79.000
619.000	79.000
620.000	78.000
621.000	74.000
622.000	71.000
623.000	77.000
624.000	82.000
625.000	70.000
626.000	69.000
627.000	67.000
628.000	71.000
629.000	60.000
630.000	85.000
631.000	85.000
632.000	99.000
633.000	67.000
634.000	109.000
635.000	80.000
636.000	86.000
637.000	85.000
638.000	87.000
639.000	93.000
640.000	75.000
641.000	95.000
642.000	83.000
643.000	89.000
644.000	97.000
645.000	86.000
646.000	85.000
647.000	89.000
648.000	102.000
649.000	104.000
650.000	110.000
651.000	104.000
652.000	106.000
653.000	96.000
654.000	105.000
655.000	104.000
656.000	99.000
657.000	102.000
658.000	104.000
659.000	90.000
660.000	106.000
661.000	106.000
662.000	102.000
663.000	104.000
664.000	111.000
665.000	120.000
666.000	102.000
667.000	111.000
668.000	104.000
669.000	118.000
670.000	121.000
671.000	101.000
672.000	132.000
673.000	116.000
674.000	122.000
675.000	105.000
676.000	133.000
677.000	111.000
678.000	112.000
679.000	129.000
680.000	123.000
681.000	117.000
682.000	119.000
683.000	120.000
684.000	117.000
685.000	135.000
686.000	130.000
687.000	105.000
688.000	102.000
689.000	140.000
690.000	123.000
691.000	121.000
692.000	129.000
693.000	139.000
694.000	135.000
695.000	142.000
696.000	132.000
697.000	129.000
698.000	125.000
699.000	138.000
700.000	129.000
701.000	160.000
702.000	177.000
703.000	105.000
704.000	133.000
705.000	135.000
706.000	172.000
707.000	128.000
708.000	142.000
709.000	157.000
710.000	123.000
711.000	153.000
712.000	161.000
713.000	149.000
714.000	157.000
715.000	153.000
716.000	133.000
717.000	156.000
718.000	156.000
719.000	165.000
720.000	165.000
721.000	161.000
722.000	168.000
723.000	166.000
724.000	142.000
725.000	156.000
726.000	162.000
727.000	172.000
728.000	142.000
729.000	166.000
730.000	180.000
731.000	191.000
732.000	159.000
733.000	161.000
734.000	199.000
735.000	161.000
736.000	175.000
737.000	184.000
738.000	154.000
739.000	177.000
740.000	198.000
741.000	175.000
742.000	185.000
743.000	184.000
744.000	166.000
745.000	203.000
746.000	188.000
747.000	140.000
748.000	192.000
749.000	176.000
750.000	195.000
751.000	195.000
752.000	204.000
753.000	176.000
754.000	176.000
755.000	190.000
756.000	179.000
757.000	172.000
758.000	196.000
759.000	197.000
760.000	193.000
761.000	187.000
762.000	174.000
763.000	217.000
764.000	185.000
765.000	207.000
766.000	181.000
767.000	179.000
768.000	223.000
769.000	227.000
770.000	228.000
771.000	226.000
772.000	225.000
773.000	222.000
774.000	204.000
775.000	230.000
776.000	204.000
777.000	218.000
778.000	200.000
779.000	224.000
780.000	206.000
781.000	238.000
782.000	211.000
783.000	207.000
784.000	201.000
785.000	193.000
786.000	216.000
787.000	201.000
788.000	182.000
789.000	202.000
790.000	220.000
791.000	197.000
792.000	221.000
793.000	202.000
794.000	175.000
795.000	215.000
796.000	189.000
797.000	231.000
798.000	238.000
799.000	189.000
800.000	228.000
801.000	209.000
802.000	188.000
803.000	206.000
804.000	216.000
805.000	208.000
806.000	249.000
807.000	220.000
808.000	212.000
809.000	236.000
810.000	214.000
811.000	228.000
812.000	257.000
813.000	216.000
814.000	237.000
815.000	219.000
816.000	244.000
817.000	210.000
818.000	212.000
819.000	242.000
820.000	232.000
821.000	237.000
822.000	237.000
823.000	228.000
824.000	232.000
825.000	239.000
826.000	252.000
827.000	255.000
828.000	240.000
829.000	236.000
830.000	225.000
831.000	233.000
832.000	227.000
833.000	243.000
834.000	237.000
835.000	252.000
836.000	229.000
837.000	231.000
838.000	255.000
839.000	253.000
840.000	237.000
841.000	266.000
842.000	268.000
843.000	276.000
844.000	262.000
845.000	251.000
846.000	259.000
847.000	286.000
848.000	253.000
849.000	283.000
850.000	267.000
851.000	280.000
852.000	283.000
853.000	274.000
854.000	302.000
855.000	310.000
856.000	287.000
857.000	302.000
858.000	308.000
859.000	325.000
860.000	286.000
861.000	334.000
862.000	349.000
863.000	336.000
864.000	340.000
865.000	338.000
866.000	336.000
867.000	366.000
868.000	343.000
869.000	365.000
870.000	372.000
871.000	382.000
872.000	396.000
873.000	435.000
874.000	429.000
875.000	478.000
876.000	500.000
877.000	486.000
878.000	491.000
879.000	505.000
880.000	564.000
881.000	598.000
882.000	671.000
883.000	728.000
884.000	727.000
885.000	804.000
886.000	853.000
887.000	936.000
888.000	915.000
889.000	925.000
890.000	994.000
891.000	1068.000
892.000	1112.000
893.000	1154.000
894.000	1129.000
895.000	1224.000
896.000	1282.000
897.000	1232.000
898.000	1279.000
899.000	1233.000
900.000	1231.000
901.000	1215.000
902.000	1173.000
903.000	1173.000
904.000	1143.000
905.000	1105.000
906.000	1077.000
907.000	985.000
908.000	992.000
909.000	951.000
910.000	858.000
911.000	843.000
912.000	874.000
913.000	749.000
914.000	731.000
915.000	686.000
916.000	644.000
917.000	603.000
918.000	573.000
919.000	520.000
920.000	564.000
921.000	469.000
922.000	456.000
923.000	412.000
924.000	427.000
925.000	388.000
926.000	373.000
927.000	379.000
928.000	384.000
929.000	330.000
930.000	342.000
931.000	307.000
932.000	296.000
933.000	297.000
934.000	299.000
935.000	292.000
936.000	299.000
937.000	275.000
938.000	280.000
939.000	297.000
940.000	324.000
941.000	354.000
942.000	376.000
943.000	359.000
944.000	415.000
945.000	456.000
946.000	459.000
947.000	465.000
948.000	539.000
949.000	630.000
950.000	629.000
951.000	637.000
952.000	683.000
953.000	723.000
954.000	672.000
955.000	685.000
956.000	626.000
957.000	599.000
958.000	588.000
959.000	530.000
960.000	485.000
961.000	433.000
962.000	389.000
963.000	366.000
964.000	332.000
965.000	320.000
966.000	329.000
967.000	246.000
968.000	248.000
969.000	237.000
970.000	255.000
971.000	277.000
972.000	238.000
973.000	246.000
974.000	243.000
975.000	222.000
976.000	264.000
977.000	272.000
978.000	253.000
979.000	263.000
980.000	270.000
981.000	266.000
982.000	302.000
983.000	296.000
984.000	279.000
985.000	273.000
986.000	272.000
987.000	313.000
988.000	315.000
989.000	319.000
990.000	315.000
991.000	322.000
992.000	356.000
993.000	332.000
994.000	337.000
995.000	354.000
996.000	339.000
997.000	341.000
998.000	378.000
999.000	375.000
1000.000	367.000
1001.000	363.000
1002.000	370.000
1003.000	370.000
1004.000	369.000
1005.000	377.000
1006.000	305.000
1007.000	385.000
1008.000	359.000
1009.000	355.000
1010.000	349.000
1011.000	367.000
1012.000	306.000
1013.000	343.000
1014.000	339.000
1015.000	304.000
1016.000	298.000
1017.000	282.000
1018.000	281.000
1019.000	270.000
1020.000	255.000
1021.000	257.000
1022.000	234.000
1023.000	227.000
1024.000	213.000
