Date:	8/19/2008		Time:	8:48 AM		Version no:	0.00		Project name:	55		Sample name:	222		Section name:	section		Position	140.039995	mm	E0	0.000000	keV	E1	1.000000	keV/channel	sample surface	7.610276	cm	Tube anode:	Mo		Tube voltage:	30	kV	Tube current:	50	mA	gain	20		std. database			resultfile	result		matrix element	11		sample thickness	1.000000		air passage	0.560000	cm	comments	in position		peaking_time	3.000000	m-sec	trigger_threshold	1229.166667	V	mca_bin_width	22.090000	no:	number_mca_channels	1024.000000	no:	gap_time	0.400000	m-sec	trigger_peaking_time	0.150000	m-sec	GAINDAC	9455		HIGHGAIN	1		TAURC	0		RCTAU	53		RCTAUFRAC	32768		livetime	9.684166	seconds	runtime	10.000502	seconds	input_count_rate	29.807625	cps	output_count_rate	22.559968	cps	triggers	288662	seconds	events_in_run	225611	seconds	channel	content		1.000	0.000
2.000	0.000
3.000	0.000
4.000	0.000
5.000	0.000
6.000	0.000
7.000	0.000
8.000	0.000
9.000	0.000
10.000	0.000
11.000	0.000
12.000	0.000
13.000	0.000
14.000	0.000
15.000	0.000
16.000	0.000
17.000	0.000
18.000	0.000
19.000	0.000
20.000	0.000
21.000	0.000
22.000	0.000
23.000	0.000
24.000	0.000
25.000	0.000
26.000	0.000
27.000	0.000
28.000	0.000
29.000	0.000
30.000	0.000
31.000	1.000
32.000	1.000
33.000	0.000
34.000	2.000
35.000	2.000
36.000	1.000
37.000	1.000
38.000	0.000
39.000	2.000
40.000	4.000
41.000	3.000
42.000	5.000
43.000	6.000
44.000	3.000
45.000	4.000
46.000	8.000
47.000	6.000
48.000	6.000
49.000	6.000
50.000	16.000
51.000	8.000
52.000	5.000
53.000	8.000
54.000	10.000
55.000	4.000
56.000	11.000
57.000	11.000
58.000	9.000
59.000	9.000
60.000	10.000
61.000	14.000
62.000	16.000
63.000	10.000
64.000	12.000
65.000	11.000
66.000	19.000
67.000	3.000
68.000	11.000
69.000	10.000
70.000	8.000
71.000	12.000
72.000	11.000
73.000	8.000
74.000	7.000
75.000	18.000
76.000	8.000
77.000	13.000
78.000	7.000
79.000	7.000
80.000	9.000
81.000	11.000
82.000	4.000
83.000	12.000
84.000	8.000
85.000	2.000
86.000	7.000
87.000	11.000
88.000	6.000
89.000	7.000
90.000	7.000
91.000	7.000
92.000	5.000
93.000	5.000
94.000	15.000
95.000	6.000
96.000	10.000
97.000	13.000
98.000	13.000
99.000	7.000
100.000	6.000
101.000	9.000
102.000	6.000
103.000	8.000
104.000	15.000
105.000	6.000
106.000	10.000
107.000	6.000
108.000	6.000
109.000	8.000
110.000	6.000
111.000	4.000
112.000	10.000
113.000	2.000
114.000	12.000
115.000	7.000
116.000	9.000
117.000	6.000
118.000	6.000
119.000	4.000
120.000	8.000
121.000	3.000
122.000	8.000
123.000	14.000
124.000	9.000
125.000	9.000
126.000	6.000
127.000	6.000
128.000	10.000
129.000	10.000
130.000	9.000
131.000	6.000
132.000	6.000
133.000	5.000
134.000	8.000
135.000	10.000
136.000	1.000
137.000	7.000
138.000	6.000
139.000	3.000
140.000	7.000
141.000	3.000
142.000	1.000
143.000	4.000
144.000	6.000
145.000	7.000
146.000	2.000
147.000	3.000
148.000	4.000
149.000	6.000
150.000	4.000
151.000	9.000
152.000	3.000
153.000	7.000
154.000	2.000
155.000	2.000
156.000	7.000
157.000	7.000
158.000	5.000
159.000	4.000
160.000	7.000
161.000	7.000
162.000	9.000
163.000	13.000
164.000	6.000
165.000	6.000
166.000	6.000
167.000	8.000
168.000	6.000
169.000	10.000
170.000	9.000
171.000	1.000
172.000	6.000
173.000	4.000
174.000	2.000
175.000	5.000
176.000	3.000
177.000	6.000
178.000	4.000
179.000	10.000
180.000	4.000
181.000	8.000
182.000	6.000
183.000	8.000
184.000	7.000
185.000	9.000
186.000	5.000
187.000	2.000
188.000	6.000
189.000	1.000
190.000	3.000
191.000	4.000
192.000	5.000
193.000	4.000
194.000	4.000
195.000	8.000
196.000	7.000
197.000	13.000
198.000	16.000
199.000	20.000
200.000	16.000
201.000	19.000
202.000	34.000
203.000	24.000
204.000	33.000
205.000	17.000
206.000	21.000
207.000	11.000
208.000	10.000
209.000	4.000
210.000	3.000
211.000	4.000
212.000	2.000
213.000	8.000
214.000	4.000
215.000	6.000
216.000	5.000
217.000	5.000
218.000	4.000
219.000	7.000
220.000	4.000
221.000	5.000
222.000	5.000
223.000	6.000
224.000	9.000
225.000	4.000
226.000	4.000
227.000	6.000
228.000	6.000
229.000	7.000
230.000	5.000
231.000	2.000
232.000	3.000
233.000	3.000
234.000	1.000
235.000	3.000
236.000	9.000
237.000	0.000
238.000	3.000
239.000	4.000
240.000	4.000
241.000	5.000
242.000	4.000
243.000	7.000
244.000	9.000
245.000	9.000
246.000	15.000
247.000	20.000
248.000	7.000
249.000	9.000
250.000	12.000
251.000	8.000
252.000	6.000
253.000	6.000
254.000	3.000
255.000	9.000
256.000	8.000
257.000	5.000
258.000	10.000
259.000	5.000
260.000	6.000
261.000	6.000
262.000	6.000
263.000	5.000
264.000	7.000
265.000	4.000
266.000	4.000
267.000	8.000
268.000	4.000
269.000	12.000
270.000	10.000
271.000	6.000
272.000	5.000
273.000	5.000
274.000	11.000
275.000	2.000
276.000	4.000
277.000	6.000
278.000	6.000
279.000	2.000
280.000	6.000
281.000	4.000
282.000	7.000
283.000	11.000
284.000	4.000
285.000	9.000
286.000	2.000
287.000	9.000
288.000	4.000
289.000	6.000
290.000	4.000
291.000	10.000
292.000	7.000
293.000	9.000
294.000	10.000
295.000	11.000
296.000	8.000
297.000	6.000
298.000	10.000
299.000	13.000
300.000	5.000
301.000	9.000
302.000	7.000
303.000	7.000
304.000	10.000
305.000	4.000
306.000	4.000
307.000	5.000
308.000	9.000
309.000	6.000
310.000	7.000
311.000	9.000
312.000	4.000
313.000	9.000
314.000	4.000
315.000	14.000
316.000	7.000
317.000	21.000
318.000	17.000
319.000	25.000
320.000	31.000
321.000	37.000
322.000	44.000
323.000	52.000
324.000	48.000
325.000	47.000
326.000	33.000
327.000	27.000
328.000	21.000
329.000	19.000
330.000	10.000
331.000	10.000
332.000	14.000
333.000	12.000
334.000	12.000
335.000	13.000
336.000	19.000
337.000	16.000
338.000	13.000
339.000	12.000
340.000	30.000
341.000	26.000
342.000	47.000
343.000	75.000
344.000	140.000
345.000	231.000
346.000	376.000
347.000	468.000
348.000	602.000
349.000	684.000
350.000	802.000
351.000	773.000
352.000	772.000
353.000	642.000
354.000	483.000
355.000	365.000
356.000	242.000
357.000	162.000
358.000	103.000
359.000	58.000
360.000	45.000
361.000	26.000
362.000	27.000
363.000	19.000
364.000	15.000
365.000	14.000
366.000	9.000
367.000	18.000
368.000	17.000
369.000	16.000
370.000	13.000
371.000	23.000
372.000	15.000
373.000	24.000
374.000	20.000
375.000	23.000
376.000	30.000
377.000	30.000
378.000	33.000
379.000	54.000
380.000	52.000
381.000	66.000
382.000	96.000
383.000	110.000
384.000	112.000
385.000	139.000
386.000	148.000
387.000	157.000
388.000	137.000
389.000	113.000
390.000	97.000
391.000	86.000
392.000	56.000
393.000	52.000
394.000	42.000
395.000	28.000
396.000	21.000
397.000	38.000
398.000	28.000
399.000	21.000
400.000	26.000
401.000	16.000
402.000	26.000
403.000	27.000
404.000	28.000
405.000	32.000
406.000	19.000
407.000	25.000
408.000	24.000
409.000	18.000
410.000	29.000
411.000	21.000
412.000	25.000
413.000	27.000
414.000	24.000
415.000	22.000
416.000	19.000
417.000	22.000
418.000	30.000
419.000	30.000
420.000	27.000
421.000	26.000
422.000	19.000
423.000	27.000
424.000	32.000
425.000	31.000
426.000	24.000
427.000	28.000
428.000	36.000
429.000	22.000
430.000	33.000
431.000	33.000
432.000	33.000
433.000	42.000
434.000	33.000
435.000	40.000
436.000	39.000
437.000	33.000
438.000	35.000
439.000	35.000
440.000	35.000
441.000	36.000
442.000	48.000
443.000	50.000
444.000	37.000
445.000	36.000
446.000	42.000
447.000	45.000
448.000	32.000
449.000	57.000
450.000	41.000
451.000	48.000
452.000	36.000
453.000	42.000
454.000	40.000
455.000	55.000
456.000	47.000
457.000	48.000
458.000	46.000
459.000	59.000
460.000	57.000
461.000	51.000
462.000	52.000
463.000	54.000
464.000	52.000
465.000	43.000
466.000	48.000
467.000	46.000
468.000	62.000
469.000	56.000
470.000	60.000
471.000	52.000
472.000	61.000
473.000	56.000
474.000	54.000
475.000	52.000
476.000	55.000
477.000	47.000
478.000	46.000
479.000	53.000
480.000	43.000
481.000	54.000
482.000	49.000
483.000	55.000
484.000	61.000
485.000	42.000
486.000	55.000
487.000	63.000
488.000	64.000
489.000	74.000
490.000	54.000
491.000	51.000
492.000	54.000
493.000	55.000
494.000	51.000
495.000	52.000
496.000	81.000
497.000	61.000
498.000	51.000
499.000	64.000
500.000	66.000
501.000	68.000
502.000	63.000
503.000	54.000
504.000	60.000
505.000	84.000
506.000	70.000
507.000	81.000
508.000	68.000
509.000	74.000
510.000	78.000
511.000	84.000
512.000	62.000
513.000	72.000
514.000	68.000
515.000	76.000
516.000	77.000
517.000	75.000
518.000	81.000
519.000	99.000
520.000	94.000
521.000	85.000
522.000	88.000
523.000	87.000
524.000	70.000
525.000	78.000
526.000	84.000
527.000	101.000
528.000	94.000
529.000	101.000
530.000	88.000
531.000	93.000
532.000	80.000
533.000	89.000
534.000	106.000
535.000	99.000
536.000	86.000
537.000	104.000
538.000	82.000
539.000	105.000
540.000	73.000
541.000	94.000
542.000	98.000
543.000	86.000
544.000	86.000
545.000	100.000
546.000	87.000
547.000	95.000
548.000	102.000
549.000	120.000
550.000	105.000
551.000	104.000
552.000	103.000
553.000	116.000
554.000	106.000
555.000	103.000
556.000	108.000
557.000	122.000
558.000	92.000
559.000	105.000
560.000	120.000
561.000	148.000
562.000	106.000
563.000	114.000
564.000	119.000
565.000	106.000
566.000	124.000
567.000	114.000
568.000	107.000
569.000	106.000
570.000	118.000
571.000	103.000
572.000	113.000
573.000	122.000
574.000	120.000
575.000	131.000
576.000	128.000
577.000	133.000
578.000	104.000
579.000	120.000
580.000	139.000
581.000	125.000
582.000	132.000
583.000	126.000
584.000	104.000
585.000	130.000
586.000	117.000
587.000	102.000
588.000	158.000
589.000	117.000
590.000	123.000
591.000	123.000
592.000	151.000
593.000	154.000
594.000	147.000
595.000	174.000
596.000	146.000
597.000	138.000
598.000	142.000
599.000	126.000
600.000	129.000
601.000	125.000
602.000	147.000
603.000	140.000
604.000	143.000
605.000	144.000
606.000	117.000
607.000	153.000
608.000	153.000
609.000	143.000
610.000	148.000
611.000	150.000
612.000	130.000
613.000	139.000
614.000	143.000
615.000	158.000
616.000	152.000
617.000	128.000
618.000	174.000
619.000	158.000
620.000	158.000
621.000	167.000
622.000	177.000
623.000	176.000
624.000	158.000
625.000	161.000
626.000	163.000
627.000	149.000
628.000	164.000
629.000	164.000
630.000	146.000
631.000	159.000
632.000	173.000
633.000	170.000
634.000	168.000
635.000	172.000
636.000	189.000
637.000	166.000
638.000	166.000
639.000	184.000
640.000	175.000
641.000	164.000
642.000	192.000
643.000	198.000
644.000	192.000
645.000	174.000
646.000	157.000
647.000	188.000
648.000	195.000
649.000	208.000
650.000	191.000
651.000	195.000
652.000	163.000
653.000	173.000
654.000	203.000
655.000	225.000
656.000	174.000
657.000	176.000
658.000	203.000
659.000	192.000
660.000	180.000
661.000	184.000
662.000	176.000
663.000	195.000
664.000	186.000
665.000	189.000
666.000	181.000
667.000	233.000
668.000	201.000
669.000	186.000
670.000	200.000
671.000	202.000
672.000	213.000
673.000	230.000
674.000	227.000
675.000	212.000
676.000	213.000
677.000	216.000
678.000	207.000
679.000	223.000
680.000	208.000
681.000	223.000
682.000	209.000
683.000	215.000
684.000	221.000
685.000	183.000
686.000	192.000
687.000	216.000
688.000	244.000
689.000	214.000
690.000	227.000
691.000	205.000
692.000	193.000
693.000	196.000
694.000	227.000
695.000	234.000
696.000	230.000
697.000	249.000
698.000	229.000
699.000	230.000
700.000	218.000
701.000	221.000
702.000	207.000
703.000	223.000
704.000	211.000
705.000	245.000
706.000	218.000
707.000	220.000
708.000	244.000
709.000	243.000
710.000	244.000
711.000	255.000
712.000	229.000
713.000	237.000
714.000	254.000
715.000	250.000
716.000	233.000
717.000	207.000
718.000	222.000
719.000	250.000
720.000	248.000
721.000	264.000
722.000	243.000
723.000	245.000
724.000	255.000
725.000	242.000
726.000	203.000
727.000	260.000
728.000	247.000
729.000	255.000
730.000	237.000
731.000	255.000
732.000	253.000
733.000	248.000
734.000	241.000
735.000	249.000
736.000	262.000
737.000	250.000
738.000	242.000
739.000	243.000
740.000	275.000
741.000	263.000
742.000	280.000
743.000	244.000
744.000	242.000
745.000	258.000
746.000	242.000
747.000	233.000
748.000	262.000
749.000	249.000
750.000	291.000
751.000	286.000
752.000	261.000
753.000	237.000
754.000	237.000
755.000	251.000
756.000	250.000
757.000	277.000
758.000	268.000
759.000	286.000
760.000	262.000
761.000	277.000
762.000	297.000
763.000	252.000
764.000	275.000
765.000	272.000
766.000	272.000
767.000	298.000
768.000	276.000
769.000	276.000
770.000	295.000
771.000	315.000
772.000	296.000
773.000	280.000
774.000	292.000
775.000	310.000
776.000	283.000
777.000	302.000
778.000	280.000
779.000	335.000
780.000	299.000
781.000	290.000
782.000	244.000
783.000	277.000
784.000	263.000
785.000	284.000
786.000	281.000
787.000	291.000
788.000	272.000
789.000	281.000
790.000	284.000
791.000	290.000
792.000	292.000
793.000	295.000
794.000	254.000
795.000	271.000
796.000	311.000
797.000	302.000
798.000	296.000
799.000	305.000
800.000	308.000
801.000	283.000
802.000	309.000
803.000	312.000
804.000	278.000
805.000	302.000
806.000	298.000
807.000	324.000
808.000	307.000
809.000	293.000
810.000	283.000
811.000	286.000
812.000	325.000
813.000	297.000
814.000	276.000
815.000	322.000
816.000	310.000
817.000	255.000
818.000	299.000
819.000	310.000
820.000	295.000
821.000	263.000
822.000	311.000
823.000	308.000
824.000	278.000
825.000	267.000
826.000	296.000
827.000	310.000
828.000	278.000
829.000	296.000
830.000	300.000
831.000	340.000
832.000	306.000
833.000	292.000
834.000	335.000
835.000	344.000
836.000	300.000
837.000	297.000
838.000	303.000
839.000	329.000
840.000	341.000
841.000	337.000
842.000	317.000
843.000	304.000
844.000	341.000
845.000	327.000
846.000	354.000
847.000	346.000
848.000	333.000
849.000	346.000
850.000	359.000
851.000	364.000
852.000	329.000
853.000	336.000
854.000	358.000
855.000	362.000
856.000	370.000
857.000	394.000
858.000	384.000
859.000	394.000
860.000	415.000
861.000	365.000
862.000	404.000
863.000	386.000
864.000	392.000
865.000	433.000
866.000	379.000
867.000	415.000
868.000	430.000
869.000	402.000
870.000	414.000
871.000	441.000
872.000	483.000
873.000	443.000
874.000	514.000
875.000	518.000
876.000	558.000
877.000	572.000
878.000	587.000
879.000	624.000
880.000	670.000
881.000	670.000
882.000	726.000
883.000	764.000
884.000	785.000
885.000	910.000
886.000	959.000
887.000	967.000
888.000	975.000
889.000	1082.000
890.000	1181.000
891.000	1274.000
892.000	1298.000
893.000	1386.000
894.000	1380.000
895.000	1440.000
896.000	1419.000
897.000	1520.000
898.000	1530.000
899.000	1464.000
900.000	1592.000
901.000	1573.000
902.000	1493.000
903.000	1507.000
904.000	1544.000
905.000	1431.000
906.000	1386.000
907.000	1383.000
908.000	1302.000
909.000	1293.000
910.000	1175.000
911.000	1155.000
912.000	1050.000
913.000	1056.000
914.000	953.000
915.000	881.000
916.000	851.000
917.000	827.000
918.000	775.000
919.000	707.000
920.000	671.000
921.000	657.000
922.000	601.000
923.000	558.000
924.000	534.000
925.000	459.000
926.000	509.000
927.000	446.000
928.000	407.000
929.000	414.000
930.000	407.000
931.000	412.000
932.000	377.000
933.000	408.000
934.000	406.000
935.000	394.000
936.000	380.000
937.000	363.000
938.000	370.000
939.000	406.000
940.000	337.000
941.000	396.000
942.000	466.000
943.000	452.000
944.000	486.000
945.000	504.000
946.000	542.000
947.000	605.000
948.000	639.000
949.000	752.000
950.000	811.000
951.000	801.000
952.000	820.000
953.000	807.000
954.000	809.000
955.000	805.000
956.000	799.000
957.000	760.000
958.000	664.000
959.000	575.000
960.000	525.000
961.000	501.000
962.000	457.000
963.000	402.000
964.000	379.000
965.000	346.000
966.000	336.000
967.000	303.000
968.000	268.000
969.000	322.000
970.000	321.000
971.000	265.000
972.000	299.000
973.000	293.000
974.000	327.000
975.000	298.000
976.000	293.000
977.000	313.000
978.000	308.000
979.000	293.000
980.000	286.000
981.000	342.000
982.000	287.000
983.000	317.000
984.000	336.000
985.000	343.000
986.000	325.000
987.000	373.000
988.000	378.000
989.000	360.000
990.000	370.000
991.000	417.000
992.000	408.000
993.000	391.000
994.000	451.000
995.000	432.000
996.000	399.000
997.000	480.000
998.000	405.000
999.000	444.000
1000.000	420.000
1001.000	422.000
1002.000	482.000
1003.000	431.000
1004.000	467.000
1005.000	417.000
1006.000	443.000
1007.000	466.000
1008.000	444.000
1009.000	408.000
1010.000	423.000
1011.000	430.000
1012.000	391.000
1013.000	370.000
1014.000	398.000
1015.000	370.000
1016.000	358.000
1017.000	357.000
1018.000	376.000
1019.000	301.000
1020.000	315.000
1021.000	280.000
1022.000	268.000
1023.000	280.000
1024.000	284.000
