Date:	8/19/2008		Time:	8:51 AM		Version no:	0.00		Project name:	55		Sample name:	222		Section name:	section		Position	170.039995	mm	E0	0.000000	keV	E1	1.000000	keV/channel	sample surface	7.596177	cm	Tube anode:	Mo		Tube voltage:	30	kV	Tube current:	50	mA	gain	20		std. database			resultfile	result		matrix element	11		sample thickness	1.000000		air passage	0.560000	cm	comments	not in position		peaking_time	3.000000	m-sec	trigger_threshold	1229.166667	V	mca_bin_width	22.090000	no:	number_mca_channels	1024.000000	no:	gap_time	0.400000	m-sec	trigger_peaking_time	0.150000	m-sec	GAINDAC	9455		HIGHGAIN	1		TAURC	0		RCTAU	53		RCTAUFRAC	32768		livetime	9.695671	seconds	runtime	10.000502	seconds	input_count_rate	28.993248	cps	output_count_rate	21.987197	cps	triggers	281109	seconds	events_in_run	219883	seconds	channel	content		1.000	0.000
2.000	0.000
3.000	0.000
4.000	0.000
5.000	0.000
6.000	0.000
7.000	0.000
8.000	0.000
9.000	0.000
10.000	0.000
11.000	0.000
12.000	0.000
13.000	0.000
14.000	0.000
15.000	0.000
16.000	0.000
17.000	0.000
18.000	0.000
19.000	0.000
20.000	0.000
21.000	0.000
22.000	0.000
23.000	0.000
24.000	0.000
25.000	0.000
26.000	0.000
27.000	0.000
28.000	0.000
29.000	0.000
30.000	0.000
31.000	1.000
32.000	0.000
33.000	0.000
34.000	1.000
35.000	1.000
36.000	1.000
37.000	1.000
38.000	3.000
39.000	6.000
40.000	4.000
41.000	7.000
42.000	3.000
43.000	1.000
44.000	5.000
45.000	2.000
46.000	5.000
47.000	5.000
48.000	5.000
49.000	12.000
50.000	12.000
51.000	10.000
52.000	10.000
53.000	10.000
54.000	10.000
55.000	5.000
56.000	5.000
57.000	13.000
58.000	9.000
59.000	7.000
60.000	10.000
61.000	17.000
62.000	6.000
63.000	8.000
64.000	9.000
65.000	11.000
66.000	9.000
67.000	6.000
68.000	11.000
69.000	14.000
70.000	8.000
71.000	13.000
72.000	10.000
73.000	9.000
74.000	12.000
75.000	7.000
76.000	8.000
77.000	11.000
78.000	7.000
79.000	10.000
80.000	10.000
81.000	13.000
82.000	9.000
83.000	4.000
84.000	4.000
85.000	9.000
86.000	4.000
87.000	10.000
88.000	5.000
89.000	4.000
90.000	15.000
91.000	7.000
92.000	5.000
93.000	8.000
94.000	11.000
95.000	12.000
96.000	7.000
97.000	5.000
98.000	9.000
99.000	4.000
100.000	11.000
101.000	8.000
102.000	10.000
103.000	9.000
104.000	8.000
105.000	5.000
106.000	6.000
107.000	12.000
108.000	4.000
109.000	7.000
110.000	5.000
111.000	13.000
112.000	7.000
113.000	5.000
114.000	4.000
115.000	6.000
116.000	7.000
117.000	2.000
118.000	8.000
119.000	3.000
120.000	5.000
121.000	8.000
122.000	6.000
123.000	4.000
124.000	16.000
125.000	6.000
126.000	8.000
127.000	10.000
128.000	18.000
129.000	5.000
130.000	6.000
131.000	5.000
132.000	2.000
133.000	9.000
134.000	7.000
135.000	5.000
136.000	7.000
137.000	5.000
138.000	9.000
139.000	11.000
140.000	5.000
141.000	2.000
142.000	5.000
143.000	3.000
144.000	4.000
145.000	2.000
146.000	6.000
147.000	5.000
148.000	4.000
149.000	5.000
150.000	2.000
151.000	7.000
152.000	3.000
153.000	3.000
154.000	7.000
155.000	2.000
156.000	6.000
157.000	5.000
158.000	6.000
159.000	6.000
160.000	8.000
161.000	12.000
162.000	15.000
163.000	8.000
164.000	9.000
165.000	13.000
166.000	7.000
167.000	8.000
168.000	4.000
169.000	5.000
170.000	8.000
171.000	5.000
172.000	3.000
173.000	3.000
174.000	6.000
175.000	8.000
176.000	3.000
177.000	9.000
178.000	4.000
179.000	13.000
180.000	6.000
181.000	8.000
182.000	5.000
183.000	6.000
184.000	8.000
185.000	10.000
186.000	7.000
187.000	5.000
188.000	2.000
189.000	2.000
190.000	7.000
191.000	3.000
192.000	1.000
193.000	4.000
194.000	1.000
195.000	1.000
196.000	10.000
197.000	5.000
198.000	12.000
199.000	12.000
200.000	16.000
201.000	25.000
202.000	18.000
203.000	31.000
204.000	19.000
205.000	17.000
206.000	14.000
207.000	19.000
208.000	8.000
209.000	6.000
210.000	2.000
211.000	5.000
212.000	4.000
213.000	5.000
214.000	5.000
215.000	4.000
216.000	3.000
217.000	6.000
218.000	8.000
219.000	5.000
220.000	5.000
221.000	6.000
222.000	15.000
223.000	8.000
224.000	7.000
225.000	7.000
226.000	3.000
227.000	6.000
228.000	1.000
229.000	2.000
230.000	2.000
231.000	5.000
232.000	4.000
233.000	4.000
234.000	2.000
235.000	4.000
236.000	5.000
237.000	3.000
238.000	3.000
239.000	5.000
240.000	5.000
241.000	2.000
242.000	6.000
243.000	8.000
244.000	8.000
245.000	10.000
246.000	19.000
247.000	10.000
248.000	12.000
249.000	6.000
250.000	8.000
251.000	11.000
252.000	10.000
253.000	5.000
254.000	11.000
255.000	10.000
256.000	7.000
257.000	5.000
258.000	5.000
259.000	5.000
260.000	5.000
261.000	7.000
262.000	4.000
263.000	4.000
264.000	3.000
265.000	7.000
266.000	4.000
267.000	7.000
268.000	4.000
269.000	5.000
270.000	8.000
271.000	4.000
272.000	4.000
273.000	9.000
274.000	5.000
275.000	3.000
276.000	8.000
277.000	4.000
278.000	4.000
279.000	6.000
280.000	7.000
281.000	5.000
282.000	3.000
283.000	3.000
284.000	8.000
285.000	1.000
286.000	1.000
287.000	11.000
288.000	1.000
289.000	12.000
290.000	7.000
291.000	4.000
292.000	6.000
293.000	1.000
294.000	3.000
295.000	8.000
296.000	9.000
297.000	7.000
298.000	6.000
299.000	7.000
300.000	6.000
301.000	5.000
302.000	4.000
303.000	14.000
304.000	17.000
305.000	11.000
306.000	7.000
307.000	7.000
308.000	4.000
309.000	8.000
310.000	11.000
311.000	12.000
312.000	7.000
313.000	8.000
314.000	6.000
315.000	8.000
316.000	14.000
317.000	12.000
318.000	23.000
319.000	26.000
320.000	26.000
321.000	42.000
322.000	52.000
323.000	47.000
324.000	50.000
325.000	48.000
326.000	37.000
327.000	31.000
328.000	26.000
329.000	21.000
330.000	15.000
331.000	16.000
332.000	12.000
333.000	13.000
334.000	15.000
335.000	9.000
336.000	6.000
337.000	10.000
338.000	8.000
339.000	25.000
340.000	24.000
341.000	29.000
342.000	52.000
343.000	81.000
344.000	149.000
345.000	211.000
346.000	328.000
347.000	520.000
348.000	521.000
349.000	702.000
350.000	699.000
351.000	818.000
352.000	686.000
353.000	609.000
354.000	446.000
355.000	338.000
356.000	243.000
357.000	153.000
358.000	101.000
359.000	60.000
360.000	39.000
361.000	30.000
362.000	17.000
363.000	18.000
364.000	14.000
365.000	14.000
366.000	11.000
367.000	18.000
368.000	13.000
369.000	22.000
370.000	23.000
371.000	19.000
372.000	17.000
373.000	24.000
374.000	19.000
375.000	26.000
376.000	19.000
377.000	20.000
378.000	29.000
379.000	33.000
380.000	51.000
381.000	63.000
382.000	87.000
383.000	102.000
384.000	133.000
385.000	144.000
386.000	152.000
387.000	127.000
388.000	132.000
389.000	133.000
390.000	85.000
391.000	88.000
392.000	55.000
393.000	42.000
394.000	41.000
395.000	30.000
396.000	24.000
397.000	22.000
398.000	34.000
399.000	29.000
400.000	32.000
401.000	13.000
402.000	19.000
403.000	19.000
404.000	21.000
405.000	32.000
406.000	34.000
407.000	19.000
408.000	29.000
409.000	34.000
410.000	20.000
411.000	28.000
412.000	27.000
413.000	31.000
414.000	29.000
415.000	27.000
416.000	26.000
417.000	28.000
418.000	26.000
419.000	21.000
420.000	27.000
421.000	35.000
422.000	30.000
423.000	35.000
424.000	32.000
425.000	21.000
426.000	35.000
427.000	30.000
428.000	29.000
429.000	40.000
430.000	28.000
431.000	35.000
432.000	32.000
433.000	21.000
434.000	30.000
435.000	28.000
436.000	39.000
437.000	30.000
438.000	34.000
439.000	42.000
440.000	49.000
441.000	37.000
442.000	46.000
443.000	26.000
444.000	47.000
445.000	45.000
446.000	56.000
447.000	35.000
448.000	38.000
449.000	43.000
450.000	48.000
451.000	46.000
452.000	39.000
453.000	44.000
454.000	34.000
455.000	57.000
456.000	44.000
457.000	41.000
458.000	48.000
459.000	39.000
460.000	43.000
461.000	41.000
462.000	41.000
463.000	42.000
464.000	40.000
465.000	49.000
466.000	46.000
467.000	51.000
468.000	55.000
469.000	42.000
470.000	47.000
471.000	45.000
472.000	55.000
473.000	49.000
474.000	40.000
475.000	53.000
476.000	46.000
477.000	41.000
478.000	48.000
479.000	55.000
480.000	44.000
481.000	50.000
482.000	64.000
483.000	52.000
484.000	44.000
485.000	40.000
486.000	58.000
487.000	59.000
488.000	61.000
489.000	54.000
490.000	59.000
491.000	81.000
492.000	58.000
493.000	64.000
494.000	56.000
495.000	68.000
496.000	50.000
497.000	52.000
498.000	55.000
499.000	41.000
500.000	69.000
501.000	58.000
502.000	67.000
503.000	78.000
504.000	71.000
505.000	51.000
506.000	56.000
507.000	80.000
508.000	66.000
509.000	81.000
510.000	84.000
511.000	59.000
512.000	74.000
513.000	64.000
514.000	84.000
515.000	94.000
516.000	90.000
517.000	85.000
518.000	88.000
519.000	68.000
520.000	85.000
521.000	71.000
522.000	75.000
523.000	75.000
524.000	88.000
525.000	85.000
526.000	92.000
527.000	85.000
528.000	95.000
529.000	88.000
530.000	92.000
531.000	86.000
532.000	82.000
533.000	71.000
534.000	88.000
535.000	90.000
536.000	80.000
537.000	82.000
538.000	92.000
539.000	93.000
540.000	82.000
541.000	96.000
542.000	92.000
543.000	89.000
544.000	88.000
545.000	85.000
546.000	92.000
547.000	106.000
548.000	88.000
549.000	97.000
550.000	101.000
551.000	89.000
552.000	100.000
553.000	87.000
554.000	92.000
555.000	106.000
556.000	91.000
557.000	78.000
558.000	99.000
559.000	87.000
560.000	99.000
561.000	107.000
562.000	131.000
563.000	116.000
564.000	93.000
565.000	128.000
566.000	105.000
567.000	94.000
568.000	104.000
569.000	102.000
570.000	105.000
571.000	99.000
572.000	103.000
573.000	128.000
574.000	121.000
575.000	117.000
576.000	115.000
577.000	116.000
578.000	135.000
579.000	106.000
580.000	117.000
581.000	108.000
582.000	120.000
583.000	117.000
584.000	129.000
585.000	144.000
586.000	107.000
587.000	121.000
588.000	116.000
589.000	111.000
590.000	129.000
591.000	130.000
592.000	124.000
593.000	127.000
594.000	157.000
595.000	127.000
596.000	121.000
597.000	136.000
598.000	131.000
599.000	121.000
600.000	141.000
601.000	132.000
602.000	115.000
603.000	130.000
604.000	138.000
605.000	138.000
606.000	132.000
607.000	143.000
608.000	148.000
609.000	130.000
610.000	144.000
611.000	149.000
612.000	166.000
613.000	122.000
614.000	149.000
615.000	166.000
616.000	149.000
617.000	142.000
618.000	152.000
619.000	146.000
620.000	158.000
621.000	149.000
622.000	151.000
623.000	168.000
624.000	160.000
625.000	157.000
626.000	167.000
627.000	148.000
628.000	153.000
629.000	158.000
630.000	158.000
631.000	150.000
632.000	162.000
633.000	155.000
634.000	158.000
635.000	170.000
636.000	171.000
637.000	185.000
638.000	174.000
639.000	179.000
640.000	143.000
641.000	163.000
642.000	182.000
643.000	171.000
644.000	164.000
645.000	162.000
646.000	154.000
647.000	201.000
648.000	182.000
649.000	180.000
650.000	184.000
651.000	184.000
652.000	192.000
653.000	181.000
654.000	192.000
655.000	174.000
656.000	194.000
657.000	170.000
658.000	214.000
659.000	192.000
660.000	200.000
661.000	182.000
662.000	201.000
663.000	210.000
664.000	164.000
665.000	193.000
666.000	189.000
667.000	184.000
668.000	180.000
669.000	173.000
670.000	184.000
671.000	199.000
672.000	205.000
673.000	208.000
674.000	199.000
675.000	202.000
676.000	201.000
677.000	192.000
678.000	198.000
679.000	195.000
680.000	213.000
681.000	215.000
682.000	211.000
683.000	203.000
684.000	193.000
685.000	203.000
686.000	185.000
687.000	218.000
688.000	184.000
689.000	239.000
690.000	183.000
691.000	215.000
692.000	202.000
693.000	208.000
694.000	207.000
695.000	215.000
696.000	229.000
697.000	220.000
698.000	237.000
699.000	218.000
700.000	213.000
701.000	215.000
702.000	216.000
703.000	238.000
704.000	225.000
705.000	216.000
706.000	241.000
707.000	261.000
708.000	215.000
709.000	221.000
710.000	237.000
711.000	217.000
712.000	206.000
713.000	234.000
714.000	216.000
715.000	243.000
716.000	234.000
717.000	240.000
718.000	215.000
719.000	205.000
720.000	213.000
721.000	220.000
722.000	220.000
723.000	235.000
724.000	230.000
725.000	246.000
726.000	262.000
727.000	233.000
728.000	250.000
729.000	253.000
730.000	244.000
731.000	255.000
732.000	229.000
733.000	259.000
734.000	268.000
735.000	255.000
736.000	259.000
737.000	227.000
738.000	249.000
739.000	232.000
740.000	226.000
741.000	258.000
742.000	274.000
743.000	260.000
744.000	227.000
745.000	246.000
746.000	269.000
747.000	250.000
748.000	289.000
749.000	280.000
750.000	276.000
751.000	246.000
752.000	254.000
753.000	257.000
754.000	252.000
755.000	270.000
756.000	274.000
757.000	247.000
758.000	251.000
759.000	256.000
760.000	247.000
761.000	270.000
762.000	241.000
763.000	252.000
764.000	288.000
765.000	240.000
766.000	275.000
767.000	276.000
768.000	277.000
769.000	267.000
770.000	285.000
771.000	297.000
772.000	266.000
773.000	280.000
774.000	336.000
775.000	297.000
776.000	275.000
777.000	300.000
778.000	273.000
779.000	271.000
780.000	269.000
781.000	276.000
782.000	294.000
783.000	253.000
784.000	265.000
785.000	273.000
786.000	266.000
787.000	334.000
788.000	300.000
789.000	264.000
790.000	288.000
791.000	270.000
792.000	293.000
793.000	281.000
794.000	300.000
795.000	254.000
796.000	291.000
797.000	281.000
798.000	257.000
799.000	288.000
800.000	290.000
801.000	313.000
802.000	286.000
803.000	292.000
804.000	290.000
805.000	277.000
806.000	274.000
807.000	289.000
808.000	269.000
809.000	270.000
810.000	295.000
811.000	291.000
812.000	266.000
813.000	288.000
814.000	326.000
815.000	296.000
816.000	251.000
817.000	301.000
818.000	312.000
819.000	277.000
820.000	264.000
821.000	280.000
822.000	311.000
823.000	356.000
824.000	279.000
825.000	289.000
826.000	295.000
827.000	321.000
828.000	336.000
829.000	309.000
830.000	307.000
831.000	296.000
832.000	331.000
833.000	311.000
834.000	300.000
835.000	297.000
836.000	297.000
837.000	296.000
838.000	287.000
839.000	332.000
840.000	326.000
841.000	316.000
842.000	333.000
843.000	332.000
844.000	334.000
845.000	340.000
846.000	358.000
847.000	349.000
848.000	345.000
849.000	309.000
850.000	308.000
851.000	339.000
852.000	373.000
853.000	296.000
854.000	377.000
855.000	321.000
856.000	315.000
857.000	365.000
858.000	350.000
859.000	366.000
860.000	399.000
861.000	396.000
862.000	423.000
863.000	383.000
864.000	399.000
865.000	411.000
866.000	429.000
867.000	441.000
868.000	465.000
869.000	421.000
870.000	438.000
871.000	460.000
872.000	480.000
873.000	464.000
874.000	520.000
875.000	533.000
876.000	524.000
877.000	578.000
878.000	573.000
879.000	592.000
880.000	623.000
881.000	638.000
882.000	759.000
883.000	720.000
884.000	835.000
885.000	873.000
886.000	901.000
887.000	956.000
888.000	1016.000
889.000	1069.000
890.000	1052.000
891.000	1197.000
892.000	1238.000
893.000	1339.000
894.000	1323.000
895.000	1424.000
896.000	1503.000
897.000	1422.000
898.000	1542.000
899.000	1422.000
900.000	1548.000
901.000	1476.000
902.000	1473.000
903.000	1411.000
904.000	1443.000
905.000	1343.000
906.000	1330.000
907.000	1317.000
908.000	1244.000
909.000	1243.000
910.000	1157.000
911.000	1148.000
912.000	1087.000
913.000	973.000
914.000	963.000
915.000	850.000
916.000	756.000
917.000	745.000
918.000	708.000
919.000	708.000
920.000	636.000
921.000	578.000
922.000	551.000
923.000	559.000
924.000	555.000
925.000	517.000
926.000	476.000
927.000	465.000
928.000	433.000
929.000	416.000
930.000	377.000
931.000	369.000
932.000	399.000
933.000	383.000
934.000	349.000
935.000	370.000
936.000	368.000
937.000	351.000
938.000	370.000
939.000	350.000
940.000	406.000
941.000	395.000
942.000	432.000
943.000	437.000
944.000	481.000
945.000	491.000
946.000	552.000
947.000	591.000
948.000	680.000
949.000	699.000
950.000	725.000
951.000	784.000
952.000	767.000
953.000	812.000
954.000	798.000
955.000	737.000
956.000	737.000
957.000	733.000
958.000	661.000
959.000	593.000
960.000	527.000
961.000	527.000
962.000	483.000
963.000	413.000
964.000	381.000
965.000	326.000
966.000	333.000
967.000	328.000
968.000	283.000
969.000	293.000
970.000	305.000
971.000	293.000
972.000	272.000
973.000	276.000
974.000	311.000
975.000	288.000
976.000	310.000
977.000	289.000
978.000	319.000
979.000	305.000
980.000	310.000
981.000	310.000
982.000	294.000
983.000	293.000
984.000	344.000
985.000	335.000
986.000	333.000
987.000	360.000
988.000	308.000
989.000	357.000
990.000	360.000
991.000	390.000
992.000	379.000
993.000	393.000
994.000	388.000
995.000	391.000
996.000	389.000
997.000	435.000
998.000	417.000
999.000	399.000
1000.000	428.000
1001.000	459.000
1002.000	475.000
1003.000	448.000
1004.000	442.000
1005.000	452.000
1006.000	433.000
1007.000	448.000
1008.000	445.000
1009.000	409.000
1010.000	425.000
1011.000	452.000
1012.000	427.000
1013.000	374.000
1014.000	372.000
1015.000	368.000
1016.000	399.000
1017.000	345.000
1018.000	351.000
1019.000	364.000
1020.000	305.000
1021.000	313.000
1022.000	275.000
1023.000	271.000
1024.000	272.000
