Date:	8/19/2008		Time:	9:06 AM		Version no:	0.00		Project name:	55		Sample name:	222		Section name:	section		Position	328.039995	mm	E0	0.000000	keV	E1	1.000000	keV/channel	sample surface	7.542357	cm	Tube anode:	Mo		Tube voltage:	30	kV	Tube current:	50	mA	gain	20		std. database			resultfile	result		matrix element	11		sample thickness	1.000000		air passage	0.560000	cm	comments	not in position		peaking_time	3.000000	m-sec	trigger_threshold	1229.166667	V	mca_bin_width	22.090000	no:	number_mca_channels	1024.000000	no:	gap_time	0.400000	m-sec	trigger_peaking_time	0.150000	m-sec	GAINDAC	9455		HIGHGAIN	1		TAURC	0		RCTAU	53		RCTAUFRAC	32768		livetime	9.777658	seconds	runtime	10.000503	seconds	input_count_rate	22.183737	cps	output_count_rate	17.794405	cps	triggers	216905	seconds	events_in_run	177953	seconds	channel	content		1.000	0.000
2.000	0.000
3.000	0.000
4.000	0.000
5.000	0.000
6.000	0.000
7.000	0.000
8.000	0.000
9.000	0.000
10.000	0.000
11.000	0.000
12.000	0.000
13.000	0.000
14.000	0.000
15.000	0.000
16.000	0.000
17.000	0.000
18.000	0.000
19.000	0.000
20.000	0.000
21.000	0.000
22.000	0.000
23.000	0.000
24.000	0.000
25.000	0.000
26.000	0.000
27.000	0.000
28.000	0.000
29.000	0.000
30.000	0.000
31.000	0.000
32.000	1.000
33.000	0.000
34.000	0.000
35.000	0.000
36.000	2.000
37.000	3.000
38.000	1.000
39.000	1.000
40.000	2.000
41.000	7.000
42.000	5.000
43.000	2.000
44.000	5.000
45.000	4.000
46.000	10.000
47.000	7.000
48.000	8.000
49.000	8.000
50.000	9.000
51.000	7.000
52.000	6.000
53.000	7.000
54.000	8.000
55.000	5.000
56.000	12.000
57.000	10.000
58.000	6.000
59.000	5.000
60.000	8.000
61.000	10.000
62.000	12.000
63.000	9.000
64.000	10.000
65.000	9.000
66.000	17.000
67.000	9.000
68.000	14.000
69.000	7.000
70.000	10.000
71.000	10.000
72.000	7.000
73.000	6.000
74.000	7.000
75.000	9.000
76.000	12.000
77.000	11.000
78.000	6.000
79.000	8.000
80.000	9.000
81.000	8.000
82.000	12.000
83.000	4.000
84.000	7.000
85.000	9.000
86.000	13.000
87.000	11.000
88.000	5.000
89.000	8.000
90.000	9.000
91.000	7.000
92.000	8.000
93.000	6.000
94.000	9.000
95.000	6.000
96.000	14.000
97.000	11.000
98.000	9.000
99.000	13.000
100.000	3.000
101.000	8.000
102.000	10.000
103.000	4.000
104.000	10.000
105.000	6.000
106.000	4.000
107.000	7.000
108.000	5.000
109.000	11.000
110.000	5.000
111.000	9.000
112.000	6.000
113.000	4.000
114.000	7.000
115.000	9.000
116.000	11.000
117.000	7.000
118.000	4.000
119.000	5.000
120.000	8.000
121.000	6.000
122.000	4.000
123.000	12.000
124.000	8.000
125.000	6.000
126.000	6.000
127.000	6.000
128.000	4.000
129.000	8.000
130.000	4.000
131.000	5.000
132.000	2.000
133.000	6.000
134.000	5.000
135.000	3.000
136.000	3.000
137.000	7.000
138.000	2.000
139.000	3.000
140.000	10.000
141.000	5.000
142.000	3.000
143.000	6.000
144.000	0.000
145.000	6.000
146.000	3.000
147.000	3.000
148.000	1.000
149.000	12.000
150.000	4.000
151.000	3.000
152.000	1.000
153.000	2.000
154.000	5.000
155.000	5.000
156.000	5.000
157.000	5.000
158.000	5.000
159.000	7.000
160.000	8.000
161.000	11.000
162.000	9.000
163.000	8.000
164.000	10.000
165.000	5.000
166.000	2.000
167.000	5.000
168.000	3.000
169.000	2.000
170.000	2.000
171.000	1.000
172.000	5.000
173.000	5.000
174.000	3.000
175.000	4.000
176.000	4.000
177.000	11.000
178.000	5.000
179.000	6.000
180.000	8.000
181.000	8.000
182.000	10.000
183.000	7.000
184.000	5.000
185.000	3.000
186.000	5.000
187.000	3.000
188.000	1.000
189.000	4.000
190.000	4.000
191.000	4.000
192.000	4.000
193.000	7.000
194.000	2.000
195.000	5.000
196.000	8.000
197.000	6.000
198.000	11.000
199.000	8.000
200.000	8.000
201.000	17.000
202.000	23.000
203.000	18.000
204.000	14.000
205.000	12.000
206.000	14.000
207.000	9.000
208.000	8.000
209.000	2.000
210.000	2.000
211.000	5.000
212.000	4.000
213.000	2.000
214.000	3.000
215.000	3.000
216.000	5.000
217.000	1.000
218.000	8.000
219.000	2.000
220.000	3.000
221.000	5.000
222.000	7.000
223.000	3.000
224.000	7.000
225.000	1.000
226.000	3.000
227.000	4.000
228.000	2.000
229.000	3.000
230.000	1.000
231.000	5.000
232.000	2.000
233.000	2.000
234.000	2.000
235.000	2.000
236.000	2.000
237.000	3.000
238.000	5.000
239.000	2.000
240.000	2.000
241.000	2.000
242.000	4.000
243.000	4.000
244.000	8.000
245.000	8.000
246.000	4.000
247.000	10.000
248.000	6.000
249.000	7.000
250.000	9.000
251.000	6.000
252.000	8.000
253.000	2.000
254.000	2.000
255.000	3.000
256.000	6.000
257.000	3.000
258.000	5.000
259.000	3.000
260.000	3.000
261.000	2.000
262.000	8.000
263.000	6.000
264.000	8.000
265.000	4.000
266.000	3.000
267.000	2.000
268.000	2.000
269.000	1.000
270.000	5.000
271.000	6.000
272.000	3.000
273.000	12.000
274.000	4.000
275.000	5.000
276.000	5.000
277.000	3.000
278.000	4.000
279.000	1.000
280.000	4.000
281.000	1.000
282.000	9.000
283.000	1.000
284.000	2.000
285.000	1.000
286.000	4.000
287.000	6.000
288.000	5.000
289.000	5.000
290.000	8.000
291.000	2.000
292.000	4.000
293.000	6.000
294.000	4.000
295.000	9.000
296.000	3.000
297.000	4.000
298.000	12.000
299.000	4.000
300.000	7.000
301.000	5.000
302.000	6.000
303.000	6.000
304.000	8.000
305.000	4.000
306.000	6.000
307.000	6.000
308.000	4.000
309.000	3.000
310.000	2.000
311.000	5.000
312.000	4.000
313.000	8.000
314.000	9.000
315.000	6.000
316.000	11.000
317.000	15.000
318.000	23.000
319.000	23.000
320.000	33.000
321.000	32.000
322.000	32.000
323.000	35.000
324.000	39.000
325.000	33.000
326.000	34.000
327.000	23.000
328.000	25.000
329.000	14.000
330.000	15.000
331.000	9.000
332.000	7.000
333.000	8.000
334.000	15.000
335.000	8.000
336.000	15.000
337.000	10.000
338.000	15.000
339.000	16.000
340.000	21.000
341.000	25.000
342.000	41.000
343.000	50.000
344.000	122.000
345.000	176.000
346.000	287.000
347.000	358.000
348.000	422.000
349.000	518.000
350.000	541.000
351.000	551.000
352.000	525.000
353.000	423.000
354.000	387.000
355.000	306.000
356.000	198.000
357.000	105.000
358.000	70.000
359.000	53.000
360.000	28.000
361.000	26.000
362.000	10.000
363.000	11.000
364.000	10.000
365.000	14.000
366.000	12.000
367.000	9.000
368.000	13.000
369.000	14.000
370.000	11.000
371.000	7.000
372.000	13.000
373.000	21.000
374.000	21.000
375.000	16.000
376.000	23.000
377.000	21.000
378.000	20.000
379.000	28.000
380.000	37.000
381.000	49.000
382.000	39.000
383.000	70.000
384.000	79.000
385.000	103.000
386.000	86.000
387.000	84.000
388.000	96.000
389.000	103.000
390.000	67.000
391.000	60.000
392.000	40.000
393.000	34.000
394.000	17.000
395.000	22.000
396.000	13.000
397.000	18.000
398.000	15.000
399.000	18.000
400.000	24.000
401.000	15.000
402.000	15.000
403.000	18.000
404.000	22.000
405.000	21.000
406.000	21.000
407.000	26.000
408.000	25.000
409.000	32.000
410.000	19.000
411.000	24.000
412.000	13.000
413.000	18.000
414.000	15.000
415.000	18.000
416.000	21.000
417.000	21.000
418.000	24.000
419.000	25.000
420.000	15.000
421.000	28.000
422.000	22.000
423.000	25.000
424.000	22.000
425.000	28.000
426.000	32.000
427.000	18.000
428.000	25.000
429.000	33.000
430.000	17.000
431.000	24.000
432.000	24.000
433.000	28.000
434.000	21.000
435.000	20.000
436.000	22.000
437.000	29.000
438.000	25.000
439.000	16.000
440.000	19.000
441.000	32.000
442.000	23.000
443.000	28.000
444.000	21.000
445.000	30.000
446.000	22.000
447.000	40.000
448.000	25.000
449.000	33.000
450.000	22.000
451.000	34.000
452.000	30.000
453.000	34.000
454.000	25.000
455.000	37.000
456.000	41.000
457.000	40.000
458.000	43.000
459.000	34.000
460.000	36.000
461.000	27.000
462.000	32.000
463.000	37.000
464.000	32.000
465.000	37.000
466.000	47.000
467.000	37.000
468.000	29.000
469.000	24.000
470.000	39.000
471.000	34.000
472.000	44.000
473.000	27.000
474.000	37.000
475.000	37.000
476.000	28.000
477.000	35.000
478.000	30.000
479.000	52.000
480.000	39.000
481.000	34.000
482.000	41.000
483.000	46.000
484.000	35.000
485.000	38.000
486.000	38.000
487.000	46.000
488.000	41.000
489.000	33.000
490.000	34.000
491.000	44.000
492.000	38.000
493.000	35.000
494.000	36.000
495.000	43.000
496.000	41.000
497.000	36.000
498.000	44.000
499.000	56.000
500.000	34.000
501.000	37.000
502.000	47.000
503.000	40.000
504.000	55.000
505.000	52.000
506.000	46.000
507.000	46.000
508.000	43.000
509.000	43.000
510.000	42.000
511.000	65.000
512.000	53.000
513.000	58.000
514.000	56.000
515.000	44.000
516.000	57.000
517.000	57.000
518.000	48.000
519.000	53.000
520.000	63.000
521.000	71.000
522.000	66.000
523.000	61.000
524.000	56.000
525.000	66.000
526.000	79.000
527.000	62.000
528.000	66.000
529.000	60.000
530.000	76.000
531.000	71.000
532.000	69.000
533.000	61.000
534.000	61.000
535.000	55.000
536.000	62.000
537.000	78.000
538.000	60.000
539.000	57.000
540.000	56.000
541.000	69.000
542.000	68.000
543.000	73.000
544.000	67.000
545.000	81.000
546.000	70.000
547.000	68.000
548.000	76.000
549.000	59.000
550.000	63.000
551.000	72.000
552.000	75.000
553.000	68.000
554.000	96.000
555.000	70.000
556.000	69.000
557.000	67.000
558.000	69.000
559.000	95.000
560.000	68.000
561.000	67.000
562.000	78.000
563.000	62.000
564.000	84.000
565.000	58.000
566.000	74.000
567.000	66.000
568.000	81.000
569.000	72.000
570.000	75.000
571.000	70.000
572.000	72.000
573.000	82.000
574.000	91.000
575.000	94.000
576.000	73.000
577.000	83.000
578.000	74.000
579.000	76.000
580.000	84.000
581.000	75.000
582.000	71.000
583.000	100.000
584.000	79.000
585.000	74.000
586.000	98.000
587.000	77.000
588.000	93.000
589.000	84.000
590.000	93.000
591.000	77.000
592.000	86.000
593.000	80.000
594.000	81.000
595.000	97.000
596.000	72.000
597.000	92.000
598.000	98.000
599.000	89.000
600.000	85.000
601.000	108.000
602.000	103.000
603.000	89.000
604.000	109.000
605.000	108.000
606.000	111.000
607.000	118.000
608.000	78.000
609.000	112.000
610.000	107.000
611.000	121.000
612.000	95.000
613.000	101.000
614.000	110.000
615.000	98.000
616.000	112.000
617.000	125.000
618.000	93.000
619.000	100.000
620.000	107.000
621.000	92.000
622.000	129.000
623.000	113.000
624.000	100.000
625.000	114.000
626.000	107.000
627.000	107.000
628.000	109.000
629.000	98.000
630.000	126.000
631.000	112.000
632.000	116.000
633.000	110.000
634.000	105.000
635.000	120.000
636.000	105.000
637.000	99.000
638.000	116.000
639.000	135.000
640.000	118.000
641.000	126.000
642.000	131.000
643.000	131.000
644.000	133.000
645.000	147.000
646.000	123.000
647.000	146.000
648.000	118.000
649.000	157.000
650.000	126.000
651.000	102.000
652.000	113.000
653.000	178.000
654.000	132.000
655.000	165.000
656.000	113.000
657.000	173.000
658.000	146.000
659.000	131.000
660.000	141.000
661.000	132.000
662.000	144.000
663.000	125.000
664.000	139.000
665.000	149.000
666.000	136.000
667.000	148.000
668.000	147.000
669.000	137.000
670.000	153.000
671.000	127.000
672.000	127.000
673.000	135.000
674.000	156.000
675.000	134.000
676.000	150.000
677.000	130.000
678.000	130.000
679.000	129.000
680.000	162.000
681.000	154.000
682.000	162.000
683.000	151.000
684.000	137.000
685.000	137.000
686.000	165.000
687.000	154.000
688.000	168.000
689.000	170.000
690.000	157.000
691.000	137.000
692.000	158.000
693.000	152.000
694.000	154.000
695.000	160.000
696.000	179.000
697.000	161.000
698.000	152.000
699.000	136.000
700.000	163.000
701.000	155.000
702.000	157.000
703.000	164.000
704.000	175.000
705.000	136.000
706.000	172.000
707.000	176.000
708.000	158.000
709.000	174.000
710.000	164.000
711.000	174.000
712.000	184.000
713.000	171.000
714.000	174.000
715.000	155.000
716.000	197.000
717.000	182.000
718.000	172.000
719.000	177.000
720.000	186.000
721.000	183.000
722.000	164.000
723.000	177.000
724.000	170.000
725.000	175.000
726.000	190.000
727.000	176.000
728.000	186.000
729.000	190.000
730.000	197.000
731.000	182.000
732.000	192.000
733.000	158.000
734.000	184.000
735.000	187.000
736.000	175.000
737.000	170.000
738.000	205.000
739.000	169.000
740.000	184.000
741.000	177.000
742.000	183.000
743.000	192.000
744.000	183.000
745.000	180.000
746.000	224.000
747.000	212.000
748.000	204.000
749.000	198.000
750.000	190.000
751.000	211.000
752.000	194.000
753.000	190.000
754.000	180.000
755.000	191.000
756.000	199.000
757.000	194.000
758.000	179.000
759.000	191.000
760.000	181.000
761.000	198.000
762.000	211.000
763.000	220.000
764.000	193.000
765.000	215.000
766.000	207.000
767.000	219.000
768.000	216.000
769.000	207.000
770.000	242.000
771.000	223.000
772.000	215.000
773.000	228.000
774.000	207.000
775.000	230.000
776.000	220.000
777.000	235.000
778.000	220.000
779.000	241.000
780.000	229.000
781.000	227.000
782.000	223.000
783.000	193.000
784.000	215.000
785.000	198.000
786.000	215.000
787.000	209.000
788.000	232.000
789.000	216.000
790.000	214.000
791.000	244.000
792.000	231.000
793.000	194.000
794.000	217.000
795.000	210.000
796.000	229.000
797.000	228.000
798.000	225.000
799.000	213.000
800.000	209.000
801.000	228.000
802.000	202.000
803.000	222.000
804.000	209.000
805.000	234.000
806.000	230.000
807.000	217.000
808.000	220.000
809.000	210.000
810.000	222.000
811.000	276.000
812.000	224.000
813.000	238.000
814.000	241.000
815.000	242.000
816.000	228.000
817.000	222.000
818.000	238.000
819.000	221.000
820.000	236.000
821.000	254.000
822.000	241.000
823.000	206.000
824.000	232.000
825.000	247.000
826.000	241.000
827.000	226.000
828.000	226.000
829.000	246.000
830.000	259.000
831.000	264.000
832.000	237.000
833.000	232.000
834.000	253.000
835.000	252.000
836.000	235.000
837.000	237.000
838.000	252.000
839.000	277.000
840.000	240.000
841.000	251.000
842.000	271.000
843.000	271.000
844.000	283.000
845.000	239.000
846.000	288.000
847.000	263.000
848.000	314.000
849.000	264.000
850.000	265.000
851.000	299.000
852.000	256.000
853.000	293.000
854.000	287.000
855.000	268.000
856.000	295.000
857.000	266.000
858.000	300.000
859.000	318.000
860.000	297.000
861.000	307.000
862.000	308.000
863.000	313.000
864.000	329.000
865.000	345.000
866.000	344.000
867.000	321.000
868.000	380.000
869.000	374.000
870.000	372.000
871.000	378.000
872.000	389.000
873.000	414.000
874.000	406.000
875.000	401.000
876.000	442.000
877.000	452.000
878.000	502.000
879.000	510.000
880.000	529.000
881.000	555.000
882.000	555.000
883.000	636.000
884.000	673.000
885.000	717.000
886.000	743.000
887.000	771.000
888.000	872.000
889.000	913.000
890.000	935.000
891.000	1007.000
892.000	1066.000
893.000	1081.000
894.000	1127.000
895.000	1159.000
896.000	1172.000
897.000	1193.000
898.000	1205.000
899.000	1200.000
900.000	1169.000
901.000	1162.000
902.000	1185.000
903.000	1158.000
904.000	1123.000
905.000	1171.000
906.000	1141.000
907.000	1036.000
908.000	1057.000
909.000	981.000
910.000	917.000
911.000	954.000
912.000	847.000
913.000	814.000
914.000	728.000
915.000	711.000
916.000	675.000
917.000	641.000
918.000	568.000
919.000	583.000
920.000	546.000
921.000	460.000
922.000	479.000
923.000	434.000
924.000	430.000
925.000	406.000
926.000	381.000
927.000	379.000
928.000	353.000
929.000	372.000
930.000	332.000
931.000	316.000
932.000	288.000
933.000	302.000
934.000	300.000
935.000	331.000
936.000	301.000
937.000	296.000
938.000	303.000
939.000	287.000
940.000	301.000
941.000	335.000
942.000	342.000
943.000	369.000
944.000	430.000
945.000	413.000
946.000	437.000
947.000	518.000
948.000	588.000
949.000	581.000
950.000	638.000
951.000	648.000
952.000	630.000
953.000	694.000
954.000	665.000
955.000	684.000
956.000	611.000
957.000	585.000
958.000	567.000
959.000	574.000
960.000	485.000
961.000	447.000
962.000	380.000
963.000	359.000
964.000	324.000
965.000	305.000
966.000	272.000
967.000	263.000
968.000	265.000
969.000	269.000
970.000	253.000
971.000	224.000
972.000	243.000
973.000	245.000
974.000	277.000
975.000	240.000
976.000	232.000
977.000	265.000
978.000	265.000
979.000	260.000
980.000	267.000
981.000	281.000
982.000	268.000
983.000	245.000
984.000	246.000
985.000	265.000
986.000	270.000
987.000	298.000
988.000	280.000
989.000	328.000
990.000	316.000
991.000	327.000
992.000	320.000
993.000	329.000
994.000	330.000
995.000	345.000
996.000	370.000
997.000	389.000
998.000	393.000
999.000	379.000
1000.000	379.000
1001.000	361.000
1002.000	409.000
1003.000	400.000
1004.000	366.000
1005.000	393.000
1006.000	401.000
1007.000	351.000
1008.000	354.000
1009.000	358.000
1010.000	381.000
1011.000	332.000
1012.000	336.000
1013.000	297.000
1014.000	337.000
1015.000	317.000
1016.000	300.000
1017.000	300.000
1018.000	293.000
1019.000	267.000
1020.000	264.000
1021.000	281.000
1022.000	245.000
1023.000	242.000
1024.000	240.000
