Date:	8/19/2008		Time:	9:43 AM		Version no:	0.00		Project name:	55		Sample name:	222		Section name:	section		Position	722.039995	mm	E0	0.000000	keV	E1	1.000000	keV/channel	sample surface	7.580793	cm	Tube anode:	Mo		Tube voltage:	30	kV	Tube current:	50	mA	gain	20		std. database			resultfile	result		matrix element	11		sample thickness	1.000000		air passage	0.560000	cm	comments	in position		peaking_time	3.000000	m-sec	trigger_threshold	1229.166667	V	mca_bin_width	22.090000	no:	number_mca_channels	1024.000000	no:	gap_time	0.400000	m-sec	trigger_peaking_time	0.150000	m-sec	GAINDAC	9455		HIGHGAIN	1		TAURC	0		RCTAU	53		RCTAUFRAC	32768		livetime	9.737557	seconds	runtime	10.000502	seconds	input_count_rate	24.899162	cps	output_count_rate	19.539020	cps	triggers	242457	seconds	events_in_run	195400	seconds	channel	content		1.000	0.000
2.000	0.000
3.000	0.000
4.000	0.000
5.000	0.000
6.000	0.000
7.000	0.000
8.000	0.000
9.000	0.000
10.000	0.000
11.000	0.000
12.000	0.000
13.000	0.000
14.000	0.000
15.000	0.000
16.000	0.000
17.000	0.000
18.000	0.000
19.000	0.000
20.000	0.000
21.000	0.000
22.000	0.000
23.000	0.000
24.000	0.000
25.000	0.000
26.000	0.000
27.000	0.000
28.000	0.000
29.000	0.000
30.000	0.000
31.000	0.000
32.000	0.000
33.000	1.000
34.000	1.000
35.000	0.000
36.000	2.000
37.000	3.000
38.000	1.000
39.000	4.000
40.000	1.000
41.000	2.000
42.000	3.000
43.000	2.000
44.000	2.000
45.000	6.000
46.000	6.000
47.000	6.000
48.000	7.000
49.000	10.000
50.000	12.000
51.000	9.000
52.000	8.000
53.000	7.000
54.000	8.000
55.000	8.000
56.000	10.000
57.000	11.000
58.000	4.000
59.000	13.000
60.000	11.000
61.000	16.000
62.000	5.000
63.000	14.000
64.000	15.000
65.000	8.000
66.000	5.000
67.000	7.000
68.000	14.000
69.000	11.000
70.000	12.000
71.000	8.000
72.000	10.000
73.000	8.000
74.000	6.000
75.000	9.000
76.000	17.000
77.000	8.000
78.000	9.000
79.000	10.000
80.000	9.000
81.000	6.000
82.000	13.000
83.000	11.000
84.000	5.000
85.000	9.000
86.000	9.000
87.000	8.000
88.000	5.000
89.000	4.000
90.000	10.000
91.000	6.000
92.000	10.000
93.000	5.000
94.000	8.000
95.000	11.000
96.000	6.000
97.000	4.000
98.000	4.000
99.000	5.000
100.000	9.000
101.000	10.000
102.000	12.000
103.000	6.000
104.000	9.000
105.000	11.000
106.000	8.000
107.000	12.000
108.000	5.000
109.000	12.000
110.000	9.000
111.000	11.000
112.000	6.000
113.000	15.000
114.000	0.000
115.000	3.000
116.000	5.000
117.000	6.000
118.000	9.000
119.000	3.000
120.000	4.000
121.000	13.000
122.000	1.000
123.000	7.000
124.000	11.000
125.000	10.000
126.000	11.000
127.000	12.000
128.000	6.000
129.000	5.000
130.000	7.000
131.000	5.000
132.000	6.000
133.000	8.000
134.000	9.000
135.000	5.000
136.000	6.000
137.000	4.000
138.000	5.000
139.000	5.000
140.000	8.000
141.000	2.000
142.000	3.000
143.000	2.000
144.000	6.000
145.000	7.000
146.000	4.000
147.000	9.000
148.000	6.000
149.000	5.000
150.000	8.000
151.000	1.000
152.000	6.000
153.000	9.000
154.000	8.000
155.000	6.000
156.000	4.000
157.000	11.000
158.000	7.000
159.000	9.000
160.000	7.000
161.000	8.000
162.000	17.000
163.000	14.000
164.000	6.000
165.000	11.000
166.000	12.000
167.000	6.000
168.000	3.000
169.000	4.000
170.000	6.000
171.000	3.000
172.000	3.000
173.000	3.000
174.000	6.000
175.000	6.000
176.000	2.000
177.000	6.000
178.000	5.000
179.000	7.000
180.000	4.000
181.000	6.000
182.000	4.000
183.000	6.000
184.000	9.000
185.000	3.000
186.000	2.000
187.000	4.000
188.000	1.000
189.000	2.000
190.000	5.000
191.000	5.000
192.000	3.000
193.000	5.000
194.000	4.000
195.000	4.000
196.000	3.000
197.000	8.000
198.000	5.000
199.000	7.000
200.000	15.000
201.000	17.000
202.000	22.000
203.000	26.000
204.000	13.000
205.000	12.000
206.000	7.000
207.000	10.000
208.000	1.000
209.000	6.000
210.000	1.000
211.000	1.000
212.000	2.000
213.000	1.000
214.000	3.000
215.000	3.000
216.000	5.000
217.000	3.000
218.000	3.000
219.000	2.000
220.000	6.000
221.000	7.000
222.000	5.000
223.000	2.000
224.000	3.000
225.000	3.000
226.000	2.000
227.000	3.000
228.000	4.000
229.000	3.000
230.000	3.000
231.000	2.000
232.000	4.000
233.000	2.000
234.000	3.000
235.000	6.000
236.000	5.000
237.000	4.000
238.000	5.000
239.000	2.000
240.000	5.000
241.000	4.000
242.000	3.000
243.000	3.000
244.000	13.000
245.000	4.000
246.000	7.000
247.000	8.000
248.000	4.000
249.000	5.000
250.000	5.000
251.000	3.000
252.000	3.000
253.000	4.000
254.000	4.000
255.000	2.000
256.000	6.000
257.000	3.000
258.000	3.000
259.000	1.000
260.000	4.000
261.000	5.000
262.000	1.000
263.000	1.000
264.000	6.000
265.000	1.000
266.000	5.000
267.000	3.000
268.000	6.000
269.000	4.000
270.000	2.000
271.000	5.000
272.000	4.000
273.000	4.000
274.000	6.000
275.000	6.000
276.000	2.000
277.000	5.000
278.000	2.000
279.000	5.000
280.000	2.000
281.000	2.000
282.000	7.000
283.000	4.000
284.000	6.000
285.000	6.000
286.000	3.000
287.000	2.000
288.000	3.000
289.000	6.000
290.000	6.000
291.000	6.000
292.000	5.000
293.000	4.000
294.000	4.000
295.000	8.000
296.000	5.000
297.000	4.000
298.000	7.000
299.000	5.000
300.000	4.000
301.000	8.000
302.000	3.000
303.000	6.000
304.000	3.000
305.000	5.000
306.000	10.000
307.000	6.000
308.000	3.000
309.000	8.000
310.000	3.000
311.000	8.000
312.000	6.000
313.000	9.000
314.000	5.000
315.000	5.000
316.000	9.000
317.000	8.000
318.000	22.000
319.000	15.000
320.000	17.000
321.000	24.000
322.000	13.000
323.000	36.000
324.000	12.000
325.000	21.000
326.000	23.000
327.000	18.000
328.000	15.000
329.000	8.000
330.000	10.000
331.000	4.000
332.000	8.000
333.000	7.000
334.000	5.000
335.000	5.000
336.000	7.000
337.000	8.000
338.000	9.000
339.000	11.000
340.000	16.000
341.000	10.000
342.000	30.000
343.000	25.000
344.000	65.000
345.000	85.000
346.000	141.000
347.000	165.000
348.000	223.000
349.000	294.000
350.000	286.000
351.000	321.000
352.000	282.000
353.000	280.000
354.000	214.000
355.000	150.000
356.000	112.000
357.000	66.000
358.000	44.000
359.000	26.000
360.000	25.000
361.000	8.000
362.000	10.000
363.000	11.000
364.000	9.000
365.000	10.000
366.000	6.000
367.000	14.000
368.000	7.000
369.000	11.000
370.000	11.000
371.000	7.000
372.000	10.000
373.000	8.000
374.000	12.000
375.000	15.000
376.000	11.000
377.000	8.000
378.000	8.000
379.000	18.000
380.000	31.000
381.000	31.000
382.000	35.000
383.000	45.000
384.000	63.000
385.000	49.000
386.000	48.000
387.000	64.000
388.000	55.000
389.000	60.000
390.000	43.000
391.000	31.000
392.000	30.000
393.000	24.000
394.000	17.000
395.000	15.000
396.000	15.000
397.000	16.000
398.000	11.000
399.000	10.000
400.000	11.000
401.000	12.000
402.000	13.000
403.000	15.000
404.000	9.000
405.000	10.000
406.000	9.000
407.000	18.000
408.000	17.000
409.000	14.000
410.000	15.000
411.000	18.000
412.000	18.000
413.000	15.000
414.000	10.000
415.000	13.000
416.000	14.000
417.000	16.000
418.000	14.000
419.000	13.000
420.000	19.000
421.000	14.000
422.000	11.000
423.000	7.000
424.000	20.000
425.000	14.000
426.000	10.000
427.000	14.000
428.000	20.000
429.000	14.000
430.000	14.000
431.000	12.000
432.000	15.000
433.000	12.000
434.000	16.000
435.000	11.000
436.000	11.000
437.000	23.000
438.000	18.000
439.000	19.000
440.000	25.000
441.000	20.000
442.000	17.000
443.000	16.000
444.000	19.000
445.000	19.000
446.000	24.000
447.000	23.000
448.000	22.000
449.000	22.000
450.000	22.000
451.000	17.000
452.000	24.000
453.000	25.000
454.000	28.000
455.000	23.000
456.000	30.000
457.000	27.000
458.000	28.000
459.000	31.000
460.000	29.000
461.000	27.000
462.000	21.000
463.000	36.000
464.000	34.000
465.000	20.000
466.000	28.000
467.000	32.000
468.000	24.000
469.000	35.000
470.000	40.000
471.000	36.000
472.000	40.000
473.000	24.000
474.000	26.000
475.000	31.000
476.000	32.000
477.000	29.000
478.000	28.000
479.000	38.000
480.000	28.000
481.000	26.000
482.000	28.000
483.000	39.000
484.000	39.000
485.000	30.000
486.000	28.000
487.000	37.000
488.000	38.000
489.000	25.000
490.000	37.000
491.000	42.000
492.000	29.000
493.000	30.000
494.000	45.000
495.000	25.000
496.000	33.000
497.000	37.000
498.000	42.000
499.000	35.000
500.000	35.000
501.000	39.000
502.000	44.000
503.000	46.000
504.000	35.000
505.000	38.000
506.000	44.000
507.000	30.000
508.000	30.000
509.000	46.000
510.000	43.000
511.000	44.000
512.000	45.000
513.000	40.000
514.000	53.000
515.000	51.000
516.000	34.000
517.000	53.000
518.000	53.000
519.000	39.000
520.000	53.000
521.000	54.000
522.000	58.000
523.000	49.000
524.000	54.000
525.000	40.000
526.000	65.000
527.000	35.000
528.000	44.000
529.000	54.000
530.000	51.000
531.000	57.000
532.000	67.000
533.000	50.000
534.000	61.000
535.000	51.000
536.000	50.000
537.000	53.000
538.000	50.000
539.000	52.000
540.000	60.000
541.000	65.000
542.000	57.000
543.000	60.000
544.000	57.000
545.000	68.000
546.000	66.000
547.000	69.000
548.000	69.000
549.000	64.000
550.000	60.000
551.000	71.000
552.000	64.000
553.000	62.000
554.000	72.000
555.000	75.000
556.000	75.000
557.000	62.000
558.000	72.000
559.000	74.000
560.000	75.000
561.000	83.000
562.000	79.000
563.000	70.000
564.000	71.000
565.000	80.000
566.000	67.000
567.000	62.000
568.000	80.000
569.000	79.000
570.000	79.000
571.000	80.000
572.000	83.000
573.000	78.000
574.000	69.000
575.000	87.000
576.000	73.000
577.000	86.000
578.000	83.000
579.000	82.000
580.000	81.000
581.000	88.000
582.000	71.000
583.000	77.000
584.000	90.000
585.000	85.000
586.000	91.000
587.000	87.000
588.000	76.000
589.000	90.000
590.000	89.000
591.000	83.000
592.000	99.000
593.000	106.000
594.000	76.000
595.000	120.000
596.000	101.000
597.000	99.000
598.000	103.000
599.000	93.000
600.000	90.000
601.000	95.000
602.000	99.000
603.000	84.000
604.000	99.000
605.000	103.000
606.000	100.000
607.000	92.000
608.000	91.000
609.000	111.000
610.000	114.000
611.000	121.000
612.000	116.000
613.000	112.000
614.000	101.000
615.000	89.000
616.000	100.000
617.000	113.000
618.000	101.000
619.000	113.000
620.000	118.000
621.000	112.000
622.000	120.000
623.000	127.000
624.000	118.000
625.000	116.000
626.000	114.000
627.000	112.000
628.000	140.000
629.000	134.000
630.000	129.000
631.000	127.000
632.000	121.000
633.000	118.000
634.000	127.000
635.000	123.000
636.000	137.000
637.000	126.000
638.000	130.000
639.000	125.000
640.000	133.000
641.000	134.000
642.000	135.000
643.000	139.000
644.000	137.000
645.000	154.000
646.000	148.000
647.000	127.000
648.000	145.000
649.000	145.000
650.000	144.000
651.000	135.000
652.000	141.000
653.000	147.000
654.000	159.000
655.000	141.000
656.000	149.000
657.000	163.000
658.000	158.000
659.000	136.000
660.000	156.000
661.000	118.000
662.000	144.000
663.000	139.000
664.000	134.000
665.000	123.000
666.000	140.000
667.000	152.000
668.000	147.000
669.000	164.000
670.000	148.000
671.000	176.000
672.000	149.000
673.000	142.000
674.000	148.000
675.000	144.000
676.000	172.000
677.000	148.000
678.000	148.000
679.000	149.000
680.000	139.000
681.000	177.000
682.000	148.000
683.000	176.000
684.000	136.000
685.000	151.000
686.000	170.000
687.000	179.000
688.000	157.000
689.000	146.000
690.000	175.000
691.000	182.000
692.000	172.000
693.000	171.000
694.000	170.000
695.000	163.000
696.000	178.000
697.000	161.000
698.000	173.000
699.000	176.000
700.000	187.000
701.000	164.000
702.000	175.000
703.000	169.000
704.000	162.000
705.000	208.000
706.000	181.000
707.000	180.000
708.000	194.000
709.000	227.000
710.000	184.000
711.000	183.000
712.000	186.000
713.000	196.000
714.000	178.000
715.000	189.000
716.000	187.000
717.000	188.000
718.000	205.000
719.000	187.000
720.000	196.000
721.000	203.000
722.000	211.000
723.000	224.000
724.000	184.000
725.000	209.000
726.000	195.000
727.000	228.000
728.000	227.000
729.000	199.000
730.000	219.000
731.000	237.000
732.000	202.000
733.000	223.000
734.000	232.000
735.000	191.000
736.000	211.000
737.000	222.000
738.000	233.000
739.000	185.000
740.000	210.000
741.000	217.000
742.000	212.000
743.000	190.000
744.000	204.000
745.000	222.000
746.000	230.000
747.000	195.000
748.000	237.000
749.000	226.000
750.000	213.000
751.000	219.000
752.000	218.000
753.000	216.000
754.000	232.000
755.000	242.000
756.000	242.000
757.000	246.000
758.000	246.000
759.000	232.000
760.000	227.000
761.000	257.000
762.000	219.000
763.000	256.000
764.000	239.000
765.000	234.000
766.000	219.000
767.000	223.000
768.000	262.000
769.000	260.000
770.000	267.000
771.000	279.000
772.000	246.000
773.000	276.000
774.000	253.000
775.000	293.000
776.000	245.000
777.000	286.000
778.000	261.000
779.000	235.000
780.000	274.000
781.000	275.000
782.000	238.000
783.000	249.000
784.000	253.000
785.000	274.000
786.000	219.000
787.000	236.000
788.000	221.000
789.000	232.000
790.000	246.000
791.000	239.000
792.000	245.000
793.000	261.000
794.000	262.000
795.000	221.000
796.000	271.000
797.000	232.000
798.000	227.000
799.000	248.000
800.000	265.000
801.000	275.000
802.000	225.000
803.000	270.000
804.000	265.000
805.000	261.000
806.000	270.000
807.000	253.000
808.000	242.000
809.000	261.000
810.000	297.000
811.000	260.000
812.000	257.000
813.000	257.000
814.000	268.000
815.000	277.000
816.000	250.000
817.000	235.000
818.000	284.000
819.000	285.000
820.000	238.000
821.000	222.000
822.000	273.000
823.000	250.000
824.000	281.000
825.000	273.000
826.000	279.000
827.000	254.000
828.000	309.000
829.000	277.000
830.000	259.000
831.000	238.000
832.000	270.000
833.000	300.000
834.000	264.000
835.000	287.000
836.000	265.000
837.000	278.000
838.000	276.000
839.000	287.000
840.000	260.000
841.000	299.000
842.000	277.000
843.000	324.000
844.000	314.000
845.000	283.000
846.000	327.000
847.000	342.000
848.000	296.000
849.000	306.000
850.000	324.000
851.000	317.000
852.000	353.000
853.000	309.000
854.000	343.000
855.000	301.000
856.000	331.000
857.000	376.000
858.000	379.000
859.000	341.000
860.000	356.000
861.000	356.000
862.000	352.000
863.000	371.000
864.000	371.000
865.000	420.000
866.000	394.000
867.000	416.000
868.000	396.000
869.000	402.000
870.000	382.000
871.000	417.000
872.000	424.000
873.000	434.000
874.000	497.000
875.000	489.000
876.000	502.000
877.000	528.000
878.000	561.000
879.000	575.000
880.000	671.000
881.000	634.000
882.000	681.000
883.000	719.000
884.000	778.000
885.000	795.000
886.000	849.000
887.000	884.000
888.000	976.000
889.000	959.000
890.000	1008.000
891.000	1131.000
892.000	1198.000
893.000	1144.000
894.000	1235.000
895.000	1295.000
896.000	1320.000
897.000	1469.000
898.000	1400.000
899.000	1380.000
900.000	1453.000
901.000	1428.000
902.000	1396.000
903.000	1425.000
904.000	1323.000
905.000	1296.000
906.000	1269.000
907.000	1196.000
908.000	1272.000
909.000	1109.000
910.000	1096.000
911.000	976.000
912.000	1023.000
913.000	896.000
914.000	861.000
915.000	840.000
916.000	794.000
917.000	754.000
918.000	688.000
919.000	690.000
920.000	655.000
921.000	617.000
922.000	543.000
923.000	543.000
924.000	506.000
925.000	454.000
926.000	449.000
927.000	452.000
928.000	433.000
929.000	374.000
930.000	388.000
931.000	367.000
932.000	392.000
933.000	389.000
934.000	369.000
935.000	326.000
936.000	352.000
937.000	330.000
938.000	312.000
939.000	349.000
940.000	364.000
941.000	368.000
942.000	386.000
943.000	451.000
944.000	429.000
945.000	495.000
946.000	540.000
947.000	545.000
948.000	593.000
949.000	665.000
950.000	717.000
951.000	753.000
952.000	774.000
953.000	818.000
954.000	797.000
955.000	775.000
956.000	717.000
957.000	651.000
958.000	584.000
959.000	601.000
960.000	520.000
961.000	486.000
962.000	458.000
963.000	415.000
964.000	321.000
965.000	332.000
966.000	306.000
967.000	298.000
968.000	285.000
969.000	294.000
970.000	267.000
971.000	303.000
972.000	261.000
973.000	256.000
974.000	291.000
975.000	270.000
976.000	306.000
977.000	301.000
978.000	281.000
979.000	292.000
980.000	298.000
981.000	268.000
982.000	303.000
983.000	286.000
984.000	315.000
985.000	310.000
986.000	313.000
987.000	320.000
988.000	349.000
989.000	366.000
990.000	370.000
991.000	320.000
992.000	359.000
993.000	382.000
994.000	411.000
995.000	387.000
996.000	411.000
997.000	390.000
998.000	423.000
999.000	444.000
1000.000	415.000
1001.000	436.000
1002.000	445.000
1003.000	452.000
1004.000	432.000
1005.000	397.000
1006.000	398.000
1007.000	402.000
1008.000	441.000
1009.000	392.000
1010.000	409.000
1011.000	409.000
1012.000	394.000
1013.000	383.000
1014.000	382.000
1015.000	384.000
1016.000	328.000
1017.000	322.000
1018.000	334.000
1019.000	299.000
1020.000	322.000
1021.000	310.000
1022.000	307.000
1023.000	273.000
1024.000	260.000
