Date:	8/19/2008		Time:	9:59 AM		Version no:	0.00		Project name:	55		Sample name:	222		Section name:	section		Position	890.039995	mm	E0	0.000000	keV	E1	1.000000	keV/channel	sample surface	7.800109	cm	Tube anode:	Mo		Tube voltage:	30	kV	Tube current:	50	mA	gain	20		std. database			resultfile	result		matrix element	11		sample thickness	1.000000		air passage	0.560000	cm	comments	in position		peaking_time	3.000000	m-sec	trigger_threshold	1229.166667	V	mca_bin_width	22.090000	no:	number_mca_channels	1024.000000	no:	gap_time	0.400000	m-sec	trigger_peaking_time	0.150000	m-sec	GAINDAC	9455		HIGHGAIN	1		TAURC	0		RCTAU	53		RCTAUFRAC	32768		livetime	9.664305	seconds	runtime	10.000502	seconds	input_count_rate	31.292473	cps	output_count_rate	23.290130	cps	triggers	302420	seconds	events_in_run	232913	seconds	channel	content		1.000	0.000
2.000	0.000
3.000	0.000
4.000	0.000
5.000	0.000
6.000	0.000
7.000	0.000
8.000	0.000
9.000	0.000
10.000	0.000
11.000	0.000
12.000	0.000
13.000	0.000
14.000	0.000
15.000	0.000
16.000	0.000
17.000	0.000
18.000	0.000
19.000	0.000
20.000	0.000
21.000	0.000
22.000	0.000
23.000	0.000
24.000	0.000
25.000	0.000
26.000	0.000
27.000	0.000
28.000	0.000
29.000	0.000
30.000	0.000
31.000	0.000
32.000	0.000
33.000	0.000
34.000	1.000
35.000	2.000
36.000	1.000
37.000	1.000
38.000	2.000
39.000	4.000
40.000	1.000
41.000	1.000
42.000	5.000
43.000	5.000
44.000	5.000
45.000	8.000
46.000	9.000
47.000	5.000
48.000	6.000
49.000	4.000
50.000	14.000
51.000	8.000
52.000	12.000
53.000	10.000
54.000	8.000
55.000	14.000
56.000	5.000
57.000	17.000
58.000	5.000
59.000	7.000
60.000	10.000
61.000	9.000
62.000	7.000
63.000	8.000
64.000	6.000
65.000	4.000
66.000	17.000
67.000	11.000
68.000	2.000
69.000	12.000
70.000	12.000
71.000	14.000
72.000	14.000
73.000	14.000
74.000	3.000
75.000	5.000
76.000	12.000
77.000	13.000
78.000	11.000
79.000	7.000
80.000	5.000
81.000	9.000
82.000	3.000
83.000	11.000
84.000	5.000
85.000	6.000
86.000	14.000
87.000	6.000
88.000	6.000
89.000	12.000
90.000	7.000
91.000	11.000
92.000	6.000
93.000	5.000
94.000	3.000
95.000	11.000
96.000	5.000
97.000	11.000
98.000	8.000
99.000	15.000
100.000	5.000
101.000	7.000
102.000	10.000
103.000	7.000
104.000	9.000
105.000	6.000
106.000	9.000
107.000	6.000
108.000	5.000
109.000	5.000
110.000	10.000
111.000	5.000
112.000	8.000
113.000	6.000
114.000	11.000
115.000	7.000
116.000	6.000
117.000	4.000
118.000	3.000
119.000	3.000
120.000	4.000
121.000	11.000
122.000	7.000
123.000	8.000
124.000	11.000
125.000	11.000
126.000	10.000
127.000	7.000
128.000	9.000
129.000	13.000
130.000	9.000
131.000	6.000
132.000	9.000
133.000	11.000
134.000	4.000
135.000	5.000
136.000	6.000
137.000	5.000
138.000	6.000
139.000	6.000
140.000	11.000
141.000	10.000
142.000	3.000
143.000	9.000
144.000	3.000
145.000	4.000
146.000	4.000
147.000	3.000
148.000	5.000
149.000	3.000
150.000	5.000
151.000	5.000
152.000	5.000
153.000	2.000
154.000	2.000
155.000	7.000
156.000	4.000
157.000	9.000
158.000	3.000
159.000	9.000
160.000	7.000
161.000	16.000
162.000	11.000
163.000	8.000
164.000	9.000
165.000	11.000
166.000	7.000
167.000	4.000
168.000	4.000
169.000	5.000
170.000	2.000
171.000	10.000
172.000	4.000
173.000	2.000
174.000	8.000
175.000	3.000
176.000	5.000
177.000	7.000
178.000	7.000
179.000	16.000
180.000	8.000
181.000	13.000
182.000	8.000
183.000	9.000
184.000	12.000
185.000	14.000
186.000	9.000
187.000	4.000
188.000	7.000
189.000	2.000
190.000	4.000
191.000	4.000
192.000	1.000
193.000	1.000
194.000	6.000
195.000	6.000
196.000	9.000
197.000	15.000
198.000	21.000
199.000	18.000
200.000	28.000
201.000	37.000
202.000	42.000
203.000	39.000
204.000	37.000
205.000	37.000
206.000	13.000
207.000	15.000
208.000	10.000
209.000	5.000
210.000	4.000
211.000	2.000
212.000	3.000
213.000	6.000
214.000	3.000
215.000	8.000
216.000	10.000
217.000	5.000
218.000	3.000
219.000	10.000
220.000	15.000
221.000	4.000
222.000	13.000
223.000	8.000
224.000	5.000
225.000	9.000
226.000	3.000
227.000	2.000
228.000	4.000
229.000	2.000
230.000	7.000
231.000	1.000
232.000	6.000
233.000	4.000
234.000	7.000
235.000	4.000
236.000	7.000
237.000	2.000
238.000	6.000
239.000	6.000
240.000	1.000
241.000	10.000
242.000	10.000
243.000	18.000
244.000	8.000
245.000	11.000
246.000	13.000
247.000	12.000
248.000	15.000
249.000	17.000
250.000	15.000
251.000	11.000
252.000	12.000
253.000	14.000
254.000	4.000
255.000	7.000
256.000	10.000
257.000	10.000
258.000	10.000
259.000	6.000
260.000	5.000
261.000	4.000
262.000	7.000
263.000	8.000
264.000	10.000
265.000	6.000
266.000	7.000
267.000	5.000
268.000	9.000
269.000	12.000
270.000	5.000
271.000	13.000
272.000	8.000
273.000	15.000
274.000	3.000
275.000	10.000
276.000	5.000
277.000	5.000
278.000	7.000
279.000	6.000
280.000	11.000
281.000	6.000
282.000	6.000
283.000	7.000
284.000	9.000
285.000	7.000
286.000	12.000
287.000	8.000
288.000	13.000
289.000	7.000
290.000	4.000
291.000	6.000
292.000	10.000
293.000	8.000
294.000	7.000
295.000	7.000
296.000	4.000
297.000	10.000
298.000	9.000
299.000	3.000
300.000	7.000
301.000	6.000
302.000	6.000
303.000	9.000
304.000	11.000
305.000	3.000
306.000	9.000
307.000	7.000
308.000	13.000
309.000	5.000
310.000	12.000
311.000	12.000
312.000	15.000
313.000	7.000
314.000	7.000
315.000	9.000
316.000	12.000
317.000	19.000
318.000	25.000
319.000	51.000
320.000	46.000
321.000	59.000
322.000	46.000
323.000	70.000
324.000	61.000
325.000	56.000
326.000	49.000
327.000	42.000
328.000	42.000
329.000	24.000
330.000	14.000
331.000	22.000
332.000	10.000
333.000	16.000
334.000	13.000
335.000	8.000
336.000	13.000
337.000	16.000
338.000	27.000
339.000	23.000
340.000	28.000
341.000	44.000
342.000	68.000
343.000	114.000
344.000	210.000
345.000	339.000
346.000	482.000
347.000	698.000
348.000	826.000
349.000	974.000
350.000	1117.000
351.000	1099.000
352.000	1076.000
353.000	870.000
354.000	732.000
355.000	554.000
356.000	395.000
357.000	234.000
358.000	131.000
359.000	82.000
360.000	72.000
361.000	31.000
362.000	28.000
363.000	22.000
364.000	25.000
365.000	10.000
366.000	24.000
367.000	13.000
368.000	24.000
369.000	18.000
370.000	21.000
371.000	25.000
372.000	19.000
373.000	22.000
374.000	27.000
375.000	32.000
376.000	27.000
377.000	36.000
378.000	31.000
379.000	59.000
380.000	57.000
381.000	87.000
382.000	114.000
383.000	152.000
384.000	161.000
385.000	210.000
386.000	225.000
387.000	199.000
388.000	194.000
389.000	155.000
390.000	146.000
391.000	92.000
392.000	94.000
393.000	58.000
394.000	43.000
395.000	40.000
396.000	31.000
397.000	23.000
398.000	32.000
399.000	24.000
400.000	25.000
401.000	19.000
402.000	25.000
403.000	30.000
404.000	25.000
405.000	22.000
406.000	31.000
407.000	39.000
408.000	20.000
409.000	26.000
410.000	28.000
411.000	28.000
412.000	34.000
413.000	28.000
414.000	29.000
415.000	18.000
416.000	16.000
417.000	34.000
418.000	35.000
419.000	32.000
420.000	33.000
421.000	36.000
422.000	34.000
423.000	40.000
424.000	27.000
425.000	37.000
426.000	37.000
427.000	33.000
428.000	30.000
429.000	42.000
430.000	33.000
431.000	40.000
432.000	35.000
433.000	41.000
434.000	42.000
435.000	39.000
436.000	29.000
437.000	32.000
438.000	46.000
439.000	46.000
440.000	43.000
441.000	55.000
442.000	42.000
443.000	59.000
444.000	56.000
445.000	54.000
446.000	48.000
447.000	38.000
448.000	43.000
449.000	45.000
450.000	52.000
451.000	46.000
452.000	46.000
453.000	48.000
454.000	52.000
455.000	48.000
456.000	33.000
457.000	45.000
458.000	57.000
459.000	67.000
460.000	50.000
461.000	69.000
462.000	44.000
463.000	61.000
464.000	59.000
465.000	40.000
466.000	49.000
467.000	49.000
468.000	62.000
469.000	59.000
470.000	60.000
471.000	61.000
472.000	59.000
473.000	62.000
474.000	47.000
475.000	55.000
476.000	58.000
477.000	43.000
478.000	59.000
479.000	59.000
480.000	70.000
481.000	61.000
482.000	75.000
483.000	45.000
484.000	73.000
485.000	64.000
486.000	59.000
487.000	61.000
488.000	61.000
489.000	58.000
490.000	72.000
491.000	78.000
492.000	78.000
493.000	63.000
494.000	55.000
495.000	77.000
496.000	71.000
497.000	57.000
498.000	75.000
499.000	67.000
500.000	69.000
501.000	67.000
502.000	74.000
503.000	60.000
504.000	65.000
505.000	78.000
506.000	75.000
507.000	86.000
508.000	81.000
509.000	92.000
510.000	87.000
511.000	82.000
512.000	77.000
513.000	70.000
514.000	86.000
515.000	94.000
516.000	85.000
517.000	82.000
518.000	84.000
519.000	90.000
520.000	100.000
521.000	102.000
522.000	89.000
523.000	84.000
524.000	97.000
525.000	101.000
526.000	98.000
527.000	90.000
528.000	103.000
529.000	101.000
530.000	96.000
531.000	94.000
532.000	94.000
533.000	119.000
534.000	96.000
535.000	93.000
536.000	92.000
537.000	121.000
538.000	114.000
539.000	90.000
540.000	108.000
541.000	122.000
542.000	103.000
543.000	105.000
544.000	96.000
545.000	122.000
546.000	102.000
547.000	105.000
548.000	105.000
549.000	104.000
550.000	120.000
551.000	105.000
552.000	99.000
553.000	113.000
554.000	114.000
555.000	121.000
556.000	105.000
557.000	105.000
558.000	133.000
559.000	133.000
560.000	130.000
561.000	117.000
562.000	100.000
563.000	136.000
564.000	113.000
565.000	115.000
566.000	106.000
567.000	114.000
568.000	133.000
569.000	108.000
570.000	115.000
571.000	120.000
572.000	116.000
573.000	127.000
574.000	140.000
575.000	153.000
576.000	146.000
577.000	139.000
578.000	113.000
579.000	155.000
580.000	136.000
581.000	136.000
582.000	137.000
583.000	132.000
584.000	123.000
585.000	141.000
586.000	153.000
587.000	143.000
588.000	140.000
589.000	141.000
590.000	140.000
591.000	137.000
592.000	171.000
593.000	151.000
594.000	157.000
595.000	125.000
596.000	156.000
597.000	147.000
598.000	162.000
599.000	172.000
600.000	147.000
601.000	173.000
602.000	132.000
603.000	154.000
604.000	156.000
605.000	167.000
606.000	156.000
607.000	161.000
608.000	148.000
609.000	168.000
610.000	172.000
611.000	150.000
612.000	133.000
613.000	148.000
614.000	147.000
615.000	161.000
616.000	167.000
617.000	166.000
618.000	176.000
619.000	147.000
620.000	173.000
621.000	173.000
622.000	184.000
623.000	180.000
624.000	171.000
625.000	170.000
626.000	165.000
627.000	175.000
628.000	188.000
629.000	181.000
630.000	179.000
631.000	193.000
632.000	176.000
633.000	171.000
634.000	157.000
635.000	185.000
636.000	182.000
637.000	186.000
638.000	158.000
639.000	178.000
640.000	169.000
641.000	203.000
642.000	184.000
643.000	196.000
644.000	191.000
645.000	182.000
646.000	199.000
647.000	192.000
648.000	180.000
649.000	205.000
650.000	206.000
651.000	175.000
652.000	188.000
653.000	219.000
654.000	206.000
655.000	237.000
656.000	206.000
657.000	216.000
658.000	230.000
659.000	198.000
660.000	176.000
661.000	187.000
662.000	196.000
663.000	206.000
664.000	174.000
665.000	212.000
666.000	216.000
667.000	215.000
668.000	201.000
669.000	221.000
670.000	220.000
671.000	215.000
672.000	221.000
673.000	208.000
674.000	203.000
675.000	224.000
676.000	208.000
677.000	225.000
678.000	202.000
679.000	225.000
680.000	223.000
681.000	246.000
682.000	215.000
683.000	218.000
684.000	242.000
685.000	223.000
686.000	218.000
687.000	235.000
688.000	254.000
689.000	245.000
690.000	242.000
691.000	219.000
692.000	229.000
693.000	245.000
694.000	229.000
695.000	238.000
696.000	234.000
697.000	228.000
698.000	210.000
699.000	214.000
700.000	242.000
701.000	236.000
702.000	230.000
703.000	244.000
704.000	234.000
705.000	243.000
706.000	244.000
707.000	255.000
708.000	249.000
709.000	240.000
710.000	230.000
711.000	247.000
712.000	235.000
713.000	251.000
714.000	254.000
715.000	228.000
716.000	219.000
717.000	240.000
718.000	234.000
719.000	244.000
720.000	254.000
721.000	268.000
722.000	272.000
723.000	248.000
724.000	257.000
725.000	251.000
726.000	270.000
727.000	258.000
728.000	249.000
729.000	258.000
730.000	251.000
731.000	272.000
732.000	260.000
733.000	281.000
734.000	275.000
735.000	274.000
736.000	259.000
737.000	258.000
738.000	263.000
739.000	290.000
740.000	240.000
741.000	231.000
742.000	290.000
743.000	285.000
744.000	265.000
745.000	272.000
746.000	267.000
747.000	276.000
748.000	279.000
749.000	247.000
750.000	280.000
751.000	251.000
752.000	243.000
753.000	265.000
754.000	279.000
755.000	290.000
756.000	262.000
757.000	292.000
758.000	288.000
759.000	267.000
760.000	265.000
761.000	298.000
762.000	268.000
763.000	244.000
764.000	288.000
765.000	337.000
766.000	289.000
767.000	295.000
768.000	292.000
769.000	318.000
770.000	291.000
771.000	320.000
772.000	316.000
773.000	304.000
774.000	302.000
775.000	333.000
776.000	343.000
777.000	305.000
778.000	301.000
779.000	299.000
780.000	276.000
781.000	339.000
782.000	290.000
783.000	290.000
784.000	278.000
785.000	274.000
786.000	283.000
787.000	273.000
788.000	279.000
789.000	264.000
790.000	297.000
791.000	291.000
792.000	283.000
793.000	279.000
794.000	261.000
795.000	285.000
796.000	295.000
797.000	309.000
798.000	263.000
799.000	288.000
800.000	300.000
801.000	276.000
802.000	281.000
803.000	273.000
804.000	271.000
805.000	289.000
806.000	262.000
807.000	301.000
808.000	279.000
809.000	302.000
810.000	306.000
811.000	279.000
812.000	292.000
813.000	290.000
814.000	281.000
815.000	319.000
816.000	269.000
817.000	294.000
818.000	315.000
819.000	314.000
820.000	353.000
821.000	299.000
822.000	347.000
823.000	298.000
824.000	338.000
825.000	290.000
826.000	293.000
827.000	282.000
828.000	315.000
829.000	292.000
830.000	318.000
831.000	305.000
832.000	306.000
833.000	334.000
834.000	330.000
835.000	286.000
836.000	342.000
837.000	329.000
838.000	333.000
839.000	301.000
840.000	315.000
841.000	377.000
842.000	320.000
843.000	390.000
844.000	327.000
845.000	365.000
846.000	316.000
847.000	352.000
848.000	320.000
849.000	321.000
850.000	358.000
851.000	338.000
852.000	371.000
853.000	358.000
854.000	335.000
855.000	389.000
856.000	362.000
857.000	400.000
858.000	412.000
859.000	360.000
860.000	418.000
861.000	388.000
862.000	379.000
863.000	435.000
864.000	400.000
865.000	402.000
866.000	442.000
867.000	436.000
868.000	494.000
869.000	426.000
870.000	478.000
871.000	461.000
872.000	491.000
873.000	490.000
874.000	503.000
875.000	498.000
876.000	540.000
877.000	570.000
878.000	597.000
879.000	629.000
880.000	629.000
881.000	679.000
882.000	712.000
883.000	772.000
884.000	796.000
885.000	904.000
886.000	892.000
887.000	918.000
888.000	1029.000
889.000	1090.000
890.000	1158.000
891.000	1247.000
892.000	1255.000
893.000	1332.000
894.000	1361.000
895.000	1438.000
896.000	1462.000
897.000	1491.000
898.000	1476.000
899.000	1424.000
900.000	1534.000
901.000	1534.000
902.000	1554.000
903.000	1544.000
904.000	1469.000
905.000	1411.000
906.000	1334.000
907.000	1363.000
908.000	1301.000
909.000	1253.000
910.000	1179.000
911.000	1165.000
912.000	1024.000
913.000	977.000
914.000	928.000
915.000	890.000
916.000	923.000
917.000	797.000
918.000	766.000
919.000	786.000
920.000	664.000
921.000	647.000
922.000	606.000
923.000	610.000
924.000	549.000
925.000	483.000
926.000	470.000
927.000	490.000
928.000	406.000
929.000	485.000
930.000	397.000
931.000	376.000
932.000	402.000
933.000	379.000
934.000	373.000
935.000	391.000
936.000	380.000
937.000	395.000
938.000	343.000
939.000	345.000
940.000	386.000
941.000	428.000
942.000	408.000
943.000	428.000
944.000	437.000
945.000	523.000
946.000	539.000
947.000	603.000
948.000	695.000
949.000	694.000
950.000	728.000
951.000	807.000
952.000	798.000
953.000	839.000
954.000	808.000
955.000	769.000
956.000	764.000
957.000	707.000
958.000	665.000
959.000	625.000
960.000	536.000
961.000	461.000
962.000	456.000
963.000	415.000
964.000	388.000
965.000	349.000
966.000	351.000
967.000	315.000
968.000	267.000
969.000	296.000
970.000	260.000
971.000	254.000
972.000	265.000
973.000	288.000
974.000	275.000
975.000	304.000
976.000	279.000
977.000	326.000
978.000	292.000
979.000	284.000
980.000	293.000
981.000	295.000
982.000	297.000
983.000	322.000
984.000	296.000
985.000	330.000
986.000	323.000
987.000	364.000
988.000	368.000
989.000	358.000
990.000	360.000
991.000	367.000
992.000	398.000
993.000	387.000
994.000	400.000
995.000	397.000
996.000	399.000
997.000	386.000
998.000	434.000
999.000	428.000
1000.000	428.000
1001.000	451.000
1002.000	448.000
1003.000	433.000
1004.000	408.000
1005.000	451.000
1006.000	414.000
1007.000	451.000
1008.000	442.000
1009.000	428.000
1010.000	423.000
1011.000	463.000
1012.000	436.000
1013.000	428.000
1014.000	402.000
1015.000	364.000
1016.000	361.000
1017.000	350.000
1018.000	350.000
1019.000	344.000
1020.000	316.000
1021.000	314.000
1022.000	289.000
1023.000	303.000
1024.000	232.000
