Date:	8/19/2008		Time:	9:09 AM		Version no:	0.00		Project name:	55		Sample name:	222		Section name:	section		Position	366.039995	mm	E0	0.000000	keV	E1	1.000000	keV/channel	sample surface	7.556891	cm	Tube anode:	Mo		Tube voltage:	30	kV	Tube current:	50	mA	gain	20		std. database			resultfile	result		matrix element	11		sample thickness	1.000000		air passage	0.560000	cm	comments	not in position		peaking_time	3.000000	m-sec	trigger_threshold	1229.166667	V	mca_bin_width	22.090000	no:	number_mca_channels	1024.000000	no:	gap_time	0.400000	m-sec	trigger_peaking_time	0.150000	m-sec	GAINDAC	9455		HIGHGAIN	1		TAURC	0		RCTAU	53		RCTAUFRAC	32768		livetime	9.769266	seconds	runtime	10.000502	seconds	input_count_rate	22.558398	cps	output_count_rate	18.018595	cps	triggers	220379	seconds	events_in_run	180195	seconds	channel	content		1.000	0.000
2.000	0.000
3.000	0.000
4.000	0.000
5.000	0.000
6.000	0.000
7.000	0.000
8.000	0.000
9.000	0.000
10.000	0.000
11.000	0.000
12.000	0.000
13.000	0.000
14.000	0.000
15.000	0.000
16.000	0.000
17.000	0.000
18.000	0.000
19.000	0.000
20.000	0.000
21.000	0.000
22.000	0.000
23.000	0.000
24.000	0.000
25.000	0.000
26.000	0.000
27.000	0.000
28.000	0.000
29.000	0.000
30.000	0.000
31.000	1.000
32.000	1.000
33.000	0.000
34.000	2.000
35.000	0.000
36.000	0.000
37.000	2.000
38.000	3.000
39.000	4.000
40.000	3.000
41.000	5.000
42.000	4.000
43.000	7.000
44.000	9.000
45.000	3.000
46.000	8.000
47.000	12.000
48.000	8.000
49.000	8.000
50.000	4.000
51.000	8.000
52.000	6.000
53.000	6.000
54.000	9.000
55.000	9.000
56.000	12.000
57.000	8.000
58.000	10.000
59.000	7.000
60.000	12.000
61.000	11.000
62.000	14.000
63.000	15.000
64.000	6.000
65.000	7.000
66.000	14.000
67.000	6.000
68.000	11.000
69.000	10.000
70.000	10.000
71.000	11.000
72.000	5.000
73.000	9.000
74.000	12.000
75.000	5.000
76.000	12.000
77.000	8.000
78.000	9.000
79.000	8.000
80.000	6.000
81.000	7.000
82.000	6.000
83.000	7.000
84.000	8.000
85.000	9.000
86.000	15.000
87.000	11.000
88.000	4.000
89.000	7.000
90.000	9.000
91.000	5.000
92.000	6.000
93.000	12.000
94.000	11.000
95.000	6.000
96.000	4.000
97.000	3.000
98.000	5.000
99.000	3.000
100.000	1.000
101.000	7.000
102.000	6.000
103.000	8.000
104.000	4.000
105.000	12.000
106.000	5.000
107.000	7.000
108.000	6.000
109.000	8.000
110.000	9.000
111.000	4.000
112.000	3.000
113.000	7.000
114.000	2.000
115.000	10.000
116.000	6.000
117.000	8.000
118.000	7.000
119.000	11.000
120.000	4.000
121.000	7.000
122.000	9.000
123.000	8.000
124.000	4.000
125.000	10.000
126.000	6.000
127.000	9.000
128.000	6.000
129.000	10.000
130.000	11.000
131.000	7.000
132.000	7.000
133.000	4.000
134.000	6.000
135.000	7.000
136.000	6.000
137.000	5.000
138.000	3.000
139.000	5.000
140.000	7.000
141.000	4.000
142.000	5.000
143.000	2.000
144.000	1.000
145.000	4.000
146.000	5.000
147.000	3.000
148.000	5.000
149.000	4.000
150.000	2.000
151.000	7.000
152.000	2.000
153.000	3.000
154.000	3.000
155.000	2.000
156.000	8.000
157.000	4.000
158.000	6.000
159.000	6.000
160.000	6.000
161.000	6.000
162.000	17.000
163.000	11.000
164.000	11.000
165.000	9.000
166.000	9.000
167.000	9.000
168.000	6.000
169.000	3.000
170.000	7.000
171.000	1.000
172.000	2.000
173.000	7.000
174.000	4.000
175.000	6.000
176.000	8.000
177.000	9.000
178.000	3.000
179.000	6.000
180.000	3.000
181.000	4.000
182.000	7.000
183.000	10.000
184.000	5.000
185.000	4.000
186.000	2.000
187.000	5.000
188.000	2.000
189.000	3.000
190.000	4.000
191.000	2.000
192.000	1.000
193.000	1.000
194.000	3.000
195.000	4.000
196.000	2.000
197.000	5.000
198.000	6.000
199.000	5.000
200.000	7.000
201.000	7.000
202.000	9.000
203.000	13.000
204.000	5.000
205.000	6.000
206.000	7.000
207.000	9.000
208.000	5.000
209.000	3.000
210.000	4.000
211.000	1.000
212.000	4.000
213.000	1.000
214.000	4.000
215.000	6.000
216.000	6.000
217.000	4.000
218.000	7.000
219.000	6.000
220.000	3.000
221.000	9.000
222.000	5.000
223.000	2.000
224.000	5.000
225.000	4.000
226.000	1.000
227.000	2.000
228.000	2.000
229.000	5.000
230.000	4.000
231.000	3.000
232.000	3.000
233.000	4.000
234.000	1.000
235.000	2.000
236.000	6.000
237.000	3.000
238.000	0.000
239.000	4.000
240.000	2.000
241.000	3.000
242.000	7.000
243.000	3.000
244.000	5.000
245.000	4.000
246.000	7.000
247.000	5.000
248.000	10.000
249.000	4.000
250.000	4.000
251.000	4.000
252.000	6.000
253.000	8.000
254.000	5.000
255.000	5.000
256.000	7.000
257.000	5.000
258.000	6.000
259.000	2.000
260.000	3.000
261.000	2.000
262.000	1.000
263.000	1.000
264.000	3.000
265.000	4.000
266.000	4.000
267.000	4.000
268.000	3.000
269.000	2.000
270.000	2.000
271.000	7.000
272.000	3.000
273.000	3.000
274.000	2.000
275.000	2.000
276.000	6.000
277.000	6.000
278.000	4.000
279.000	4.000
280.000	3.000
281.000	3.000
282.000	2.000
283.000	9.000
284.000	1.000
285.000	4.000
286.000	3.000
287.000	4.000
288.000	2.000
289.000	5.000
290.000	4.000
291.000	6.000
292.000	7.000
293.000	3.000
294.000	7.000
295.000	4.000
296.000	6.000
297.000	7.000
298.000	7.000
299.000	9.000
300.000	2.000
301.000	4.000
302.000	4.000
303.000	3.000
304.000	3.000
305.000	1.000
306.000	5.000
307.000	3.000
308.000	4.000
309.000	1.000
310.000	2.000
311.000	1.000
312.000	3.000
313.000	6.000
314.000	7.000
315.000	7.000
316.000	2.000
317.000	11.000
318.000	9.000
319.000	10.000
320.000	14.000
321.000	25.000
322.000	22.000
323.000	22.000
324.000	26.000
325.000	20.000
326.000	13.000
327.000	15.000
328.000	11.000
329.000	7.000
330.000	7.000
331.000	6.000
332.000	10.000
333.000	6.000
334.000	9.000
335.000	7.000
336.000	3.000
337.000	7.000
338.000	7.000
339.000	6.000
340.000	16.000
341.000	9.000
342.000	26.000
343.000	40.000
344.000	81.000
345.000	102.000
346.000	161.000
347.000	182.000
348.000	261.000
349.000	324.000
350.000	315.000
351.000	344.000
352.000	304.000
353.000	289.000
354.000	188.000
355.000	159.000
356.000	105.000
357.000	53.000
358.000	56.000
359.000	32.000
360.000	23.000
361.000	16.000
362.000	10.000
363.000	5.000
364.000	12.000
365.000	8.000
366.000	4.000
367.000	9.000
368.000	8.000
369.000	6.000
370.000	12.000
371.000	13.000
372.000	17.000
373.000	8.000
374.000	10.000
375.000	12.000
376.000	10.000
377.000	13.000
378.000	12.000
379.000	14.000
380.000	20.000
381.000	22.000
382.000	35.000
383.000	49.000
384.000	56.000
385.000	76.000
386.000	59.000
387.000	66.000
388.000	58.000
389.000	59.000
390.000	46.000
391.000	23.000
392.000	33.000
393.000	29.000
394.000	14.000
395.000	15.000
396.000	13.000
397.000	8.000
398.000	11.000
399.000	4.000
400.000	10.000
401.000	9.000
402.000	15.000
403.000	7.000
404.000	7.000
405.000	16.000
406.000	15.000
407.000	7.000
408.000	12.000
409.000	10.000
410.000	21.000
411.000	16.000
412.000	11.000
413.000	14.000
414.000	18.000
415.000	9.000
416.000	16.000
417.000	11.000
418.000	19.000
419.000	12.000
420.000	8.000
421.000	9.000
422.000	7.000
423.000	15.000
424.000	12.000
425.000	10.000
426.000	9.000
427.000	11.000
428.000	18.000
429.000	15.000
430.000	9.000
431.000	17.000
432.000	21.000
433.000	16.000
434.000	12.000
435.000	26.000
436.000	18.000
437.000	10.000
438.000	10.000
439.000	15.000
440.000	24.000
441.000	19.000
442.000	23.000
443.000	21.000
444.000	25.000
445.000	11.000
446.000	19.000
447.000	22.000
448.000	23.000
449.000	22.000
450.000	17.000
451.000	24.000
452.000	19.000
453.000	18.000
454.000	19.000
455.000	16.000
456.000	19.000
457.000	26.000
458.000	18.000
459.000	15.000
460.000	27.000
461.000	15.000
462.000	23.000
463.000	28.000
464.000	18.000
465.000	14.000
466.000	25.000
467.000	27.000
468.000	21.000
469.000	29.000
470.000	24.000
471.000	27.000
472.000	25.000
473.000	27.000
474.000	29.000
475.000	38.000
476.000	22.000
477.000	32.000
478.000	32.000
479.000	33.000
480.000	25.000
481.000	28.000
482.000	21.000
483.000	26.000
484.000	29.000
485.000	37.000
486.000	36.000
487.000	21.000
488.000	29.000
489.000	20.000
490.000	35.000
491.000	27.000
492.000	36.000
493.000	31.000
494.000	31.000
495.000	35.000
496.000	24.000
497.000	33.000
498.000	35.000
499.000	27.000
500.000	40.000
501.000	30.000
502.000	38.000
503.000	33.000
504.000	31.000
505.000	38.000
506.000	37.000
507.000	52.000
508.000	35.000
509.000	39.000
510.000	38.000
511.000	27.000
512.000	33.000
513.000	41.000
514.000	51.000
515.000	36.000
516.000	44.000
517.000	30.000
518.000	34.000
519.000	55.000
520.000	51.000
521.000	53.000
522.000	42.000
523.000	45.000
524.000	57.000
525.000	57.000
526.000	42.000
527.000	50.000
528.000	53.000
529.000	47.000
530.000	36.000
531.000	38.000
532.000	49.000
533.000	57.000
534.000	50.000
535.000	70.000
536.000	55.000
537.000	49.000
538.000	54.000
539.000	54.000
540.000	61.000
541.000	45.000
542.000	50.000
543.000	57.000
544.000	49.000
545.000	64.000
546.000	46.000
547.000	57.000
548.000	58.000
549.000	71.000
550.000	52.000
551.000	58.000
552.000	54.000
553.000	50.000
554.000	53.000
555.000	45.000
556.000	68.000
557.000	44.000
558.000	65.000
559.000	69.000
560.000	72.000
561.000	67.000
562.000	65.000
563.000	74.000
564.000	52.000
565.000	60.000
566.000	64.000
567.000	65.000
568.000	52.000
569.000	82.000
570.000	62.000
571.000	58.000
572.000	62.000
573.000	68.000
574.000	61.000
575.000	63.000
576.000	69.000
577.000	88.000
578.000	83.000
579.000	60.000
580.000	65.000
581.000	76.000
582.000	72.000
583.000	87.000
584.000	75.000
585.000	74.000
586.000	71.000
587.000	83.000
588.000	86.000
589.000	88.000
590.000	90.000
591.000	80.000
592.000	86.000
593.000	77.000
594.000	89.000
595.000	88.000
596.000	88.000
597.000	81.000
598.000	78.000
599.000	100.000
600.000	86.000
601.000	92.000
602.000	97.000
603.000	91.000
604.000	81.000
605.000	85.000
606.000	75.000
607.000	92.000
608.000	96.000
609.000	72.000
610.000	101.000
611.000	92.000
612.000	114.000
613.000	103.000
614.000	103.000
615.000	93.000
616.000	97.000
617.000	93.000
618.000	101.000
619.000	89.000
620.000	108.000
621.000	105.000
622.000	110.000
623.000	109.000
624.000	124.000
625.000	124.000
626.000	119.000
627.000	116.000
628.000	100.000
629.000	95.000
630.000	119.000
631.000	138.000
632.000	92.000
633.000	104.000
634.000	97.000
635.000	112.000
636.000	91.000
637.000	119.000
638.000	101.000
639.000	114.000
640.000	118.000
641.000	100.000
642.000	142.000
643.000	125.000
644.000	113.000
645.000	123.000
646.000	122.000
647.000	110.000
648.000	125.000
649.000	129.000
650.000	140.000
651.000	145.000
652.000	142.000
653.000	140.000
654.000	133.000
655.000	126.000
656.000	114.000
657.000	148.000
658.000	142.000
659.000	125.000
660.000	147.000
661.000	122.000
662.000	126.000
663.000	128.000
664.000	132.000
665.000	137.000
666.000	152.000
667.000	129.000
668.000	189.000
669.000	126.000
670.000	144.000
671.000	134.000
672.000	122.000
673.000	152.000
674.000	129.000
675.000	138.000
676.000	149.000
677.000	149.000
678.000	167.000
679.000	153.000
680.000	127.000
681.000	156.000
682.000	144.000
683.000	134.000
684.000	149.000
685.000	178.000
686.000	170.000
687.000	157.000
688.000	150.000
689.000	151.000
690.000	141.000
691.000	162.000
692.000	149.000
693.000	165.000
694.000	174.000
695.000	169.000
696.000	174.000
697.000	155.000
698.000	162.000
699.000	143.000
700.000	147.000
701.000	185.000
702.000	185.000
703.000	181.000
704.000	167.000
705.000	161.000
706.000	192.000
707.000	177.000
708.000	150.000
709.000	170.000
710.000	163.000
711.000	182.000
712.000	183.000
713.000	153.000
714.000	171.000
715.000	171.000
716.000	190.000
717.000	166.000
718.000	173.000
719.000	171.000
720.000	196.000
721.000	185.000
722.000	171.000
723.000	187.000
724.000	187.000
725.000	202.000
726.000	195.000
727.000	187.000
728.000	214.000
729.000	195.000
730.000	185.000
731.000	186.000
732.000	191.000
733.000	195.000
734.000	214.000
735.000	204.000
736.000	157.000
737.000	179.000
738.000	202.000
739.000	179.000
740.000	206.000
741.000	188.000
742.000	191.000
743.000	212.000
744.000	212.000
745.000	192.000
746.000	198.000
747.000	214.000
748.000	206.000
749.000	192.000
750.000	201.000
751.000	177.000
752.000	226.000
753.000	185.000
754.000	211.000
755.000	170.000
756.000	193.000
757.000	214.000
758.000	224.000
759.000	201.000
760.000	213.000
761.000	205.000
762.000	192.000
763.000	224.000
764.000	241.000
765.000	198.000
766.000	214.000
767.000	209.000
768.000	226.000
769.000	227.000
770.000	235.000
771.000	229.000
772.000	227.000
773.000	246.000
774.000	258.000
775.000	256.000
776.000	221.000
777.000	197.000
778.000	243.000
779.000	217.000
780.000	217.000
781.000	241.000
782.000	221.000
783.000	212.000
784.000	205.000
785.000	231.000
786.000	223.000
787.000	205.000
788.000	238.000
789.000	216.000
790.000	233.000
791.000	243.000
792.000	217.000
793.000	223.000
794.000	218.000
795.000	235.000
796.000	274.000
797.000	231.000
798.000	232.000
799.000	203.000
800.000	229.000
801.000	199.000
802.000	239.000
803.000	244.000
804.000	260.000
805.000	250.000
806.000	228.000
807.000	235.000
808.000	251.000
809.000	216.000
810.000	270.000
811.000	223.000
812.000	265.000
813.000	277.000
814.000	223.000
815.000	230.000
816.000	220.000
817.000	239.000
818.000	246.000
819.000	231.000
820.000	240.000
821.000	269.000
822.000	269.000
823.000	252.000
824.000	271.000
825.000	266.000
826.000	294.000
827.000	243.000
828.000	258.000
829.000	296.000
830.000	294.000
831.000	238.000
832.000	235.000
833.000	252.000
834.000	254.000
835.000	253.000
836.000	282.000
837.000	265.000
838.000	251.000
839.000	292.000
840.000	248.000
841.000	287.000
842.000	265.000
843.000	276.000
844.000	294.000
845.000	285.000
846.000	280.000
847.000	311.000
848.000	272.000
849.000	266.000
850.000	281.000
851.000	295.000
852.000	284.000
853.000	291.000
854.000	314.000
855.000	276.000
856.000	302.000
857.000	329.000
858.000	324.000
859.000	314.000
860.000	346.000
861.000	328.000
862.000	363.000
863.000	327.000
864.000	348.000
865.000	357.000
866.000	360.000
867.000	334.000
868.000	362.000
869.000	357.000
870.000	416.000
871.000	418.000
872.000	405.000
873.000	418.000
874.000	420.000
875.000	489.000
876.000	488.000
877.000	455.000
878.000	534.000
879.000	544.000
880.000	604.000
881.000	600.000
882.000	647.000
883.000	710.000
884.000	739.000
885.000	724.000
886.000	839.000
887.000	866.000
888.000	964.000
889.000	988.000
890.000	979.000
891.000	1088.000
892.000	1132.000
893.000	1184.000
894.000	1227.000
895.000	1209.000
896.000	1294.000
897.000	1283.000
898.000	1330.000
899.000	1383.000
900.000	1311.000
901.000	1267.000
902.000	1231.000
903.000	1254.000
904.000	1241.000
905.000	1234.000
906.000	1159.000
907.000	1125.000
908.000	1051.000
909.000	1059.000
910.000	1019.000
911.000	925.000
912.000	889.000
913.000	825.000
914.000	756.000
915.000	774.000
916.000	731.000
917.000	645.000
918.000	655.000
919.000	552.000
920.000	542.000
921.000	538.000
922.000	498.000
923.000	454.000
924.000	428.000
925.000	449.000
926.000	409.000
927.000	401.000
928.000	372.000
929.000	396.000
930.000	384.000
931.000	290.000
932.000	347.000
933.000	330.000
934.000	291.000
935.000	306.000
936.000	334.000
937.000	321.000
938.000	324.000
939.000	295.000
940.000	323.000
941.000	342.000
942.000	357.000
943.000	403.000
944.000	439.000
945.000	461.000
946.000	511.000
947.000	566.000
948.000	595.000
949.000	630.000
950.000	657.000
951.000	717.000
952.000	663.000
953.000	696.000
954.000	708.000
955.000	685.000
956.000	669.000
957.000	662.000
958.000	611.000
959.000	540.000
960.000	478.000
961.000	394.000
962.000	380.000
963.000	357.000
964.000	362.000
965.000	309.000
966.000	274.000
967.000	272.000
968.000	274.000
969.000	292.000
970.000	254.000
971.000	276.000
972.000	260.000
973.000	291.000
974.000	273.000
975.000	232.000
976.000	264.000
977.000	281.000
978.000	266.000
979.000	252.000
980.000	276.000
981.000	275.000
982.000	288.000
983.000	275.000
984.000	291.000
985.000	318.000
986.000	327.000
987.000	308.000
988.000	315.000
989.000	321.000
990.000	311.000
991.000	362.000
992.000	378.000
993.000	341.000
994.000	356.000
995.000	349.000
996.000	367.000
997.000	386.000
998.000	397.000
999.000	386.000
1000.000	400.000
1001.000	395.000
1002.000	382.000
1003.000	377.000
1004.000	394.000
1005.000	369.000
1006.000	383.000
1007.000	366.000
1008.000	379.000
1009.000	379.000
1010.000	401.000
1011.000	395.000
1012.000	380.000
1013.000	337.000
1014.000	325.000
1015.000	336.000
1016.000	326.000
1017.000	321.000
1018.000	299.000
1019.000	289.000
1020.000	293.000
1021.000	236.000
1022.000	253.000
1023.000	252.000
1024.000	240.000
