Date:	8/19/2008		Time:	8:38 AM		Version no:	0.00		Project name:	55		Sample name:	222		Section name:	section		Position	36.039995	mm	E0	0.000000	keV	E1	1.000000	keV/channel	sample surface	7.623548	cm	Tube anode:	Mo		Tube voltage:	30	kV	Tube current:	50	mA	gain	20		std. database			resultfile	result		matrix element	11		sample thickness	1.000000		air passage	0.560000	cm	comments	not in position		peaking_time	3.000000	m-sec	trigger_threshold	1229.166667	V	mca_bin_width	22.090000	no:	number_mca_channels	1024.000000	no:	gap_time	0.400000	m-sec	trigger_peaking_time	0.150000	m-sec	GAINDAC	9455		HIGHGAIN	1		TAURC	0		RCTAU	53		RCTAUFRAC	32768		livetime	9.682632	seconds	runtime	10.000502	seconds	input_count_rate	30.176919	cps	output_count_rate	22.705961	cps	triggers	292192	seconds	events_in_run	227071	seconds	channel	content		1.000	0.000
2.000	0.000
3.000	0.000
4.000	0.000
5.000	0.000
6.000	0.000
7.000	0.000
8.000	0.000
9.000	0.000
10.000	0.000
11.000	0.000
12.000	0.000
13.000	0.000
14.000	0.000
15.000	0.000
16.000	0.000
17.000	0.000
18.000	0.000
19.000	0.000
20.000	0.000
21.000	0.000
22.000	0.000
23.000	0.000
24.000	0.000
25.000	0.000
26.000	0.000
27.000	0.000
28.000	0.000
29.000	0.000
30.000	0.000
31.000	1.000
32.000	3.000
33.000	0.000
34.000	2.000
35.000	0.000
36.000	2.000
37.000	1.000
38.000	2.000
39.000	3.000
40.000	3.000
41.000	3.000
42.000	7.000
43.000	3.000
44.000	4.000
45.000	4.000
46.000	7.000
47.000	9.000
48.000	6.000
49.000	11.000
50.000	5.000
51.000	1.000
52.000	5.000
53.000	8.000
54.000	8.000
55.000	11.000
56.000	10.000
57.000	11.000
58.000	7.000
59.000	12.000
60.000	18.000
61.000	4.000
62.000	12.000
63.000	11.000
64.000	13.000
65.000	10.000
66.000	10.000
67.000	6.000
68.000	8.000
69.000	13.000
70.000	6.000
71.000	10.000
72.000	9.000
73.000	12.000
74.000	7.000
75.000	6.000
76.000	5.000
77.000	14.000
78.000	7.000
79.000	4.000
80.000	14.000
81.000	6.000
82.000	8.000
83.000	16.000
84.000	8.000
85.000	12.000
86.000	8.000
87.000	7.000
88.000	8.000
89.000	10.000
90.000	3.000
91.000	4.000
92.000	12.000
93.000	7.000
94.000	7.000
95.000	11.000
96.000	8.000
97.000	9.000
98.000	7.000
99.000	7.000
100.000	8.000
101.000	4.000
102.000	6.000
103.000	12.000
104.000	10.000
105.000	9.000
106.000	5.000
107.000	10.000
108.000	13.000
109.000	2.000
110.000	7.000
111.000	8.000
112.000	7.000
113.000	5.000
114.000	7.000
115.000	11.000
116.000	6.000
117.000	6.000
118.000	11.000
119.000	5.000
120.000	7.000
121.000	9.000
122.000	9.000
123.000	9.000
124.000	9.000
125.000	7.000
126.000	16.000
127.000	10.000
128.000	14.000
129.000	5.000
130.000	3.000
131.000	11.000
132.000	5.000
133.000	6.000
134.000	4.000
135.000	6.000
136.000	4.000
137.000	5.000
138.000	4.000
139.000	10.000
140.000	1.000
141.000	6.000
142.000	2.000
143.000	4.000
144.000	4.000
145.000	4.000
146.000	8.000
147.000	6.000
148.000	3.000
149.000	6.000
150.000	4.000
151.000	4.000
152.000	1.000
153.000	4.000
154.000	4.000
155.000	2.000
156.000	7.000
157.000	2.000
158.000	4.000
159.000	6.000
160.000	4.000
161.000	8.000
162.000	18.000
163.000	9.000
164.000	9.000
165.000	7.000
166.000	5.000
167.000	7.000
168.000	3.000
169.000	5.000
170.000	3.000
171.000	0.000
172.000	5.000
173.000	5.000
174.000	2.000
175.000	2.000
176.000	6.000
177.000	5.000
178.000	6.000
179.000	4.000
180.000	6.000
181.000	13.000
182.000	16.000
183.000	12.000
184.000	8.000
185.000	7.000
186.000	3.000
187.000	4.000
188.000	1.000
189.000	5.000
190.000	4.000
191.000	2.000
192.000	5.000
193.000	0.000
194.000	5.000
195.000	9.000
196.000	4.000
197.000	8.000
198.000	11.000
199.000	14.000
200.000	34.000
201.000	23.000
202.000	30.000
203.000	28.000
204.000	29.000
205.000	28.000
206.000	16.000
207.000	11.000
208.000	12.000
209.000	6.000
210.000	4.000
211.000	2.000
212.000	8.000
213.000	4.000
214.000	1.000
215.000	3.000
216.000	7.000
217.000	5.000
218.000	7.000
219.000	2.000
220.000	7.000
221.000	9.000
222.000	4.000
223.000	7.000
224.000	6.000
225.000	2.000
226.000	2.000
227.000	7.000
228.000	5.000
229.000	3.000
230.000	5.000
231.000	2.000
232.000	2.000
233.000	2.000
234.000	4.000
235.000	4.000
236.000	4.000
237.000	1.000
238.000	4.000
239.000	5.000
240.000	6.000
241.000	11.000
242.000	2.000
243.000	11.000
244.000	7.000
245.000	13.000
246.000	11.000
247.000	14.000
248.000	13.000
249.000	16.000
250.000	18.000
251.000	12.000
252.000	6.000
253.000	9.000
254.000	7.000
255.000	14.000
256.000	6.000
257.000	4.000
258.000	8.000
259.000	8.000
260.000	2.000
261.000	4.000
262.000	4.000
263.000	4.000
264.000	4.000
265.000	4.000
266.000	6.000
267.000	4.000
268.000	5.000
269.000	11.000
270.000	4.000
271.000	14.000
272.000	4.000
273.000	7.000
274.000	7.000
275.000	4.000
276.000	5.000
277.000	2.000
278.000	4.000
279.000	8.000
280.000	8.000
281.000	8.000
282.000	5.000
283.000	3.000
284.000	5.000
285.000	4.000
286.000	9.000
287.000	6.000
288.000	8.000
289.000	3.000
290.000	6.000
291.000	6.000
292.000	10.000
293.000	3.000
294.000	10.000
295.000	7.000
296.000	12.000
297.000	10.000
298.000	7.000
299.000	5.000
300.000	8.000
301.000	4.000
302.000	12.000
303.000	10.000
304.000	6.000
305.000	9.000
306.000	10.000
307.000	9.000
308.000	11.000
309.000	13.000
310.000	7.000
311.000	3.000
312.000	7.000
313.000	5.000
314.000	15.000
315.000	9.000
316.000	14.000
317.000	17.000
318.000	18.000
319.000	31.000
320.000	33.000
321.000	44.000
322.000	49.000
323.000	51.000
324.000	53.000
325.000	36.000
326.000	37.000
327.000	33.000
328.000	33.000
329.000	16.000
330.000	21.000
331.000	12.000
332.000	12.000
333.000	12.000
334.000	15.000
335.000	11.000
336.000	12.000
337.000	25.000
338.000	19.000
339.000	22.000
340.000	38.000
341.000	41.000
342.000	59.000
343.000	109.000
344.000	169.000
345.000	248.000
346.000	369.000
347.000	508.000
348.000	709.000
349.000	768.000
350.000	860.000
351.000	861.000
352.000	836.000
353.000	709.000
354.000	619.000
355.000	442.000
356.000	299.000
357.000	207.000
358.000	114.000
359.000	63.000
360.000	45.000
361.000	35.000
362.000	21.000
363.000	25.000
364.000	20.000
365.000	22.000
366.000	22.000
367.000	15.000
368.000	24.000
369.000	23.000
370.000	29.000
371.000	22.000
372.000	21.000
373.000	16.000
374.000	19.000
375.000	25.000
376.000	23.000
377.000	43.000
378.000	55.000
379.000	40.000
380.000	54.000
381.000	61.000
382.000	89.000
383.000	127.000
384.000	140.000
385.000	162.000
386.000	155.000
387.000	148.000
388.000	152.000
389.000	132.000
390.000	114.000
391.000	102.000
392.000	58.000
393.000	58.000
394.000	32.000
395.000	29.000
396.000	32.000
397.000	20.000
398.000	29.000
399.000	20.000
400.000	28.000
401.000	23.000
402.000	34.000
403.000	26.000
404.000	25.000
405.000	19.000
406.000	19.000
407.000	31.000
408.000	21.000
409.000	24.000
410.000	25.000
411.000	32.000
412.000	36.000
413.000	23.000
414.000	34.000
415.000	33.000
416.000	29.000
417.000	31.000
418.000	33.000
419.000	30.000
420.000	26.000
421.000	29.000
422.000	30.000
423.000	32.000
424.000	28.000
425.000	30.000
426.000	32.000
427.000	40.000
428.000	39.000
429.000	37.000
430.000	35.000
431.000	26.000
432.000	37.000
433.000	36.000
434.000	36.000
435.000	41.000
436.000	43.000
437.000	43.000
438.000	41.000
439.000	43.000
440.000	51.000
441.000	37.000
442.000	42.000
443.000	40.000
444.000	45.000
445.000	49.000
446.000	37.000
447.000	36.000
448.000	50.000
449.000	51.000
450.000	58.000
451.000	54.000
452.000	49.000
453.000	47.000
454.000	50.000
455.000	42.000
456.000	59.000
457.000	56.000
458.000	43.000
459.000	46.000
460.000	59.000
461.000	62.000
462.000	47.000
463.000	52.000
464.000	53.000
465.000	52.000
466.000	63.000
467.000	50.000
468.000	62.000
469.000	52.000
470.000	64.000
471.000	49.000
472.000	56.000
473.000	57.000
474.000	65.000
475.000	56.000
476.000	47.000
477.000	56.000
478.000	68.000
479.000	50.000
480.000	59.000
481.000	52.000
482.000	54.000
483.000	62.000
484.000	55.000
485.000	64.000
486.000	56.000
487.000	62.000
488.000	56.000
489.000	59.000
490.000	52.000
491.000	59.000
492.000	61.000
493.000	43.000
494.000	74.000
495.000	66.000
496.000	71.000
497.000	68.000
498.000	71.000
499.000	55.000
500.000	70.000
501.000	82.000
502.000	89.000
503.000	68.000
504.000	70.000
505.000	76.000
506.000	81.000
507.000	71.000
508.000	78.000
509.000	68.000
510.000	82.000
511.000	69.000
512.000	85.000
513.000	104.000
514.000	87.000
515.000	79.000
516.000	75.000
517.000	91.000
518.000	91.000
519.000	81.000
520.000	80.000
521.000	91.000
522.000	87.000
523.000	95.000
524.000	93.000
525.000	88.000
526.000	106.000
527.000	81.000
528.000	109.000
529.000	100.000
530.000	91.000
531.000	105.000
532.000	92.000
533.000	97.000
534.000	103.000
535.000	83.000
536.000	81.000
537.000	96.000
538.000	91.000
539.000	100.000
540.000	107.000
541.000	79.000
542.000	99.000
543.000	99.000
544.000	108.000
545.000	98.000
546.000	113.000
547.000	92.000
548.000	102.000
549.000	101.000
550.000	87.000
551.000	87.000
552.000	111.000
553.000	102.000
554.000	100.000
555.000	124.000
556.000	97.000
557.000	105.000
558.000	118.000
559.000	107.000
560.000	109.000
561.000	105.000
562.000	127.000
563.000	119.000
564.000	130.000
565.000	130.000
566.000	136.000
567.000	122.000
568.000	127.000
569.000	105.000
570.000	116.000
571.000	114.000
572.000	130.000
573.000	107.000
574.000	117.000
575.000	113.000
576.000	119.000
577.000	130.000
578.000	128.000
579.000	113.000
580.000	122.000
581.000	109.000
582.000	134.000
583.000	131.000
584.000	139.000
585.000	123.000
586.000	147.000
587.000	152.000
588.000	138.000
589.000	120.000
590.000	110.000
591.000	122.000
592.000	133.000
593.000	135.000
594.000	120.000
595.000	125.000
596.000	168.000
597.000	144.000
598.000	134.000
599.000	139.000
600.000	136.000
601.000	154.000
602.000	143.000
603.000	124.000
604.000	131.000
605.000	162.000
606.000	117.000
607.000	134.000
608.000	139.000
609.000	166.000
610.000	160.000
611.000	179.000
612.000	149.000
613.000	139.000
614.000	169.000
615.000	168.000
616.000	185.000
617.000	151.000
618.000	167.000
619.000	128.000
620.000	173.000
621.000	209.000
622.000	181.000
623.000	159.000
624.000	180.000
625.000	170.000
626.000	169.000
627.000	158.000
628.000	150.000
629.000	146.000
630.000	167.000
631.000	159.000
632.000	169.000
633.000	175.000
634.000	180.000
635.000	191.000
636.000	183.000
637.000	163.000
638.000	153.000
639.000	162.000
640.000	156.000
641.000	164.000
642.000	185.000
643.000	171.000
644.000	212.000
645.000	199.000
646.000	164.000
647.000	213.000
648.000	184.000
649.000	168.000
650.000	194.000
651.000	206.000
652.000	188.000
653.000	205.000
654.000	185.000
655.000	202.000
656.000	177.000
657.000	221.000
658.000	199.000
659.000	182.000
660.000	198.000
661.000	192.000
662.000	185.000
663.000	191.000
664.000	208.000
665.000	217.000
666.000	193.000
667.000	186.000
668.000	199.000
669.000	182.000
670.000	182.000
671.000	198.000
672.000	199.000
673.000	212.000
674.000	204.000
675.000	210.000
676.000	218.000
677.000	197.000
678.000	173.000
679.000	242.000
680.000	223.000
681.000	182.000
682.000	223.000
683.000	192.000
684.000	192.000
685.000	192.000
686.000	221.000
687.000	208.000
688.000	230.000
689.000	210.000
690.000	247.000
691.000	239.000
692.000	254.000
693.000	225.000
694.000	210.000
695.000	244.000
696.000	228.000
697.000	219.000
698.000	217.000
699.000	218.000
700.000	219.000
701.000	227.000
702.000	203.000
703.000	202.000
704.000	230.000
705.000	218.000
706.000	222.000
707.000	212.000
708.000	220.000
709.000	255.000
710.000	235.000
711.000	241.000
712.000	237.000
713.000	232.000
714.000	228.000
715.000	225.000
716.000	238.000
717.000	262.000
718.000	257.000
719.000	238.000
720.000	248.000
721.000	243.000
722.000	248.000
723.000	252.000
724.000	250.000
725.000	246.000
726.000	252.000
727.000	235.000
728.000	232.000
729.000	248.000
730.000	259.000
731.000	268.000
732.000	262.000
733.000	256.000
734.000	275.000
735.000	284.000
736.000	278.000
737.000	268.000
738.000	314.000
739.000	250.000
740.000	251.000
741.000	251.000
742.000	243.000
743.000	229.000
744.000	225.000
745.000	251.000
746.000	253.000
747.000	265.000
748.000	266.000
749.000	234.000
750.000	279.000
751.000	260.000
752.000	260.000
753.000	281.000
754.000	247.000
755.000	265.000
756.000	284.000
757.000	248.000
758.000	260.000
759.000	268.000
760.000	272.000
761.000	246.000
762.000	288.000
763.000	256.000
764.000	292.000
765.000	289.000
766.000	272.000
767.000	270.000
768.000	280.000
769.000	299.000
770.000	303.000
771.000	308.000
772.000	305.000
773.000	312.000
774.000	331.000
775.000	299.000
776.000	275.000
777.000	287.000
778.000	262.000
779.000	280.000
780.000	292.000
781.000	308.000
782.000	282.000
783.000	283.000
784.000	299.000
785.000	258.000
786.000	276.000
787.000	300.000
788.000	295.000
789.000	296.000
790.000	283.000
791.000	274.000
792.000	287.000
793.000	278.000
794.000	277.000
795.000	272.000
796.000	266.000
797.000	288.000
798.000	277.000
799.000	321.000
800.000	266.000
801.000	271.000
802.000	272.000
803.000	271.000
804.000	276.000
805.000	296.000
806.000	275.000
807.000	266.000
808.000	276.000
809.000	274.000
810.000	314.000
811.000	305.000
812.000	313.000
813.000	303.000
814.000	268.000
815.000	298.000
816.000	297.000
817.000	284.000
818.000	287.000
819.000	315.000
820.000	303.000
821.000	292.000
822.000	303.000
823.000	295.000
824.000	317.000
825.000	269.000
826.000	296.000
827.000	332.000
828.000	329.000
829.000	299.000
830.000	329.000
831.000	305.000
832.000	305.000
833.000	322.000
834.000	294.000
835.000	305.000
836.000	277.000
837.000	329.000
838.000	311.000
839.000	337.000
840.000	303.000
841.000	335.000
842.000	354.000
843.000	317.000
844.000	320.000
845.000	322.000
846.000	338.000
847.000	351.000
848.000	336.000
849.000	356.000
850.000	373.000
851.000	317.000
852.000	353.000
853.000	341.000
854.000	352.000
855.000	348.000
856.000	369.000
857.000	364.000
858.000	380.000
859.000	404.000
860.000	378.000
861.000	396.000
862.000	415.000
863.000	360.000
864.000	432.000
865.000	420.000
866.000	395.000
867.000	442.000
868.000	437.000
869.000	444.000
870.000	461.000
871.000	468.000
872.000	486.000
873.000	487.000
874.000	528.000
875.000	550.000
876.000	563.000
877.000	548.000
878.000	592.000
879.000	638.000
880.000	693.000
881.000	675.000
882.000	711.000
883.000	810.000
884.000	866.000
885.000	859.000
886.000	990.000
887.000	1075.000
888.000	1094.000
889.000	1114.000
890.000	1166.000
891.000	1204.000
892.000	1302.000
893.000	1316.000
894.000	1354.000
895.000	1420.000
896.000	1488.000
897.000	1452.000
898.000	1580.000
899.000	1460.000
900.000	1582.000
901.000	1492.000
902.000	1517.000
903.000	1471.000
904.000	1544.000
905.000	1435.000
906.000	1404.000
907.000	1399.000
908.000	1349.000
909.000	1195.000
910.000	1136.000
911.000	1144.000
912.000	1061.000
913.000	1016.000
914.000	948.000
915.000	876.000
916.000	842.000
917.000	828.000
918.000	763.000
919.000	689.000
920.000	630.000
921.000	623.000
922.000	575.000
923.000	562.000
924.000	486.000
925.000	477.000
926.000	522.000
927.000	474.000
928.000	449.000
929.000	426.000
930.000	405.000
931.000	393.000
932.000	387.000
933.000	395.000
934.000	371.000
935.000	406.000
936.000	348.000
937.000	358.000
938.000	351.000
939.000	370.000
940.000	405.000
941.000	399.000
942.000	416.000
943.000	471.000
944.000	505.000
945.000	492.000
946.000	597.000
947.000	616.000
948.000	695.000
949.000	708.000
950.000	710.000
951.000	744.000
952.000	812.000
953.000	809.000
954.000	741.000
955.000	805.000
956.000	731.000
957.000	672.000
958.000	662.000
959.000	584.000
960.000	537.000
961.000	527.000
962.000	476.000
963.000	399.000
964.000	421.000
965.000	336.000
966.000	341.000
967.000	285.000
968.000	312.000
969.000	277.000
970.000	268.000
971.000	305.000
972.000	291.000
973.000	260.000
974.000	307.000
975.000	323.000
976.000	267.000
977.000	289.000
978.000	310.000
979.000	313.000
980.000	308.000
981.000	327.000
982.000	318.000
983.000	304.000
984.000	320.000
985.000	338.000
986.000	301.000
987.000	308.000
988.000	329.000
989.000	325.000
990.000	349.000
991.000	378.000
992.000	370.000
993.000	410.000
994.000	413.000
995.000	428.000
996.000	412.000
997.000	399.000
998.000	438.000
999.000	448.000
1000.000	475.000
1001.000	450.000
1002.000	442.000
1003.000	459.000
1004.000	459.000
1005.000	475.000
1006.000	457.000
1007.000	460.000
1008.000	432.000
1009.000	421.000
1010.000	379.000
1011.000	422.000
1012.000	432.000
1013.000	339.000
1014.000	362.000
1015.000	375.000
1016.000	332.000
1017.000	346.000
1018.000	367.000
1019.000	319.000
1020.000	363.000
1021.000	276.000
1022.000	283.000
1023.000	268.000
1024.000	258.000
