Date:	8/19/2008		Time:	8:45 AM		Version no:	0.00		Project name:	55		Sample name:	222		Section name:	section		Position	108.039995	mm	E0	0.000000	keV	E1	1.000000	keV/channel	sample surface	7.637196	cm	Tube anode:	Mo		Tube voltage:	30	kV	Tube current:	50	mA	gain	20		std. database			resultfile	result		matrix element	11		sample thickness	1.000000		air passage	0.560000	cm	comments	in position		peaking_time	3.000000	m-sec	trigger_threshold	1229.166667	V	mca_bin_width	22.090000	no:	number_mca_channels	1024.000000	no:	gap_time	0.400000	m-sec	trigger_peaking_time	0.150000	m-sec	GAINDAC	9455		HIGHGAIN	1		TAURC	0		RCTAU	53		RCTAUFRAC	32768		livetime	9.642940	seconds	runtime	10.000505	seconds	input_count_rate	33.126619	cps	output_count_rate	24.322972	cps	triggers	319438	seconds	events_in_run	243242	seconds	channel	content		1.000	0.000
2.000	0.000
3.000	0.000
4.000	0.000
5.000	0.000
6.000	0.000
7.000	0.000
8.000	0.000
9.000	0.000
10.000	0.000
11.000	0.000
12.000	0.000
13.000	0.000
14.000	0.000
15.000	0.000
16.000	0.000
17.000	0.000
18.000	0.000
19.000	0.000
20.000	0.000
21.000	0.000
22.000	0.000
23.000	0.000
24.000	0.000
25.000	0.000
26.000	0.000
27.000	0.000
28.000	0.000
29.000	0.000
30.000	0.000
31.000	1.000
32.000	1.000
33.000	2.000
34.000	1.000
35.000	2.000
36.000	4.000
37.000	3.000
38.000	2.000
39.000	4.000
40.000	1.000
41.000	7.000
42.000	1.000
43.000	4.000
44.000	6.000
45.000	5.000
46.000	2.000
47.000	5.000
48.000	3.000
49.000	10.000
50.000	4.000
51.000	18.000
52.000	8.000
53.000	10.000
54.000	15.000
55.000	7.000
56.000	6.000
57.000	14.000
58.000	14.000
59.000	8.000
60.000	11.000
61.000	12.000
62.000	18.000
63.000	15.000
64.000	8.000
65.000	15.000
66.000	13.000
67.000	10.000
68.000	11.000
69.000	16.000
70.000	7.000
71.000	9.000
72.000	13.000
73.000	5.000
74.000	15.000
75.000	2.000
76.000	9.000
77.000	12.000
78.000	8.000
79.000	9.000
80.000	13.000
81.000	12.000
82.000	7.000
83.000	5.000
84.000	7.000
85.000	12.000
86.000	3.000
87.000	12.000
88.000	9.000
89.000	6.000
90.000	8.000
91.000	9.000
92.000	11.000
93.000	7.000
94.000	9.000
95.000	11.000
96.000	8.000
97.000	8.000
98.000	4.000
99.000	6.000
100.000	4.000
101.000	6.000
102.000	6.000
103.000	8.000
104.000	11.000
105.000	5.000
106.000	11.000
107.000	12.000
108.000	6.000
109.000	6.000
110.000	8.000
111.000	10.000
112.000	7.000
113.000	3.000
114.000	8.000
115.000	8.000
116.000	6.000
117.000	4.000
118.000	6.000
119.000	8.000
120.000	4.000
121.000	8.000
122.000	8.000
123.000	6.000
124.000	8.000
125.000	3.000
126.000	10.000
127.000	7.000
128.000	9.000
129.000	10.000
130.000	6.000
131.000	5.000
132.000	8.000
133.000	9.000
134.000	10.000
135.000	5.000
136.000	15.000
137.000	5.000
138.000	3.000
139.000	6.000
140.000	5.000
141.000	8.000
142.000	2.000
143.000	4.000
144.000	3.000
145.000	6.000
146.000	5.000
147.000	11.000
148.000	2.000
149.000	1.000
150.000	5.000
151.000	4.000
152.000	5.000
153.000	6.000
154.000	6.000
155.000	5.000
156.000	3.000
157.000	4.000
158.000	3.000
159.000	10.000
160.000	2.000
161.000	10.000
162.000	14.000
163.000	9.000
164.000	9.000
165.000	12.000
166.000	9.000
167.000	7.000
168.000	6.000
169.000	5.000
170.000	2.000
171.000	3.000
172.000	5.000
173.000	10.000
174.000	4.000
175.000	6.000
176.000	7.000
177.000	7.000
178.000	7.000
179.000	7.000
180.000	12.000
181.000	6.000
182.000	7.000
183.000	9.000
184.000	5.000
185.000	10.000
186.000	8.000
187.000	2.000
188.000	5.000
189.000	2.000
190.000	2.000
191.000	3.000
192.000	7.000
193.000	1.000
194.000	6.000
195.000	5.000
196.000	6.000
197.000	12.000
198.000	19.000
199.000	22.000
200.000	31.000
201.000	38.000
202.000	25.000
203.000	36.000
204.000	29.000
205.000	33.000
206.000	25.000
207.000	15.000
208.000	7.000
209.000	1.000
210.000	8.000
211.000	3.000
212.000	4.000
213.000	10.000
214.000	0.000
215.000	5.000
216.000	4.000
217.000	9.000
218.000	9.000
219.000	12.000
220.000	4.000
221.000	3.000
222.000	5.000
223.000	4.000
224.000	7.000
225.000	4.000
226.000	3.000
227.000	5.000
228.000	4.000
229.000	3.000
230.000	4.000
231.000	3.000
232.000	3.000
233.000	3.000
234.000	4.000
235.000	3.000
236.000	3.000
237.000	9.000
238.000	2.000
239.000	2.000
240.000	8.000
241.000	4.000
242.000	5.000
243.000	9.000
244.000	11.000
245.000	18.000
246.000	21.000
247.000	8.000
248.000	15.000
249.000	14.000
250.000	17.000
251.000	10.000
252.000	9.000
253.000	13.000
254.000	6.000
255.000	2.000
256.000	8.000
257.000	8.000
258.000	6.000
259.000	6.000
260.000	4.000
261.000	4.000
262.000	4.000
263.000	8.000
264.000	5.000
265.000	10.000
266.000	11.000
267.000	4.000
268.000	6.000
269.000	6.000
270.000	4.000
271.000	9.000
272.000	8.000
273.000	13.000
274.000	2.000
275.000	2.000
276.000	9.000
277.000	6.000
278.000	7.000
279.000	7.000
280.000	10.000
281.000	8.000
282.000	5.000
283.000	7.000
284.000	10.000
285.000	7.000
286.000	8.000
287.000	9.000
288.000	9.000
289.000	10.000
290.000	8.000
291.000	11.000
292.000	6.000
293.000	16.000
294.000	5.000
295.000	7.000
296.000	9.000
297.000	9.000
298.000	6.000
299.000	3.000
300.000	8.000
301.000	8.000
302.000	11.000
303.000	16.000
304.000	12.000
305.000	8.000
306.000	4.000
307.000	8.000
308.000	10.000
309.000	5.000
310.000	8.000
311.000	10.000
312.000	12.000
313.000	9.000
314.000	3.000
315.000	13.000
316.000	15.000
317.000	22.000
318.000	23.000
319.000	33.000
320.000	36.000
321.000	48.000
322.000	71.000
323.000	68.000
324.000	69.000
325.000	57.000
326.000	39.000
327.000	48.000
328.000	30.000
329.000	20.000
330.000	20.000
331.000	16.000
332.000	25.000
333.000	10.000
334.000	16.000
335.000	15.000
336.000	9.000
337.000	15.000
338.000	20.000
339.000	25.000
340.000	34.000
341.000	31.000
342.000	73.000
343.000	98.000
344.000	196.000
345.000	299.000
346.000	479.000
347.000	668.000
348.000	892.000
349.000	1073.000
350.000	1034.000
351.000	1123.000
352.000	1003.000
353.000	868.000
354.000	658.000
355.000	504.000
356.000	383.000
357.000	219.000
358.000	147.000
359.000	85.000
360.000	50.000
361.000	43.000
362.000	24.000
363.000	18.000
364.000	14.000
365.000	18.000
366.000	21.000
367.000	21.000
368.000	18.000
369.000	21.000
370.000	21.000
371.000	23.000
372.000	27.000
373.000	26.000
374.000	20.000
375.000	25.000
376.000	25.000
377.000	23.000
378.000	35.000
379.000	49.000
380.000	60.000
381.000	99.000
382.000	114.000
383.000	133.000
384.000	155.000
385.000	182.000
386.000	209.000
387.000	217.000
388.000	174.000
389.000	165.000
390.000	149.000
391.000	104.000
392.000	92.000
393.000	61.000
394.000	49.000
395.000	30.000
396.000	30.000
397.000	29.000
398.000	16.000
399.000	26.000
400.000	24.000
401.000	28.000
402.000	19.000
403.000	20.000
404.000	19.000
405.000	23.000
406.000	33.000
407.000	36.000
408.000	29.000
409.000	33.000
410.000	30.000
411.000	38.000
412.000	25.000
413.000	30.000
414.000	22.000
415.000	33.000
416.000	37.000
417.000	44.000
418.000	30.000
419.000	24.000
420.000	30.000
421.000	35.000
422.000	32.000
423.000	38.000
424.000	19.000
425.000	35.000
426.000	30.000
427.000	34.000
428.000	39.000
429.000	29.000
430.000	39.000
431.000	31.000
432.000	32.000
433.000	37.000
434.000	42.000
435.000	33.000
436.000	32.000
437.000	40.000
438.000	41.000
439.000	42.000
440.000	50.000
441.000	50.000
442.000	49.000
443.000	40.000
444.000	58.000
445.000	56.000
446.000	46.000
447.000	57.000
448.000	53.000
449.000	44.000
450.000	57.000
451.000	52.000
452.000	45.000
453.000	53.000
454.000	54.000
455.000	46.000
456.000	56.000
457.000	45.000
458.000	45.000
459.000	53.000
460.000	56.000
461.000	59.000
462.000	63.000
463.000	61.000
464.000	51.000
465.000	57.000
466.000	49.000
467.000	53.000
468.000	65.000
469.000	55.000
470.000	63.000
471.000	68.000
472.000	60.000
473.000	53.000
474.000	77.000
475.000	68.000
476.000	77.000
477.000	66.000
478.000	58.000
479.000	72.000
480.000	60.000
481.000	69.000
482.000	67.000
483.000	61.000
484.000	50.000
485.000	74.000
486.000	61.000
487.000	71.000
488.000	54.000
489.000	66.000
490.000	77.000
491.000	62.000
492.000	89.000
493.000	74.000
494.000	76.000
495.000	86.000
496.000	70.000
497.000	60.000
498.000	77.000
499.000	65.000
500.000	77.000
501.000	61.000
502.000	86.000
503.000	74.000
504.000	78.000
505.000	88.000
506.000	79.000
507.000	82.000
508.000	85.000
509.000	90.000
510.000	81.000
511.000	86.000
512.000	73.000
513.000	99.000
514.000	94.000
515.000	86.000
516.000	99.000
517.000	93.000
518.000	89.000
519.000	85.000
520.000	94.000
521.000	83.000
522.000	82.000
523.000	82.000
524.000	106.000
525.000	89.000
526.000	97.000
527.000	103.000
528.000	100.000
529.000	101.000
530.000	111.000
531.000	112.000
532.000	127.000
533.000	106.000
534.000	102.000
535.000	90.000
536.000	104.000
537.000	103.000
538.000	95.000
539.000	108.000
540.000	84.000
541.000	107.000
542.000	93.000
543.000	96.000
544.000	110.000
545.000	119.000
546.000	111.000
547.000	107.000
548.000	119.000
549.000	127.000
550.000	106.000
551.000	130.000
552.000	116.000
553.000	104.000
554.000	147.000
555.000	126.000
556.000	133.000
557.000	133.000
558.000	110.000
559.000	131.000
560.000	128.000
561.000	122.000
562.000	140.000
563.000	119.000
564.000	130.000
565.000	148.000
566.000	126.000
567.000	120.000
568.000	127.000
569.000	137.000
570.000	111.000
571.000	136.000
572.000	130.000
573.000	132.000
574.000	123.000
575.000	137.000
576.000	125.000
577.000	152.000
578.000	144.000
579.000	120.000
580.000	139.000
581.000	140.000
582.000	148.000
583.000	154.000
584.000	159.000
585.000	146.000
586.000	123.000
587.000	153.000
588.000	154.000
589.000	144.000
590.000	146.000
591.000	149.000
592.000	137.000
593.000	143.000
594.000	152.000
595.000	151.000
596.000	150.000
597.000	156.000
598.000	151.000
599.000	174.000
600.000	146.000
601.000	148.000
602.000	168.000
603.000	161.000
604.000	168.000
605.000	177.000
606.000	151.000
607.000	162.000
608.000	160.000
609.000	151.000
610.000	191.000
611.000	174.000
612.000	157.000
613.000	190.000
614.000	172.000
615.000	187.000
616.000	174.000
617.000	169.000
618.000	180.000
619.000	161.000
620.000	183.000
621.000	165.000
622.000	175.000
623.000	163.000
624.000	192.000
625.000	192.000
626.000	180.000
627.000	195.000
628.000	201.000
629.000	168.000
630.000	184.000
631.000	168.000
632.000	178.000
633.000	194.000
634.000	203.000
635.000	186.000
636.000	190.000
637.000	206.000
638.000	205.000
639.000	192.000
640.000	208.000
641.000	192.000
642.000	203.000
643.000	205.000
644.000	204.000
645.000	213.000
646.000	233.000
647.000	180.000
648.000	204.000
649.000	208.000
650.000	197.000
651.000	204.000
652.000	209.000
653.000	193.000
654.000	208.000
655.000	228.000
656.000	209.000
657.000	187.000
658.000	208.000
659.000	203.000
660.000	197.000
661.000	187.000
662.000	196.000
663.000	214.000
664.000	208.000
665.000	215.000
666.000	208.000
667.000	214.000
668.000	258.000
669.000	187.000
670.000	204.000
671.000	215.000
672.000	207.000
673.000	226.000
674.000	209.000
675.000	226.000
676.000	233.000
677.000	232.000
678.000	222.000
679.000	217.000
680.000	225.000
681.000	209.000
682.000	264.000
683.000	219.000
684.000	252.000
685.000	215.000
686.000	257.000
687.000	224.000
688.000	229.000
689.000	249.000
690.000	244.000
691.000	246.000
692.000	247.000
693.000	236.000
694.000	233.000
695.000	234.000
696.000	226.000
697.000	238.000
698.000	228.000
699.000	223.000
700.000	230.000
701.000	242.000
702.000	252.000
703.000	246.000
704.000	244.000
705.000	256.000
706.000	269.000
707.000	271.000
708.000	236.000
709.000	251.000
710.000	237.000
711.000	235.000
712.000	282.000
713.000	278.000
714.000	248.000
715.000	284.000
716.000	230.000
717.000	252.000
718.000	265.000
719.000	269.000
720.000	254.000
721.000	254.000
722.000	241.000
723.000	260.000
724.000	264.000
725.000	294.000
726.000	291.000
727.000	248.000
728.000	254.000
729.000	294.000
730.000	270.000
731.000	288.000
732.000	256.000
733.000	274.000
734.000	278.000
735.000	282.000
736.000	283.000
737.000	273.000
738.000	270.000
739.000	260.000
740.000	295.000
741.000	282.000
742.000	314.000
743.000	254.000
744.000	301.000
745.000	268.000
746.000	271.000
747.000	294.000
748.000	270.000
749.000	280.000
750.000	272.000
751.000	266.000
752.000	273.000
753.000	294.000
754.000	256.000
755.000	271.000
756.000	279.000
757.000	273.000
758.000	262.000
759.000	313.000
760.000	264.000
761.000	290.000
762.000	271.000
763.000	280.000
764.000	304.000
765.000	295.000
766.000	311.000
767.000	297.000
768.000	281.000
769.000	304.000
770.000	334.000
771.000	318.000
772.000	306.000
773.000	329.000
774.000	326.000
775.000	304.000
776.000	306.000
777.000	347.000
778.000	291.000
779.000	311.000
780.000	287.000
781.000	319.000
782.000	294.000
783.000	281.000
784.000	283.000
785.000	300.000
786.000	275.000
787.000	293.000
788.000	326.000
789.000	293.000
790.000	302.000
791.000	332.000
792.000	283.000
793.000	305.000
794.000	301.000
795.000	293.000
796.000	293.000
797.000	309.000
798.000	318.000
799.000	326.000
800.000	294.000
801.000	319.000
802.000	318.000
803.000	316.000
804.000	302.000
805.000	330.000
806.000	305.000
807.000	313.000
808.000	310.000
809.000	289.000
810.000	328.000
811.000	306.000
812.000	359.000
813.000	310.000
814.000	317.000
815.000	322.000
816.000	306.000
817.000	285.000
818.000	336.000
819.000	323.000
820.000	294.000
821.000	280.000
822.000	339.000
823.000	306.000
824.000	336.000
825.000	289.000
826.000	296.000
827.000	293.000
828.000	338.000
829.000	341.000
830.000	340.000
831.000	337.000
832.000	348.000
833.000	323.000
834.000	284.000
835.000	323.000
836.000	368.000
837.000	348.000
838.000	358.000
839.000	360.000
840.000	335.000
841.000	339.000
842.000	356.000
843.000	343.000
844.000	332.000
845.000	328.000
846.000	358.000
847.000	328.000
848.000	372.000
849.000	374.000
850.000	398.000
851.000	404.000
852.000	362.000
853.000	361.000
854.000	365.000
855.000	359.000
856.000	381.000
857.000	381.000
858.000	401.000
859.000	385.000
860.000	398.000
861.000	370.000
862.000	422.000
863.000	402.000
864.000	413.000
865.000	425.000
866.000	453.000
867.000	465.000
868.000	484.000
869.000	456.000
870.000	477.000
871.000	466.000
872.000	499.000
873.000	483.000
874.000	542.000
875.000	570.000
876.000	538.000
877.000	590.000
878.000	644.000
879.000	697.000
880.000	695.000
881.000	741.000
882.000	785.000
883.000	772.000
884.000	823.000
885.000	980.000
886.000	998.000
887.000	1069.000
888.000	1131.000
889.000	1159.000
890.000	1210.000
891.000	1296.000
892.000	1338.000
893.000	1460.000
894.000	1424.000
895.000	1445.000
896.000	1534.000
897.000	1591.000
898.000	1588.000
899.000	1558.000
900.000	1682.000
901.000	1598.000
902.000	1676.000
903.000	1592.000
904.000	1612.000
905.000	1498.000
906.000	1471.000
907.000	1387.000
908.000	1430.000
909.000	1341.000
910.000	1231.000
911.000	1242.000
912.000	1158.000
913.000	1036.000
914.000	1024.000
915.000	957.000
916.000	892.000
917.000	830.000
918.000	802.000
919.000	707.000
920.000	709.000
921.000	695.000
922.000	603.000
923.000	614.000
924.000	556.000
925.000	544.000
926.000	554.000
927.000	504.000
928.000	439.000
929.000	433.000
930.000	437.000
931.000	437.000
932.000	413.000
933.000	416.000
934.000	371.000
935.000	390.000
936.000	350.000
937.000	377.000
938.000	399.000
939.000	426.000
940.000	411.000
941.000	471.000
942.000	432.000
943.000	487.000
944.000	532.000
945.000	563.000
946.000	569.000
947.000	648.000
948.000	685.000
949.000	745.000
950.000	782.000
951.000	797.000
952.000	866.000
953.000	843.000
954.000	916.000
955.000	804.000
956.000	808.000
957.000	782.000
958.000	699.000
959.000	627.000
960.000	618.000
961.000	532.000
962.000	515.000
963.000	415.000
964.000	390.000
965.000	373.000
966.000	334.000
967.000	325.000
968.000	339.000
969.000	291.000
970.000	292.000
971.000	320.000
972.000	312.000
973.000	279.000
974.000	292.000
975.000	286.000
976.000	310.000
977.000	325.000
978.000	338.000
979.000	294.000
980.000	335.000
981.000	328.000
982.000	331.000
983.000	359.000
984.000	342.000
985.000	343.000
986.000	328.000
987.000	339.000
988.000	370.000
989.000	372.000
990.000	377.000
991.000	370.000
992.000	374.000
993.000	432.000
994.000	390.000
995.000	407.000
996.000	428.000
997.000	467.000
998.000	469.000
999.000	446.000
1000.000	493.000
1001.000	451.000
1002.000	493.000
1003.000	479.000
1004.000	445.000
1005.000	504.000
1006.000	434.000
1007.000	491.000
1008.000	445.000
1009.000	438.000
1010.000	458.000
1011.000	447.000
1012.000	398.000
1013.000	427.000
1014.000	409.000
1015.000	386.000
1016.000	397.000
1017.000	345.000
1018.000	381.000
1019.000	385.000
1020.000	348.000
1021.000	305.000
1022.000	291.000
1023.000	295.000
1024.000	324.000
