Date:	8/19/2008		Time:	9:42 AM		Version no:	0.00		Project name:	55		Sample name:	222		Section name:	section		Position	710.039995	mm	E0	0.000000	keV	E1	1.000000	keV/channel	sample surface	7.607043	cm	Tube anode:	Mo		Tube voltage:	30	kV	Tube current:	50	mA	gain	20		std. database			resultfile	result		matrix element	11		sample thickness	1.000000		air passage	0.560000	cm	comments	not in position		peaking_time	3.000000	m-sec	trigger_threshold	1229.166667	V	mca_bin_width	22.090000	no:	number_mca_channels	1024.000000	no:	gap_time	0.400000	m-sec	trigger_peaking_time	0.150000	m-sec	GAINDAC	9455		HIGHGAIN	1		TAURC	0		RCTAU	53		RCTAUFRAC	32768		livetime	9.775760	seconds	runtime	10.000503	seconds	input_count_rate	22.117360	cps	output_count_rate	17.747707	cps	triggers	216214	seconds	events_in_run	177486	seconds	channel	content		1.000	0.000
2.000	0.000
3.000	0.000
4.000	0.000
5.000	0.000
6.000	0.000
7.000	0.000
8.000	0.000
9.000	0.000
10.000	0.000
11.000	0.000
12.000	0.000
13.000	0.000
14.000	0.000
15.000	0.000
16.000	0.000
17.000	0.000
18.000	0.000
19.000	0.000
20.000	0.000
21.000	0.000
22.000	0.000
23.000	0.000
24.000	0.000
25.000	0.000
26.000	0.000
27.000	0.000
28.000	0.000
29.000	0.000
30.000	0.000
31.000	1.000
32.000	0.000
33.000	2.000
34.000	0.000
35.000	1.000
36.000	1.000
37.000	3.000
38.000	3.000
39.000	3.000
40.000	1.000
41.000	5.000
42.000	4.000
43.000	3.000
44.000	6.000
45.000	5.000
46.000	8.000
47.000	5.000
48.000	5.000
49.000	8.000
50.000	2.000
51.000	8.000
52.000	9.000
53.000	5.000
54.000	4.000
55.000	10.000
56.000	11.000
57.000	7.000
58.000	9.000
59.000	10.000
60.000	9.000
61.000	5.000
62.000	9.000
63.000	7.000
64.000	14.000
65.000	9.000
66.000	12.000
67.000	10.000
68.000	4.000
69.000	9.000
70.000	11.000
71.000	10.000
72.000	10.000
73.000	10.000
74.000	5.000
75.000	7.000
76.000	8.000
77.000	9.000
78.000	10.000
79.000	7.000
80.000	10.000
81.000	10.000
82.000	7.000
83.000	7.000
84.000	13.000
85.000	8.000
86.000	8.000
87.000	4.000
88.000	12.000
89.000	6.000
90.000	10.000
91.000	4.000
92.000	9.000
93.000	5.000
94.000	6.000
95.000	6.000
96.000	7.000
97.000	7.000
98.000	5.000
99.000	5.000
100.000	4.000
101.000	6.000
102.000	4.000
103.000	10.000
104.000	3.000
105.000	8.000
106.000	7.000
107.000	11.000
108.000	5.000
109.000	8.000
110.000	4.000
111.000	7.000
112.000	7.000
113.000	8.000
114.000	6.000
115.000	9.000
116.000	4.000
117.000	4.000
118.000	4.000
119.000	1.000
120.000	3.000
121.000	6.000
122.000	2.000
123.000	6.000
124.000	4.000
125.000	7.000
126.000	4.000
127.000	9.000
128.000	6.000
129.000	8.000
130.000	5.000
131.000	3.000
132.000	7.000
133.000	6.000
134.000	7.000
135.000	4.000
136.000	8.000
137.000	3.000
138.000	4.000
139.000	4.000
140.000	8.000
141.000	5.000
142.000	2.000
143.000	1.000
144.000	4.000
145.000	10.000
146.000	5.000
147.000	3.000
148.000	4.000
149.000	5.000
150.000	4.000
151.000	3.000
152.000	5.000
153.000	3.000
154.000	4.000
155.000	3.000
156.000	7.000
157.000	3.000
158.000	6.000
159.000	6.000
160.000	11.000
161.000	9.000
162.000	18.000
163.000	12.000
164.000	8.000
165.000	11.000
166.000	5.000
167.000	9.000
168.000	2.000
169.000	7.000
170.000	5.000
171.000	6.000
172.000	7.000
173.000	2.000
174.000	4.000
175.000	2.000
176.000	7.000
177.000	2.000
178.000	3.000
179.000	7.000
180.000	1.000
181.000	5.000
182.000	2.000
183.000	8.000
184.000	3.000
185.000	4.000
186.000	1.000
187.000	3.000
188.000	3.000
189.000	2.000
190.000	2.000
191.000	4.000
192.000	3.000
193.000	3.000
194.000	1.000
195.000	6.000
196.000	4.000
197.000	5.000
198.000	4.000
199.000	6.000
200.000	8.000
201.000	9.000
202.000	13.000
203.000	14.000
204.000	8.000
205.000	6.000
206.000	1.000
207.000	6.000
208.000	2.000
209.000	4.000
210.000	2.000
211.000	1.000
212.000	0.000
213.000	1.000
214.000	2.000
215.000	8.000
216.000	1.000
217.000	3.000
218.000	1.000
219.000	4.000
220.000	5.000
221.000	5.000
222.000	2.000
223.000	3.000
224.000	1.000
225.000	3.000
226.000	3.000
227.000	2.000
228.000	3.000
229.000	2.000
230.000	4.000
231.000	1.000
232.000	2.000
233.000	0.000
234.000	3.000
235.000	3.000
236.000	2.000
237.000	3.000
238.000	2.000
239.000	1.000
240.000	4.000
241.000	3.000
242.000	4.000
243.000	4.000
244.000	2.000
245.000	6.000
246.000	5.000
247.000	1.000
248.000	4.000
249.000	6.000
250.000	7.000
251.000	5.000
252.000	6.000
253.000	4.000
254.000	6.000
255.000	3.000
256.000	5.000
257.000	5.000
258.000	2.000
259.000	2.000
260.000	5.000
261.000	4.000
262.000	2.000
263.000	5.000
264.000	6.000
265.000	2.000
266.000	3.000
267.000	3.000
268.000	6.000
269.000	3.000
270.000	2.000
271.000	4.000
272.000	3.000
273.000	3.000
274.000	3.000
275.000	2.000
276.000	6.000
277.000	3.000
278.000	4.000
279.000	0.000
280.000	5.000
281.000	0.000
282.000	3.000
283.000	7.000
284.000	3.000
285.000	4.000
286.000	2.000
287.000	5.000
288.000	3.000
289.000	7.000
290.000	5.000
291.000	7.000
292.000	5.000
293.000	7.000
294.000	3.000
295.000	2.000
296.000	1.000
297.000	4.000
298.000	4.000
299.000	8.000
300.000	5.000
301.000	4.000
302.000	3.000
303.000	7.000
304.000	3.000
305.000	5.000
306.000	0.000
307.000	4.000
308.000	4.000
309.000	2.000
310.000	5.000
311.000	4.000
312.000	3.000
313.000	10.000
314.000	2.000
315.000	5.000
316.000	6.000
317.000	9.000
318.000	7.000
319.000	12.000
320.000	10.000
321.000	18.000
322.000	20.000
323.000	16.000
324.000	16.000
325.000	24.000
326.000	12.000
327.000	12.000
328.000	16.000
329.000	10.000
330.000	7.000
331.000	7.000
332.000	3.000
333.000	9.000
334.000	2.000
335.000	8.000
336.000	3.000
337.000	6.000
338.000	9.000
339.000	9.000
340.000	8.000
341.000	15.000
342.000	12.000
343.000	42.000
344.000	56.000
345.000	54.000
346.000	106.000
347.000	155.000
348.000	200.000
349.000	219.000
350.000	246.000
351.000	234.000
352.000	208.000
353.000	221.000
354.000	139.000
355.000	104.000
356.000	72.000
357.000	46.000
358.000	28.000
359.000	25.000
360.000	9.000
361.000	15.000
362.000	7.000
363.000	12.000
364.000	5.000
365.000	7.000
366.000	7.000
367.000	11.000
368.000	5.000
369.000	11.000
370.000	10.000
371.000	13.000
372.000	6.000
373.000	8.000
374.000	7.000
375.000	12.000
376.000	6.000
377.000	4.000
378.000	15.000
379.000	11.000
380.000	19.000
381.000	31.000
382.000	28.000
383.000	42.000
384.000	54.000
385.000	45.000
386.000	46.000
387.000	61.000
388.000	47.000
389.000	35.000
390.000	23.000
391.000	30.000
392.000	16.000
393.000	12.000
394.000	7.000
395.000	17.000
396.000	14.000
397.000	8.000
398.000	13.000
399.000	11.000
400.000	10.000
401.000	10.000
402.000	8.000
403.000	12.000
404.000	11.000
405.000	14.000
406.000	7.000
407.000	11.000
408.000	8.000
409.000	9.000
410.000	11.000
411.000	12.000
412.000	16.000
413.000	12.000
414.000	8.000
415.000	7.000
416.000	6.000
417.000	11.000
418.000	14.000
419.000	11.000
420.000	12.000
421.000	20.000
422.000	16.000
423.000	19.000
424.000	15.000
425.000	16.000
426.000	16.000
427.000	8.000
428.000	16.000
429.000	17.000
430.000	18.000
431.000	14.000
432.000	17.000
433.000	15.000
434.000	16.000
435.000	20.000
436.000	20.000
437.000	10.000
438.000	18.000
439.000	22.000
440.000	12.000
441.000	14.000
442.000	22.000
443.000	20.000
444.000	21.000
445.000	19.000
446.000	17.000
447.000	14.000
448.000	20.000
449.000	21.000
450.000	19.000
451.000	23.000
452.000	16.000
453.000	19.000
454.000	35.000
455.000	15.000
456.000	19.000
457.000	23.000
458.000	24.000
459.000	24.000
460.000	28.000
461.000	16.000
462.000	17.000
463.000	25.000
464.000	29.000
465.000	12.000
466.000	19.000
467.000	24.000
468.000	20.000
469.000	20.000
470.000	25.000
471.000	31.000
472.000	30.000
473.000	30.000
474.000	21.000
475.000	24.000
476.000	42.000
477.000	27.000
478.000	28.000
479.000	34.000
480.000	26.000
481.000	20.000
482.000	32.000
483.000	34.000
484.000	25.000
485.000	27.000
486.000	23.000
487.000	33.000
488.000	34.000
489.000	41.000
490.000	22.000
491.000	44.000
492.000	33.000
493.000	36.000
494.000	43.000
495.000	43.000
496.000	33.000
497.000	29.000
498.000	39.000
499.000	35.000
500.000	36.000
501.000	40.000
502.000	28.000
503.000	42.000
504.000	39.000
505.000	38.000
506.000	43.000
507.000	30.000
508.000	39.000
509.000	43.000
510.000	32.000
511.000	37.000
512.000	40.000
513.000	28.000
514.000	54.000
515.000	42.000
516.000	39.000
517.000	49.000
518.000	32.000
519.000	41.000
520.000	55.000
521.000	51.000
522.000	38.000
523.000	51.000
524.000	49.000
525.000	47.000
526.000	54.000
527.000	36.000
528.000	47.000
529.000	49.000
530.000	50.000
531.000	58.000
532.000	59.000
533.000	57.000
534.000	53.000
535.000	59.000
536.000	41.000
537.000	48.000
538.000	52.000
539.000	48.000
540.000	42.000
541.000	50.000
542.000	42.000
543.000	49.000
544.000	44.000
545.000	62.000
546.000	59.000
547.000	72.000
548.000	61.000
549.000	61.000
550.000	48.000
551.000	69.000
552.000	64.000
553.000	59.000
554.000	60.000
555.000	70.000
556.000	61.000
557.000	59.000
558.000	66.000
559.000	57.000
560.000	65.000
561.000	61.000
562.000	78.000
563.000	73.000
564.000	61.000
565.000	62.000
566.000	81.000
567.000	57.000
568.000	56.000
569.000	64.000
570.000	65.000
571.000	67.000
572.000	87.000
573.000	80.000
574.000	94.000
575.000	69.000
576.000	74.000
577.000	82.000
578.000	72.000
579.000	68.000
580.000	84.000
581.000	82.000
582.000	68.000
583.000	81.000
584.000	80.000
585.000	85.000
586.000	92.000
587.000	76.000
588.000	90.000
589.000	95.000
590.000	72.000
591.000	93.000
592.000	93.000
593.000	97.000
594.000	98.000
595.000	95.000
596.000	77.000
597.000	86.000
598.000	130.000
599.000	94.000
600.000	103.000
601.000	97.000
602.000	81.000
603.000	91.000
604.000	98.000
605.000	97.000
606.000	80.000
607.000	94.000
608.000	110.000
609.000	96.000
610.000	96.000
611.000	92.000
612.000	89.000
613.000	85.000
614.000	107.000
615.000	102.000
616.000	105.000
617.000	122.000
618.000	122.000
619.000	96.000
620.000	103.000
621.000	111.000
622.000	124.000
623.000	129.000
624.000	118.000
625.000	123.000
626.000	124.000
627.000	113.000
628.000	108.000
629.000	125.000
630.000	137.000
631.000	125.000
632.000	114.000
633.000	143.000
634.000	146.000
635.000	142.000
636.000	143.000
637.000	115.000
638.000	108.000
639.000	142.000
640.000	123.000
641.000	120.000
642.000	135.000
643.000	137.000
644.000	141.000
645.000	143.000
646.000	164.000
647.000	144.000
648.000	159.000
649.000	161.000
650.000	145.000
651.000	151.000
652.000	146.000
653.000	145.000
654.000	156.000
655.000	162.000
656.000	130.000
657.000	143.000
658.000	138.000
659.000	135.000
660.000	154.000
661.000	158.000
662.000	145.000
663.000	149.000
664.000	154.000
665.000	164.000
666.000	165.000
667.000	158.000
668.000	159.000
669.000	168.000
670.000	170.000
671.000	142.000
672.000	158.000
673.000	166.000
674.000	142.000
675.000	171.000
676.000	146.000
677.000	192.000
678.000	160.000
679.000	171.000
680.000	170.000
681.000	169.000
682.000	161.000
683.000	173.000
684.000	179.000
685.000	179.000
686.000	182.000
687.000	158.000
688.000	179.000
689.000	158.000
690.000	163.000
691.000	197.000
692.000	202.000
693.000	185.000
694.000	207.000
695.000	172.000
696.000	185.000
697.000	186.000
698.000	197.000
699.000	179.000
700.000	166.000
701.000	187.000
702.000	178.000
703.000	195.000
704.000	206.000
705.000	199.000
706.000	174.000
707.000	195.000
708.000	200.000
709.000	208.000
710.000	189.000
711.000	175.000
712.000	179.000
713.000	169.000
714.000	198.000
715.000	198.000
716.000	185.000
717.000	196.000
718.000	197.000
719.000	191.000
720.000	240.000
721.000	211.000
722.000	216.000
723.000	205.000
724.000	204.000
725.000	208.000
726.000	182.000
727.000	201.000
728.000	208.000
729.000	213.000
730.000	213.000
731.000	200.000
732.000	217.000
733.000	218.000
734.000	181.000
735.000	193.000
736.000	208.000
737.000	193.000
738.000	186.000
739.000	221.000
740.000	190.000
741.000	209.000
742.000	212.000
743.000	216.000
744.000	195.000
745.000	226.000
746.000	228.000
747.000	228.000
748.000	233.000
749.000	219.000
750.000	235.000
751.000	233.000
752.000	242.000
753.000	247.000
754.000	228.000
755.000	221.000
756.000	217.000
757.000	236.000
758.000	191.000
759.000	240.000
760.000	224.000
761.000	224.000
762.000	184.000
763.000	231.000
764.000	241.000
765.000	236.000
766.000	229.000
767.000	247.000
768.000	236.000
769.000	223.000
770.000	243.000
771.000	249.000
772.000	281.000
773.000	276.000
774.000	267.000
775.000	257.000
776.000	243.000
777.000	252.000
778.000	256.000
779.000	245.000
780.000	242.000
781.000	266.000
782.000	253.000
783.000	232.000
784.000	271.000
785.000	232.000
786.000	257.000
787.000	268.000
788.000	234.000
789.000	244.000
790.000	225.000
791.000	255.000
792.000	245.000
793.000	242.000
794.000	244.000
795.000	248.000
796.000	222.000
797.000	242.000
798.000	233.000
799.000	203.000
800.000	266.000
801.000	219.000
802.000	234.000
803.000	239.000
804.000	234.000
805.000	243.000
806.000	264.000
807.000	251.000
808.000	241.000
809.000	258.000
810.000	244.000
811.000	268.000
812.000	269.000
813.000	260.000
814.000	261.000
815.000	270.000
816.000	262.000
817.000	256.000
818.000	257.000
819.000	274.000
820.000	264.000
821.000	267.000
822.000	254.000
823.000	258.000
824.000	276.000
825.000	283.000
826.000	260.000
827.000	261.000
828.000	269.000
829.000	275.000
830.000	273.000
831.000	238.000
832.000	260.000
833.000	260.000
834.000	291.000
835.000	252.000
836.000	283.000
837.000	275.000
838.000	306.000
839.000	280.000
840.000	293.000
841.000	304.000
842.000	315.000
843.000	294.000
844.000	258.000
845.000	283.000
846.000	276.000
847.000	286.000
848.000	295.000
849.000	323.000
850.000	306.000
851.000	301.000
852.000	296.000
853.000	292.000
854.000	326.000
855.000	355.000
856.000	297.000
857.000	318.000
858.000	300.000
859.000	334.000
860.000	363.000
861.000	340.000
862.000	352.000
863.000	308.000
864.000	332.000
865.000	357.000
866.000	384.000
867.000	336.000
868.000	372.000
869.000	420.000
870.000	408.000
871.000	374.000
872.000	455.000
873.000	444.000
874.000	442.000
875.000	466.000
876.000	478.000
877.000	469.000
878.000	522.000
879.000	550.000
880.000	536.000
881.000	556.000
882.000	651.000
883.000	645.000
884.000	716.000
885.000	773.000
886.000	808.000
887.000	820.000
888.000	895.000
889.000	922.000
890.000	951.000
891.000	1000.000
892.000	1148.000
893.000	1108.000
894.000	1211.000
895.000	1123.000
896.000	1249.000
897.000	1276.000
898.000	1312.000
899.000	1354.000
900.000	1359.000
901.000	1248.000
902.000	1360.000
903.000	1257.000
904.000	1275.000
905.000	1274.000
906.000	1179.000
907.000	1086.000
908.000	1135.000
909.000	1103.000
910.000	1004.000
911.000	994.000
912.000	903.000
913.000	882.000
914.000	781.000
915.000	775.000
916.000	746.000
917.000	671.000
918.000	616.000
919.000	612.000
920.000	573.000
921.000	534.000
922.000	515.000
923.000	509.000
924.000	427.000
925.000	422.000
926.000	430.000
927.000	361.000
928.000	396.000
929.000	355.000
930.000	329.000
931.000	311.000
932.000	373.000
933.000	330.000
934.000	320.000
935.000	342.000
936.000	285.000
937.000	291.000
938.000	320.000
939.000	336.000
940.000	326.000
941.000	350.000
942.000	333.000
943.000	380.000
944.000	396.000
945.000	448.000
946.000	493.000
947.000	496.000
948.000	532.000
949.000	625.000
950.000	620.000
951.000	624.000
952.000	647.000
953.000	714.000
954.000	707.000
955.000	695.000
956.000	673.000
957.000	635.000
958.000	592.000
959.000	516.000
960.000	450.000
961.000	406.000
962.000	363.000
963.000	312.000
964.000	345.000
965.000	270.000
966.000	282.000
967.000	279.000
968.000	266.000
969.000	209.000
970.000	223.000
971.000	233.000
972.000	253.000
973.000	225.000
974.000	233.000
975.000	273.000
976.000	239.000
977.000	230.000
978.000	247.000
979.000	237.000
980.000	234.000
981.000	250.000
982.000	241.000
983.000	262.000
984.000	259.000
985.000	286.000
986.000	277.000
987.000	270.000
988.000	290.000
989.000	317.000
990.000	274.000
991.000	310.000
992.000	308.000
993.000	296.000
994.000	321.000
995.000	369.000
996.000	324.000
997.000	352.000
998.000	342.000
999.000	358.000
1000.000	367.000
1001.000	391.000
1002.000	391.000
1003.000	368.000
1004.000	353.000
1005.000	339.000
1006.000	346.000
1007.000	340.000
1008.000	372.000
1009.000	340.000
1010.000	381.000
1011.000	387.000
1012.000	334.000
1013.000	314.000
1014.000	366.000
1015.000	314.000
1016.000	317.000
1017.000	293.000
1018.000	295.000
1019.000	283.000
1020.000	250.000
1021.000	249.000
1022.000	229.000
1023.000	208.000
1024.000	222.000
