Date:	8/19/2008		Time:	9:00 AM		Version no:	0.00		Project name:	55		Sample name:	222		Section name:	section		Position	268.039995	mm	E0	0.000000	keV	E1	1.000000	keV/channel	sample surface	7.518994	cm	Tube anode:	Mo		Tube voltage:	30	kV	Tube current:	50	mA	gain	20		std. database			resultfile	result		matrix element	11		sample thickness	1.000000		air passage	0.560000	cm	comments	not in position		peaking_time	3.000000	m-sec	trigger_threshold	1229.166667	V	mca_bin_width	22.090000	no:	number_mca_channels	1024.000000	no:	gap_time	0.400000	m-sec	trigger_peaking_time	0.150000	m-sec	GAINDAC	9455		HIGHGAIN	1		TAURC	0		RCTAU	53		RCTAUFRAC	32768		livetime	9.690160	seconds	runtime	10.000502	seconds	input_count_rate	29.512000	cps	output_count_rate	22.361578	cps	triggers	285976	seconds	events_in_run	223627	seconds	channel	content		1.000	0.000
2.000	0.000
3.000	0.000
4.000	0.000
5.000	0.000
6.000	0.000
7.000	0.000
8.000	0.000
9.000	0.000
10.000	0.000
11.000	0.000
12.000	0.000
13.000	0.000
14.000	0.000
15.000	0.000
16.000	0.000
17.000	0.000
18.000	0.000
19.000	0.000
20.000	0.000
21.000	0.000
22.000	0.000
23.000	0.000
24.000	0.000
25.000	0.000
26.000	0.000
27.000	0.000
28.000	0.000
29.000	0.000
30.000	0.000
31.000	0.000
32.000	0.000
33.000	0.000
34.000	0.000
35.000	0.000
36.000	0.000
37.000	0.000
38.000	0.000
39.000	1.000
40.000	5.000
41.000	3.000
42.000	1.000
43.000	9.000
44.000	3.000
45.000	9.000
46.000	5.000
47.000	5.000
48.000	3.000
49.000	5.000
50.000	8.000
51.000	10.000
52.000	3.000
53.000	11.000
54.000	8.000
55.000	9.000
56.000	19.000
57.000	14.000
58.000	11.000
59.000	12.000
60.000	7.000
61.000	14.000
62.000	10.000
63.000	9.000
64.000	9.000
65.000	9.000
66.000	14.000
67.000	9.000
68.000	6.000
69.000	11.000
70.000	8.000
71.000	10.000
72.000	9.000
73.000	9.000
74.000	15.000
75.000	6.000
76.000	9.000
77.000	10.000
78.000	5.000
79.000	11.000
80.000	7.000
81.000	11.000
82.000	12.000
83.000	9.000
84.000	6.000
85.000	10.000
86.000	8.000
87.000	8.000
88.000	6.000
89.000	7.000
90.000	10.000
91.000	11.000
92.000	8.000
93.000	13.000
94.000	6.000
95.000	5.000
96.000	10.000
97.000	10.000
98.000	9.000
99.000	12.000
100.000	7.000
101.000	6.000
102.000	7.000
103.000	12.000
104.000	12.000
105.000	8.000
106.000	9.000
107.000	7.000
108.000	8.000
109.000	7.000
110.000	9.000
111.000	7.000
112.000	5.000
113.000	8.000
114.000	5.000
115.000	6.000
116.000	1.000
117.000	7.000
118.000	5.000
119.000	10.000
120.000	4.000
121.000	3.000
122.000	8.000
123.000	8.000
124.000	12.000
125.000	9.000
126.000	13.000
127.000	6.000
128.000	7.000
129.000	14.000
130.000	4.000
131.000	10.000
132.000	4.000
133.000	8.000
134.000	8.000
135.000	9.000
136.000	9.000
137.000	3.000
138.000	3.000
139.000	5.000
140.000	9.000
141.000	5.000
142.000	8.000
143.000	3.000
144.000	6.000
145.000	4.000
146.000	5.000
147.000	5.000
148.000	3.000
149.000	8.000
150.000	6.000
151.000	6.000
152.000	2.000
153.000	4.000
154.000	2.000
155.000	5.000
156.000	2.000
157.000	9.000
158.000	6.000
159.000	4.000
160.000	12.000
161.000	12.000
162.000	8.000
163.000	11.000
164.000	11.000
165.000	12.000
166.000	4.000
167.000	5.000
168.000	5.000
169.000	4.000
170.000	3.000
171.000	5.000
172.000	4.000
173.000	9.000
174.000	7.000
175.000	5.000
176.000	6.000
177.000	5.000
178.000	4.000
179.000	7.000
180.000	11.000
181.000	9.000
182.000	10.000
183.000	12.000
184.000	5.000
185.000	6.000
186.000	7.000
187.000	6.000
188.000	4.000
189.000	4.000
190.000	5.000
191.000	4.000
192.000	4.000
193.000	5.000
194.000	3.000
195.000	8.000
196.000	13.000
197.000	13.000
198.000	11.000
199.000	24.000
200.000	23.000
201.000	32.000
202.000	36.000
203.000	37.000
204.000	44.000
205.000	14.000
206.000	23.000
207.000	12.000
208.000	10.000
209.000	4.000
210.000	3.000
211.000	10.000
212.000	4.000
213.000	7.000
214.000	3.000
215.000	1.000
216.000	6.000
217.000	5.000
218.000	9.000
219.000	10.000
220.000	12.000
221.000	9.000
222.000	9.000
223.000	4.000
224.000	5.000
225.000	4.000
226.000	2.000
227.000	4.000
228.000	2.000
229.000	4.000
230.000	5.000
231.000	6.000
232.000	2.000
233.000	7.000
234.000	3.000
235.000	3.000
236.000	0.000
237.000	4.000
238.000	2.000
239.000	4.000
240.000	4.000
241.000	7.000
242.000	6.000
243.000	6.000
244.000	6.000
245.000	6.000
246.000	13.000
247.000	5.000
248.000	14.000
249.000	13.000
250.000	12.000
251.000	9.000
252.000	10.000
253.000	6.000
254.000	6.000
255.000	5.000
256.000	10.000
257.000	10.000
258.000	10.000
259.000	4.000
260.000	5.000
261.000	3.000
262.000	2.000
263.000	3.000
264.000	2.000
265.000	7.000
266.000	2.000
267.000	6.000
268.000	5.000
269.000	8.000
270.000	3.000
271.000	7.000
272.000	3.000
273.000	5.000
274.000	6.000
275.000	5.000
276.000	2.000
277.000	3.000
278.000	4.000
279.000	6.000
280.000	4.000
281.000	8.000
282.000	9.000
283.000	6.000
284.000	1.000
285.000	8.000
286.000	3.000
287.000	5.000
288.000	10.000
289.000	4.000
290.000	5.000
291.000	8.000
292.000	7.000
293.000	5.000
294.000	9.000
295.000	8.000
296.000	9.000
297.000	6.000
298.000	6.000
299.000	5.000
300.000	8.000
301.000	4.000
302.000	5.000
303.000	5.000
304.000	10.000
305.000	6.000
306.000	12.000
307.000	15.000
308.000	5.000
309.000	10.000
310.000	7.000
311.000	8.000
312.000	5.000
313.000	6.000
314.000	7.000
315.000	6.000
316.000	14.000
317.000	17.000
318.000	22.000
319.000	17.000
320.000	25.000
321.000	42.000
322.000	66.000
323.000	54.000
324.000	50.000
325.000	37.000
326.000	38.000
327.000	32.000
328.000	31.000
329.000	28.000
330.000	16.000
331.000	10.000
332.000	11.000
333.000	7.000
334.000	12.000
335.000	14.000
336.000	17.000
337.000	7.000
338.000	15.000
339.000	17.000
340.000	30.000
341.000	39.000
342.000	58.000
343.000	81.000
344.000	141.000
345.000	208.000
346.000	336.000
347.000	444.000
348.000	593.000
349.000	654.000
350.000	757.000
351.000	771.000
352.000	685.000
353.000	621.000
354.000	513.000
355.000	369.000
356.000	263.000
357.000	175.000
358.000	95.000
359.000	57.000
360.000	40.000
361.000	23.000
362.000	21.000
363.000	20.000
364.000	18.000
365.000	18.000
366.000	26.000
367.000	16.000
368.000	18.000
369.000	22.000
370.000	12.000
371.000	18.000
372.000	9.000
373.000	19.000
374.000	21.000
375.000	23.000
376.000	23.000
377.000	25.000
378.000	35.000
379.000	39.000
380.000	42.000
381.000	61.000
382.000	93.000
383.000	94.000
384.000	121.000
385.000	138.000
386.000	147.000
387.000	118.000
388.000	150.000
389.000	118.000
390.000	90.000
391.000	75.000
392.000	64.000
393.000	38.000
394.000	39.000
395.000	33.000
396.000	24.000
397.000	24.000
398.000	20.000
399.000	21.000
400.000	21.000
401.000	23.000
402.000	18.000
403.000	15.000
404.000	35.000
405.000	21.000
406.000	26.000
407.000	20.000
408.000	21.000
409.000	28.000
410.000	22.000
411.000	22.000
412.000	21.000
413.000	25.000
414.000	33.000
415.000	28.000
416.000	23.000
417.000	25.000
418.000	31.000
419.000	16.000
420.000	34.000
421.000	35.000
422.000	36.000
423.000	27.000
424.000	34.000
425.000	31.000
426.000	24.000
427.000	22.000
428.000	30.000
429.000	34.000
430.000	34.000
431.000	30.000
432.000	32.000
433.000	36.000
434.000	39.000
435.000	37.000
436.000	42.000
437.000	34.000
438.000	34.000
439.000	45.000
440.000	38.000
441.000	36.000
442.000	33.000
443.000	38.000
444.000	39.000
445.000	39.000
446.000	48.000
447.000	44.000
448.000	43.000
449.000	39.000
450.000	44.000
451.000	43.000
452.000	33.000
453.000	44.000
454.000	54.000
455.000	43.000
456.000	39.000
457.000	40.000
458.000	49.000
459.000	44.000
460.000	49.000
461.000	44.000
462.000	50.000
463.000	48.000
464.000	42.000
465.000	56.000
466.000	52.000
467.000	52.000
468.000	40.000
469.000	44.000
470.000	53.000
471.000	45.000
472.000	58.000
473.000	51.000
474.000	67.000
475.000	49.000
476.000	55.000
477.000	61.000
478.000	58.000
479.000	49.000
480.000	51.000
481.000	51.000
482.000	54.000
483.000	54.000
484.000	43.000
485.000	47.000
486.000	59.000
487.000	62.000
488.000	53.000
489.000	56.000
490.000	64.000
491.000	51.000
492.000	65.000
493.000	64.000
494.000	48.000
495.000	60.000
496.000	70.000
497.000	73.000
498.000	57.000
499.000	69.000
500.000	65.000
501.000	83.000
502.000	62.000
503.000	69.000
504.000	69.000
505.000	92.000
506.000	74.000
507.000	66.000
508.000	72.000
509.000	81.000
510.000	68.000
511.000	82.000
512.000	83.000
513.000	81.000
514.000	80.000
515.000	78.000
516.000	82.000
517.000	81.000
518.000	69.000
519.000	89.000
520.000	87.000
521.000	85.000
522.000	93.000
523.000	92.000
524.000	79.000
525.000	68.000
526.000	102.000
527.000	75.000
528.000	93.000
529.000	87.000
530.000	83.000
531.000	100.000
532.000	93.000
533.000	97.000
534.000	88.000
535.000	90.000
536.000	80.000
537.000	77.000
538.000	87.000
539.000	88.000
540.000	94.000
541.000	105.000
542.000	99.000
543.000	78.000
544.000	111.000
545.000	87.000
546.000	100.000
547.000	118.000
548.000	98.000
549.000	105.000
550.000	101.000
551.000	103.000
552.000	101.000
553.000	114.000
554.000	84.000
555.000	102.000
556.000	107.000
557.000	99.000
558.000	117.000
559.000	94.000
560.000	84.000
561.000	94.000
562.000	118.000
563.000	107.000
564.000	117.000
565.000	122.000
566.000	111.000
567.000	112.000
568.000	106.000
569.000	109.000
570.000	103.000
571.000	120.000
572.000	111.000
573.000	125.000
574.000	104.000
575.000	102.000
576.000	115.000
577.000	127.000
578.000	121.000
579.000	125.000
580.000	138.000
581.000	118.000
582.000	114.000
583.000	130.000
584.000	116.000
585.000	117.000
586.000	129.000
587.000	133.000
588.000	128.000
589.000	128.000
590.000	127.000
591.000	119.000
592.000	136.000
593.000	140.000
594.000	110.000
595.000	132.000
596.000	141.000
597.000	149.000
598.000	137.000
599.000	144.000
600.000	124.000
601.000	135.000
602.000	117.000
603.000	127.000
604.000	144.000
605.000	148.000
606.000	151.000
607.000	141.000
608.000	133.000
609.000	130.000
610.000	152.000
611.000	156.000
612.000	137.000
613.000	163.000
614.000	134.000
615.000	153.000
616.000	144.000
617.000	142.000
618.000	154.000
619.000	177.000
620.000	155.000
621.000	174.000
622.000	140.000
623.000	166.000
624.000	174.000
625.000	157.000
626.000	155.000
627.000	139.000
628.000	149.000
629.000	151.000
630.000	153.000
631.000	174.000
632.000	151.000
633.000	193.000
634.000	181.000
635.000	176.000
636.000	177.000
637.000	166.000
638.000	145.000
639.000	169.000
640.000	151.000
641.000	162.000
642.000	176.000
643.000	175.000
644.000	163.000
645.000	185.000
646.000	185.000
647.000	182.000
648.000	180.000
649.000	180.000
650.000	195.000
651.000	194.000
652.000	196.000
653.000	184.000
654.000	199.000
655.000	196.000
656.000	195.000
657.000	185.000
658.000	204.000
659.000	191.000
660.000	174.000
661.000	215.000
662.000	189.000
663.000	181.000
664.000	172.000
665.000	205.000
666.000	212.000
667.000	203.000
668.000	185.000
669.000	195.000
670.000	206.000
671.000	196.000
672.000	197.000
673.000	221.000
674.000	231.000
675.000	206.000
676.000	195.000
677.000	226.000
678.000	200.000
679.000	216.000
680.000	207.000
681.000	200.000
682.000	205.000
683.000	202.000
684.000	195.000
685.000	215.000
686.000	229.000
687.000	198.000
688.000	206.000
689.000	211.000
690.000	219.000
691.000	237.000
692.000	182.000
693.000	203.000
694.000	211.000
695.000	201.000
696.000	221.000
697.000	227.000
698.000	228.000
699.000	228.000
700.000	237.000
701.000	236.000
702.000	246.000
703.000	234.000
704.000	233.000
705.000	223.000
706.000	205.000
707.000	207.000
708.000	227.000
709.000	198.000
710.000	222.000
711.000	225.000
712.000	239.000
713.000	235.000
714.000	229.000
715.000	233.000
716.000	229.000
717.000	222.000
718.000	217.000
719.000	262.000
720.000	220.000
721.000	225.000
722.000	246.000
723.000	252.000
724.000	229.000
725.000	246.000
726.000	251.000
727.000	266.000
728.000	238.000
729.000	238.000
730.000	259.000
731.000	241.000
732.000	270.000
733.000	235.000
734.000	268.000
735.000	241.000
736.000	251.000
737.000	245.000
738.000	269.000
739.000	239.000
740.000	278.000
741.000	257.000
742.000	224.000
743.000	246.000
744.000	252.000
745.000	287.000
746.000	240.000
747.000	225.000
748.000	264.000
749.000	226.000
750.000	254.000
751.000	238.000
752.000	237.000
753.000	273.000
754.000	249.000
755.000	264.000
756.000	259.000
757.000	271.000
758.000	295.000
759.000	264.000
760.000	250.000
761.000	276.000
762.000	261.000
763.000	258.000
764.000	282.000
765.000	278.000
766.000	279.000
767.000	267.000
768.000	239.000
769.000	297.000
770.000	273.000
771.000	292.000
772.000	284.000
773.000	326.000
774.000	311.000
775.000	291.000
776.000	298.000
777.000	269.000
778.000	269.000
779.000	279.000
780.000	268.000
781.000	283.000
782.000	293.000
783.000	261.000
784.000	293.000
785.000	260.000
786.000	306.000
787.000	289.000
788.000	270.000
789.000	318.000
790.000	287.000
791.000	285.000
792.000	279.000
793.000	285.000
794.000	280.000
795.000	292.000
796.000	261.000
797.000	281.000
798.000	318.000
799.000	302.000
800.000	270.000
801.000	261.000
802.000	295.000
803.000	288.000
804.000	295.000
805.000	293.000
806.000	279.000
807.000	290.000
808.000	295.000
809.000	301.000
810.000	300.000
811.000	317.000
812.000	284.000
813.000	289.000
814.000	286.000
815.000	310.000
816.000	294.000
817.000	308.000
818.000	281.000
819.000	315.000
820.000	310.000
821.000	315.000
822.000	340.000
823.000	301.000
824.000	348.000
825.000	314.000
826.000	330.000
827.000	331.000
828.000	304.000
829.000	290.000
830.000	283.000
831.000	309.000
832.000	303.000
833.000	323.000
834.000	320.000
835.000	298.000
836.000	320.000
837.000	316.000
838.000	308.000
839.000	312.000
840.000	327.000
841.000	337.000
842.000	346.000
843.000	329.000
844.000	319.000
845.000	355.000
846.000	323.000
847.000	309.000
848.000	369.000
849.000	351.000
850.000	329.000
851.000	330.000
852.000	310.000
853.000	323.000
854.000	357.000
855.000	367.000
856.000	325.000
857.000	386.000
858.000	372.000
859.000	368.000
860.000	385.000
861.000	358.000
862.000	414.000
863.000	429.000
864.000	401.000
865.000	397.000
866.000	421.000
867.000	449.000
868.000	432.000
869.000	422.000
870.000	451.000
871.000	449.000
872.000	431.000
873.000	498.000
874.000	509.000
875.000	500.000
876.000	518.000
877.000	574.000
878.000	613.000
879.000	611.000
880.000	684.000
881.000	683.000
882.000	727.000
883.000	782.000
884.000	850.000
885.000	854.000
886.000	969.000
887.000	985.000
888.000	1004.000
889.000	1114.000
890.000	1106.000
891.000	1234.000
892.000	1277.000
893.000	1288.000
894.000	1355.000
895.000	1390.000
896.000	1500.000
897.000	1536.000
898.000	1571.000
899.000	1505.000
900.000	1554.000
901.000	1442.000
902.000	1560.000
903.000	1554.000
904.000	1489.000
905.000	1431.000
906.000	1340.000
907.000	1318.000
908.000	1352.000
909.000	1244.000
910.000	1266.000
911.000	1067.000
912.000	1009.000
913.000	1041.000
914.000	910.000
915.000	850.000
916.000	822.000
917.000	825.000
918.000	690.000
919.000	725.000
920.000	643.000
921.000	644.000
922.000	579.000
923.000	530.000
924.000	514.000
925.000	532.000
926.000	465.000
927.000	474.000
928.000	457.000
929.000	433.000
930.000	444.000
931.000	397.000
932.000	380.000
933.000	365.000
934.000	360.000
935.000	348.000
936.000	363.000
937.000	371.000
938.000	369.000
939.000	361.000
940.000	372.000
941.000	382.000
942.000	409.000
943.000	414.000
944.000	495.000
945.000	505.000
946.000	582.000
947.000	656.000
948.000	702.000
949.000	664.000
950.000	778.000
951.000	756.000
952.000	773.000
953.000	763.000
954.000	787.000
955.000	782.000
956.000	717.000
957.000	714.000
958.000	670.000
959.000	591.000
960.000	574.000
961.000	513.000
962.000	424.000
963.000	381.000
964.000	363.000
965.000	344.000
966.000	350.000
967.000	298.000
968.000	296.000
969.000	323.000
970.000	266.000
971.000	294.000
972.000	281.000
973.000	280.000
974.000	286.000
975.000	304.000
976.000	291.000
977.000	296.000
978.000	292.000
979.000	338.000
980.000	288.000
981.000	327.000
982.000	320.000
983.000	298.000
984.000	339.000
985.000	325.000
986.000	362.000
987.000	309.000
988.000	331.000
989.000	373.000
990.000	378.000
991.000	366.000
992.000	418.000
993.000	394.000
994.000	417.000
995.000	417.000
996.000	403.000
997.000	421.000
998.000	464.000
999.000	424.000
1000.000	420.000
1001.000	460.000
1002.000	433.000
1003.000	458.000
1004.000	483.000
1005.000	451.000
1006.000	468.000
1007.000	478.000
1008.000	425.000
1009.000	418.000
1010.000	418.000
1011.000	409.000
1012.000	394.000
1013.000	388.000
1014.000	315.000
1015.000	380.000
1016.000	356.000
1017.000	345.000
1018.000	300.000
1019.000	328.000
1020.000	350.000
1021.000	283.000
1022.000	313.000
1023.000	328.000
1024.000	279.000
