Date:	8/19/2008		Time:	8:43 AM		Version no:	0.00		Project name:	55		Sample name:	222		Section name:	section		Position	84.039995	mm	E0	0.000000	keV	E1	1.000000	keV/channel	sample surface	7.588918	cm	Tube anode:	Mo		Tube voltage:	30	kV	Tube current:	50	mA	gain	20		std. database			resultfile	result		matrix element	11		sample thickness	1.000000		air passage	0.560000	cm	comments	not in position		peaking_time	3.000000	m-sec	trigger_threshold	1229.166667	V	mca_bin_width	22.090000	no:	number_mca_channels	1024.000000	no:	gap_time	0.400000	m-sec	trigger_peaking_time	0.150000	m-sec	GAINDAC	9455		HIGHGAIN	1		TAURC	0		RCTAU	53		RCTAUFRAC	32768		livetime	9.643994	seconds	runtime	10.000502	seconds	input_count_rate	32.877770	cps	output_count_rate	24.129090	cps	triggers	317073	seconds	events_in_run	241303	seconds	channel	content		1.000	0.000
2.000	0.000
3.000	0.000
4.000	0.000
5.000	0.000
6.000	0.000
7.000	0.000
8.000	0.000
9.000	0.000
10.000	0.000
11.000	0.000
12.000	0.000
13.000	0.000
14.000	0.000
15.000	0.000
16.000	0.000
17.000	0.000
18.000	0.000
19.000	0.000
20.000	0.000
21.000	0.000
22.000	0.000
23.000	0.000
24.000	0.000
25.000	0.000
26.000	0.000
27.000	0.000
28.000	0.000
29.000	0.000
30.000	0.000
31.000	1.000
32.000	1.000
33.000	3.000
34.000	0.000
35.000	0.000
36.000	1.000
37.000	1.000
38.000	1.000
39.000	1.000
40.000	7.000
41.000	1.000
42.000	2.000
43.000	3.000
44.000	3.000
45.000	4.000
46.000	0.000
47.000	4.000
48.000	8.000
49.000	6.000
50.000	5.000
51.000	11.000
52.000	8.000
53.000	8.000
54.000	8.000
55.000	12.000
56.000	5.000
57.000	9.000
58.000	9.000
59.000	11.000
60.000	12.000
61.000	12.000
62.000	8.000
63.000	12.000
64.000	12.000
65.000	12.000
66.000	9.000
67.000	11.000
68.000	11.000
69.000	12.000
70.000	8.000
71.000	7.000
72.000	9.000
73.000	10.000
74.000	10.000
75.000	10.000
76.000	12.000
77.000	7.000
78.000	12.000
79.000	8.000
80.000	13.000
81.000	11.000
82.000	9.000
83.000	7.000
84.000	4.000
85.000	10.000
86.000	6.000
87.000	7.000
88.000	6.000
89.000	14.000
90.000	5.000
91.000	11.000
92.000	7.000
93.000	6.000
94.000	10.000
95.000	5.000
96.000	11.000
97.000	11.000
98.000	9.000
99.000	6.000
100.000	6.000
101.000	6.000
102.000	9.000
103.000	8.000
104.000	7.000
105.000	3.000
106.000	12.000
107.000	11.000
108.000	12.000
109.000	10.000
110.000	5.000
111.000	7.000
112.000	9.000
113.000	6.000
114.000	4.000
115.000	9.000
116.000	12.000
117.000	9.000
118.000	4.000
119.000	7.000
120.000	3.000
121.000	10.000
122.000	4.000
123.000	12.000
124.000	8.000
125.000	8.000
126.000	9.000
127.000	12.000
128.000	9.000
129.000	7.000
130.000	11.000
131.000	9.000
132.000	5.000
133.000	7.000
134.000	4.000
135.000	3.000
136.000	9.000
137.000	8.000
138.000	4.000
139.000	3.000
140.000	6.000
141.000	4.000
142.000	3.000
143.000	5.000
144.000	3.000
145.000	3.000
146.000	9.000
147.000	12.000
148.000	2.000
149.000	7.000
150.000	5.000
151.000	6.000
152.000	4.000
153.000	6.000
154.000	2.000
155.000	6.000
156.000	3.000
157.000	4.000
158.000	7.000
159.000	4.000
160.000	4.000
161.000	7.000
162.000	10.000
163.000	11.000
164.000	9.000
165.000	9.000
166.000	9.000
167.000	7.000
168.000	5.000
169.000	2.000
170.000	5.000
171.000	3.000
172.000	3.000
173.000	4.000
174.000	5.000
175.000	2.000
176.000	4.000
177.000	3.000
178.000	7.000
179.000	11.000
180.000	10.000
181.000	8.000
182.000	8.000
183.000	13.000
184.000	8.000
185.000	10.000
186.000	4.000
187.000	6.000
188.000	1.000
189.000	8.000
190.000	4.000
191.000	4.000
192.000	2.000
193.000	2.000
194.000	3.000
195.000	3.000
196.000	7.000
197.000	6.000
198.000	14.000
199.000	22.000
200.000	17.000
201.000	18.000
202.000	22.000
203.000	41.000
204.000	29.000
205.000	29.000
206.000	16.000
207.000	16.000
208.000	8.000
209.000	8.000
210.000	6.000
211.000	2.000
212.000	4.000
213.000	4.000
214.000	5.000
215.000	7.000
216.000	9.000
217.000	6.000
218.000	7.000
219.000	6.000
220.000	7.000
221.000	10.000
222.000	9.000
223.000	8.000
224.000	8.000
225.000	2.000
226.000	6.000
227.000	4.000
228.000	4.000
229.000	7.000
230.000	7.000
231.000	3.000
232.000	3.000
233.000	1.000
234.000	3.000
235.000	3.000
236.000	2.000
237.000	4.000
238.000	9.000
239.000	5.000
240.000	5.000
241.000	5.000
242.000	10.000
243.000	11.000
244.000	16.000
245.000	7.000
246.000	7.000
247.000	9.000
248.000	4.000
249.000	14.000
250.000	12.000
251.000	11.000
252.000	8.000
253.000	9.000
254.000	6.000
255.000	5.000
256.000	5.000
257.000	4.000
258.000	9.000
259.000	7.000
260.000	8.000
261.000	7.000
262.000	3.000
263.000	5.000
264.000	7.000
265.000	3.000
266.000	6.000
267.000	5.000
268.000	8.000
269.000	8.000
270.000	14.000
271.000	6.000
272.000	8.000
273.000	6.000
274.000	5.000
275.000	6.000
276.000	6.000
277.000	5.000
278.000	4.000
279.000	5.000
280.000	8.000
281.000	6.000
282.000	4.000
283.000	3.000
284.000	4.000
285.000	7.000
286.000	5.000
287.000	11.000
288.000	9.000
289.000	13.000
290.000	7.000
291.000	5.000
292.000	9.000
293.000	13.000
294.000	4.000
295.000	12.000
296.000	18.000
297.000	11.000
298.000	8.000
299.000	7.000
300.000	6.000
301.000	11.000
302.000	4.000
303.000	10.000
304.000	7.000
305.000	11.000
306.000	8.000
307.000	4.000
308.000	4.000
309.000	5.000
310.000	10.000
311.000	11.000
312.000	11.000
313.000	11.000
314.000	15.000
315.000	16.000
316.000	13.000
317.000	26.000
318.000	22.000
319.000	23.000
320.000	39.000
321.000	48.000
322.000	50.000
323.000	52.000
324.000	46.000
325.000	53.000
326.000	35.000
327.000	40.000
328.000	30.000
329.000	16.000
330.000	20.000
331.000	19.000
332.000	19.000
333.000	11.000
334.000	13.000
335.000	13.000
336.000	11.000
337.000	13.000
338.000	13.000
339.000	19.000
340.000	30.000
341.000	35.000
342.000	60.000
343.000	94.000
344.000	151.000
345.000	248.000
346.000	353.000
347.000	551.000
348.000	615.000
349.000	786.000
350.000	810.000
351.000	842.000
352.000	794.000
353.000	634.000
354.000	498.000
355.000	387.000
356.000	285.000
357.000	168.000
358.000	112.000
359.000	57.000
360.000	54.000
361.000	40.000
362.000	19.000
363.000	10.000
364.000	19.000
365.000	15.000
366.000	9.000
367.000	22.000
368.000	16.000
369.000	19.000
370.000	22.000
371.000	18.000
372.000	18.000
373.000	24.000
374.000	18.000
375.000	20.000
376.000	31.000
377.000	27.000
378.000	29.000
379.000	51.000
380.000	43.000
381.000	72.000
382.000	86.000
383.000	111.000
384.000	124.000
385.000	161.000
386.000	186.000
387.000	150.000
388.000	142.000
389.000	113.000
390.000	102.000
391.000	82.000
392.000	64.000
393.000	48.000
394.000	38.000
395.000	38.000
396.000	28.000
397.000	18.000
398.000	31.000
399.000	28.000
400.000	22.000
401.000	32.000
402.000	22.000
403.000	22.000
404.000	27.000
405.000	25.000
406.000	24.000
407.000	30.000
408.000	44.000
409.000	34.000
410.000	34.000
411.000	32.000
412.000	30.000
413.000	41.000
414.000	23.000
415.000	35.000
416.000	33.000
417.000	24.000
418.000	32.000
419.000	33.000
420.000	35.000
421.000	37.000
422.000	47.000
423.000	29.000
424.000	35.000
425.000	40.000
426.000	43.000
427.000	40.000
428.000	37.000
429.000	32.000
430.000	31.000
431.000	47.000
432.000	47.000
433.000	30.000
434.000	47.000
435.000	41.000
436.000	44.000
437.000	51.000
438.000	28.000
439.000	55.000
440.000	54.000
441.000	52.000
442.000	47.000
443.000	55.000
444.000	39.000
445.000	48.000
446.000	46.000
447.000	54.000
448.000	59.000
449.000	56.000
450.000	53.000
451.000	55.000
452.000	56.000
453.000	50.000
454.000	53.000
455.000	52.000
456.000	51.000
457.000	46.000
458.000	58.000
459.000	53.000
460.000	63.000
461.000	60.000
462.000	51.000
463.000	57.000
464.000	52.000
465.000	52.000
466.000	68.000
467.000	71.000
468.000	50.000
469.000	66.000
470.000	43.000
471.000	63.000
472.000	57.000
473.000	65.000
474.000	64.000
475.000	78.000
476.000	63.000
477.000	65.000
478.000	68.000
479.000	60.000
480.000	63.000
481.000	56.000
482.000	49.000
483.000	65.000
484.000	65.000
485.000	67.000
486.000	63.000
487.000	56.000
488.000	88.000
489.000	54.000
490.000	85.000
491.000	59.000
492.000	81.000
493.000	70.000
494.000	79.000
495.000	76.000
496.000	65.000
497.000	72.000
498.000	103.000
499.000	82.000
500.000	76.000
501.000	74.000
502.000	79.000
503.000	83.000
504.000	91.000
505.000	74.000
506.000	84.000
507.000	74.000
508.000	75.000
509.000	92.000
510.000	83.000
511.000	83.000
512.000	74.000
513.000	87.000
514.000	99.000
515.000	92.000
516.000	77.000
517.000	108.000
518.000	88.000
519.000	86.000
520.000	107.000
521.000	88.000
522.000	81.000
523.000	107.000
524.000	102.000
525.000	108.000
526.000	106.000
527.000	93.000
528.000	89.000
529.000	90.000
530.000	104.000
531.000	114.000
532.000	112.000
533.000	107.000
534.000	133.000
535.000	119.000
536.000	97.000
537.000	95.000
538.000	120.000
539.000	110.000
540.000	112.000
541.000	125.000
542.000	100.000
543.000	109.000
544.000	108.000
545.000	126.000
546.000	116.000
547.000	96.000
548.000	129.000
549.000	86.000
550.000	108.000
551.000	121.000
552.000	116.000
553.000	116.000
554.000	139.000
555.000	123.000
556.000	139.000
557.000	107.000
558.000	111.000
559.000	109.000
560.000	137.000
561.000	119.000
562.000	112.000
563.000	120.000
564.000	117.000
565.000	116.000
566.000	125.000
567.000	124.000
568.000	125.000
569.000	118.000
570.000	125.000
571.000	130.000
572.000	148.000
573.000	143.000
574.000	147.000
575.000	119.000
576.000	135.000
577.000	157.000
578.000	136.000
579.000	140.000
580.000	147.000
581.000	136.000
582.000	142.000
583.000	137.000
584.000	145.000
585.000	163.000
586.000	148.000
587.000	142.000
588.000	147.000
589.000	150.000
590.000	140.000
591.000	135.000
592.000	142.000
593.000	164.000
594.000	153.000
595.000	150.000
596.000	153.000
597.000	157.000
598.000	153.000
599.000	155.000
600.000	157.000
601.000	174.000
602.000	138.000
603.000	157.000
604.000	161.000
605.000	180.000
606.000	156.000
607.000	161.000
608.000	171.000
609.000	164.000
610.000	182.000
611.000	150.000
612.000	184.000
613.000	174.000
614.000	170.000
615.000	175.000
616.000	157.000
617.000	179.000
618.000	166.000
619.000	186.000
620.000	196.000
621.000	163.000
622.000	202.000
623.000	179.000
624.000	187.000
625.000	174.000
626.000	182.000
627.000	181.000
628.000	185.000
629.000	192.000
630.000	184.000
631.000	177.000
632.000	179.000
633.000	200.000
634.000	184.000
635.000	166.000
636.000	186.000
637.000	195.000
638.000	191.000
639.000	218.000
640.000	211.000
641.000	220.000
642.000	190.000
643.000	209.000
644.000	222.000
645.000	210.000
646.000	227.000
647.000	239.000
648.000	217.000
649.000	223.000
650.000	226.000
651.000	214.000
652.000	220.000
653.000	195.000
654.000	222.000
655.000	229.000
656.000	215.000
657.000	212.000
658.000	227.000
659.000	224.000
660.000	228.000
661.000	227.000
662.000	220.000
663.000	202.000
664.000	207.000
665.000	241.000
666.000	240.000
667.000	231.000
668.000	220.000
669.000	182.000
670.000	201.000
671.000	227.000
672.000	243.000
673.000	248.000
674.000	257.000
675.000	214.000
676.000	210.000
677.000	220.000
678.000	244.000
679.000	199.000
680.000	234.000
681.000	234.000
682.000	229.000
683.000	244.000
684.000	234.000
685.000	206.000
686.000	216.000
687.000	237.000
688.000	241.000
689.000	233.000
690.000	236.000
691.000	250.000
692.000	244.000
693.000	224.000
694.000	264.000
695.000	246.000
696.000	240.000
697.000	242.000
698.000	261.000
699.000	263.000
700.000	239.000
701.000	235.000
702.000	241.000
703.000	239.000
704.000	234.000
705.000	260.000
706.000	282.000
707.000	297.000
708.000	269.000
709.000	272.000
710.000	236.000
711.000	229.000
712.000	250.000
713.000	247.000
714.000	263.000
715.000	260.000
716.000	266.000
717.000	271.000
718.000	272.000
719.000	256.000
720.000	245.000
721.000	270.000
722.000	294.000
723.000	256.000
724.000	251.000
725.000	288.000
726.000	281.000
727.000	281.000
728.000	280.000
729.000	280.000
730.000	283.000
731.000	254.000
732.000	264.000
733.000	298.000
734.000	296.000
735.000	291.000
736.000	296.000
737.000	286.000
738.000	290.000
739.000	302.000
740.000	259.000
741.000	286.000
742.000	301.000
743.000	266.000
744.000	270.000
745.000	282.000
746.000	274.000
747.000	289.000
748.000	294.000
749.000	282.000
750.000	279.000
751.000	298.000
752.000	281.000
753.000	254.000
754.000	295.000
755.000	278.000
756.000	272.000
757.000	318.000
758.000	284.000
759.000	265.000
760.000	280.000
761.000	279.000
762.000	308.000
763.000	309.000
764.000	328.000
765.000	301.000
766.000	290.000
767.000	318.000
768.000	326.000
769.000	299.000
770.000	297.000
771.000	342.000
772.000	329.000
773.000	324.000
774.000	348.000
775.000	326.000
776.000	317.000
777.000	308.000
778.000	357.000
779.000	298.000
780.000	300.000
781.000	319.000
782.000	298.000
783.000	266.000
784.000	259.000
785.000	292.000
786.000	297.000
787.000	263.000
788.000	310.000
789.000	295.000
790.000	332.000
791.000	299.000
792.000	304.000
793.000	285.000
794.000	318.000
795.000	321.000
796.000	300.000
797.000	305.000
798.000	320.000
799.000	317.000
800.000	321.000
801.000	339.000
802.000	339.000
803.000	318.000
804.000	334.000
805.000	300.000
806.000	301.000
807.000	286.000
808.000	354.000
809.000	323.000
810.000	302.000
811.000	356.000
812.000	335.000
813.000	317.000
814.000	296.000
815.000	362.000
816.000	349.000
817.000	315.000
818.000	302.000
819.000	345.000
820.000	315.000
821.000	339.000
822.000	332.000
823.000	336.000
824.000	314.000
825.000	340.000
826.000	325.000
827.000	320.000
828.000	350.000
829.000	342.000
830.000	312.000
831.000	319.000
832.000	324.000
833.000	338.000
834.000	343.000
835.000	359.000
836.000	364.000
837.000	338.000
838.000	343.000
839.000	371.000
840.000	344.000
841.000	350.000
842.000	344.000
843.000	362.000
844.000	359.000
845.000	357.000
846.000	399.000
847.000	369.000
848.000	391.000
849.000	369.000
850.000	375.000
851.000	356.000
852.000	346.000
853.000	379.000
854.000	391.000
855.000	356.000
856.000	374.000
857.000	392.000
858.000	410.000
859.000	432.000
860.000	390.000
861.000	429.000
862.000	463.000
863.000	422.000
864.000	430.000
865.000	481.000
866.000	419.000
867.000	449.000
868.000	475.000
869.000	461.000
870.000	473.000
871.000	468.000
872.000	540.000
873.000	493.000
874.000	534.000
875.000	580.000
876.000	570.000
877.000	591.000
878.000	606.000
879.000	655.000
880.000	718.000
881.000	708.000
882.000	760.000
883.000	798.000
884.000	859.000
885.000	907.000
886.000	956.000
887.000	1016.000
888.000	1144.000
889.000	1170.000
890.000	1200.000
891.000	1347.000
892.000	1317.000
893.000	1383.000
894.000	1509.000
895.000	1496.000
896.000	1517.000
897.000	1593.000
898.000	1582.000
899.000	1679.000
900.000	1613.000
901.000	1594.000
902.000	1627.000
903.000	1587.000
904.000	1576.000
905.000	1573.000
906.000	1503.000
907.000	1433.000
908.000	1380.000
909.000	1444.000
910.000	1267.000
911.000	1234.000
912.000	1130.000
913.000	1010.000
914.000	999.000
915.000	983.000
916.000	902.000
917.000	828.000
918.000	772.000
919.000	724.000
920.000	746.000
921.000	706.000
922.000	587.000
923.000	578.000
924.000	531.000
925.000	570.000
926.000	532.000
927.000	490.000
928.000	423.000
929.000	457.000
930.000	452.000
931.000	414.000
932.000	434.000
933.000	391.000
934.000	372.000
935.000	397.000
936.000	378.000
937.000	378.000
938.000	378.000
939.000	419.000
940.000	371.000
941.000	411.000
942.000	458.000
943.000	491.000
944.000	515.000
945.000	553.000
946.000	574.000
947.000	636.000
948.000	730.000
949.000	774.000
950.000	804.000
951.000	839.000
952.000	856.000
953.000	871.000
954.000	869.000
955.000	856.000
956.000	818.000
957.000	755.000
958.000	738.000
959.000	611.000
960.000	547.000
961.000	497.000
962.000	480.000
963.000	453.000
964.000	398.000
965.000	414.000
966.000	348.000
967.000	351.000
968.000	320.000
969.000	346.000
970.000	324.000
971.000	292.000
972.000	314.000
973.000	317.000
974.000	323.000
975.000	303.000
976.000	316.000
977.000	327.000
978.000	323.000
979.000	321.000
980.000	312.000
981.000	312.000
982.000	321.000
983.000	305.000
984.000	313.000
985.000	373.000
986.000	346.000
987.000	368.000
988.000	358.000
989.000	377.000
990.000	422.000
991.000	376.000
992.000	401.000
993.000	449.000
994.000	393.000
995.000	438.000
996.000	424.000
997.000	500.000
998.000	420.000
999.000	447.000
1000.000	452.000
1001.000	459.000
1002.000	456.000
1003.000	463.000
1004.000	481.000
1005.000	471.000
1006.000	456.000
1007.000	448.000
1008.000	455.000
1009.000	427.000
1010.000	435.000
1011.000	457.000
1012.000	426.000
1013.000	426.000
1014.000	425.000
1015.000	390.000
1016.000	356.000
1017.000	365.000
1018.000	377.000
1019.000	347.000
1020.000	349.000
1021.000	326.000
1022.000	304.000
1023.000	322.000
1024.000	283.000
