Date:	8/19/2008		Time:	9:40 AM		Version no:	0.00		Project name:	55		Sample name:	222		Section name:	section		Position	686.039995	mm	E0	0.000000	keV	E1	1.000000	keV/channel	sample surface	7.667686	cm	Tube anode:	Mo		Tube voltage:	30	kV	Tube current:	50	mA	gain	20		std. database			resultfile	result		matrix element	11		sample thickness	1.000000		air passage	0.560000	cm	comments	not in position		peaking_time	3.000000	m-sec	trigger_threshold	1229.166667	V	mca_bin_width	22.090000	no:	number_mca_channels	1024.000000	no:	gap_time	0.400000	m-sec	trigger_peaking_time	0.150000	m-sec	GAINDAC	9455		HIGHGAIN	1		TAURC	0		RCTAU	53		RCTAUFRAC	32768		livetime	9.739601	seconds	runtime	10.000502	seconds	input_count_rate	25.037576	cps	output_count_rate	19.609016	cps	triggers	243856	seconds	events_in_run	196100	seconds	channel	content		1.000	0.000
2.000	0.000
3.000	0.000
4.000	0.000
5.000	0.000
6.000	0.000
7.000	0.000
8.000	0.000
9.000	0.000
10.000	0.000
11.000	0.000
12.000	0.000
13.000	0.000
14.000	0.000
15.000	0.000
16.000	0.000
17.000	0.000
18.000	0.000
19.000	0.000
20.000	0.000
21.000	0.000
22.000	0.000
23.000	0.000
24.000	0.000
25.000	0.000
26.000	0.000
27.000	0.000
28.000	0.000
29.000	0.000
30.000	0.000
31.000	1.000
32.000	1.000
33.000	1.000
34.000	1.000
35.000	1.000
36.000	2.000
37.000	2.000
38.000	0.000
39.000	1.000
40.000	5.000
41.000	2.000
42.000	5.000
43.000	6.000
44.000	7.000
45.000	4.000
46.000	5.000
47.000	12.000
48.000	10.000
49.000	9.000
50.000	9.000
51.000	12.000
52.000	10.000
53.000	9.000
54.000	12.000
55.000	7.000
56.000	8.000
57.000	9.000
58.000	6.000
59.000	10.000
60.000	6.000
61.000	14.000
62.000	8.000
63.000	8.000
64.000	15.000
65.000	12.000
66.000	7.000
67.000	6.000
68.000	1.000
69.000	10.000
70.000	16.000
71.000	16.000
72.000	14.000
73.000	8.000
74.000	10.000
75.000	10.000
76.000	8.000
77.000	14.000
78.000	11.000
79.000	9.000
80.000	9.000
81.000	7.000
82.000	7.000
83.000	9.000
84.000	12.000
85.000	10.000
86.000	7.000
87.000	5.000
88.000	9.000
89.000	8.000
90.000	8.000
91.000	8.000
92.000	8.000
93.000	6.000
94.000	6.000
95.000	3.000
96.000	12.000
97.000	4.000
98.000	11.000
99.000	4.000
100.000	6.000
101.000	14.000
102.000	5.000
103.000	8.000
104.000	5.000
105.000	10.000
106.000	2.000
107.000	5.000
108.000	8.000
109.000	6.000
110.000	4.000
111.000	2.000
112.000	10.000
113.000	6.000
114.000	7.000
115.000	5.000
116.000	4.000
117.000	6.000
118.000	6.000
119.000	11.000
120.000	7.000
121.000	10.000
122.000	9.000
123.000	9.000
124.000	6.000
125.000	9.000
126.000	7.000
127.000	7.000
128.000	10.000
129.000	11.000
130.000	9.000
131.000	8.000
132.000	6.000
133.000	4.000
134.000	4.000
135.000	9.000
136.000	5.000
137.000	5.000
138.000	5.000
139.000	7.000
140.000	6.000
141.000	9.000
142.000	2.000
143.000	5.000
144.000	2.000
145.000	5.000
146.000	1.000
147.000	8.000
148.000	5.000
149.000	4.000
150.000	6.000
151.000	3.000
152.000	7.000
153.000	3.000
154.000	2.000
155.000	4.000
156.000	4.000
157.000	5.000
158.000	6.000
159.000	6.000
160.000	11.000
161.000	11.000
162.000	9.000
163.000	8.000
164.000	16.000
165.000	5.000
166.000	6.000
167.000	4.000
168.000	3.000
169.000	5.000
170.000	4.000
171.000	7.000
172.000	3.000
173.000	3.000
174.000	5.000
175.000	6.000
176.000	2.000
177.000	3.000
178.000	4.000
179.000	10.000
180.000	6.000
181.000	10.000
182.000	6.000
183.000	8.000
184.000	11.000
185.000	5.000
186.000	4.000
187.000	3.000
188.000	1.000
189.000	3.000
190.000	3.000
191.000	3.000
192.000	3.000
193.000	5.000
194.000	4.000
195.000	3.000
196.000	7.000
197.000	7.000
198.000	6.000
199.000	10.000
200.000	11.000
201.000	17.000
202.000	16.000
203.000	9.000
204.000	18.000
205.000	9.000
206.000	13.000
207.000	4.000
208.000	10.000
209.000	4.000
210.000	2.000
211.000	4.000
212.000	2.000
213.000	2.000
214.000	6.000
215.000	5.000
216.000	4.000
217.000	7.000
218.000	6.000
219.000	2.000
220.000	6.000
221.000	9.000
222.000	4.000
223.000	3.000
224.000	6.000
225.000	0.000
226.000	3.000
227.000	1.000
228.000	2.000
229.000	5.000
230.000	3.000
231.000	2.000
232.000	2.000
233.000	2.000
234.000	3.000
235.000	0.000
236.000	1.000
237.000	6.000
238.000	6.000
239.000	2.000
240.000	5.000
241.000	4.000
242.000	7.000
243.000	7.000
244.000	8.000
245.000	6.000
246.000	7.000
247.000	9.000
248.000	6.000
249.000	7.000
250.000	14.000
251.000	6.000
252.000	5.000
253.000	3.000
254.000	6.000
255.000	4.000
256.000	1.000
257.000	3.000
258.000	8.000
259.000	4.000
260.000	7.000
261.000	3.000
262.000	3.000
263.000	0.000
264.000	3.000
265.000	0.000
266.000	4.000
267.000	3.000
268.000	4.000
269.000	8.000
270.000	5.000
271.000	7.000
272.000	5.000
273.000	3.000
274.000	2.000
275.000	4.000
276.000	6.000
277.000	9.000
278.000	3.000
279.000	2.000
280.000	4.000
281.000	10.000
282.000	4.000
283.000	4.000
284.000	4.000
285.000	5.000
286.000	6.000
287.000	5.000
288.000	1.000
289.000	5.000
290.000	4.000
291.000	4.000
292.000	6.000
293.000	8.000
294.000	10.000
295.000	8.000
296.000	7.000
297.000	6.000
298.000	6.000
299.000	8.000
300.000	3.000
301.000	6.000
302.000	5.000
303.000	6.000
304.000	3.000
305.000	5.000
306.000	7.000
307.000	5.000
308.000	8.000
309.000	6.000
310.000	11.000
311.000	8.000
312.000	8.000
313.000	6.000
314.000	5.000
315.000	8.000
316.000	10.000
317.000	8.000
318.000	15.000
319.000	16.000
320.000	19.000
321.000	15.000
322.000	30.000
323.000	42.000
324.000	25.000
325.000	26.000
326.000	24.000
327.000	17.000
328.000	13.000
329.000	10.000
330.000	7.000
331.000	7.000
332.000	5.000
333.000	11.000
334.000	10.000
335.000	2.000
336.000	8.000
337.000	12.000
338.000	13.000
339.000	12.000
340.000	7.000
341.000	15.000
342.000	28.000
343.000	60.000
344.000	109.000
345.000	159.000
346.000	224.000
347.000	337.000
348.000	401.000
349.000	476.000
350.000	551.000
351.000	548.000
352.000	526.000
353.000	418.000
354.000	324.000
355.000	248.000
356.000	183.000
357.000	100.000
358.000	53.000
359.000	51.000
360.000	25.000
361.000	15.000
362.000	8.000
363.000	12.000
364.000	5.000
365.000	8.000
366.000	18.000
367.000	13.000
368.000	9.000
369.000	11.000
370.000	15.000
371.000	12.000
372.000	11.000
373.000	19.000
374.000	12.000
375.000	15.000
376.000	16.000
377.000	16.000
378.000	21.000
379.000	25.000
380.000	30.000
381.000	42.000
382.000	56.000
383.000	65.000
384.000	87.000
385.000	81.000
386.000	97.000
387.000	108.000
388.000	90.000
389.000	82.000
390.000	70.000
391.000	52.000
392.000	37.000
393.000	26.000
394.000	21.000
395.000	18.000
396.000	12.000
397.000	18.000
398.000	14.000
399.000	13.000
400.000	11.000
401.000	9.000
402.000	15.000
403.000	15.000
404.000	23.000
405.000	12.000
406.000	9.000
407.000	15.000
408.000	6.000
409.000	15.000
410.000	21.000
411.000	13.000
412.000	16.000
413.000	14.000
414.000	14.000
415.000	8.000
416.000	18.000
417.000	14.000
418.000	16.000
419.000	16.000
420.000	12.000
421.000	18.000
422.000	18.000
423.000	26.000
424.000	18.000
425.000	24.000
426.000	14.000
427.000	18.000
428.000	14.000
429.000	21.000
430.000	24.000
431.000	21.000
432.000	13.000
433.000	16.000
434.000	22.000
435.000	17.000
436.000	24.000
437.000	19.000
438.000	28.000
439.000	27.000
440.000	20.000
441.000	23.000
442.000	26.000
443.000	15.000
444.000	24.000
445.000	18.000
446.000	25.000
447.000	23.000
448.000	23.000
449.000	21.000
450.000	24.000
451.000	20.000
452.000	37.000
453.000	31.000
454.000	21.000
455.000	28.000
456.000	25.000
457.000	27.000
458.000	34.000
459.000	34.000
460.000	26.000
461.000	37.000
462.000	26.000
463.000	34.000
464.000	31.000
465.000	41.000
466.000	24.000
467.000	30.000
468.000	37.000
469.000	33.000
470.000	29.000
471.000	22.000
472.000	32.000
473.000	44.000
474.000	36.000
475.000	35.000
476.000	31.000
477.000	35.000
478.000	24.000
479.000	40.000
480.000	43.000
481.000	39.000
482.000	38.000
483.000	33.000
484.000	39.000
485.000	35.000
486.000	33.000
487.000	39.000
488.000	39.000
489.000	30.000
490.000	42.000
491.000	35.000
492.000	34.000
493.000	32.000
494.000	35.000
495.000	33.000
496.000	35.000
497.000	39.000
498.000	46.000
499.000	42.000
500.000	40.000
501.000	44.000
502.000	50.000
503.000	33.000
504.000	41.000
505.000	39.000
506.000	49.000
507.000	46.000
508.000	41.000
509.000	44.000
510.000	44.000
511.000	49.000
512.000	48.000
513.000	50.000
514.000	45.000
515.000	44.000
516.000	42.000
517.000	52.000
518.000	36.000
519.000	41.000
520.000	41.000
521.000	53.000
522.000	63.000
523.000	61.000
524.000	61.000
525.000	52.000
526.000	51.000
527.000	54.000
528.000	52.000
529.000	48.000
530.000	64.000
531.000	53.000
532.000	62.000
533.000	53.000
534.000	58.000
535.000	64.000
536.000	53.000
537.000	68.000
538.000	63.000
539.000	68.000
540.000	63.000
541.000	55.000
542.000	59.000
543.000	57.000
544.000	67.000
545.000	65.000
546.000	58.000
547.000	55.000
548.000	55.000
549.000	61.000
550.000	82.000
551.000	75.000
552.000	61.000
553.000	66.000
554.000	59.000
555.000	78.000
556.000	60.000
557.000	55.000
558.000	80.000
559.000	68.000
560.000	72.000
561.000	92.000
562.000	77.000
563.000	71.000
564.000	67.000
565.000	84.000
566.000	71.000
567.000	86.000
568.000	72.000
569.000	83.000
570.000	67.000
571.000	86.000
572.000	82.000
573.000	79.000
574.000	67.000
575.000	88.000
576.000	94.000
577.000	79.000
578.000	88.000
579.000	80.000
580.000	94.000
581.000	79.000
582.000	86.000
583.000	85.000
584.000	94.000
585.000	77.000
586.000	95.000
587.000	80.000
588.000	95.000
589.000	95.000
590.000	93.000
591.000	96.000
592.000	99.000
593.000	89.000
594.000	96.000
595.000	109.000
596.000	117.000
597.000	106.000
598.000	93.000
599.000	105.000
600.000	113.000
601.000	96.000
602.000	103.000
603.000	112.000
604.000	97.000
605.000	118.000
606.000	131.000
607.000	109.000
608.000	106.000
609.000	112.000
610.000	108.000
611.000	101.000
612.000	125.000
613.000	120.000
614.000	94.000
615.000	105.000
616.000	105.000
617.000	92.000
618.000	120.000
619.000	104.000
620.000	111.000
621.000	124.000
622.000	139.000
623.000	137.000
624.000	134.000
625.000	109.000
626.000	113.000
627.000	107.000
628.000	143.000
629.000	117.000
630.000	126.000
631.000	130.000
632.000	131.000
633.000	126.000
634.000	138.000
635.000	121.000
636.000	139.000
637.000	130.000
638.000	129.000
639.000	145.000
640.000	137.000
641.000	138.000
642.000	143.000
643.000	127.000
644.000	136.000
645.000	147.000
646.000	144.000
647.000	131.000
648.000	129.000
649.000	160.000
650.000	150.000
651.000	155.000
652.000	153.000
653.000	143.000
654.000	164.000
655.000	173.000
656.000	154.000
657.000	150.000
658.000	156.000
659.000	140.000
660.000	172.000
661.000	157.000
662.000	158.000
663.000	178.000
664.000	141.000
665.000	155.000
666.000	145.000
667.000	177.000
668.000	141.000
669.000	159.000
670.000	154.000
671.000	173.000
672.000	183.000
673.000	168.000
674.000	166.000
675.000	165.000
676.000	171.000
677.000	163.000
678.000	146.000
679.000	168.000
680.000	172.000
681.000	177.000
682.000	168.000
683.000	174.000
684.000	160.000
685.000	170.000
686.000	188.000
687.000	162.000
688.000	183.000
689.000	174.000
690.000	180.000
691.000	177.000
692.000	182.000
693.000	192.000
694.000	185.000
695.000	176.000
696.000	180.000
697.000	158.000
698.000	179.000
699.000	173.000
700.000	184.000
701.000	221.000
702.000	188.000
703.000	200.000
704.000	196.000
705.000	203.000
706.000	199.000
707.000	191.000
708.000	187.000
709.000	220.000
710.000	209.000
711.000	179.000
712.000	183.000
713.000	201.000
714.000	187.000
715.000	189.000
716.000	176.000
717.000	197.000
718.000	193.000
719.000	186.000
720.000	197.000
721.000	192.000
722.000	212.000
723.000	198.000
724.000	213.000
725.000	203.000
726.000	219.000
727.000	217.000
728.000	217.000
729.000	242.000
730.000	236.000
731.000	211.000
732.000	223.000
733.000	231.000
734.000	218.000
735.000	184.000
736.000	208.000
737.000	245.000
738.000	246.000
739.000	235.000
740.000	240.000
741.000	223.000
742.000	246.000
743.000	233.000
744.000	209.000
745.000	205.000
746.000	221.000
747.000	221.000
748.000	224.000
749.000	190.000
750.000	222.000
751.000	226.000
752.000	219.000
753.000	186.000
754.000	223.000
755.000	191.000
756.000	246.000
757.000	216.000
758.000	216.000
759.000	223.000
760.000	239.000
761.000	244.000
762.000	211.000
763.000	211.000
764.000	238.000
765.000	225.000
766.000	218.000
767.000	216.000
768.000	290.000
769.000	256.000
770.000	261.000
771.000	275.000
772.000	262.000
773.000	271.000
774.000	263.000
775.000	263.000
776.000	259.000
777.000	264.000
778.000	256.000
779.000	254.000
780.000	249.000
781.000	261.000
782.000	237.000
783.000	234.000
784.000	243.000
785.000	247.000
786.000	230.000
787.000	237.000
788.000	240.000
789.000	243.000
790.000	272.000
791.000	250.000
792.000	233.000
793.000	248.000
794.000	232.000
795.000	245.000
796.000	249.000
797.000	255.000
798.000	258.000
799.000	233.000
800.000	230.000
801.000	252.000
802.000	274.000
803.000	267.000
804.000	264.000
805.000	265.000
806.000	233.000
807.000	255.000
808.000	232.000
809.000	263.000
810.000	264.000
811.000	241.000
812.000	272.000
813.000	287.000
814.000	281.000
815.000	277.000
816.000	263.000
817.000	269.000
818.000	289.000
819.000	278.000
820.000	277.000
821.000	278.000
822.000	283.000
823.000	255.000
824.000	284.000
825.000	278.000
826.000	250.000
827.000	288.000
828.000	291.000
829.000	302.000
830.000	286.000
831.000	293.000
832.000	278.000
833.000	279.000
834.000	280.000
835.000	293.000
836.000	275.000
837.000	298.000
838.000	320.000
839.000	323.000
840.000	323.000
841.000	295.000
842.000	283.000
843.000	302.000
844.000	287.000
845.000	306.000
846.000	304.000
847.000	312.000
848.000	329.000
849.000	308.000
850.000	321.000
851.000	325.000
852.000	343.000
853.000	335.000
854.000	310.000
855.000	341.000
856.000	327.000
857.000	298.000
858.000	314.000
859.000	357.000
860.000	336.000
861.000	350.000
862.000	332.000
863.000	376.000
864.000	390.000
865.000	408.000
866.000	403.000
867.000	379.000
868.000	405.000
869.000	409.000
870.000	412.000
871.000	448.000
872.000	408.000
873.000	440.000
874.000	454.000
875.000	493.000
876.000	503.000
877.000	509.000
878.000	572.000
879.000	598.000
880.000	621.000
881.000	709.000
882.000	670.000
883.000	751.000
884.000	768.000
885.000	798.000
886.000	901.000
887.000	882.000
888.000	987.000
889.000	953.000
890.000	1061.000
891.000	1073.000
892.000	1152.000
893.000	1219.000
894.000	1311.000
895.000	1284.000
896.000	1332.000
897.000	1353.000
898.000	1398.000
899.000	1341.000
900.000	1366.000
901.000	1340.000
902.000	1369.000
903.000	1295.000
904.000	1365.000
905.000	1328.000
906.000	1258.000
907.000	1199.000
908.000	1241.000
909.000	1041.000
910.000	1019.000
911.000	1069.000
912.000	957.000
913.000	930.000
914.000	801.000
915.000	812.000
916.000	758.000
917.000	714.000
918.000	704.000
919.000	627.000
920.000	557.000
921.000	539.000
922.000	548.000
923.000	517.000
924.000	434.000
925.000	459.000
926.000	428.000
927.000	421.000
928.000	396.000
929.000	368.000
930.000	373.000
931.000	380.000
932.000	355.000
933.000	340.000
934.000	342.000
935.000	358.000
936.000	295.000
937.000	333.000
938.000	343.000
939.000	343.000
940.000	384.000
941.000	388.000
942.000	396.000
943.000	410.000
944.000	474.000
945.000	523.000
946.000	507.000
947.000	597.000
948.000	575.000
949.000	655.000
950.000	691.000
951.000	716.000
952.000	725.000
953.000	785.000
954.000	725.000
955.000	721.000
956.000	736.000
957.000	659.000
958.000	643.000
959.000	571.000
960.000	536.000
961.000	498.000
962.000	433.000
963.000	357.000
964.000	364.000
965.000	331.000
966.000	308.000
967.000	298.000
968.000	275.000
969.000	295.000
970.000	292.000
971.000	270.000
972.000	304.000
973.000	287.000
974.000	268.000
975.000	280.000
976.000	273.000
977.000	267.000
978.000	302.000
979.000	273.000
980.000	277.000
981.000	305.000
982.000	260.000
983.000	300.000
984.000	278.000
985.000	301.000
986.000	319.000
987.000	304.000
988.000	347.000
989.000	329.000
990.000	355.000
991.000	363.000
992.000	343.000
993.000	364.000
994.000	364.000
995.000	366.000
996.000	376.000
997.000	401.000
998.000	383.000
999.000	388.000
1000.000	438.000
1001.000	426.000
1002.000	425.000
1003.000	427.000
1004.000	404.000
1005.000	395.000
1006.000	418.000
1007.000	391.000
1008.000	397.000
1009.000	407.000
1010.000	392.000
1011.000	376.000
1012.000	365.000
1013.000	327.000
1014.000	374.000
1015.000	373.000
1016.000	314.000
1017.000	320.000
1018.000	325.000
1019.000	312.000
1020.000	294.000
1021.000	292.000
1022.000	276.000
1023.000	271.000
1024.000	249.000
