Date:	8/19/2008		Time:	8:46 AM		Version no:	0.00		Project name:	55		Sample name:	222		Section name:	section		Position	120.039995	mm	E0	0.000000	keV	E1	1.000000	keV/channel	sample surface	7.460412	cm	Tube anode:	Mo		Tube voltage:	30	kV	Tube current:	50	mA	gain	20		std. database			resultfile	result		matrix element	11		sample thickness	1.000000		air passage	0.560000	cm	comments	not in position		peaking_time	3.000000	m-sec	trigger_threshold	1229.166667	V	mca_bin_width	22.090000	no:	number_mca_channels	1024.000000	no:	gap_time	0.400000	m-sec	trigger_peaking_time	0.150000	m-sec	GAINDAC	9455		HIGHGAIN	1		TAURC	0		RCTAU	53		RCTAUFRAC	32768		livetime	9.715879	seconds	runtime	10.000503	seconds	input_count_rate	27.372304	cps	output_count_rate	21.030542	cps	triggers	265946	seconds	events_in_run	210316	seconds	channel	content		1.000	0.000
2.000	0.000
3.000	0.000
4.000	0.000
5.000	0.000
6.000	0.000
7.000	0.000
8.000	0.000
9.000	0.000
10.000	0.000
11.000	0.000
12.000	0.000
13.000	0.000
14.000	0.000
15.000	0.000
16.000	0.000
17.000	0.000
18.000	0.000
19.000	0.000
20.000	0.000
21.000	0.000
22.000	0.000
23.000	0.000
24.000	0.000
25.000	0.000
26.000	0.000
27.000	0.000
28.000	0.000
29.000	0.000
30.000	0.000
31.000	1.000
32.000	0.000
33.000	2.000
34.000	1.000
35.000	2.000
36.000	0.000
37.000	1.000
38.000	1.000
39.000	1.000
40.000	3.000
41.000	2.000
42.000	4.000
43.000	3.000
44.000	5.000
45.000	8.000
46.000	6.000
47.000	7.000
48.000	6.000
49.000	8.000
50.000	13.000
51.000	9.000
52.000	12.000
53.000	9.000
54.000	7.000
55.000	7.000
56.000	13.000
57.000	9.000
58.000	9.000
59.000	12.000
60.000	11.000
61.000	15.000
62.000	7.000
63.000	16.000
64.000	13.000
65.000	12.000
66.000	12.000
67.000	7.000
68.000	16.000
69.000	10.000
70.000	5.000
71.000	4.000
72.000	14.000
73.000	15.000
74.000	5.000
75.000	13.000
76.000	10.000
77.000	13.000
78.000	7.000
79.000	8.000
80.000	10.000
81.000	9.000
82.000	6.000
83.000	4.000
84.000	11.000
85.000	7.000
86.000	12.000
87.000	7.000
88.000	2.000
89.000	12.000
90.000	7.000
91.000	9.000
92.000	10.000
93.000	7.000
94.000	10.000
95.000	3.000
96.000	12.000
97.000	9.000
98.000	5.000
99.000	8.000
100.000	7.000
101.000	4.000
102.000	7.000
103.000	11.000
104.000	11.000
105.000	7.000
106.000	9.000
107.000	9.000
108.000	4.000
109.000	6.000
110.000	3.000
111.000	8.000
112.000	3.000
113.000	7.000
114.000	8.000
115.000	5.000
116.000	7.000
117.000	6.000
118.000	3.000
119.000	6.000
120.000	5.000
121.000	6.000
122.000	6.000
123.000	3.000
124.000	9.000
125.000	10.000
126.000	6.000
127.000	9.000
128.000	10.000
129.000	12.000
130.000	8.000
131.000	9.000
132.000	8.000
133.000	9.000
134.000	6.000
135.000	2.000
136.000	7.000
137.000	5.000
138.000	7.000
139.000	4.000
140.000	8.000
141.000	6.000
142.000	3.000
143.000	7.000
144.000	2.000
145.000	3.000
146.000	1.000
147.000	5.000
148.000	3.000
149.000	8.000
150.000	4.000
151.000	2.000
152.000	4.000
153.000	5.000
154.000	5.000
155.000	8.000
156.000	3.000
157.000	7.000
158.000	6.000
159.000	5.000
160.000	11.000
161.000	11.000
162.000	8.000
163.000	10.000
164.000	8.000
165.000	1.000
166.000	5.000
167.000	3.000
168.000	10.000
169.000	5.000
170.000	3.000
171.000	3.000
172.000	1.000
173.000	2.000
174.000	3.000
175.000	5.000
176.000	3.000
177.000	5.000
178.000	4.000
179.000	7.000
180.000	4.000
181.000	6.000
182.000	9.000
183.000	11.000
184.000	8.000
185.000	7.000
186.000	2.000
187.000	7.000
188.000	3.000
189.000	6.000
190.000	1.000
191.000	2.000
192.000	5.000
193.000	2.000
194.000	0.000
195.000	1.000
196.000	3.000
197.000	8.000
198.000	8.000
199.000	11.000
200.000	15.000
201.000	7.000
202.000	22.000
203.000	16.000
204.000	13.000
205.000	14.000
206.000	14.000
207.000	8.000
208.000	4.000
209.000	3.000
210.000	3.000
211.000	2.000
212.000	2.000
213.000	2.000
214.000	3.000
215.000	6.000
216.000	2.000
217.000	4.000
218.000	4.000
219.000	5.000
220.000	8.000
221.000	6.000
222.000	5.000
223.000	6.000
224.000	5.000
225.000	2.000
226.000	4.000
227.000	0.000
228.000	4.000
229.000	3.000
230.000	2.000
231.000	4.000
232.000	4.000
233.000	6.000
234.000	1.000
235.000	6.000
236.000	7.000
237.000	4.000
238.000	2.000
239.000	1.000
240.000	2.000
241.000	6.000
242.000	3.000
243.000	4.000
244.000	5.000
245.000	7.000
246.000	9.000
247.000	9.000
248.000	12.000
249.000	8.000
250.000	3.000
251.000	11.000
252.000	4.000
253.000	11.000
254.000	10.000
255.000	6.000
256.000	3.000
257.000	9.000
258.000	5.000
259.000	4.000
260.000	3.000
261.000	4.000
262.000	11.000
263.000	4.000
264.000	6.000
265.000	4.000
266.000	3.000
267.000	3.000
268.000	4.000
269.000	4.000
270.000	6.000
271.000	3.000
272.000	9.000
273.000	2.000
274.000	2.000
275.000	5.000
276.000	5.000
277.000	5.000
278.000	1.000
279.000	5.000
280.000	5.000
281.000	6.000
282.000	4.000
283.000	7.000
284.000	3.000
285.000	4.000
286.000	1.000
287.000	2.000
288.000	3.000
289.000	7.000
290.000	5.000
291.000	2.000
292.000	8.000
293.000	7.000
294.000	7.000
295.000	2.000
296.000	4.000
297.000	3.000
298.000	7.000
299.000	1.000
300.000	5.000
301.000	5.000
302.000	5.000
303.000	4.000
304.000	4.000
305.000	6.000
306.000	3.000
307.000	4.000
308.000	4.000
309.000	5.000
310.000	4.000
311.000	9.000
312.000	6.000
313.000	5.000
314.000	11.000
315.000	7.000
316.000	3.000
317.000	14.000
318.000	22.000
319.000	26.000
320.000	25.000
321.000	32.000
322.000	37.000
323.000	29.000
324.000	31.000
325.000	19.000
326.000	28.000
327.000	26.000
328.000	15.000
329.000	18.000
330.000	6.000
331.000	7.000
332.000	8.000
333.000	6.000
334.000	10.000
335.000	5.000
336.000	5.000
337.000	5.000
338.000	8.000
339.000	10.000
340.000	14.000
341.000	28.000
342.000	45.000
343.000	78.000
344.000	102.000
345.000	184.000
346.000	247.000
347.000	366.000
348.000	494.000
349.000	515.000
350.000	616.000
351.000	624.000
352.000	551.000
353.000	506.000
354.000	381.000
355.000	297.000
356.000	218.000
357.000	132.000
358.000	72.000
359.000	43.000
360.000	33.000
361.000	19.000
362.000	13.000
363.000	12.000
364.000	10.000
365.000	12.000
366.000	12.000
367.000	13.000
368.000	13.000
369.000	16.000
370.000	14.000
371.000	11.000
372.000	13.000
373.000	14.000
374.000	18.000
375.000	15.000
376.000	16.000
377.000	17.000
378.000	19.000
379.000	25.000
380.000	41.000
381.000	65.000
382.000	74.000
383.000	89.000
384.000	105.000
385.000	115.000
386.000	124.000
387.000	125.000
388.000	124.000
389.000	98.000
390.000	71.000
391.000	65.000
392.000	44.000
393.000	40.000
394.000	27.000
395.000	21.000
396.000	16.000
397.000	21.000
398.000	14.000
399.000	13.000
400.000	11.000
401.000	7.000
402.000	12.000
403.000	17.000
404.000	21.000
405.000	17.000
406.000	20.000
407.000	16.000
408.000	17.000
409.000	24.000
410.000	21.000
411.000	20.000
412.000	12.000
413.000	15.000
414.000	12.000
415.000	16.000
416.000	17.000
417.000	20.000
418.000	18.000
419.000	20.000
420.000	16.000
421.000	21.000
422.000	14.000
423.000	21.000
424.000	24.000
425.000	28.000
426.000	20.000
427.000	15.000
428.000	15.000
429.000	21.000
430.000	28.000
431.000	23.000
432.000	28.000
433.000	29.000
434.000	30.000
435.000	27.000
436.000	29.000
437.000	37.000
438.000	34.000
439.000	24.000
440.000	33.000
441.000	27.000
442.000	32.000
443.000	31.000
444.000	25.000
445.000	24.000
446.000	22.000
447.000	21.000
448.000	21.000
449.000	36.000
450.000	36.000
451.000	32.000
452.000	35.000
453.000	30.000
454.000	36.000
455.000	36.000
456.000	29.000
457.000	28.000
458.000	31.000
459.000	32.000
460.000	31.000
461.000	46.000
462.000	28.000
463.000	33.000
464.000	32.000
465.000	34.000
466.000	39.000
467.000	32.000
468.000	46.000
469.000	42.000
470.000	41.000
471.000	35.000
472.000	48.000
473.000	41.000
474.000	37.000
475.000	39.000
476.000	36.000
477.000	45.000
478.000	37.000
479.000	41.000
480.000	47.000
481.000	46.000
482.000	39.000
483.000	34.000
484.000	44.000
485.000	43.000
486.000	39.000
487.000	48.000
488.000	37.000
489.000	51.000
490.000	40.000
491.000	41.000
492.000	38.000
493.000	54.000
494.000	46.000
495.000	46.000
496.000	55.000
497.000	51.000
498.000	60.000
499.000	51.000
500.000	59.000
501.000	58.000
502.000	44.000
503.000	50.000
504.000	65.000
505.000	51.000
506.000	57.000
507.000	46.000
508.000	57.000
509.000	51.000
510.000	59.000
511.000	57.000
512.000	62.000
513.000	59.000
514.000	49.000
515.000	66.000
516.000	62.000
517.000	72.000
518.000	44.000
519.000	66.000
520.000	77.000
521.000	72.000
522.000	80.000
523.000	82.000
524.000	56.000
525.000	73.000
526.000	79.000
527.000	82.000
528.000	89.000
529.000	76.000
530.000	73.000
531.000	71.000
532.000	87.000
533.000	75.000
534.000	71.000
535.000	84.000
536.000	74.000
537.000	83.000
538.000	72.000
539.000	75.000
540.000	70.000
541.000	70.000
542.000	58.000
543.000	90.000
544.000	77.000
545.000	95.000
546.000	73.000
547.000	75.000
548.000	100.000
549.000	78.000
550.000	74.000
551.000	88.000
552.000	93.000
553.000	91.000
554.000	82.000
555.000	78.000
556.000	95.000
557.000	105.000
558.000	101.000
559.000	66.000
560.000	104.000
561.000	110.000
562.000	98.000
563.000	90.000
564.000	81.000
565.000	94.000
566.000	101.000
567.000	100.000
568.000	95.000
569.000	96.000
570.000	110.000
571.000	92.000
572.000	108.000
573.000	116.000
574.000	121.000
575.000	96.000
576.000	89.000
577.000	108.000
578.000	98.000
579.000	92.000
580.000	115.000
581.000	115.000
582.000	135.000
583.000	96.000
584.000	111.000
585.000	135.000
586.000	118.000
587.000	103.000
588.000	116.000
589.000	123.000
590.000	120.000
591.000	138.000
592.000	103.000
593.000	107.000
594.000	123.000
595.000	120.000
596.000	106.000
597.000	110.000
598.000	113.000
599.000	107.000
600.000	126.000
601.000	117.000
602.000	131.000
603.000	132.000
604.000	99.000
605.000	140.000
606.000	124.000
607.000	118.000
608.000	109.000
609.000	160.000
610.000	148.000
611.000	141.000
612.000	128.000
613.000	129.000
614.000	146.000
615.000	140.000
616.000	134.000
617.000	153.000
618.000	137.000
619.000	142.000
620.000	141.000
621.000	141.000
622.000	156.000
623.000	135.000
624.000	125.000
625.000	176.000
626.000	157.000
627.000	143.000
628.000	153.000
629.000	142.000
630.000	142.000
631.000	169.000
632.000	170.000
633.000	150.000
634.000	167.000
635.000	160.000
636.000	172.000
637.000	158.000
638.000	161.000
639.000	158.000
640.000	176.000
641.000	146.000
642.000	149.000
643.000	172.000
644.000	171.000
645.000	183.000
646.000	187.000
647.000	199.000
648.000	191.000
649.000	171.000
650.000	184.000
651.000	182.000
652.000	167.000
653.000	186.000
654.000	182.000
655.000	194.000
656.000	197.000
657.000	178.000
658.000	173.000
659.000	181.000
660.000	173.000
661.000	194.000
662.000	200.000
663.000	155.000
664.000	182.000
665.000	194.000
666.000	182.000
667.000	185.000
668.000	171.000
669.000	181.000
670.000	192.000
671.000	192.000
672.000	166.000
673.000	168.000
674.000	198.000
675.000	188.000
676.000	193.000
677.000	186.000
678.000	203.000
679.000	208.000
680.000	198.000
681.000	197.000
682.000	189.000
683.000	189.000
684.000	202.000
685.000	201.000
686.000	208.000
687.000	206.000
688.000	221.000
689.000	218.000
690.000	207.000
691.000	197.000
692.000	201.000
693.000	203.000
694.000	220.000
695.000	231.000
696.000	219.000
697.000	203.000
698.000	201.000
699.000	214.000
700.000	195.000
701.000	226.000
702.000	226.000
703.000	208.000
704.000	218.000
705.000	213.000
706.000	207.000
707.000	227.000
708.000	221.000
709.000	198.000
710.000	215.000
711.000	218.000
712.000	228.000
713.000	208.000
714.000	245.000
715.000	202.000
716.000	218.000
717.000	231.000
718.000	233.000
719.000	251.000
720.000	218.000
721.000	235.000
722.000	217.000
723.000	231.000
724.000	236.000
725.000	250.000
726.000	224.000
727.000	256.000
728.000	220.000
729.000	228.000
730.000	241.000
731.000	236.000
732.000	259.000
733.000	246.000
734.000	235.000
735.000	247.000
736.000	253.000
737.000	242.000
738.000	215.000
739.000	245.000
740.000	228.000
741.000	260.000
742.000	261.000
743.000	244.000
744.000	230.000
745.000	210.000
746.000	242.000
747.000	248.000
748.000	262.000
749.000	257.000
750.000	283.000
751.000	244.000
752.000	250.000
753.000	238.000
754.000	259.000
755.000	256.000
756.000	237.000
757.000	268.000
758.000	238.000
759.000	234.000
760.000	264.000
761.000	244.000
762.000	273.000
763.000	267.000
764.000	268.000
765.000	266.000
766.000	233.000
767.000	283.000
768.000	272.000
769.000	282.000
770.000	267.000
771.000	283.000
772.000	290.000
773.000	304.000
774.000	281.000
775.000	253.000
776.000	287.000
777.000	296.000
778.000	279.000
779.000	285.000
780.000	288.000
781.000	280.000
782.000	223.000
783.000	276.000
784.000	279.000
785.000	295.000
786.000	285.000
787.000	300.000
788.000	286.000
789.000	289.000
790.000	237.000
791.000	267.000
792.000	280.000
793.000	271.000
794.000	278.000
795.000	266.000
796.000	278.000
797.000	276.000
798.000	267.000
799.000	252.000
800.000	272.000
801.000	276.000
802.000	267.000
803.000	254.000
804.000	272.000
805.000	282.000
806.000	288.000
807.000	287.000
808.000	283.000
809.000	268.000
810.000	301.000
811.000	283.000
812.000	290.000
813.000	298.000
814.000	267.000
815.000	291.000
816.000	303.000
817.000	302.000
818.000	269.000
819.000	269.000
820.000	313.000
821.000	296.000
822.000	292.000
823.000	288.000
824.000	317.000
825.000	301.000
826.000	297.000
827.000	300.000
828.000	301.000
829.000	295.000
830.000	281.000
831.000	291.000
832.000	326.000
833.000	283.000
834.000	325.000
835.000	284.000
836.000	299.000
837.000	341.000
838.000	311.000
839.000	337.000
840.000	328.000
841.000	312.000
842.000	307.000
843.000	294.000
844.000	327.000
845.000	314.000
846.000	336.000
847.000	318.000
848.000	343.000
849.000	358.000
850.000	320.000
851.000	337.000
852.000	341.000
853.000	323.000
854.000	363.000
855.000	372.000
856.000	363.000
857.000	305.000
858.000	319.000
859.000	355.000
860.000	384.000
861.000	398.000
862.000	378.000
863.000	374.000
864.000	384.000
865.000	391.000
866.000	400.000
867.000	426.000
868.000	414.000
869.000	432.000
870.000	394.000
871.000	461.000
872.000	462.000
873.000	480.000
874.000	506.000
875.000	506.000
876.000	535.000
877.000	554.000
878.000	582.000
879.000	585.000
880.000	638.000
881.000	652.000
882.000	731.000
883.000	808.000
884.000	800.000
885.000	870.000
886.000	889.000
887.000	932.000
888.000	1029.000
889.000	1082.000
890.000	1157.000
891.000	1159.000
892.000	1233.000
893.000	1295.000
894.000	1319.000
895.000	1421.000
896.000	1413.000
897.000	1430.000
898.000	1498.000
899.000	1396.000
900.000	1486.000
901.000	1527.000
902.000	1459.000
903.000	1461.000
904.000	1342.000
905.000	1314.000
906.000	1329.000
907.000	1267.000
908.000	1193.000
909.000	1156.000
910.000	1150.000
911.000	1050.000
912.000	1024.000
913.000	973.000
914.000	925.000
915.000	836.000
916.000	793.000
917.000	744.000
918.000	677.000
919.000	598.000
920.000	640.000
921.000	597.000
922.000	549.000
923.000	529.000
924.000	532.000
925.000	487.000
926.000	515.000
927.000	442.000
928.000	412.000
929.000	386.000
930.000	383.000
931.000	385.000
932.000	330.000
933.000	367.000
934.000	363.000
935.000	353.000
936.000	316.000
937.000	359.000
938.000	364.000
939.000	378.000
940.000	381.000
941.000	399.000
942.000	403.000
943.000	448.000
944.000	478.000
945.000	498.000
946.000	534.000
947.000	636.000
948.000	582.000
949.000	603.000
950.000	756.000
951.000	736.000
952.000	761.000
953.000	824.000
954.000	775.000
955.000	693.000
956.000	723.000
957.000	687.000
958.000	641.000
959.000	562.000
960.000	540.000
961.000	489.000
962.000	423.000
963.000	406.000
964.000	360.000
965.000	318.000
966.000	326.000
967.000	324.000
968.000	286.000
969.000	271.000
970.000	274.000
971.000	322.000
972.000	284.000
973.000	300.000
974.000	285.000
975.000	287.000
976.000	278.000
977.000	269.000
978.000	308.000
979.000	284.000
980.000	305.000
981.000	272.000
982.000	340.000
983.000	287.000
984.000	322.000
985.000	315.000
986.000	342.000
987.000	330.000
988.000	335.000
989.000	357.000
990.000	368.000
991.000	360.000
992.000	353.000
993.000	377.000
994.000	376.000
995.000	364.000
996.000	411.000
997.000	410.000
998.000	458.000
999.000	441.000
1000.000	412.000
1001.000	421.000
1002.000	402.000
1003.000	443.000
1004.000	400.000
1005.000	436.000
1006.000	400.000
1007.000	451.000
1008.000	395.000
1009.000	398.000
1010.000	390.000
1011.000	413.000
1012.000	415.000
1013.000	382.000
1014.000	370.000
1015.000	347.000
1016.000	327.000
1017.000	318.000
1018.000	336.000
1019.000	293.000
1020.000	343.000
1021.000	281.000
1022.000	292.000
1023.000	297.000
1024.000	254.000
