Date:	8/19/2008		Time:	10:05 AM		Version no:	0.00		Project name:	55		Sample name:	222		Section name:	section		Position	950.039995	mm	E0	0.000000	keV	E1	1.000000	keV/channel	sample surface	7.763194	cm	Tube anode:	Mo		Tube voltage:	30	kV	Tube current:	50	mA	gain	20		std. database			resultfile	result		matrix element	11		sample thickness	1.000000		air passage	0.560000	cm	comments	not in position		peaking_time	3.000000	m-sec	trigger_threshold	1229.166667	V	mca_bin_width	22.090000	no:	number_mca_channels	1024.000000	no:	gap_time	0.400000	m-sec	trigger_peaking_time	0.150000	m-sec	GAINDAC	9455		HIGHGAIN	1		TAURC	0		RCTAU	53		RCTAUFRAC	32768		livetime	9.735215	seconds	runtime	10.000502	seconds	input_count_rate	24.955997	cps	output_count_rate	19.538120	cps	triggers	242952	seconds	events_in_run	195391	seconds	channel	content		1.000	0.000
2.000	0.000
3.000	0.000
4.000	0.000
5.000	0.000
6.000	0.000
7.000	0.000
8.000	0.000
9.000	0.000
10.000	0.000
11.000	0.000
12.000	0.000
13.000	0.000
14.000	0.000
15.000	0.000
16.000	0.000
17.000	0.000
18.000	0.000
19.000	0.000
20.000	0.000
21.000	0.000
22.000	0.000
23.000	0.000
24.000	0.000
25.000	0.000
26.000	0.000
27.000	0.000
28.000	0.000
29.000	0.000
30.000	0.000
31.000	0.000
32.000	0.000
33.000	1.000
34.000	1.000
35.000	0.000
36.000	0.000
37.000	1.000
38.000	2.000
39.000	3.000
40.000	1.000
41.000	3.000
42.000	7.000
43.000	2.000
44.000	4.000
45.000	8.000
46.000	10.000
47.000	8.000
48.000	3.000
49.000	9.000
50.000	3.000
51.000	8.000
52.000	11.000
53.000	14.000
54.000	11.000
55.000	4.000
56.000	2.000
57.000	14.000
58.000	19.000
59.000	10.000
60.000	9.000
61.000	10.000
62.000	5.000
63.000	9.000
64.000	8.000
65.000	17.000
66.000	15.000
67.000	9.000
68.000	5.000
69.000	6.000
70.000	10.000
71.000	4.000
72.000	10.000
73.000	8.000
74.000	7.000
75.000	3.000
76.000	8.000
77.000	9.000
78.000	16.000
79.000	6.000
80.000	3.000
81.000	6.000
82.000	8.000
83.000	9.000
84.000	8.000
85.000	7.000
86.000	4.000
87.000	14.000
88.000	4.000
89.000	8.000
90.000	8.000
91.000	6.000
92.000	5.000
93.000	6.000
94.000	8.000
95.000	6.000
96.000	15.000
97.000	7.000
98.000	10.000
99.000	8.000
100.000	5.000
101.000	9.000
102.000	11.000
103.000	6.000
104.000	7.000
105.000	8.000
106.000	16.000
107.000	9.000
108.000	8.000
109.000	7.000
110.000	6.000
111.000	9.000
112.000	9.000
113.000	7.000
114.000	7.000
115.000	6.000
116.000	6.000
117.000	6.000
118.000	6.000
119.000	4.000
120.000	14.000
121.000	9.000
122.000	8.000
123.000	6.000
124.000	11.000
125.000	6.000
126.000	9.000
127.000	8.000
128.000	7.000
129.000	6.000
130.000	10.000
131.000	8.000
132.000	4.000
133.000	5.000
134.000	3.000
135.000	5.000
136.000	5.000
137.000	6.000
138.000	9.000
139.000	8.000
140.000	6.000
141.000	11.000
142.000	4.000
143.000	4.000
144.000	4.000
145.000	5.000
146.000	5.000
147.000	6.000
148.000	5.000
149.000	3.000
150.000	5.000
151.000	2.000
152.000	3.000
153.000	4.000
154.000	3.000
155.000	5.000
156.000	4.000
157.000	5.000
158.000	6.000
159.000	8.000
160.000	9.000
161.000	13.000
162.000	10.000
163.000	11.000
164.000	8.000
165.000	15.000
166.000	8.000
167.000	2.000
168.000	4.000
169.000	1.000
170.000	3.000
171.000	2.000
172.000	3.000
173.000	3.000
174.000	9.000
175.000	6.000
176.000	5.000
177.000	3.000
178.000	5.000
179.000	6.000
180.000	3.000
181.000	6.000
182.000	6.000
183.000	5.000
184.000	5.000
185.000	5.000
186.000	4.000
187.000	5.000
188.000	2.000
189.000	4.000
190.000	8.000
191.000	2.000
192.000	4.000
193.000	1.000
194.000	1.000
195.000	3.000
196.000	7.000
197.000	6.000
198.000	10.000
199.000	12.000
200.000	14.000
201.000	13.000
202.000	18.000
203.000	17.000
204.000	17.000
205.000	7.000
206.000	16.000
207.000	9.000
208.000	7.000
209.000	6.000
210.000	1.000
211.000	3.000
212.000	2.000
213.000	3.000
214.000	2.000
215.000	4.000
216.000	6.000
217.000	4.000
218.000	2.000
219.000	4.000
220.000	11.000
221.000	7.000
222.000	6.000
223.000	1.000
224.000	4.000
225.000	3.000
226.000	2.000
227.000	3.000
228.000	4.000
229.000	2.000
230.000	4.000
231.000	2.000
232.000	3.000
233.000	2.000
234.000	2.000
235.000	2.000
236.000	7.000
237.000	3.000
238.000	2.000
239.000	2.000
240.000	2.000
241.000	4.000
242.000	8.000
243.000	6.000
244.000	8.000
245.000	10.000
246.000	4.000
247.000	12.000
248.000	6.000
249.000	6.000
250.000	9.000
251.000	7.000
252.000	5.000
253.000	2.000
254.000	5.000
255.000	5.000
256.000	8.000
257.000	3.000
258.000	5.000
259.000	4.000
260.000	4.000
261.000	4.000
262.000	4.000
263.000	4.000
264.000	5.000
265.000	3.000
266.000	4.000
267.000	3.000
268.000	4.000
269.000	7.000
270.000	5.000
271.000	4.000
272.000	10.000
273.000	2.000
274.000	7.000
275.000	3.000
276.000	5.000
277.000	7.000
278.000	2.000
279.000	4.000
280.000	1.000
281.000	4.000
282.000	1.000
283.000	5.000
284.000	5.000
285.000	2.000
286.000	7.000
287.000	2.000
288.000	2.000
289.000	3.000
290.000	3.000
291.000	6.000
292.000	7.000
293.000	5.000
294.000	4.000
295.000	5.000
296.000	8.000
297.000	1.000
298.000	9.000
299.000	9.000
300.000	3.000
301.000	3.000
302.000	0.000
303.000	5.000
304.000	7.000
305.000	7.000
306.000	3.000
307.000	3.000
308.000	6.000
309.000	5.000
310.000	4.000
311.000	8.000
312.000	6.000
313.000	7.000
314.000	3.000
315.000	4.000
316.000	6.000
317.000	10.000
318.000	19.000
319.000	19.000
320.000	24.000
321.000	31.000
322.000	38.000
323.000	31.000
324.000	28.000
325.000	35.000
326.000	17.000
327.000	19.000
328.000	15.000
329.000	16.000
330.000	9.000
331.000	10.000
332.000	4.000
333.000	5.000
334.000	6.000
335.000	8.000
336.000	7.000
337.000	10.000
338.000	10.000
339.000	7.000
340.000	17.000
341.000	12.000
342.000	28.000
343.000	43.000
344.000	74.000
345.000	91.000
346.000	127.000
347.000	153.000
348.000	232.000
349.000	253.000
350.000	280.000
351.000	289.000
352.000	277.000
353.000	254.000
354.000	192.000
355.000	165.000
356.000	101.000
357.000	63.000
358.000	41.000
359.000	26.000
360.000	15.000
361.000	10.000
362.000	13.000
363.000	14.000
364.000	10.000
365.000	9.000
366.000	10.000
367.000	6.000
368.000	18.000
369.000	7.000
370.000	11.000
371.000	7.000
372.000	5.000
373.000	15.000
374.000	12.000
375.000	7.000
376.000	13.000
377.000	10.000
378.000	17.000
379.000	19.000
380.000	21.000
381.000	25.000
382.000	38.000
383.000	39.000
384.000	47.000
385.000	54.000
386.000	58.000
387.000	63.000
388.000	57.000
389.000	53.000
390.000	25.000
391.000	35.000
392.000	33.000
393.000	21.000
394.000	18.000
395.000	15.000
396.000	9.000
397.000	18.000
398.000	7.000
399.000	14.000
400.000	18.000
401.000	12.000
402.000	20.000
403.000	15.000
404.000	18.000
405.000	19.000
406.000	12.000
407.000	12.000
408.000	8.000
409.000	13.000
410.000	19.000
411.000	11.000
412.000	8.000
413.000	11.000
414.000	19.000
415.000	10.000
416.000	12.000
417.000	15.000
418.000	14.000
419.000	18.000
420.000	16.000
421.000	14.000
422.000	10.000
423.000	11.000
424.000	16.000
425.000	17.000
426.000	24.000
427.000	16.000
428.000	15.000
429.000	11.000
430.000	23.000
431.000	15.000
432.000	16.000
433.000	19.000
434.000	21.000
435.000	17.000
436.000	16.000
437.000	13.000
438.000	18.000
439.000	29.000
440.000	23.000
441.000	25.000
442.000	24.000
443.000	25.000
444.000	20.000
445.000	25.000
446.000	25.000
447.000	20.000
448.000	28.000
449.000	20.000
450.000	25.000
451.000	22.000
452.000	21.000
453.000	22.000
454.000	19.000
455.000	29.000
456.000	15.000
457.000	31.000
458.000	32.000
459.000	21.000
460.000	21.000
461.000	27.000
462.000	26.000
463.000	19.000
464.000	25.000
465.000	32.000
466.000	31.000
467.000	27.000
468.000	25.000
469.000	25.000
470.000	19.000
471.000	26.000
472.000	29.000
473.000	28.000
474.000	29.000
475.000	29.000
476.000	30.000
477.000	27.000
478.000	25.000
479.000	29.000
480.000	26.000
481.000	39.000
482.000	27.000
483.000	22.000
484.000	29.000
485.000	23.000
486.000	45.000
487.000	38.000
488.000	32.000
489.000	31.000
490.000	44.000
491.000	45.000
492.000	42.000
493.000	30.000
494.000	39.000
495.000	41.000
496.000	31.000
497.000	37.000
498.000	27.000
499.000	31.000
500.000	40.000
501.000	36.000
502.000	49.000
503.000	34.000
504.000	30.000
505.000	42.000
506.000	60.000
507.000	53.000
508.000	54.000
509.000	37.000
510.000	38.000
511.000	42.000
512.000	44.000
513.000	47.000
514.000	45.000
515.000	41.000
516.000	46.000
517.000	39.000
518.000	53.000
519.000	43.000
520.000	46.000
521.000	41.000
522.000	46.000
523.000	55.000
524.000	51.000
525.000	50.000
526.000	48.000
527.000	67.000
528.000	52.000
529.000	55.000
530.000	37.000
531.000	43.000
532.000	52.000
533.000	53.000
534.000	62.000
535.000	69.000
536.000	57.000
537.000	67.000
538.000	58.000
539.000	63.000
540.000	57.000
541.000	53.000
542.000	58.000
543.000	65.000
544.000	57.000
545.000	55.000
546.000	56.000
547.000	57.000
548.000	65.000
549.000	64.000
550.000	63.000
551.000	71.000
552.000	56.000
553.000	62.000
554.000	60.000
555.000	73.000
556.000	67.000
557.000	64.000
558.000	84.000
559.000	68.000
560.000	84.000
561.000	61.000
562.000	75.000
563.000	71.000
564.000	83.000
565.000	47.000
566.000	77.000
567.000	77.000
568.000	65.000
569.000	81.000
570.000	86.000
571.000	95.000
572.000	69.000
573.000	65.000
574.000	77.000
575.000	93.000
576.000	82.000
577.000	75.000
578.000	91.000
579.000	89.000
580.000	64.000
581.000	83.000
582.000	85.000
583.000	98.000
584.000	91.000
585.000	82.000
586.000	70.000
587.000	98.000
588.000	84.000
589.000	99.000
590.000	84.000
591.000	82.000
592.000	89.000
593.000	86.000
594.000	108.000
595.000	101.000
596.000	91.000
597.000	97.000
598.000	79.000
599.000	81.000
600.000	109.000
601.000	99.000
602.000	111.000
603.000	92.000
604.000	85.000
605.000	79.000
606.000	101.000
607.000	99.000
608.000	106.000
609.000	120.000
610.000	110.000
611.000	103.000
612.000	106.000
613.000	103.000
614.000	112.000
615.000	110.000
616.000	108.000
617.000	109.000
618.000	100.000
619.000	102.000
620.000	99.000
621.000	115.000
622.000	109.000
623.000	115.000
624.000	143.000
625.000	107.000
626.000	121.000
627.000	136.000
628.000	115.000
629.000	121.000
630.000	119.000
631.000	105.000
632.000	113.000
633.000	106.000
634.000	135.000
635.000	129.000
636.000	121.000
637.000	139.000
638.000	134.000
639.000	154.000
640.000	139.000
641.000	132.000
642.000	119.000
643.000	134.000
644.000	117.000
645.000	138.000
646.000	150.000
647.000	146.000
648.000	135.000
649.000	165.000
650.000	158.000
651.000	142.000
652.000	172.000
653.000	137.000
654.000	151.000
655.000	128.000
656.000	147.000
657.000	141.000
658.000	150.000
659.000	142.000
660.000	128.000
661.000	150.000
662.000	165.000
663.000	133.000
664.000	136.000
665.000	177.000
666.000	150.000
667.000	141.000
668.000	137.000
669.000	136.000
670.000	153.000
671.000	138.000
672.000	146.000
673.000	168.000
674.000	152.000
675.000	136.000
676.000	159.000
677.000	159.000
678.000	168.000
679.000	155.000
680.000	138.000
681.000	151.000
682.000	162.000
683.000	186.000
684.000	169.000
685.000	181.000
686.000	158.000
687.000	144.000
688.000	180.000
689.000	179.000
690.000	163.000
691.000	154.000
692.000	178.000
693.000	184.000
694.000	194.000
695.000	159.000
696.000	164.000
697.000	164.000
698.000	176.000
699.000	188.000
700.000	188.000
701.000	190.000
702.000	201.000
703.000	190.000
704.000	191.000
705.000	170.000
706.000	202.000
707.000	188.000
708.000	203.000
709.000	183.000
710.000	216.000
711.000	171.000
712.000	183.000
713.000	186.000
714.000	200.000
715.000	200.000
716.000	208.000
717.000	182.000
718.000	207.000
719.000	225.000
720.000	187.000
721.000	210.000
722.000	196.000
723.000	182.000
724.000	226.000
725.000	182.000
726.000	219.000
727.000	239.000
728.000	226.000
729.000	213.000
730.000	199.000
731.000	222.000
732.000	209.000
733.000	236.000
734.000	242.000
735.000	186.000
736.000	224.000
737.000	210.000
738.000	206.000
739.000	186.000
740.000	209.000
741.000	210.000
742.000	214.000
743.000	216.000
744.000	211.000
745.000	204.000
746.000	215.000
747.000	198.000
748.000	203.000
749.000	203.000
750.000	214.000
751.000	207.000
752.000	183.000
753.000	211.000
754.000	231.000
755.000	201.000
756.000	213.000
757.000	233.000
758.000	247.000
759.000	236.000
760.000	230.000
761.000	228.000
762.000	246.000
763.000	236.000
764.000	221.000
765.000	227.000
766.000	262.000
767.000	244.000
768.000	251.000
769.000	274.000
770.000	256.000
771.000	251.000
772.000	263.000
773.000	262.000
774.000	256.000
775.000	256.000
776.000	267.000
777.000	254.000
778.000	246.000
779.000	246.000
780.000	273.000
781.000	256.000
782.000	206.000
783.000	237.000
784.000	244.000
785.000	248.000
786.000	233.000
787.000	268.000
788.000	266.000
789.000	233.000
790.000	241.000
791.000	238.000
792.000	233.000
793.000	231.000
794.000	267.000
795.000	252.000
796.000	265.000
797.000	240.000
798.000	276.000
799.000	265.000
800.000	266.000
801.000	251.000
802.000	242.000
803.000	267.000
804.000	262.000
805.000	244.000
806.000	262.000
807.000	253.000
808.000	315.000
809.000	250.000
810.000	266.000
811.000	242.000
812.000	248.000
813.000	250.000
814.000	286.000
815.000	279.000
816.000	282.000
817.000	283.000
818.000	254.000
819.000	282.000
820.000	247.000
821.000	274.000
822.000	260.000
823.000	279.000
824.000	231.000
825.000	249.000
826.000	258.000
827.000	281.000
828.000	276.000
829.000	288.000
830.000	232.000
831.000	262.000
832.000	306.000
833.000	282.000
834.000	283.000
835.000	279.000
836.000	314.000
837.000	302.000
838.000	278.000
839.000	272.000
840.000	285.000
841.000	286.000
842.000	282.000
843.000	253.000
844.000	300.000
845.000	287.000
846.000	342.000
847.000	301.000
848.000	324.000
849.000	324.000
850.000	317.000
851.000	334.000
852.000	292.000
853.000	341.000
854.000	297.000
855.000	330.000
856.000	346.000
857.000	324.000
858.000	332.000
859.000	324.000
860.000	344.000
861.000	355.000
862.000	329.000
863.000	387.000
864.000	346.000
865.000	391.000
866.000	402.000
867.000	370.000
868.000	404.000
869.000	416.000
870.000	407.000
871.000	426.000
872.000	459.000
873.000	421.000
874.000	454.000
875.000	482.000
876.000	496.000
877.000	547.000
878.000	498.000
879.000	580.000
880.000	587.000
881.000	579.000
882.000	710.000
883.000	700.000
884.000	715.000
885.000	740.000
886.000	840.000
887.000	943.000
888.000	967.000
889.000	952.000
890.000	1025.000
891.000	1137.000
892.000	1167.000
893.000	1143.000
894.000	1265.000
895.000	1292.000
896.000	1298.000
897.000	1343.000
898.000	1336.000
899.000	1346.000
900.000	1409.000
901.000	1439.000
902.000	1364.000
903.000	1350.000
904.000	1388.000
905.000	1287.000
906.000	1219.000
907.000	1252.000
908.000	1155.000
909.000	1171.000
910.000	1077.000
911.000	1074.000
912.000	1011.000
913.000	942.000
914.000	888.000
915.000	856.000
916.000	818.000
917.000	752.000
918.000	683.000
919.000	677.000
920.000	604.000
921.000	597.000
922.000	553.000
923.000	501.000
924.000	505.000
925.000	485.000
926.000	441.000
927.000	421.000
928.000	428.000
929.000	395.000
930.000	392.000
931.000	372.000
932.000	352.000
933.000	401.000
934.000	365.000
935.000	307.000
936.000	331.000
937.000	347.000
938.000	343.000
939.000	347.000
940.000	375.000
941.000	360.000
942.000	406.000
943.000	435.000
944.000	434.000
945.000	491.000
946.000	488.000
947.000	592.000
948.000	610.000
949.000	686.000
950.000	696.000
951.000	751.000
952.000	803.000
953.000	745.000
954.000	741.000
955.000	736.000
956.000	752.000
957.000	668.000
958.000	638.000
959.000	561.000
960.000	529.000
961.000	479.000
962.000	432.000
963.000	397.000
964.000	350.000
965.000	343.000
966.000	304.000
967.000	320.000
968.000	262.000
969.000	280.000
970.000	307.000
971.000	262.000
972.000	273.000
973.000	300.000
974.000	310.000
975.000	275.000
976.000	255.000
977.000	316.000
978.000	293.000
979.000	316.000
980.000	315.000
981.000	290.000
982.000	316.000
983.000	310.000
984.000	275.000
985.000	326.000
986.000	362.000
987.000	331.000
988.000	342.000
989.000	313.000
990.000	332.000
991.000	346.000
992.000	370.000
993.000	377.000
994.000	371.000
995.000	376.000
996.000	392.000
997.000	420.000
998.000	408.000
999.000	440.000
1000.000	444.000
1001.000	405.000
1002.000	436.000
1003.000	391.000
1004.000	431.000
1005.000	416.000
1006.000	467.000
1007.000	413.000
1008.000	440.000
1009.000	415.000
1010.000	435.000
1011.000	420.000
1012.000	413.000
1013.000	404.000
1014.000	378.000
1015.000	368.000
1016.000	340.000
1017.000	368.000
1018.000	322.000
1019.000	305.000
1020.000	325.000
1021.000	316.000
1022.000	300.000
1023.000	269.000
1024.000	254.000
