Date:	8/19/2008		Time:	9:15 AM		Version no:	0.00		Project name:	55		Sample name:	222		Section name:	section		Position	420.039995	mm	E0	0.000000	keV	E1	1.000000	keV/channel	sample surface	7.640757	cm	Tube anode:	Mo		Tube voltage:	30	kV	Tube current:	50	mA	gain	20		std. database			resultfile	result		matrix element	11		sample thickness	1.000000		air passage	0.560000	cm	comments	not in position		peaking_time	3.000000	m-sec	trigger_threshold	1229.166667	V	mca_bin_width	22.090000	no:	number_mca_channels	1024.000000	no:	gap_time	0.400000	m-sec	trigger_peaking_time	0.150000	m-sec	GAINDAC	9455		HIGHGAIN	1		TAURC	0		RCTAU	53		RCTAUFRAC	32768		livetime	9.691097	seconds	runtime	10.000503	seconds	input_count_rate	29.662380	cps	output_count_rate	22.349475	cps	triggers	287461	seconds	events_in_run	223506	seconds	channel	content		1.000	0.000
2.000	0.000
3.000	0.000
4.000	0.000
5.000	0.000
6.000	0.000
7.000	0.000
8.000	0.000
9.000	0.000
10.000	0.000
11.000	0.000
12.000	0.000
13.000	0.000
14.000	0.000
15.000	0.000
16.000	0.000
17.000	0.000
18.000	0.000
19.000	0.000
20.000	0.000
21.000	0.000
22.000	0.000
23.000	0.000
24.000	0.000
25.000	0.000
26.000	0.000
27.000	0.000
28.000	0.000
29.000	0.000
30.000	0.000
31.000	1.000
32.000	0.000
33.000	0.000
34.000	0.000
35.000	2.000
36.000	2.000
37.000	2.000
38.000	2.000
39.000	0.000
40.000	3.000
41.000	5.000
42.000	2.000
43.000	3.000
44.000	3.000
45.000	3.000
46.000	4.000
47.000	10.000
48.000	3.000
49.000	6.000
50.000	6.000
51.000	8.000
52.000	7.000
53.000	14.000
54.000	5.000
55.000	9.000
56.000	9.000
57.000	9.000
58.000	13.000
59.000	10.000
60.000	16.000
61.000	10.000
62.000	10.000
63.000	9.000
64.000	3.000
65.000	10.000
66.000	15.000
67.000	14.000
68.000	6.000
69.000	6.000
70.000	12.000
71.000	10.000
72.000	13.000
73.000	10.000
74.000	7.000
75.000	10.000
76.000	12.000
77.000	9.000
78.000	3.000
79.000	6.000
80.000	5.000
81.000	8.000
82.000	10.000
83.000	3.000
84.000	13.000
85.000	10.000
86.000	7.000
87.000	7.000
88.000	9.000
89.000	11.000
90.000	5.000
91.000	8.000
92.000	10.000
93.000	5.000
94.000	13.000
95.000	9.000
96.000	9.000
97.000	8.000
98.000	9.000
99.000	17.000
100.000	10.000
101.000	4.000
102.000	7.000
103.000	7.000
104.000	7.000
105.000	6.000
106.000	13.000
107.000	10.000
108.000	10.000
109.000	8.000
110.000	12.000
111.000	6.000
112.000	12.000
113.000	8.000
114.000	4.000
115.000	8.000
116.000	9.000
117.000	5.000
118.000	5.000
119.000	8.000
120.000	0.000
121.000	9.000
122.000	8.000
123.000	4.000
124.000	8.000
125.000	8.000
126.000	10.000
127.000	11.000
128.000	7.000
129.000	11.000
130.000	13.000
131.000	3.000
132.000	7.000
133.000	5.000
134.000	6.000
135.000	5.000
136.000	2.000
137.000	4.000
138.000	4.000
139.000	6.000
140.000	8.000
141.000	6.000
142.000	7.000
143.000	6.000
144.000	1.000
145.000	4.000
146.000	2.000
147.000	4.000
148.000	2.000
149.000	5.000
150.000	3.000
151.000	4.000
152.000	7.000
153.000	6.000
154.000	2.000
155.000	7.000
156.000	5.000
157.000	3.000
158.000	6.000
159.000	12.000
160.000	6.000
161.000	9.000
162.000	13.000
163.000	9.000
164.000	10.000
165.000	14.000
166.000	5.000
167.000	8.000
168.000	5.000
169.000	5.000
170.000	8.000
171.000	1.000
172.000	0.000
173.000	4.000
174.000	4.000
175.000	6.000
176.000	8.000
177.000	7.000
178.000	5.000
179.000	9.000
180.000	5.000
181.000	9.000
182.000	7.000
183.000	12.000
184.000	6.000
185.000	7.000
186.000	6.000
187.000	3.000
188.000	4.000
189.000	2.000
190.000	1.000
191.000	0.000
192.000	6.000
193.000	4.000
194.000	4.000
195.000	5.000
196.000	7.000
197.000	11.000
198.000	8.000
199.000	18.000
200.000	18.000
201.000	30.000
202.000	16.000
203.000	36.000
204.000	22.000
205.000	26.000
206.000	19.000
207.000	8.000
208.000	8.000
209.000	5.000
210.000	1.000
211.000	3.000
212.000	3.000
213.000	7.000
214.000	1.000
215.000	4.000
216.000	2.000
217.000	5.000
218.000	7.000
219.000	7.000
220.000	5.000
221.000	7.000
222.000	5.000
223.000	1.000
224.000	5.000
225.000	3.000
226.000	4.000
227.000	3.000
228.000	1.000
229.000	0.000
230.000	2.000
231.000	3.000
232.000	0.000
233.000	4.000
234.000	4.000
235.000	1.000
236.000	2.000
237.000	2.000
238.000	5.000
239.000	6.000
240.000	3.000
241.000	5.000
242.000	2.000
243.000	7.000
244.000	10.000
245.000	9.000
246.000	13.000
247.000	9.000
248.000	16.000
249.000	11.000
250.000	7.000
251.000	18.000
252.000	5.000
253.000	10.000
254.000	14.000
255.000	8.000
256.000	8.000
257.000	4.000
258.000	6.000
259.000	12.000
260.000	6.000
261.000	4.000
262.000	5.000
263.000	4.000
264.000	6.000
265.000	9.000
266.000	5.000
267.000	11.000
268.000	8.000
269.000	4.000
270.000	10.000
271.000	5.000
272.000	5.000
273.000	8.000
274.000	6.000
275.000	4.000
276.000	6.000
277.000	4.000
278.000	4.000
279.000	5.000
280.000	5.000
281.000	11.000
282.000	10.000
283.000	5.000
284.000	4.000
285.000	5.000
286.000	7.000
287.000	8.000
288.000	7.000
289.000	9.000
290.000	7.000
291.000	8.000
292.000	5.000
293.000	8.000
294.000	6.000
295.000	8.000
296.000	5.000
297.000	11.000
298.000	9.000
299.000	4.000
300.000	6.000
301.000	7.000
302.000	5.000
303.000	7.000
304.000	7.000
305.000	9.000
306.000	8.000
307.000	6.000
308.000	9.000
309.000	3.000
310.000	10.000
311.000	9.000
312.000	7.000
313.000	9.000
314.000	11.000
315.000	12.000
316.000	17.000
317.000	27.000
318.000	32.000
319.000	51.000
320.000	43.000
321.000	56.000
322.000	75.000
323.000	68.000
324.000	76.000
325.000	44.000
326.000	48.000
327.000	41.000
328.000	22.000
329.000	19.000
330.000	15.000
331.000	13.000
332.000	12.000
333.000	20.000
334.000	20.000
335.000	15.000
336.000	17.000
337.000	22.000
338.000	16.000
339.000	20.000
340.000	24.000
341.000	42.000
342.000	72.000
343.000	103.000
344.000	193.000
345.000	296.000
346.000	394.000
347.000	552.000
348.000	767.000
349.000	850.000
350.000	1012.000
351.000	897.000
352.000	900.000
353.000	738.000
354.000	609.000
355.000	466.000
356.000	302.000
357.000	202.000
358.000	115.000
359.000	81.000
360.000	54.000
361.000	29.000
362.000	24.000
363.000	20.000
364.000	13.000
365.000	16.000
366.000	18.000
367.000	24.000
368.000	24.000
369.000	18.000
370.000	21.000
371.000	16.000
372.000	29.000
373.000	25.000
374.000	21.000
375.000	34.000
376.000	30.000
377.000	34.000
378.000	41.000
379.000	47.000
380.000	62.000
381.000	82.000
382.000	113.000
383.000	131.000
384.000	133.000
385.000	166.000
386.000	169.000
387.000	162.000
388.000	144.000
389.000	124.000
390.000	112.000
391.000	63.000
392.000	74.000
393.000	66.000
394.000	43.000
395.000	35.000
396.000	25.000
397.000	25.000
398.000	29.000
399.000	27.000
400.000	27.000
401.000	27.000
402.000	20.000
403.000	30.000
404.000	29.000
405.000	20.000
406.000	27.000
407.000	35.000
408.000	31.000
409.000	26.000
410.000	28.000
411.000	36.000
412.000	23.000
413.000	35.000
414.000	35.000
415.000	30.000
416.000	25.000
417.000	33.000
418.000	31.000
419.000	31.000
420.000	27.000
421.000	35.000
422.000	25.000
423.000	26.000
424.000	41.000
425.000	27.000
426.000	31.000
427.000	37.000
428.000	33.000
429.000	36.000
430.000	29.000
431.000	42.000
432.000	36.000
433.000	29.000
434.000	40.000
435.000	39.000
436.000	39.000
437.000	53.000
438.000	46.000
439.000	43.000
440.000	42.000
441.000	42.000
442.000	51.000
443.000	42.000
444.000	42.000
445.000	53.000
446.000	45.000
447.000	53.000
448.000	54.000
449.000	55.000
450.000	55.000
451.000	43.000
452.000	58.000
453.000	48.000
454.000	46.000
455.000	36.000
456.000	53.000
457.000	57.000
458.000	43.000
459.000	59.000
460.000	52.000
461.000	57.000
462.000	60.000
463.000	52.000
464.000	48.000
465.000	53.000
466.000	53.000
467.000	42.000
468.000	54.000
469.000	61.000
470.000	62.000
471.000	51.000
472.000	55.000
473.000	58.000
474.000	63.000
475.000	64.000
476.000	58.000
477.000	61.000
478.000	68.000
479.000	56.000
480.000	63.000
481.000	63.000
482.000	69.000
483.000	66.000
484.000	73.000
485.000	72.000
486.000	56.000
487.000	76.000
488.000	83.000
489.000	65.000
490.000	53.000
491.000	78.000
492.000	62.000
493.000	62.000
494.000	52.000
495.000	70.000
496.000	64.000
497.000	76.000
498.000	72.000
499.000	70.000
500.000	77.000
501.000	83.000
502.000	78.000
503.000	74.000
504.000	65.000
505.000	77.000
506.000	76.000
507.000	70.000
508.000	85.000
509.000	74.000
510.000	89.000
511.000	69.000
512.000	77.000
513.000	86.000
514.000	79.000
515.000	90.000
516.000	86.000
517.000	85.000
518.000	86.000
519.000	80.000
520.000	99.000
521.000	98.000
522.000	93.000
523.000	87.000
524.000	88.000
525.000	88.000
526.000	86.000
527.000	94.000
528.000	109.000
529.000	97.000
530.000	109.000
531.000	112.000
532.000	91.000
533.000	92.000
534.000	108.000
535.000	97.000
536.000	99.000
537.000	97.000
538.000	115.000
539.000	107.000
540.000	111.000
541.000	100.000
542.000	91.000
543.000	107.000
544.000	94.000
545.000	111.000
546.000	113.000
547.000	105.000
548.000	107.000
549.000	112.000
550.000	105.000
551.000	106.000
552.000	103.000
553.000	108.000
554.000	99.000
555.000	112.000
556.000	112.000
557.000	115.000
558.000	123.000
559.000	127.000
560.000	118.000
561.000	114.000
562.000	116.000
563.000	118.000
564.000	121.000
565.000	101.000
566.000	130.000
567.000	112.000
568.000	119.000
569.000	119.000
570.000	115.000
571.000	126.000
572.000	138.000
573.000	133.000
574.000	118.000
575.000	137.000
576.000	124.000
577.000	128.000
578.000	142.000
579.000	126.000
580.000	115.000
581.000	127.000
582.000	135.000
583.000	127.000
584.000	129.000
585.000	149.000
586.000	129.000
587.000	126.000
588.000	125.000
589.000	143.000
590.000	140.000
591.000	117.000
592.000	105.000
593.000	144.000
594.000	131.000
595.000	171.000
596.000	138.000
597.000	156.000
598.000	157.000
599.000	149.000
600.000	163.000
601.000	141.000
602.000	135.000
603.000	153.000
604.000	143.000
605.000	159.000
606.000	173.000
607.000	153.000
608.000	177.000
609.000	150.000
610.000	151.000
611.000	155.000
612.000	146.000
613.000	149.000
614.000	160.000
615.000	164.000
616.000	142.000
617.000	145.000
618.000	178.000
619.000	151.000
620.000	178.000
621.000	164.000
622.000	170.000
623.000	145.000
624.000	165.000
625.000	166.000
626.000	174.000
627.000	142.000
628.000	169.000
629.000	145.000
630.000	159.000
631.000	151.000
632.000	169.000
633.000	159.000
634.000	177.000
635.000	171.000
636.000	160.000
637.000	161.000
638.000	184.000
639.000	170.000
640.000	170.000
641.000	183.000
642.000	193.000
643.000	181.000
644.000	152.000
645.000	208.000
646.000	188.000
647.000	164.000
648.000	200.000
649.000	196.000
650.000	208.000
651.000	202.000
652.000	189.000
653.000	193.000
654.000	197.000
655.000	185.000
656.000	208.000
657.000	197.000
658.000	185.000
659.000	182.000
660.000	204.000
661.000	203.000
662.000	192.000
663.000	187.000
664.000	162.000
665.000	178.000
666.000	195.000
667.000	191.000
668.000	178.000
669.000	188.000
670.000	211.000
671.000	194.000
672.000	208.000
673.000	193.000
674.000	195.000
675.000	187.000
676.000	207.000
677.000	201.000
678.000	218.000
679.000	192.000
680.000	205.000
681.000	208.000
682.000	230.000
683.000	237.000
684.000	229.000
685.000	211.000
686.000	210.000
687.000	200.000
688.000	201.000
689.000	202.000
690.000	199.000
691.000	200.000
692.000	235.000
693.000	203.000
694.000	205.000
695.000	200.000
696.000	205.000
697.000	214.000
698.000	199.000
699.000	212.000
700.000	224.000
701.000	197.000
702.000	246.000
703.000	224.000
704.000	251.000
705.000	229.000
706.000	243.000
707.000	231.000
708.000	234.000
709.000	212.000
710.000	229.000
711.000	241.000
712.000	224.000
713.000	207.000
714.000	265.000
715.000	269.000
716.000	240.000
717.000	229.000
718.000	212.000
719.000	240.000
720.000	232.000
721.000	201.000
722.000	249.000
723.000	231.000
724.000	239.000
725.000	276.000
726.000	249.000
727.000	217.000
728.000	257.000
729.000	259.000
730.000	259.000
731.000	265.000
732.000	224.000
733.000	247.000
734.000	253.000
735.000	248.000
736.000	268.000
737.000	286.000
738.000	241.000
739.000	256.000
740.000	216.000
741.000	258.000
742.000	278.000
743.000	282.000
744.000	208.000
745.000	244.000
746.000	254.000
747.000	244.000
748.000	266.000
749.000	262.000
750.000	264.000
751.000	234.000
752.000	254.000
753.000	289.000
754.000	246.000
755.000	258.000
756.000	248.000
757.000	272.000
758.000	253.000
759.000	276.000
760.000	264.000
761.000	245.000
762.000	230.000
763.000	277.000
764.000	265.000
765.000	273.000
766.000	288.000
767.000	258.000
768.000	273.000
769.000	329.000
770.000	286.000
771.000	268.000
772.000	288.000
773.000	277.000
774.000	268.000
775.000	277.000
776.000	278.000
777.000	299.000
778.000	297.000
779.000	293.000
780.000	269.000
781.000	250.000
782.000	287.000
783.000	290.000
784.000	269.000
785.000	255.000
786.000	286.000
787.000	289.000
788.000	274.000
789.000	277.000
790.000	250.000
791.000	304.000
792.000	279.000
793.000	262.000
794.000	281.000
795.000	261.000
796.000	308.000
797.000	256.000
798.000	283.000
799.000	281.000
800.000	265.000
801.000	276.000
802.000	297.000
803.000	272.000
804.000	247.000
805.000	321.000
806.000	289.000
807.000	290.000
808.000	279.000
809.000	273.000
810.000	274.000
811.000	254.000
812.000	297.000
813.000	311.000
814.000	324.000
815.000	282.000
816.000	311.000
817.000	306.000
818.000	294.000
819.000	298.000
820.000	292.000
821.000	295.000
822.000	295.000
823.000	299.000
824.000	254.000
825.000	303.000
826.000	290.000
827.000	300.000
828.000	303.000
829.000	299.000
830.000	293.000
831.000	293.000
832.000	316.000
833.000	298.000
834.000	293.000
835.000	286.000
836.000	282.000
837.000	342.000
838.000	299.000
839.000	313.000
840.000	319.000
841.000	325.000
842.000	293.000
843.000	320.000
844.000	346.000
845.000	297.000
846.000	321.000
847.000	301.000
848.000	337.000
849.000	343.000
850.000	353.000
851.000	338.000
852.000	339.000
853.000	327.000
854.000	344.000
855.000	351.000
856.000	349.000
857.000	386.000
858.000	346.000
859.000	384.000
860.000	367.000
861.000	365.000
862.000	390.000
863.000	401.000
864.000	379.000
865.000	391.000
866.000	392.000
867.000	421.000
868.000	439.000
869.000	401.000
870.000	449.000
871.000	452.000
872.000	452.000
873.000	501.000
874.000	452.000
875.000	513.000
876.000	530.000
877.000	511.000
878.000	613.000
879.000	606.000
880.000	662.000
881.000	614.000
882.000	716.000
883.000	785.000
884.000	798.000
885.000	836.000
886.000	902.000
887.000	998.000
888.000	977.000
889.000	1068.000
890.000	1145.000
891.000	1186.000
892.000	1256.000
893.000	1333.000
894.000	1313.000
895.000	1281.000
896.000	1440.000
897.000	1437.000
898.000	1473.000
899.000	1444.000
900.000	1559.000
901.000	1501.000
902.000	1486.000
903.000	1456.000
904.000	1411.000
905.000	1360.000
906.000	1319.000
907.000	1335.000
908.000	1270.000
909.000	1229.000
910.000	1134.000
911.000	1104.000
912.000	979.000
913.000	981.000
914.000	956.000
915.000	865.000
916.000	800.000
917.000	765.000
918.000	727.000
919.000	682.000
920.000	601.000
921.000	633.000
922.000	544.000
923.000	533.000
924.000	528.000
925.000	499.000
926.000	484.000
927.000	472.000
928.000	433.000
929.000	375.000
930.000	441.000
931.000	419.000
932.000	402.000
933.000	356.000
934.000	363.000
935.000	348.000
936.000	332.000
937.000	365.000
938.000	359.000
939.000	347.000
940.000	359.000
941.000	364.000
942.000	442.000
943.000	466.000
944.000	497.000
945.000	480.000
946.000	534.000
947.000	602.000
948.000	630.000
949.000	715.000
950.000	777.000
951.000	751.000
952.000	781.000
953.000	794.000
954.000	758.000
955.000	745.000
956.000	684.000
957.000	618.000
958.000	658.000
959.000	589.000
960.000	512.000
961.000	483.000
962.000	446.000
963.000	414.000
964.000	370.000
965.000	340.000
966.000	312.000
967.000	287.000
968.000	326.000
969.000	286.000
970.000	278.000
971.000	293.000
972.000	326.000
973.000	278.000
974.000	283.000
975.000	281.000
976.000	302.000
977.000	318.000
978.000	280.000
979.000	296.000
980.000	309.000
981.000	299.000
982.000	338.000
983.000	294.000
984.000	322.000
985.000	321.000
986.000	340.000
987.000	348.000
988.000	354.000
989.000	355.000
990.000	365.000
991.000	360.000
992.000	391.000
993.000	389.000
994.000	384.000
995.000	423.000
996.000	425.000
997.000	441.000
998.000	424.000
999.000	433.000
1000.000	423.000
1001.000	440.000
1002.000	456.000
1003.000	452.000
1004.000	409.000
1005.000	446.000
1006.000	418.000
1007.000	449.000
1008.000	447.000
1009.000	385.000
1010.000	416.000
1011.000	382.000
1012.000	383.000
1013.000	409.000
1014.000	348.000
1015.000	365.000
1016.000	304.000
1017.000	334.000
1018.000	348.000
1019.000	351.000
1020.000	290.000
1021.000	296.000
1022.000	284.000
1023.000	297.000
1024.000	237.000
