Date:	8/19/2008		Time:	10:04 AM		Version no:	0.00		Project name:	55		Sample name:	222		Section name:	section		Position	942.039995	mm	E0	0.000000	keV	E1	1.000000	keV/channel	sample surface	7.806284	cm	Tube anode:	Mo		Tube voltage:	30	kV	Tube current:	50	mA	gain	20		std. database			resultfile	result		matrix element	11		sample thickness	1.000000		air passage	0.560000	cm	comments	not in position		peaking_time	3.000000	m-sec	trigger_threshold	1229.166667	V	mca_bin_width	22.090000	no:	number_mca_channels	1024.000000	no:	gap_time	0.400000	m-sec	trigger_peaking_time	0.150000	m-sec	GAINDAC	9455		HIGHGAIN	1		TAURC	0		RCTAU	53		RCTAUFRAC	32768		livetime	9.725581	seconds	runtime	10.000502	seconds	input_count_rate	25.746329	cps	output_count_rate	20.044095	cps	triggers	250398	seconds	events_in_run	200451	seconds	channel	content		1.000	0.000
2.000	0.000
3.000	0.000
4.000	0.000
5.000	0.000
6.000	0.000
7.000	0.000
8.000	0.000
9.000	0.000
10.000	0.000
11.000	0.000
12.000	0.000
13.000	0.000
14.000	0.000
15.000	0.000
16.000	0.000
17.000	0.000
18.000	0.000
19.000	0.000
20.000	0.000
21.000	0.000
22.000	0.000
23.000	0.000
24.000	0.000
25.000	0.000
26.000	0.000
27.000	0.000
28.000	0.000
29.000	0.000
30.000	0.000
31.000	0.000
32.000	1.000
33.000	2.000
34.000	0.000
35.000	4.000
36.000	1.000
37.000	1.000
38.000	2.000
39.000	2.000
40.000	3.000
41.000	3.000
42.000	1.000
43.000	2.000
44.000	11.000
45.000	5.000
46.000	6.000
47.000	2.000
48.000	12.000
49.000	5.000
50.000	7.000
51.000	4.000
52.000	9.000
53.000	13.000
54.000	7.000
55.000	13.000
56.000	9.000
57.000	9.000
58.000	18.000
59.000	10.000
60.000	10.000
61.000	12.000
62.000	8.000
63.000	7.000
64.000	12.000
65.000	12.000
66.000	7.000
67.000	10.000
68.000	9.000
69.000	15.000
70.000	10.000
71.000	7.000
72.000	11.000
73.000	14.000
74.000	14.000
75.000	16.000
76.000	8.000
77.000	13.000
78.000	8.000
79.000	9.000
80.000	8.000
81.000	11.000
82.000	10.000
83.000	8.000
84.000	9.000
85.000	16.000
86.000	9.000
87.000	6.000
88.000	9.000
89.000	4.000
90.000	11.000
91.000	3.000
92.000	7.000
93.000	10.000
94.000	12.000
95.000	11.000
96.000	3.000
97.000	5.000
98.000	8.000
99.000	6.000
100.000	1.000
101.000	8.000
102.000	7.000
103.000	7.000
104.000	12.000
105.000	7.000
106.000	10.000
107.000	9.000
108.000	10.000
109.000	9.000
110.000	6.000
111.000	5.000
112.000	6.000
113.000	6.000
114.000	11.000
115.000	12.000
116.000	7.000
117.000	7.000
118.000	4.000
119.000	4.000
120.000	4.000
121.000	6.000
122.000	4.000
123.000	8.000
124.000	14.000
125.000	6.000
126.000	7.000
127.000	9.000
128.000	10.000
129.000	10.000
130.000	8.000
131.000	5.000
132.000	6.000
133.000	2.000
134.000	7.000
135.000	5.000
136.000	2.000
137.000	9.000
138.000	8.000
139.000	2.000
140.000	3.000
141.000	8.000
142.000	4.000
143.000	6.000
144.000	6.000
145.000	3.000
146.000	3.000
147.000	5.000
148.000	3.000
149.000	4.000
150.000	5.000
151.000	6.000
152.000	4.000
153.000	3.000
154.000	12.000
155.000	6.000
156.000	5.000
157.000	4.000
158.000	4.000
159.000	6.000
160.000	10.000
161.000	17.000
162.000	15.000
163.000	10.000
164.000	9.000
165.000	9.000
166.000	8.000
167.000	3.000
168.000	3.000
169.000	3.000
170.000	4.000
171.000	5.000
172.000	2.000
173.000	3.000
174.000	3.000
175.000	5.000
176.000	4.000
177.000	9.000
178.000	4.000
179.000	3.000
180.000	5.000
181.000	9.000
182.000	8.000
183.000	7.000
184.000	3.000
185.000	6.000
186.000	6.000
187.000	3.000
188.000	4.000
189.000	4.000
190.000	4.000
191.000	7.000
192.000	9.000
193.000	1.000
194.000	7.000
195.000	4.000
196.000	9.000
197.000	2.000
198.000	12.000
199.000	12.000
200.000	21.000
201.000	15.000
202.000	24.000
203.000	24.000
204.000	16.000
205.000	14.000
206.000	11.000
207.000	7.000
208.000	4.000
209.000	4.000
210.000	1.000
211.000	5.000
212.000	4.000
213.000	3.000
214.000	3.000
215.000	4.000
216.000	3.000
217.000	9.000
218.000	6.000
219.000	9.000
220.000	6.000
221.000	4.000
222.000	2.000
223.000	3.000
224.000	5.000
225.000	3.000
226.000	4.000
227.000	1.000
228.000	4.000
229.000	3.000
230.000	6.000
231.000	2.000
232.000	4.000
233.000	2.000
234.000	1.000
235.000	3.000
236.000	4.000
237.000	1.000
238.000	2.000
239.000	3.000
240.000	4.000
241.000	4.000
242.000	4.000
243.000	4.000
244.000	9.000
245.000	6.000
246.000	6.000
247.000	8.000
248.000	5.000
249.000	8.000
250.000	6.000
251.000	3.000
252.000	4.000
253.000	6.000
254.000	5.000
255.000	7.000
256.000	1.000
257.000	2.000
258.000	5.000
259.000	2.000
260.000	4.000
261.000	3.000
262.000	3.000
263.000	4.000
264.000	5.000
265.000	6.000
266.000	3.000
267.000	4.000
268.000	3.000
269.000	4.000
270.000	1.000
271.000	4.000
272.000	4.000
273.000	7.000
274.000	4.000
275.000	4.000
276.000	3.000
277.000	2.000
278.000	4.000
279.000	2.000
280.000	5.000
281.000	5.000
282.000	9.000
283.000	3.000
284.000	3.000
285.000	7.000
286.000	3.000
287.000	6.000
288.000	3.000
289.000	3.000
290.000	3.000
291.000	3.000
292.000	8.000
293.000	4.000
294.000	6.000
295.000	6.000
296.000	6.000
297.000	3.000
298.000	5.000
299.000	8.000
300.000	3.000
301.000	2.000
302.000	3.000
303.000	7.000
304.000	3.000
305.000	2.000
306.000	5.000
307.000	4.000
308.000	2.000
309.000	5.000
310.000	5.000
311.000	7.000
312.000	6.000
313.000	3.000
314.000	7.000
315.000	7.000
316.000	6.000
317.000	7.000
318.000	13.000
319.000	12.000
320.000	27.000
321.000	22.000
322.000	31.000
323.000	25.000
324.000	34.000
325.000	24.000
326.000	22.000
327.000	24.000
328.000	16.000
329.000	9.000
330.000	9.000
331.000	6.000
332.000	5.000
333.000	9.000
334.000	6.000
335.000	7.000
336.000	9.000
337.000	12.000
338.000	7.000
339.000	5.000
340.000	17.000
341.000	17.000
342.000	24.000
343.000	56.000
344.000	71.000
345.000	74.000
346.000	129.000
347.000	180.000
348.000	245.000
349.000	297.000
350.000	333.000
351.000	312.000
352.000	271.000
353.000	263.000
354.000	209.000
355.000	163.000
356.000	103.000
357.000	78.000
358.000	39.000
359.000	17.000
360.000	16.000
361.000	8.000
362.000	14.000
363.000	7.000
364.000	14.000
365.000	12.000
366.000	10.000
367.000	5.000
368.000	13.000
369.000	10.000
370.000	7.000
371.000	15.000
372.000	5.000
373.000	6.000
374.000	12.000
375.000	12.000
376.000	11.000
377.000	11.000
378.000	16.000
379.000	23.000
380.000	19.000
381.000	29.000
382.000	34.000
383.000	43.000
384.000	43.000
385.000	54.000
386.000	72.000
387.000	67.000
388.000	62.000
389.000	41.000
390.000	40.000
391.000	28.000
392.000	28.000
393.000	17.000
394.000	25.000
395.000	14.000
396.000	11.000
397.000	11.000
398.000	9.000
399.000	14.000
400.000	11.000
401.000	14.000
402.000	10.000
403.000	13.000
404.000	9.000
405.000	16.000
406.000	9.000
407.000	18.000
408.000	12.000
409.000	11.000
410.000	14.000
411.000	14.000
412.000	16.000
413.000	12.000
414.000	11.000
415.000	19.000
416.000	15.000
417.000	17.000
418.000	10.000
419.000	14.000
420.000	17.000
421.000	18.000
422.000	16.000
423.000	20.000
424.000	19.000
425.000	13.000
426.000	11.000
427.000	16.000
428.000	18.000
429.000	16.000
430.000	18.000
431.000	19.000
432.000	13.000
433.000	19.000
434.000	20.000
435.000	13.000
436.000	7.000
437.000	17.000
438.000	16.000
439.000	22.000
440.000	19.000
441.000	20.000
442.000	36.000
443.000	27.000
444.000	18.000
445.000	24.000
446.000	22.000
447.000	17.000
448.000	22.000
449.000	23.000
450.000	18.000
451.000	21.000
452.000	25.000
453.000	23.000
454.000	30.000
455.000	24.000
456.000	25.000
457.000	22.000
458.000	28.000
459.000	29.000
460.000	35.000
461.000	31.000
462.000	25.000
463.000	33.000
464.000	17.000
465.000	33.000
466.000	30.000
467.000	26.000
468.000	22.000
469.000	36.000
470.000	32.000
471.000	26.000
472.000	28.000
473.000	23.000
474.000	38.000
475.000	29.000
476.000	33.000
477.000	29.000
478.000	25.000
479.000	32.000
480.000	31.000
481.000	26.000
482.000	26.000
483.000	35.000
484.000	38.000
485.000	33.000
486.000	30.000
487.000	28.000
488.000	45.000
489.000	30.000
490.000	43.000
491.000	39.000
492.000	29.000
493.000	31.000
494.000	39.000
495.000	37.000
496.000	37.000
497.000	37.000
498.000	44.000
499.000	40.000
500.000	42.000
501.000	45.000
502.000	30.000
503.000	33.000
504.000	36.000
505.000	45.000
506.000	45.000
507.000	58.000
508.000	55.000
509.000	48.000
510.000	45.000
511.000	50.000
512.000	56.000
513.000	49.000
514.000	41.000
515.000	42.000
516.000	44.000
517.000	44.000
518.000	51.000
519.000	46.000
520.000	53.000
521.000	61.000
522.000	48.000
523.000	57.000
524.000	48.000
525.000	62.000
526.000	59.000
527.000	65.000
528.000	53.000
529.000	60.000
530.000	60.000
531.000	45.000
532.000	54.000
533.000	69.000
534.000	58.000
535.000	67.000
536.000	51.000
537.000	61.000
538.000	61.000
539.000	58.000
540.000	56.000
541.000	56.000
542.000	65.000
543.000	60.000
544.000	53.000
545.000	55.000
546.000	67.000
547.000	52.000
548.000	69.000
549.000	71.000
550.000	61.000
551.000	63.000
552.000	65.000
553.000	77.000
554.000	68.000
555.000	61.000
556.000	74.000
557.000	75.000
558.000	63.000
559.000	73.000
560.000	72.000
561.000	57.000
562.000	79.000
563.000	77.000
564.000	74.000
565.000	67.000
566.000	86.000
567.000	70.000
568.000	66.000
569.000	82.000
570.000	92.000
571.000	82.000
572.000	76.000
573.000	79.000
574.000	93.000
575.000	76.000
576.000	77.000
577.000	86.000
578.000	74.000
579.000	92.000
580.000	92.000
581.000	88.000
582.000	66.000
583.000	95.000
584.000	87.000
585.000	98.000
586.000	81.000
587.000	103.000
588.000	88.000
589.000	96.000
590.000	94.000
591.000	115.000
592.000	74.000
593.000	79.000
594.000	86.000
595.000	102.000
596.000	99.000
597.000	110.000
598.000	85.000
599.000	96.000
600.000	71.000
601.000	92.000
602.000	104.000
603.000	115.000
604.000	104.000
605.000	110.000
606.000	129.000
607.000	106.000
608.000	107.000
609.000	120.000
610.000	93.000
611.000	106.000
612.000	93.000
613.000	126.000
614.000	108.000
615.000	99.000
616.000	95.000
617.000	108.000
618.000	107.000
619.000	120.000
620.000	93.000
621.000	127.000
622.000	115.000
623.000	124.000
624.000	110.000
625.000	128.000
626.000	114.000
627.000	128.000
628.000	134.000
629.000	124.000
630.000	128.000
631.000	139.000
632.000	131.000
633.000	136.000
634.000	148.000
635.000	146.000
636.000	125.000
637.000	129.000
638.000	130.000
639.000	129.000
640.000	125.000
641.000	150.000
642.000	126.000
643.000	132.000
644.000	146.000
645.000	148.000
646.000	129.000
647.000	146.000
648.000	153.000
649.000	161.000
650.000	156.000
651.000	151.000
652.000	144.000
653.000	171.000
654.000	140.000
655.000	131.000
656.000	151.000
657.000	149.000
658.000	132.000
659.000	149.000
660.000	161.000
661.000	145.000
662.000	168.000
663.000	174.000
664.000	156.000
665.000	160.000
666.000	154.000
667.000	157.000
668.000	154.000
669.000	168.000
670.000	140.000
671.000	151.000
672.000	163.000
673.000	168.000
674.000	176.000
675.000	162.000
676.000	176.000
677.000	175.000
678.000	161.000
679.000	168.000
680.000	201.000
681.000	177.000
682.000	168.000
683.000	176.000
684.000	170.000
685.000	182.000
686.000	187.000
687.000	162.000
688.000	189.000
689.000	175.000
690.000	190.000
691.000	183.000
692.000	189.000
693.000	186.000
694.000	180.000
695.000	164.000
696.000	162.000
697.000	183.000
698.000	211.000
699.000	191.000
700.000	195.000
701.000	200.000
702.000	194.000
703.000	178.000
704.000	206.000
705.000	201.000
706.000	225.000
707.000	179.000
708.000	190.000
709.000	207.000
710.000	216.000
711.000	190.000
712.000	209.000
713.000	190.000
714.000	181.000
715.000	189.000
716.000	197.000
717.000	216.000
718.000	188.000
719.000	189.000
720.000	185.000
721.000	206.000
722.000	213.000
723.000	240.000
724.000	197.000
725.000	176.000
726.000	214.000
727.000	196.000
728.000	215.000
729.000	205.000
730.000	218.000
731.000	209.000
732.000	211.000
733.000	213.000
734.000	205.000
735.000	223.000
736.000	209.000
737.000	214.000
738.000	230.000
739.000	230.000
740.000	230.000
741.000	226.000
742.000	210.000
743.000	218.000
744.000	206.000
745.000	225.000
746.000	225.000
747.000	244.000
748.000	203.000
749.000	219.000
750.000	232.000
751.000	237.000
752.000	218.000
753.000	256.000
754.000	235.000
755.000	223.000
756.000	248.000
757.000	223.000
758.000	230.000
759.000	253.000
760.000	252.000
761.000	213.000
762.000	198.000
763.000	240.000
764.000	232.000
765.000	240.000
766.000	249.000
767.000	290.000
768.000	255.000
769.000	261.000
770.000	267.000
771.000	261.000
772.000	256.000
773.000	231.000
774.000	263.000
775.000	267.000
776.000	272.000
777.000	267.000
778.000	245.000
779.000	265.000
780.000	267.000
781.000	247.000
782.000	264.000
783.000	249.000
784.000	239.000
785.000	248.000
786.000	250.000
787.000	267.000
788.000	226.000
789.000	246.000
790.000	263.000
791.000	246.000
792.000	250.000
793.000	280.000
794.000	265.000
795.000	268.000
796.000	267.000
797.000	280.000
798.000	287.000
799.000	250.000
800.000	261.000
801.000	277.000
802.000	250.000
803.000	290.000
804.000	248.000
805.000	249.000
806.000	274.000
807.000	244.000
808.000	279.000
809.000	276.000
810.000	302.000
811.000	244.000
812.000	268.000
813.000	255.000
814.000	284.000
815.000	274.000
816.000	277.000
817.000	232.000
818.000	273.000
819.000	267.000
820.000	293.000
821.000	273.000
822.000	291.000
823.000	303.000
824.000	287.000
825.000	303.000
826.000	304.000
827.000	265.000
828.000	300.000
829.000	276.000
830.000	299.000
831.000	266.000
832.000	305.000
833.000	303.000
834.000	298.000
835.000	286.000
836.000	291.000
837.000	268.000
838.000	294.000
839.000	290.000
840.000	274.000
841.000	336.000
842.000	300.000
843.000	297.000
844.000	323.000
845.000	333.000
846.000	305.000
847.000	292.000
848.000	319.000
849.000	300.000
850.000	321.000
851.000	334.000
852.000	320.000
853.000	336.000
854.000	319.000
855.000	345.000
856.000	353.000
857.000	336.000
858.000	342.000
859.000	366.000
860.000	354.000
861.000	379.000
862.000	384.000
863.000	405.000
864.000	375.000
865.000	389.000
866.000	395.000
867.000	378.000
868.000	405.000
869.000	440.000
870.000	402.000
871.000	440.000
872.000	444.000
873.000	505.000
874.000	454.000
875.000	500.000
876.000	505.000
877.000	531.000
878.000	558.000
879.000	544.000
880.000	617.000
881.000	648.000
882.000	717.000
883.000	758.000
884.000	805.000
885.000	798.000
886.000	910.000
887.000	943.000
888.000	988.000
889.000	1047.000
890.000	1062.000
891.000	1149.000
892.000	1240.000
893.000	1208.000
894.000	1242.000
895.000	1421.000
896.000	1342.000
897.000	1387.000
898.000	1516.000
899.000	1460.000
900.000	1419.000
901.000	1427.000
902.000	1432.000
903.000	1423.000
904.000	1440.000
905.000	1368.000
906.000	1311.000
907.000	1208.000
908.000	1229.000
909.000	1156.000
910.000	1118.000
911.000	1072.000
912.000	1010.000
913.000	942.000
914.000	904.000
915.000	922.000
916.000	803.000
917.000	776.000
918.000	711.000
919.000	681.000
920.000	643.000
921.000	614.000
922.000	591.000
923.000	521.000
924.000	507.000
925.000	498.000
926.000	491.000
927.000	451.000
928.000	398.000
929.000	407.000
930.000	406.000
931.000	386.000
932.000	382.000
933.000	386.000
934.000	325.000
935.000	379.000
936.000	390.000
937.000	367.000
938.000	357.000
939.000	346.000
940.000	372.000
941.000	364.000
942.000	426.000
943.000	434.000
944.000	468.000
945.000	486.000
946.000	542.000
947.000	577.000
948.000	595.000
949.000	714.000
950.000	735.000
951.000	729.000
952.000	798.000
953.000	813.000
954.000	812.000
955.000	786.000
956.000	767.000
957.000	690.000
958.000	682.000
959.000	616.000
960.000	519.000
961.000	511.000
962.000	439.000
963.000	400.000
964.000	366.000
965.000	334.000
966.000	322.000
967.000	308.000
968.000	299.000
969.000	294.000
970.000	273.000
971.000	247.000
972.000	283.000
973.000	281.000
974.000	273.000
975.000	273.000
976.000	276.000
977.000	297.000
978.000	298.000
979.000	300.000
980.000	307.000
981.000	278.000
982.000	302.000
983.000	305.000
984.000	318.000
985.000	343.000
986.000	307.000
987.000	315.000
988.000	330.000
989.000	309.000
990.000	322.000
991.000	424.000
992.000	380.000
993.000	349.000
994.000	388.000
995.000	419.000
996.000	413.000
997.000	434.000
998.000	413.000
999.000	387.000
1000.000	428.000
1001.000	426.000
1002.000	445.000
1003.000	459.000
1004.000	446.000
1005.000	435.000
1006.000	440.000
1007.000	447.000
1008.000	453.000
1009.000	408.000
1010.000	417.000
1011.000	357.000
1012.000	376.000
1013.000	357.000
1014.000	387.000
1015.000	377.000
1016.000	362.000
1017.000	353.000
1018.000	321.000
1019.000	315.000
1020.000	340.000
1021.000	317.000
1022.000	299.000
1023.000	286.000
1024.000	248.000
