Date:	8/19/2008		Time:	9:48 AM		Version no:	0.00		Project name:	55		Sample name:	222		Section name:	section		Position	772.039995	mm	E0	0.000000	keV	E1	1.000000	keV/channel	sample surface	7.808612	cm	Tube anode:	Mo		Tube voltage:	30	kV	Tube current:	50	mA	gain	20		std. database			resultfile	result		matrix element	11		sample thickness	1.000000		air passage	0.560000	cm	comments	not in position		peaking_time	3.000000	m-sec	trigger_threshold	1229.166667	V	mca_bin_width	22.090000	no:	number_mca_channels	1024.000000	no:	gap_time	0.400000	m-sec	trigger_peaking_time	0.150000	m-sec	GAINDAC	9455		HIGHGAIN	1		TAURC	0		RCTAU	53		RCTAUFRAC	32768		livetime	9.694437	seconds	runtime	10.000502	seconds	input_count_rate	28.965478	cps	output_count_rate	21.963197	cps	triggers	280804	seconds	events_in_run	219643	seconds	channel	content		1.000	0.000
2.000	0.000
3.000	0.000
4.000	0.000
5.000	0.000
6.000	0.000
7.000	0.000
8.000	0.000
9.000	0.000
10.000	0.000
11.000	0.000
12.000	0.000
13.000	0.000
14.000	0.000
15.000	0.000
16.000	0.000
17.000	0.000
18.000	0.000
19.000	0.000
20.000	0.000
21.000	0.000
22.000	0.000
23.000	0.000
24.000	0.000
25.000	0.000
26.000	0.000
27.000	0.000
28.000	0.000
29.000	0.000
30.000	0.000
31.000	1.000
32.000	2.000
33.000	1.000
34.000	0.000
35.000	1.000
36.000	0.000
37.000	2.000
38.000	2.000
39.000	3.000
40.000	6.000
41.000	2.000
42.000	9.000
43.000	5.000
44.000	3.000
45.000	9.000
46.000	8.000
47.000	10.000
48.000	6.000
49.000	9.000
50.000	8.000
51.000	9.000
52.000	8.000
53.000	9.000
54.000	7.000
55.000	13.000
56.000	12.000
57.000	14.000
58.000	6.000
59.000	11.000
60.000	10.000
61.000	2.000
62.000	11.000
63.000	12.000
64.000	19.000
65.000	7.000
66.000	9.000
67.000	6.000
68.000	12.000
69.000	14.000
70.000	12.000
71.000	9.000
72.000	10.000
73.000	9.000
74.000	12.000
75.000	11.000
76.000	8.000
77.000	12.000
78.000	5.000
79.000	8.000
80.000	11.000
81.000	12.000
82.000	6.000
83.000	7.000
84.000	10.000
85.000	9.000
86.000	8.000
87.000	6.000
88.000	6.000
89.000	4.000
90.000	8.000
91.000	10.000
92.000	9.000
93.000	10.000
94.000	10.000
95.000	5.000
96.000	8.000
97.000	12.000
98.000	7.000
99.000	7.000
100.000	5.000
101.000	10.000
102.000	12.000
103.000	8.000
104.000	8.000
105.000	4.000
106.000	9.000
107.000	9.000
108.000	3.000
109.000	4.000
110.000	7.000
111.000	9.000
112.000	8.000
113.000	9.000
114.000	7.000
115.000	9.000
116.000	8.000
117.000	7.000
118.000	5.000
119.000	6.000
120.000	3.000
121.000	6.000
122.000	7.000
123.000	3.000
124.000	7.000
125.000	14.000
126.000	7.000
127.000	15.000
128.000	14.000
129.000	10.000
130.000	7.000
131.000	9.000
132.000	1.000
133.000	3.000
134.000	4.000
135.000	4.000
136.000	7.000
137.000	7.000
138.000	8.000
139.000	4.000
140.000	12.000
141.000	4.000
142.000	5.000
143.000	4.000
144.000	3.000
145.000	4.000
146.000	5.000
147.000	5.000
148.000	1.000
149.000	4.000
150.000	1.000
151.000	3.000
152.000	4.000
153.000	6.000
154.000	3.000
155.000	2.000
156.000	3.000
157.000	5.000
158.000	7.000
159.000	5.000
160.000	10.000
161.000	8.000
162.000	9.000
163.000	15.000
164.000	13.000
165.000	7.000
166.000	10.000
167.000	4.000
168.000	3.000
169.000	3.000
170.000	6.000
171.000	4.000
172.000	5.000
173.000	9.000
174.000	3.000
175.000	2.000
176.000	4.000
177.000	6.000
178.000	12.000
179.000	7.000
180.000	6.000
181.000	8.000
182.000	21.000
183.000	11.000
184.000	8.000
185.000	8.000
186.000	7.000
187.000	5.000
188.000	3.000
189.000	3.000
190.000	2.000
191.000	4.000
192.000	4.000
193.000	5.000
194.000	3.000
195.000	5.000
196.000	10.000
197.000	7.000
198.000	12.000
199.000	18.000
200.000	27.000
201.000	28.000
202.000	44.000
203.000	46.000
204.000	47.000
205.000	28.000
206.000	24.000
207.000	17.000
208.000	12.000
209.000	7.000
210.000	6.000
211.000	3.000
212.000	4.000
213.000	7.000
214.000	5.000
215.000	5.000
216.000	5.000
217.000	3.000
218.000	6.000
219.000	9.000
220.000	7.000
221.000	10.000
222.000	4.000
223.000	8.000
224.000	1.000
225.000	3.000
226.000	3.000
227.000	2.000
228.000	3.000
229.000	2.000
230.000	2.000
231.000	4.000
232.000	3.000
233.000	4.000
234.000	1.000
235.000	7.000
236.000	2.000
237.000	3.000
238.000	4.000
239.000	1.000
240.000	4.000
241.000	5.000
242.000	6.000
243.000	8.000
244.000	11.000
245.000	7.000
246.000	10.000
247.000	13.000
248.000	13.000
249.000	8.000
250.000	15.000
251.000	18.000
252.000	4.000
253.000	10.000
254.000	8.000
255.000	6.000
256.000	7.000
257.000	6.000
258.000	3.000
259.000	4.000
260.000	4.000
261.000	6.000
262.000	4.000
263.000	7.000
264.000	9.000
265.000	3.000
266.000	6.000
267.000	9.000
268.000	12.000
269.000	10.000
270.000	9.000
271.000	7.000
272.000	8.000
273.000	11.000
274.000	9.000
275.000	6.000
276.000	8.000
277.000	14.000
278.000	5.000
279.000	8.000
280.000	5.000
281.000	3.000
282.000	8.000
283.000	5.000
284.000	8.000
285.000	4.000
286.000	7.000
287.000	3.000
288.000	5.000
289.000	8.000
290.000	10.000
291.000	2.000
292.000	4.000
293.000	9.000
294.000	11.000
295.000	12.000
296.000	10.000
297.000	6.000
298.000	8.000
299.000	4.000
300.000	0.000
301.000	3.000
302.000	9.000
303.000	8.000
304.000	8.000
305.000	6.000
306.000	10.000
307.000	5.000
308.000	10.000
309.000	9.000
310.000	11.000
311.000	6.000
312.000	6.000
313.000	10.000
314.000	12.000
315.000	14.000
316.000	18.000
317.000	20.000
318.000	38.000
319.000	26.000
320.000	57.000
321.000	46.000
322.000	55.000
323.000	77.000
324.000	59.000
325.000	62.000
326.000	49.000
327.000	43.000
328.000	25.000
329.000	29.000
330.000	13.000
331.000	21.000
332.000	17.000
333.000	18.000
334.000	10.000
335.000	12.000
336.000	17.000
337.000	17.000
338.000	21.000
339.000	16.000
340.000	24.000
341.000	39.000
342.000	57.000
343.000	74.000
344.000	147.000
345.000	241.000
346.000	373.000
347.000	472.000
348.000	663.000
349.000	743.000
350.000	834.000
351.000	819.000
352.000	741.000
353.000	629.000
354.000	543.000
355.000	417.000
356.000	294.000
357.000	146.000
358.000	106.000
359.000	69.000
360.000	43.000
361.000	26.000
362.000	22.000
363.000	19.000
364.000	16.000
365.000	22.000
366.000	11.000
367.000	19.000
368.000	17.000
369.000	15.000
370.000	19.000
371.000	21.000
372.000	17.000
373.000	30.000
374.000	23.000
375.000	22.000
376.000	31.000
377.000	25.000
378.000	36.000
379.000	41.000
380.000	54.000
381.000	66.000
382.000	78.000
383.000	111.000
384.000	123.000
385.000	144.000
386.000	156.000
387.000	156.000
388.000	147.000
389.000	122.000
390.000	109.000
391.000	74.000
392.000	75.000
393.000	53.000
394.000	43.000
395.000	38.000
396.000	31.000
397.000	31.000
398.000	23.000
399.000	21.000
400.000	18.000
401.000	25.000
402.000	21.000
403.000	28.000
404.000	33.000
405.000	24.000
406.000	31.000
407.000	25.000
408.000	21.000
409.000	27.000
410.000	19.000
411.000	28.000
412.000	21.000
413.000	30.000
414.000	24.000
415.000	19.000
416.000	35.000
417.000	28.000
418.000	24.000
419.000	35.000
420.000	31.000
421.000	25.000
422.000	25.000
423.000	26.000
424.000	26.000
425.000	26.000
426.000	30.000
427.000	34.000
428.000	32.000
429.000	41.000
430.000	38.000
431.000	33.000
432.000	41.000
433.000	44.000
434.000	33.000
435.000	39.000
436.000	40.000
437.000	46.000
438.000	36.000
439.000	33.000
440.000	42.000
441.000	39.000
442.000	52.000
443.000	37.000
444.000	41.000
445.000	44.000
446.000	41.000
447.000	45.000
448.000	40.000
449.000	36.000
450.000	42.000
451.000	53.000
452.000	58.000
453.000	51.000
454.000	51.000
455.000	54.000
456.000	48.000
457.000	46.000
458.000	40.000
459.000	39.000
460.000	50.000
461.000	45.000
462.000	57.000
463.000	59.000
464.000	46.000
465.000	50.000
466.000	54.000
467.000	49.000
468.000	64.000
469.000	60.000
470.000	60.000
471.000	53.000
472.000	58.000
473.000	54.000
474.000	62.000
475.000	56.000
476.000	64.000
477.000	55.000
478.000	48.000
479.000	57.000
480.000	68.000
481.000	38.000
482.000	72.000
483.000	63.000
484.000	60.000
485.000	57.000
486.000	56.000
487.000	65.000
488.000	53.000
489.000	67.000
490.000	54.000
491.000	66.000
492.000	54.000
493.000	67.000
494.000	68.000
495.000	49.000
496.000	78.000
497.000	76.000
498.000	67.000
499.000	58.000
500.000	72.000
501.000	66.000
502.000	51.000
503.000	90.000
504.000	81.000
505.000	72.000
506.000	67.000
507.000	74.000
508.000	79.000
509.000	75.000
510.000	79.000
511.000	82.000
512.000	86.000
513.000	88.000
514.000	74.000
515.000	87.000
516.000	71.000
517.000	84.000
518.000	69.000
519.000	79.000
520.000	77.000
521.000	107.000
522.000	78.000
523.000	88.000
524.000	89.000
525.000	85.000
526.000	100.000
527.000	84.000
528.000	110.000
529.000	83.000
530.000	80.000
531.000	90.000
532.000	86.000
533.000	94.000
534.000	81.000
535.000	91.000
536.000	98.000
537.000	106.000
538.000	89.000
539.000	97.000
540.000	99.000
541.000	87.000
542.000	89.000
543.000	89.000
544.000	93.000
545.000	97.000
546.000	102.000
547.000	107.000
548.000	88.000
549.000	101.000
550.000	79.000
551.000	90.000
552.000	103.000
553.000	105.000
554.000	78.000
555.000	111.000
556.000	112.000
557.000	106.000
558.000	127.000
559.000	130.000
560.000	123.000
561.000	105.000
562.000	98.000
563.000	100.000
564.000	98.000
565.000	107.000
566.000	134.000
567.000	109.000
568.000	99.000
569.000	110.000
570.000	102.000
571.000	107.000
572.000	119.000
573.000	124.000
574.000	123.000
575.000	105.000
576.000	136.000
577.000	136.000
578.000	119.000
579.000	140.000
580.000	108.000
581.000	122.000
582.000	143.000
583.000	127.000
584.000	111.000
585.000	115.000
586.000	119.000
587.000	132.000
588.000	139.000
589.000	137.000
590.000	135.000
591.000	145.000
592.000	143.000
593.000	130.000
594.000	121.000
595.000	133.000
596.000	140.000
597.000	144.000
598.000	138.000
599.000	156.000
600.000	151.000
601.000	136.000
602.000	159.000
603.000	169.000
604.000	147.000
605.000	142.000
606.000	123.000
607.000	122.000
608.000	153.000
609.000	153.000
610.000	162.000
611.000	154.000
612.000	157.000
613.000	155.000
614.000	148.000
615.000	148.000
616.000	148.000
617.000	148.000
618.000	145.000
619.000	161.000
620.000	141.000
621.000	140.000
622.000	135.000
623.000	147.000
624.000	140.000
625.000	165.000
626.000	193.000
627.000	174.000
628.000	178.000
629.000	144.000
630.000	182.000
631.000	160.000
632.000	167.000
633.000	164.000
634.000	167.000
635.000	170.000
636.000	190.000
637.000	166.000
638.000	165.000
639.000	176.000
640.000	153.000
641.000	196.000
642.000	173.000
643.000	167.000
644.000	185.000
645.000	188.000
646.000	156.000
647.000	189.000
648.000	187.000
649.000	162.000
650.000	185.000
651.000	200.000
652.000	200.000
653.000	187.000
654.000	184.000
655.000	194.000
656.000	189.000
657.000	207.000
658.000	175.000
659.000	198.000
660.000	203.000
661.000	178.000
662.000	193.000
663.000	183.000
664.000	185.000
665.000	168.000
666.000	198.000
667.000	224.000
668.000	199.000
669.000	235.000
670.000	182.000
671.000	193.000
672.000	189.000
673.000	216.000
674.000	168.000
675.000	180.000
676.000	184.000
677.000	204.000
678.000	181.000
679.000	206.000
680.000	231.000
681.000	230.000
682.000	170.000
683.000	200.000
684.000	195.000
685.000	205.000
686.000	215.000
687.000	206.000
688.000	207.000
689.000	232.000
690.000	227.000
691.000	218.000
692.000	221.000
693.000	221.000
694.000	217.000
695.000	193.000
696.000	189.000
697.000	198.000
698.000	210.000
699.000	236.000
700.000	242.000
701.000	245.000
702.000	235.000
703.000	228.000
704.000	224.000
705.000	234.000
706.000	214.000
707.000	222.000
708.000	227.000
709.000	243.000
710.000	197.000
711.000	232.000
712.000	240.000
713.000	240.000
714.000	215.000
715.000	255.000
716.000	217.000
717.000	232.000
718.000	237.000
719.000	205.000
720.000	253.000
721.000	236.000
722.000	236.000
723.000	229.000
724.000	249.000
725.000	252.000
726.000	249.000
727.000	238.000
728.000	259.000
729.000	239.000
730.000	250.000
731.000	242.000
732.000	225.000
733.000	288.000
734.000	265.000
735.000	253.000
736.000	235.000
737.000	252.000
738.000	262.000
739.000	232.000
740.000	244.000
741.000	252.000
742.000	238.000
743.000	249.000
744.000	236.000
745.000	245.000
746.000	242.000
747.000	251.000
748.000	232.000
749.000	275.000
750.000	255.000
751.000	268.000
752.000	260.000
753.000	242.000
754.000	227.000
755.000	248.000
756.000	233.000
757.000	285.000
758.000	239.000
759.000	255.000
760.000	254.000
761.000	249.000
762.000	254.000
763.000	305.000
764.000	288.000
765.000	293.000
766.000	270.000
767.000	267.000
768.000	297.000
769.000	315.000
770.000	324.000
771.000	316.000
772.000	315.000
773.000	312.000
774.000	305.000
775.000	306.000
776.000	298.000
777.000	320.000
778.000	268.000
779.000	284.000
780.000	308.000
781.000	297.000
782.000	296.000
783.000	269.000
784.000	283.000
785.000	278.000
786.000	242.000
787.000	272.000
788.000	308.000
789.000	293.000
790.000	256.000
791.000	281.000
792.000	279.000
793.000	253.000
794.000	258.000
795.000	249.000
796.000	277.000
797.000	269.000
798.000	245.000
799.000	285.000
800.000	251.000
801.000	252.000
802.000	282.000
803.000	294.000
804.000	266.000
805.000	286.000
806.000	272.000
807.000	276.000
808.000	294.000
809.000	311.000
810.000	287.000
811.000	298.000
812.000	289.000
813.000	329.000
814.000	282.000
815.000	305.000
816.000	292.000
817.000	279.000
818.000	276.000
819.000	260.000
820.000	292.000
821.000	278.000
822.000	333.000
823.000	283.000
824.000	298.000
825.000	308.000
826.000	313.000
827.000	281.000
828.000	280.000
829.000	299.000
830.000	298.000
831.000	272.000
832.000	288.000
833.000	295.000
834.000	289.000
835.000	294.000
836.000	319.000
837.000	297.000
838.000	300.000
839.000	313.000
840.000	317.000
841.000	285.000
842.000	286.000
843.000	304.000
844.000	280.000
845.000	332.000
846.000	297.000
847.000	356.000
848.000	341.000
849.000	315.000
850.000	319.000
851.000	332.000
852.000	357.000
853.000	342.000
854.000	347.000
855.000	350.000
856.000	353.000
857.000	346.000
858.000	352.000
859.000	357.000
860.000	383.000
861.000	395.000
862.000	381.000
863.000	398.000
864.000	403.000
865.000	420.000
866.000	383.000
867.000	401.000
868.000	435.000
869.000	391.000
870.000	447.000
871.000	439.000
872.000	477.000
873.000	467.000
874.000	526.000
875.000	498.000
876.000	490.000
877.000	539.000
878.000	521.000
879.000	601.000
880.000	653.000
881.000	671.000
882.000	697.000
883.000	714.000
884.000	793.000
885.000	824.000
886.000	877.000
887.000	922.000
888.000	1024.000
889.000	1030.000
890.000	1088.000
891.000	1162.000
892.000	1160.000
893.000	1269.000
894.000	1347.000
895.000	1342.000
896.000	1465.000
897.000	1402.000
898.000	1441.000
899.000	1408.000
900.000	1487.000
901.000	1436.000
902.000	1536.000
903.000	1489.000
904.000	1366.000
905.000	1360.000
906.000	1265.000
907.000	1256.000
908.000	1250.000
909.000	1158.000
910.000	1120.000
911.000	1142.000
912.000	1033.000
913.000	982.000
914.000	916.000
915.000	884.000
916.000	772.000
917.000	742.000
918.000	725.000
919.000	693.000
920.000	690.000
921.000	577.000
922.000	516.000
923.000	536.000
924.000	516.000
925.000	495.000
926.000	490.000
927.000	471.000
928.000	453.000
929.000	391.000
930.000	372.000
931.000	408.000
932.000	392.000
933.000	359.000
934.000	347.000
935.000	347.000
936.000	387.000
937.000	349.000
938.000	340.000
939.000	342.000
940.000	367.000
941.000	374.000
942.000	379.000
943.000	421.000
944.000	436.000
945.000	489.000
946.000	558.000
947.000	563.000
948.000	622.000
949.000	697.000
950.000	730.000
951.000	735.000
952.000	774.000
953.000	801.000
954.000	743.000
955.000	755.000
956.000	748.000
957.000	692.000
958.000	714.000
959.000	607.000
960.000	569.000
961.000	490.000
962.000	447.000
963.000	430.000
964.000	367.000
965.000	348.000
966.000	311.000
967.000	329.000
968.000	290.000
969.000	302.000
970.000	294.000
971.000	245.000
972.000	278.000
973.000	283.000
974.000	283.000
975.000	284.000
976.000	274.000
977.000	259.000
978.000	285.000
979.000	281.000
980.000	269.000
981.000	287.000
982.000	288.000
983.000	289.000
984.000	309.000
985.000	299.000
986.000	317.000
987.000	310.000
988.000	318.000
989.000	335.000
990.000	354.000
991.000	395.000
992.000	367.000
993.000	424.000
994.000	382.000
995.000	404.000
996.000	407.000
997.000	444.000
998.000	449.000
999.000	450.000
1000.000	428.000
1001.000	381.000
1002.000	413.000
1003.000	443.000
1004.000	415.000
1005.000	415.000
1006.000	462.000
1007.000	463.000
1008.000	442.000
1009.000	417.000
1010.000	404.000
1011.000	391.000
1012.000	379.000
1013.000	385.000
1014.000	355.000
1015.000	339.000
1016.000	356.000
1017.000	308.000
1018.000	301.000
1019.000	334.000
1020.000	327.000
1021.000	291.000
1022.000	313.000
1023.000	274.000
1024.000	269.000
