Date:	8/19/2008		Time:	9:52 AM		Version no:	0.00		Project name:	55		Sample name:	222		Section name:	section		Position	814.039995	mm	E0	0.000000	keV	E1	1.000000	keV/channel	sample surface	7.809364	cm	Tube anode:	Mo		Tube voltage:	30	kV	Tube current:	50	mA	gain	20		std. database			resultfile	result		matrix element	11		sample thickness	1.000000		air passage	0.560000	cm	comments	in position		peaking_time	3.000000	m-sec	trigger_threshold	1229.166667	V	mca_bin_width	22.090000	no:	number_mca_channels	1024.000000	no:	gap_time	0.400000	m-sec	trigger_peaking_time	0.150000	m-sec	GAINDAC	9455		HIGHGAIN	1		TAURC	0		RCTAU	53		RCTAUFRAC	32768		livetime	9.725965	seconds	runtime	10.000502	seconds	input_count_rate	26.518500	cps	output_count_rate	20.520671	cps	triggers	257918	seconds	events_in_run	205217	seconds	channel	content		1.000	0.000
2.000	0.000
3.000	0.000
4.000	0.000
5.000	0.000
6.000	0.000
7.000	0.000
8.000	0.000
9.000	0.000
10.000	0.000
11.000	0.000
12.000	0.000
13.000	0.000
14.000	0.000
15.000	0.000
16.000	0.000
17.000	0.000
18.000	0.000
19.000	0.000
20.000	0.000
21.000	0.000
22.000	0.000
23.000	0.000
24.000	0.000
25.000	0.000
26.000	0.000
27.000	0.000
28.000	0.000
29.000	0.000
30.000	0.000
31.000	1.000
32.000	0.000
33.000	1.000
34.000	1.000
35.000	3.000
36.000	1.000
37.000	4.000
38.000	2.000
39.000	2.000
40.000	3.000
41.000	2.000
42.000	1.000
43.000	4.000
44.000	3.000
45.000	6.000
46.000	8.000
47.000	7.000
48.000	8.000
49.000	7.000
50.000	7.000
51.000	6.000
52.000	12.000
53.000	6.000
54.000	10.000
55.000	5.000
56.000	10.000
57.000	7.000
58.000	11.000
59.000	8.000
60.000	8.000
61.000	10.000
62.000	10.000
63.000	10.000
64.000	12.000
65.000	6.000
66.000	6.000
67.000	6.000
68.000	15.000
69.000	7.000
70.000	9.000
71.000	11.000
72.000	12.000
73.000	11.000
74.000	9.000
75.000	5.000
76.000	9.000
77.000	9.000
78.000	11.000
79.000	11.000
80.000	15.000
81.000	9.000
82.000	5.000
83.000	11.000
84.000	11.000
85.000	6.000
86.000	9.000
87.000	7.000
88.000	13.000
89.000	6.000
90.000	9.000
91.000	5.000
92.000	9.000
93.000	9.000
94.000	9.000
95.000	12.000
96.000	12.000
97.000	5.000
98.000	8.000
99.000	8.000
100.000	5.000
101.000	5.000
102.000	9.000
103.000	7.000
104.000	3.000
105.000	8.000
106.000	4.000
107.000	5.000
108.000	10.000
109.000	6.000
110.000	10.000
111.000	8.000
112.000	10.000
113.000	6.000
114.000	11.000
115.000	11.000
116.000	8.000
117.000	6.000
118.000	7.000
119.000	8.000
120.000	7.000
121.000	9.000
122.000	8.000
123.000	13.000
124.000	15.000
125.000	8.000
126.000	11.000
127.000	8.000
128.000	11.000
129.000	9.000
130.000	5.000
131.000	6.000
132.000	3.000
133.000	7.000
134.000	7.000
135.000	1.000
136.000	5.000
137.000	4.000
138.000	6.000
139.000	6.000
140.000	3.000
141.000	2.000
142.000	5.000
143.000	8.000
144.000	0.000
145.000	3.000
146.000	2.000
147.000	4.000
148.000	4.000
149.000	3.000
150.000	4.000
151.000	4.000
152.000	4.000
153.000	4.000
154.000	2.000
155.000	5.000
156.000	1.000
157.000	5.000
158.000	5.000
159.000	8.000
160.000	7.000
161.000	10.000
162.000	9.000
163.000	8.000
164.000	12.000
165.000	8.000
166.000	12.000
167.000	4.000
168.000	3.000
169.000	7.000
170.000	5.000
171.000	5.000
172.000	6.000
173.000	5.000
174.000	10.000
175.000	3.000
176.000	4.000
177.000	5.000
178.000	7.000
179.000	4.000
180.000	11.000
181.000	14.000
182.000	8.000
183.000	9.000
184.000	12.000
185.000	5.000
186.000	7.000
187.000	9.000
188.000	3.000
189.000	5.000
190.000	3.000
191.000	0.000
192.000	2.000
193.000	2.000
194.000	1.000
195.000	1.000
196.000	3.000
197.000	5.000
198.000	11.000
199.000	14.000
200.000	21.000
201.000	26.000
202.000	26.000
203.000	34.000
204.000	26.000
205.000	27.000
206.000	14.000
207.000	13.000
208.000	11.000
209.000	7.000
210.000	7.000
211.000	3.000
212.000	5.000
213.000	2.000
214.000	3.000
215.000	2.000
216.000	3.000
217.000	8.000
218.000	9.000
219.000	10.000
220.000	7.000
221.000	5.000
222.000	5.000
223.000	9.000
224.000	2.000
225.000	3.000
226.000	7.000
227.000	1.000
228.000	6.000
229.000	4.000
230.000	1.000
231.000	5.000
232.000	4.000
233.000	3.000
234.000	3.000
235.000	7.000
236.000	4.000
237.000	1.000
238.000	3.000
239.000	3.000
240.000	0.000
241.000	4.000
242.000	11.000
243.000	8.000
244.000	5.000
245.000	15.000
246.000	5.000
247.000	15.000
248.000	12.000
249.000	16.000
250.000	16.000
251.000	8.000
252.000	7.000
253.000	4.000
254.000	6.000
255.000	6.000
256.000	4.000
257.000	4.000
258.000	5.000
259.000	4.000
260.000	5.000
261.000	6.000
262.000	6.000
263.000	1.000
264.000	3.000
265.000	7.000
266.000	5.000
267.000	4.000
268.000	6.000
269.000	7.000
270.000	5.000
271.000	6.000
272.000	3.000
273.000	6.000
274.000	4.000
275.000	5.000
276.000	5.000
277.000	2.000
278.000	5.000
279.000	6.000
280.000	2.000
281.000	8.000
282.000	4.000
283.000	4.000
284.000	10.000
285.000	4.000
286.000	2.000
287.000	6.000
288.000	5.000
289.000	3.000
290.000	7.000
291.000	7.000
292.000	11.000
293.000	11.000
294.000	10.000
295.000	2.000
296.000	12.000
297.000	9.000
298.000	8.000
299.000	6.000
300.000	8.000
301.000	4.000
302.000	6.000
303.000	7.000
304.000	6.000
305.000	3.000
306.000	7.000
307.000	5.000
308.000	9.000
309.000	5.000
310.000	4.000
311.000	10.000
312.000	8.000
313.000	7.000
314.000	10.000
315.000	8.000
316.000	8.000
317.000	21.000
318.000	16.000
319.000	31.000
320.000	25.000
321.000	45.000
322.000	43.000
323.000	36.000
324.000	48.000
325.000	35.000
326.000	42.000
327.000	35.000
328.000	20.000
329.000	20.000
330.000	20.000
331.000	10.000
332.000	5.000
333.000	10.000
334.000	8.000
335.000	9.000
336.000	13.000
337.000	12.000
338.000	16.000
339.000	5.000
340.000	28.000
341.000	30.000
342.000	45.000
343.000	85.000
344.000	147.000
345.000	208.000
346.000	341.000
347.000	446.000
348.000	574.000
349.000	693.000
350.000	732.000
351.000	728.000
352.000	700.000
353.000	594.000
354.000	476.000
355.000	371.000
356.000	245.000
357.000	153.000
358.000	97.000
359.000	52.000
360.000	36.000
361.000	23.000
362.000	13.000
363.000	15.000
364.000	19.000
365.000	13.000
366.000	14.000
367.000	17.000
368.000	14.000
369.000	12.000
370.000	13.000
371.000	8.000
372.000	15.000
373.000	18.000
374.000	15.000
375.000	25.000
376.000	16.000
377.000	21.000
378.000	18.000
379.000	30.000
380.000	50.000
381.000	38.000
382.000	70.000
383.000	65.000
384.000	118.000
385.000	136.000
386.000	146.000
387.000	137.000
388.000	126.000
389.000	94.000
390.000	91.000
391.000	57.000
392.000	51.000
393.000	46.000
394.000	35.000
395.000	32.000
396.000	15.000
397.000	19.000
398.000	21.000
399.000	18.000
400.000	17.000
401.000	14.000
402.000	13.000
403.000	24.000
404.000	19.000
405.000	10.000
406.000	23.000
407.000	17.000
408.000	24.000
409.000	28.000
410.000	17.000
411.000	9.000
412.000	15.000
413.000	23.000
414.000	23.000
415.000	21.000
416.000	20.000
417.000	18.000
418.000	21.000
419.000	35.000
420.000	25.000
421.000	17.000
422.000	20.000
423.000	28.000
424.000	25.000
425.000	26.000
426.000	21.000
427.000	29.000
428.000	24.000
429.000	29.000
430.000	30.000
431.000	32.000
432.000	25.000
433.000	26.000
434.000	26.000
435.000	20.000
436.000	29.000
437.000	46.000
438.000	29.000
439.000	41.000
440.000	26.000
441.000	39.000
442.000	30.000
443.000	35.000
444.000	28.000
445.000	40.000
446.000	31.000
447.000	32.000
448.000	40.000
449.000	38.000
450.000	37.000
451.000	43.000
452.000	49.000
453.000	34.000
454.000	30.000
455.000	39.000
456.000	37.000
457.000	46.000
458.000	23.000
459.000	34.000
460.000	40.000
461.000	35.000
462.000	36.000
463.000	37.000
464.000	33.000
465.000	26.000
466.000	42.000
467.000	38.000
468.000	36.000
469.000	40.000
470.000	29.000
471.000	41.000
472.000	46.000
473.000	46.000
474.000	37.000
475.000	51.000
476.000	34.000
477.000	38.000
478.000	41.000
479.000	37.000
480.000	45.000
481.000	39.000
482.000	45.000
483.000	47.000
484.000	41.000
485.000	39.000
486.000	52.000
487.000	43.000
488.000	56.000
489.000	43.000
490.000	55.000
491.000	51.000
492.000	44.000
493.000	40.000
494.000	44.000
495.000	51.000
496.000	55.000
497.000	70.000
498.000	48.000
499.000	48.000
500.000	54.000
501.000	49.000
502.000	62.000
503.000	64.000
504.000	51.000
505.000	63.000
506.000	52.000
507.000	71.000
508.000	60.000
509.000	58.000
510.000	63.000
511.000	45.000
512.000	62.000
513.000	69.000
514.000	71.000
515.000	66.000
516.000	72.000
517.000	64.000
518.000	72.000
519.000	73.000
520.000	74.000
521.000	77.000
522.000	81.000
523.000	66.000
524.000	75.000
525.000	73.000
526.000	58.000
527.000	79.000
528.000	66.000
529.000	77.000
530.000	81.000
531.000	79.000
532.000	74.000
533.000	73.000
534.000	81.000
535.000	89.000
536.000	74.000
537.000	65.000
538.000	63.000
539.000	77.000
540.000	75.000
541.000	63.000
542.000	80.000
543.000	70.000
544.000	82.000
545.000	85.000
546.000	85.000
547.000	74.000
548.000	72.000
549.000	83.000
550.000	88.000
551.000	89.000
552.000	82.000
553.000	76.000
554.000	85.000
555.000	92.000
556.000	82.000
557.000	89.000
558.000	94.000
559.000	102.000
560.000	95.000
561.000	85.000
562.000	81.000
563.000	82.000
564.000	91.000
565.000	90.000
566.000	85.000
567.000	98.000
568.000	92.000
569.000	103.000
570.000	81.000
571.000	117.000
572.000	106.000
573.000	123.000
574.000	101.000
575.000	97.000
576.000	101.000
577.000	87.000
578.000	113.000
579.000	114.000
580.000	107.000
581.000	110.000
582.000	100.000
583.000	106.000
584.000	107.000
585.000	110.000
586.000	94.000
587.000	104.000
588.000	105.000
589.000	129.000
590.000	103.000
591.000	124.000
592.000	91.000
593.000	133.000
594.000	118.000
595.000	96.000
596.000	132.000
597.000	112.000
598.000	111.000
599.000	112.000
600.000	129.000
601.000	128.000
602.000	119.000
603.000	100.000
604.000	104.000
605.000	139.000
606.000	141.000
607.000	123.000
608.000	125.000
609.000	130.000
610.000	113.000
611.000	124.000
612.000	133.000
613.000	127.000
614.000	132.000
615.000	150.000
616.000	118.000
617.000	123.000
618.000	149.000
619.000	129.000
620.000	121.000
621.000	109.000
622.000	128.000
623.000	125.000
624.000	141.000
625.000	148.000
626.000	131.000
627.000	161.000
628.000	139.000
629.000	145.000
630.000	118.000
631.000	151.000
632.000	139.000
633.000	134.000
634.000	150.000
635.000	144.000
636.000	172.000
637.000	149.000
638.000	148.000
639.000	158.000
640.000	145.000
641.000	144.000
642.000	146.000
643.000	138.000
644.000	140.000
645.000	191.000
646.000	138.000
647.000	153.000
648.000	156.000
649.000	172.000
650.000	165.000
651.000	187.000
652.000	173.000
653.000	175.000
654.000	177.000
655.000	159.000
656.000	172.000
657.000	170.000
658.000	193.000
659.000	166.000
660.000	154.000
661.000	167.000
662.000	154.000
663.000	168.000
664.000	181.000
665.000	156.000
666.000	188.000
667.000	171.000
668.000	187.000
669.000	187.000
670.000	182.000
671.000	171.000
672.000	185.000
673.000	177.000
674.000	171.000
675.000	156.000
676.000	155.000
677.000	177.000
678.000	168.000
679.000	165.000
680.000	183.000
681.000	169.000
682.000	189.000
683.000	201.000
684.000	180.000
685.000	191.000
686.000	192.000
687.000	191.000
688.000	175.000
689.000	211.000
690.000	182.000
691.000	170.000
692.000	202.000
693.000	188.000
694.000	195.000
695.000	189.000
696.000	190.000
697.000	186.000
698.000	192.000
699.000	197.000
700.000	184.000
701.000	171.000
702.000	188.000
703.000	208.000
704.000	204.000
705.000	204.000
706.000	228.000
707.000	197.000
708.000	191.000
709.000	191.000
710.000	210.000
711.000	204.000
712.000	221.000
713.000	206.000
714.000	197.000
715.000	194.000
716.000	185.000
717.000	224.000
718.000	201.000
719.000	208.000
720.000	196.000
721.000	226.000
722.000	202.000
723.000	200.000
724.000	206.000
725.000	239.000
726.000	253.000
727.000	214.000
728.000	233.000
729.000	207.000
730.000	219.000
731.000	269.000
732.000	230.000
733.000	225.000
734.000	217.000
735.000	244.000
736.000	211.000
737.000	232.000
738.000	237.000
739.000	242.000
740.000	220.000
741.000	255.000
742.000	241.000
743.000	219.000
744.000	233.000
745.000	229.000
746.000	250.000
747.000	224.000
748.000	228.000
749.000	244.000
750.000	208.000
751.000	206.000
752.000	251.000
753.000	219.000
754.000	237.000
755.000	258.000
756.000	231.000
757.000	224.000
758.000	216.000
759.000	232.000
760.000	205.000
761.000	216.000
762.000	235.000
763.000	221.000
764.000	242.000
765.000	271.000
766.000	241.000
767.000	259.000
768.000	254.000
769.000	238.000
770.000	284.000
771.000	265.000
772.000	260.000
773.000	254.000
774.000	296.000
775.000	294.000
776.000	255.000
777.000	279.000
778.000	284.000
779.000	255.000
780.000	256.000
781.000	252.000
782.000	258.000
783.000	253.000
784.000	242.000
785.000	237.000
786.000	233.000
787.000	272.000
788.000	221.000
789.000	267.000
790.000	237.000
791.000	243.000
792.000	258.000
793.000	229.000
794.000	235.000
795.000	272.000
796.000	278.000
797.000	233.000
798.000	226.000
799.000	292.000
800.000	251.000
801.000	254.000
802.000	277.000
803.000	259.000
804.000	268.000
805.000	245.000
806.000	249.000
807.000	290.000
808.000	262.000
809.000	269.000
810.000	262.000
811.000	245.000
812.000	283.000
813.000	284.000
814.000	239.000
815.000	267.000
816.000	274.000
817.000	270.000
818.000	258.000
819.000	305.000
820.000	304.000
821.000	299.000
822.000	249.000
823.000	268.000
824.000	312.000
825.000	265.000
826.000	246.000
827.000	297.000
828.000	307.000
829.000	308.000
830.000	292.000
831.000	291.000
832.000	308.000
833.000	244.000
834.000	305.000
835.000	289.000
836.000	289.000
837.000	279.000
838.000	301.000
839.000	284.000
840.000	290.000
841.000	320.000
842.000	271.000
843.000	308.000
844.000	306.000
845.000	318.000
846.000	270.000
847.000	333.000
848.000	311.000
849.000	341.000
850.000	306.000
851.000	329.000
852.000	319.000
853.000	333.000
854.000	349.000
855.000	324.000
856.000	361.000
857.000	310.000
858.000	353.000
859.000	368.000
860.000	404.000
861.000	379.000
862.000	372.000
863.000	403.000
864.000	443.000
865.000	393.000
866.000	368.000
867.000	401.000
868.000	412.000
869.000	347.000
870.000	433.000
871.000	441.000
872.000	430.000
873.000	503.000
874.000	466.000
875.000	461.000
876.000	499.000
877.000	514.000
878.000	553.000
879.000	558.000
880.000	603.000
881.000	604.000
882.000	662.000
883.000	667.000
884.000	739.000
885.000	787.000
886.000	836.000
887.000	898.000
888.000	922.000
889.000	1057.000
890.000	998.000
891.000	1127.000
892.000	1148.000
893.000	1199.000
894.000	1288.000
895.000	1202.000
896.000	1377.000
897.000	1412.000
898.000	1409.000
899.000	1424.000
900.000	1393.000
901.000	1403.000
902.000	1428.000
903.000	1342.000
904.000	1386.000
905.000	1314.000
906.000	1307.000
907.000	1229.000
908.000	1209.000
909.000	1184.000
910.000	1022.000
911.000	1014.000
912.000	1006.000
913.000	926.000
914.000	915.000
915.000	827.000
916.000	788.000
917.000	741.000
918.000	713.000
919.000	681.000
920.000	592.000
921.000	604.000
922.000	598.000
923.000	483.000
924.000	522.000
925.000	470.000
926.000	434.000
927.000	380.000
928.000	409.000
929.000	379.000
930.000	361.000
931.000	385.000
932.000	336.000
933.000	336.000
934.000	341.000
935.000	349.000
936.000	351.000
937.000	291.000
938.000	353.000
939.000	342.000
940.000	373.000
941.000	358.000
942.000	406.000
943.000	406.000
944.000	478.000
945.000	463.000
946.000	542.000
947.000	557.000
948.000	653.000
949.000	631.000
950.000	690.000
951.000	752.000
952.000	726.000
953.000	791.000
954.000	743.000
955.000	711.000
956.000	705.000
957.000	662.000
958.000	664.000
959.000	567.000
960.000	571.000
961.000	478.000
962.000	401.000
963.000	351.000
964.000	346.000
965.000	333.000
966.000	295.000
967.000	281.000
968.000	274.000
969.000	306.000
970.000	267.000
971.000	257.000
972.000	287.000
973.000	244.000
974.000	266.000
975.000	303.000
976.000	265.000
977.000	289.000
978.000	255.000
979.000	278.000
980.000	271.000
981.000	293.000
982.000	310.000
983.000	283.000
984.000	291.000
985.000	317.000
986.000	331.000
987.000	318.000
988.000	315.000
989.000	314.000
990.000	329.000
991.000	356.000
992.000	332.000
993.000	346.000
994.000	353.000
995.000	346.000
996.000	363.000
997.000	386.000
998.000	377.000
999.000	422.000
1000.000	407.000
1001.000	387.000
1002.000	399.000
1003.000	427.000
1004.000	441.000
1005.000	405.000
1006.000	435.000
1007.000	410.000
1008.000	392.000
1009.000	401.000
1010.000	390.000
1011.000	393.000
1012.000	379.000
1013.000	401.000
1014.000	385.000
1015.000	358.000
1016.000	375.000
1017.000	339.000
1018.000	324.000
1019.000	320.000
1020.000	278.000
1021.000	280.000
1022.000	256.000
1023.000	291.000
1024.000	257.000
