Date:	8/19/2008		Time:	8:58 AM		Version no:	0.00		Project name:	55		Sample name:	222		Section name:	section		Position	248.039995	mm	E0	0.000000	keV	E1	1.000000	keV/channel	sample surface	7.378437	cm	Tube anode:	Mo		Tube voltage:	30	kV	Tube current:	50	mA	gain	20		std. database			resultfile	result		matrix element	11		sample thickness	1.000000		air passage	0.560000	cm	comments	not in position		peaking_time	3.000000	m-sec	trigger_threshold	1229.166667	V	mca_bin_width	22.090000	no:	number_mca_channels	1024.000000	no:	gap_time	0.400000	m-sec	trigger_peaking_time	0.150000	m-sec	GAINDAC	9455		HIGHGAIN	1		TAURC	0		RCTAU	53		RCTAUFRAC	32768		livetime	9.741390	seconds	runtime	10.000502	seconds	input_count_rate	25.027641	cps	output_count_rate	19.622416	cps	triggers	243804	seconds	events_in_run	196234	seconds	channel	content		1.000	0.000
2.000	0.000
3.000	0.000
4.000	0.000
5.000	0.000
6.000	0.000
7.000	0.000
8.000	0.000
9.000	0.000
10.000	0.000
11.000	0.000
12.000	0.000
13.000	0.000
14.000	0.000
15.000	0.000
16.000	0.000
17.000	0.000
18.000	0.000
19.000	0.000
20.000	0.000
21.000	0.000
22.000	0.000
23.000	0.000
24.000	0.000
25.000	0.000
26.000	0.000
27.000	0.000
28.000	0.000
29.000	0.000
30.000	0.000
31.000	0.000
32.000	1.000
33.000	2.000
34.000	1.000
35.000	0.000
36.000	0.000
37.000	2.000
38.000	0.000
39.000	3.000
40.000	2.000
41.000	5.000
42.000	6.000
43.000	5.000
44.000	9.000
45.000	6.000
46.000	4.000
47.000	7.000
48.000	6.000
49.000	6.000
50.000	7.000
51.000	10.000
52.000	10.000
53.000	9.000
54.000	5.000
55.000	5.000
56.000	5.000
57.000	2.000
58.000	7.000
59.000	12.000
60.000	11.000
61.000	8.000
62.000	7.000
63.000	8.000
64.000	12.000
65.000	6.000
66.000	7.000
67.000	15.000
68.000	3.000
69.000	9.000
70.000	3.000
71.000	14.000
72.000	10.000
73.000	10.000
74.000	11.000
75.000	4.000
76.000	9.000
77.000	15.000
78.000	7.000
79.000	8.000
80.000	3.000
81.000	10.000
82.000	14.000
83.000	4.000
84.000	6.000
85.000	8.000
86.000	7.000
87.000	7.000
88.000	12.000
89.000	9.000
90.000	6.000
91.000	12.000
92.000	8.000
93.000	9.000
94.000	7.000
95.000	6.000
96.000	10.000
97.000	11.000
98.000	7.000
99.000	5.000
100.000	6.000
101.000	6.000
102.000	9.000
103.000	13.000
104.000	4.000
105.000	4.000
106.000	4.000
107.000	6.000
108.000	10.000
109.000	11.000
110.000	8.000
111.000	9.000
112.000	6.000
113.000	5.000
114.000	9.000
115.000	10.000
116.000	6.000
117.000	4.000
118.000	5.000
119.000	8.000
120.000	5.000
121.000	10.000
122.000	8.000
123.000	8.000
124.000	7.000
125.000	5.000
126.000	7.000
127.000	2.000
128.000	5.000
129.000	5.000
130.000	9.000
131.000	5.000
132.000	10.000
133.000	4.000
134.000	8.000
135.000	7.000
136.000	9.000
137.000	5.000
138.000	0.000
139.000	7.000
140.000	5.000
141.000	5.000
142.000	4.000
143.000	6.000
144.000	5.000
145.000	2.000
146.000	1.000
147.000	3.000
148.000	1.000
149.000	9.000
150.000	5.000
151.000	3.000
152.000	3.000
153.000	3.000
154.000	1.000
155.000	7.000
156.000	2.000
157.000	5.000
158.000	6.000
159.000	7.000
160.000	7.000
161.000	10.000
162.000	12.000
163.000	14.000
164.000	9.000
165.000	3.000
166.000	5.000
167.000	6.000
168.000	4.000
169.000	3.000
170.000	7.000
171.000	5.000
172.000	1.000
173.000	2.000
174.000	6.000
175.000	4.000
176.000	3.000
177.000	4.000
178.000	6.000
179.000	6.000
180.000	4.000
181.000	4.000
182.000	9.000
183.000	5.000
184.000	8.000
185.000	6.000
186.000	8.000
187.000	8.000
188.000	2.000
189.000	7.000
190.000	3.000
191.000	3.000
192.000	1.000
193.000	5.000
194.000	3.000
195.000	12.000
196.000	7.000
197.000	5.000
198.000	5.000
199.000	8.000
200.000	17.000
201.000	18.000
202.000	16.000
203.000	10.000
204.000	16.000
205.000	11.000
206.000	3.000
207.000	6.000
208.000	6.000
209.000	3.000
210.000	2.000
211.000	1.000
212.000	5.000
213.000	4.000
214.000	3.000
215.000	6.000
216.000	4.000
217.000	2.000
218.000	6.000
219.000	6.000
220.000	8.000
221.000	6.000
222.000	4.000
223.000	5.000
224.000	3.000
225.000	3.000
226.000	4.000
227.000	2.000
228.000	1.000
229.000	3.000
230.000	2.000
231.000	2.000
232.000	3.000
233.000	3.000
234.000	2.000
235.000	1.000
236.000	1.000
237.000	4.000
238.000	4.000
239.000	1.000
240.000	4.000
241.000	3.000
242.000	4.000
243.000	4.000
244.000	7.000
245.000	10.000
246.000	9.000
247.000	8.000
248.000	10.000
249.000	5.000
250.000	4.000
251.000	8.000
252.000	10.000
253.000	10.000
254.000	7.000
255.000	6.000
256.000	4.000
257.000	5.000
258.000	7.000
259.000	5.000
260.000	3.000
261.000	6.000
262.000	4.000
263.000	5.000
264.000	4.000
265.000	1.000
266.000	5.000
267.000	3.000
268.000	3.000
269.000	11.000
270.000	6.000
271.000	3.000
272.000	5.000
273.000	5.000
274.000	3.000
275.000	5.000
276.000	0.000
277.000	2.000
278.000	3.000
279.000	5.000
280.000	7.000
281.000	3.000
282.000	0.000
283.000	1.000
284.000	4.000
285.000	4.000
286.000	6.000
287.000	4.000
288.000	8.000
289.000	3.000
290.000	5.000
291.000	6.000
292.000	4.000
293.000	10.000
294.000	7.000
295.000	5.000
296.000	8.000
297.000	5.000
298.000	10.000
299.000	4.000
300.000	4.000
301.000	3.000
302.000	7.000
303.000	3.000
304.000	4.000
305.000	4.000
306.000	5.000
307.000	1.000
308.000	6.000
309.000	8.000
310.000	4.000
311.000	7.000
312.000	3.000
313.000	4.000
314.000	8.000
315.000	8.000
316.000	4.000
317.000	21.000
318.000	8.000
319.000	22.000
320.000	28.000
321.000	30.000
322.000	36.000
323.000	32.000
324.000	33.000
325.000	27.000
326.000	22.000
327.000	20.000
328.000	19.000
329.000	14.000
330.000	5.000
331.000	8.000
332.000	5.000
333.000	9.000
334.000	7.000
335.000	9.000
336.000	15.000
337.000	11.000
338.000	11.000
339.000	15.000
340.000	20.000
341.000	20.000
342.000	35.000
343.000	60.000
344.000	113.000
345.000	135.000
346.000	236.000
347.000	324.000
348.000	375.000
349.000	477.000
350.000	473.000
351.000	529.000
352.000	451.000
353.000	392.000
354.000	278.000
355.000	232.000
356.000	149.000
357.000	116.000
358.000	86.000
359.000	48.000
360.000	32.000
361.000	21.000
362.000	21.000
363.000	10.000
364.000	17.000
365.000	12.000
366.000	7.000
367.000	9.000
368.000	9.000
369.000	11.000
370.000	14.000
371.000	8.000
372.000	14.000
373.000	13.000
374.000	12.000
375.000	11.000
376.000	11.000
377.000	22.000
378.000	20.000
379.000	26.000
380.000	31.000
381.000	49.000
382.000	50.000
383.000	61.000
384.000	75.000
385.000	84.000
386.000	89.000
387.000	115.000
388.000	86.000
389.000	81.000
390.000	69.000
391.000	48.000
392.000	32.000
393.000	33.000
394.000	26.000
395.000	18.000
396.000	13.000
397.000	17.000
398.000	18.000
399.000	16.000
400.000	15.000
401.000	17.000
402.000	13.000
403.000	12.000
404.000	22.000
405.000	20.000
406.000	16.000
407.000	11.000
408.000	20.000
409.000	16.000
410.000	21.000
411.000	15.000
412.000	15.000
413.000	11.000
414.000	12.000
415.000	19.000
416.000	13.000
417.000	18.000
418.000	12.000
419.000	21.000
420.000	23.000
421.000	18.000
422.000	25.000
423.000	19.000
424.000	15.000
425.000	11.000
426.000	19.000
427.000	21.000
428.000	26.000
429.000	21.000
430.000	21.000
431.000	18.000
432.000	23.000
433.000	29.000
434.000	17.000
435.000	31.000
436.000	32.000
437.000	25.000
438.000	24.000
439.000	34.000
440.000	18.000
441.000	18.000
442.000	30.000
443.000	30.000
444.000	33.000
445.000	22.000
446.000	27.000
447.000	24.000
448.000	20.000
449.000	29.000
450.000	30.000
451.000	27.000
452.000	32.000
453.000	34.000
454.000	23.000
455.000	32.000
456.000	31.000
457.000	32.000
458.000	20.000
459.000	30.000
460.000	27.000
461.000	25.000
462.000	31.000
463.000	28.000
464.000	43.000
465.000	27.000
466.000	39.000
467.000	37.000
468.000	31.000
469.000	37.000
470.000	26.000
471.000	34.000
472.000	38.000
473.000	37.000
474.000	32.000
475.000	40.000
476.000	41.000
477.000	40.000
478.000	22.000
479.000	37.000
480.000	38.000
481.000	41.000
482.000	41.000
483.000	33.000
484.000	35.000
485.000	37.000
486.000	39.000
487.000	35.000
488.000	32.000
489.000	31.000
490.000	36.000
491.000	35.000
492.000	42.000
493.000	31.000
494.000	44.000
495.000	45.000
496.000	46.000
497.000	39.000
498.000	46.000
499.000	43.000
500.000	48.000
501.000	38.000
502.000	37.000
503.000	44.000
504.000	64.000
505.000	55.000
506.000	54.000
507.000	43.000
508.000	45.000
509.000	50.000
510.000	52.000
511.000	57.000
512.000	60.000
513.000	44.000
514.000	65.000
515.000	47.000
516.000	59.000
517.000	46.000
518.000	72.000
519.000	62.000
520.000	60.000
521.000	45.000
522.000	49.000
523.000	69.000
524.000	50.000
525.000	57.000
526.000	69.000
527.000	52.000
528.000	65.000
529.000	60.000
530.000	57.000
531.000	55.000
532.000	72.000
533.000	60.000
534.000	50.000
535.000	72.000
536.000	80.000
537.000	63.000
538.000	51.000
539.000	67.000
540.000	77.000
541.000	64.000
542.000	71.000
543.000	61.000
544.000	75.000
545.000	71.000
546.000	59.000
547.000	76.000
548.000	66.000
549.000	88.000
550.000	74.000
551.000	73.000
552.000	66.000
553.000	79.000
554.000	57.000
555.000	78.000
556.000	72.000
557.000	69.000
558.000	68.000
559.000	70.000
560.000	71.000
561.000	71.000
562.000	78.000
563.000	78.000
564.000	75.000
565.000	78.000
566.000	81.000
567.000	81.000
568.000	88.000
569.000	90.000
570.000	77.000
571.000	65.000
572.000	80.000
573.000	84.000
574.000	81.000
575.000	94.000
576.000	74.000
577.000	96.000
578.000	93.000
579.000	90.000
580.000	92.000
581.000	88.000
582.000	92.000
583.000	89.000
584.000	95.000
585.000	98.000
586.000	88.000
587.000	96.000
588.000	81.000
589.000	85.000
590.000	98.000
591.000	92.000
592.000	103.000
593.000	91.000
594.000	102.000
595.000	96.000
596.000	102.000
597.000	108.000
598.000	98.000
599.000	89.000
600.000	108.000
601.000	86.000
602.000	80.000
603.000	116.000
604.000	93.000
605.000	99.000
606.000	94.000
607.000	116.000
608.000	111.000
609.000	121.000
610.000	124.000
611.000	98.000
612.000	114.000
613.000	128.000
614.000	98.000
615.000	121.000
616.000	115.000
617.000	109.000
618.000	122.000
619.000	110.000
620.000	133.000
621.000	111.000
622.000	126.000
623.000	126.000
624.000	120.000
625.000	134.000
626.000	111.000
627.000	108.000
628.000	136.000
629.000	124.000
630.000	147.000
631.000	146.000
632.000	128.000
633.000	127.000
634.000	134.000
635.000	125.000
636.000	135.000
637.000	137.000
638.000	121.000
639.000	130.000
640.000	148.000
641.000	148.000
642.000	133.000
643.000	142.000
644.000	150.000
645.000	133.000
646.000	161.000
647.000	139.000
648.000	153.000
649.000	140.000
650.000	156.000
651.000	147.000
652.000	161.000
653.000	151.000
654.000	158.000
655.000	149.000
656.000	163.000
657.000	142.000
658.000	150.000
659.000	162.000
660.000	159.000
661.000	156.000
662.000	171.000
663.000	155.000
664.000	161.000
665.000	185.000
666.000	160.000
667.000	156.000
668.000	157.000
669.000	153.000
670.000	163.000
671.000	140.000
672.000	162.000
673.000	158.000
674.000	174.000
675.000	179.000
676.000	185.000
677.000	159.000
678.000	167.000
679.000	153.000
680.000	154.000
681.000	165.000
682.000	163.000
683.000	161.000
684.000	173.000
685.000	202.000
686.000	150.000
687.000	199.000
688.000	194.000
689.000	174.000
690.000	176.000
691.000	171.000
692.000	176.000
693.000	187.000
694.000	173.000
695.000	186.000
696.000	170.000
697.000	163.000
698.000	200.000
699.000	189.000
700.000	181.000
701.000	185.000
702.000	175.000
703.000	187.000
704.000	199.000
705.000	188.000
706.000	189.000
707.000	178.000
708.000	183.000
709.000	216.000
710.000	185.000
711.000	209.000
712.000	217.000
713.000	205.000
714.000	194.000
715.000	194.000
716.000	196.000
717.000	201.000
718.000	207.000
719.000	204.000
720.000	190.000
721.000	229.000
722.000	177.000
723.000	213.000
724.000	218.000
725.000	236.000
726.000	225.000
727.000	220.000
728.000	212.000
729.000	243.000
730.000	204.000
731.000	217.000
732.000	201.000
733.000	203.000
734.000	202.000
735.000	201.000
736.000	192.000
737.000	222.000
738.000	201.000
739.000	222.000
740.000	218.000
741.000	241.000
742.000	208.000
743.000	199.000
744.000	203.000
745.000	216.000
746.000	233.000
747.000	219.000
748.000	211.000
749.000	227.000
750.000	211.000
751.000	213.000
752.000	219.000
753.000	225.000
754.000	216.000
755.000	218.000
756.000	218.000
757.000	235.000
758.000	208.000
759.000	243.000
760.000	243.000
761.000	224.000
762.000	234.000
763.000	212.000
764.000	249.000
765.000	251.000
766.000	234.000
767.000	249.000
768.000	230.000
769.000	254.000
770.000	291.000
771.000	249.000
772.000	265.000
773.000	261.000
774.000	270.000
775.000	251.000
776.000	257.000
777.000	248.000
778.000	259.000
779.000	242.000
780.000	229.000
781.000	246.000
782.000	237.000
783.000	234.000
784.000	246.000
785.000	258.000
786.000	226.000
787.000	231.000
788.000	261.000
789.000	251.000
790.000	261.000
791.000	282.000
792.000	263.000
793.000	227.000
794.000	263.000
795.000	244.000
796.000	259.000
797.000	249.000
798.000	259.000
799.000	237.000
800.000	262.000
801.000	240.000
802.000	269.000
803.000	253.000
804.000	221.000
805.000	283.000
806.000	293.000
807.000	256.000
808.000	279.000
809.000	253.000
810.000	290.000
811.000	273.000
812.000	241.000
813.000	286.000
814.000	260.000
815.000	253.000
816.000	263.000
817.000	300.000
818.000	267.000
819.000	243.000
820.000	265.000
821.000	248.000
822.000	252.000
823.000	269.000
824.000	263.000
825.000	295.000
826.000	267.000
827.000	285.000
828.000	285.000
829.000	301.000
830.000	284.000
831.000	277.000
832.000	263.000
833.000	281.000
834.000	273.000
835.000	279.000
836.000	302.000
837.000	283.000
838.000	270.000
839.000	266.000
840.000	270.000
841.000	287.000
842.000	287.000
843.000	327.000
844.000	281.000
845.000	298.000
846.000	309.000
847.000	290.000
848.000	299.000
849.000	269.000
850.000	320.000
851.000	321.000
852.000	305.000
853.000	291.000
854.000	294.000
855.000	296.000
856.000	311.000
857.000	331.000
858.000	338.000
859.000	340.000
860.000	386.000
861.000	343.000
862.000	412.000
863.000	369.000
864.000	365.000
865.000	382.000
866.000	376.000
867.000	394.000
868.000	410.000
869.000	389.000
870.000	381.000
871.000	407.000
872.000	443.000
873.000	443.000
874.000	452.000
875.000	513.000
876.000	508.000
877.000	528.000
878.000	562.000
879.000	612.000
880.000	622.000
881.000	646.000
882.000	712.000
883.000	700.000
884.000	794.000
885.000	770.000
886.000	827.000
887.000	913.000
888.000	960.000
889.000	989.000
890.000	1053.000
891.000	1070.000
892.000	1115.000
893.000	1183.000
894.000	1221.000
895.000	1255.000
896.000	1376.000
897.000	1294.000
898.000	1389.000
899.000	1396.000
900.000	1460.000
901.000	1426.000
902.000	1362.000
903.000	1315.000
904.000	1398.000
905.000	1228.000
906.000	1209.000
907.000	1191.000
908.000	1167.000
909.000	1149.000
910.000	1091.000
911.000	1070.000
912.000	948.000
913.000	940.000
914.000	868.000
915.000	842.000
916.000	782.000
917.000	739.000
918.000	629.000
919.000	685.000
920.000	598.000
921.000	538.000
922.000	530.000
923.000	563.000
924.000	501.000
925.000	460.000
926.000	496.000
927.000	416.000
928.000	442.000
929.000	434.000
930.000	387.000
931.000	382.000
932.000	364.000
933.000	374.000
934.000	333.000
935.000	341.000
936.000	344.000
937.000	346.000
938.000	331.000
939.000	372.000
940.000	340.000
941.000	394.000
942.000	383.000
943.000	404.000
944.000	416.000
945.000	504.000
946.000	538.000
947.000	579.000
948.000	603.000
949.000	634.000
950.000	724.000
951.000	750.000
952.000	811.000
953.000	763.000
954.000	720.000
955.000	693.000
956.000	704.000
957.000	633.000
958.000	679.000
959.000	611.000
960.000	522.000
961.000	475.000
962.000	419.000
963.000	355.000
964.000	379.000
965.000	307.000
966.000	296.000
967.000	289.000
968.000	283.000
969.000	292.000
970.000	280.000
971.000	280.000
972.000	263.000
973.000	273.000
974.000	273.000
975.000	253.000
976.000	278.000
977.000	293.000
978.000	308.000
979.000	295.000
980.000	300.000
981.000	281.000
982.000	272.000
983.000	291.000
984.000	281.000
985.000	287.000
986.000	322.000
987.000	306.000
988.000	343.000
989.000	324.000
990.000	328.000
991.000	370.000
992.000	379.000
993.000	395.000
994.000	367.000
995.000	388.000
996.000	396.000
997.000	379.000
998.000	421.000
999.000	415.000
1000.000	434.000
1001.000	410.000
1002.000	414.000
1003.000	424.000
1004.000	409.000
1005.000	440.000
1006.000	459.000
1007.000	397.000
1008.000	389.000
1009.000	425.000
1010.000	410.000
1011.000	386.000
1012.000	361.000
1013.000	352.000
1014.000	349.000
1015.000	355.000
1016.000	375.000
1017.000	329.000
1018.000	320.000
1019.000	306.000
1020.000	294.000
1021.000	293.000
1022.000	260.000
1023.000	263.000
1024.000	224.000
