Date:	8/19/2008		Time:	9:13 AM		Version no:	0.00		Project name:	55		Sample name:	222		Section name:	section		Position	406.039995	mm	E0	0.000000	keV	E1	1.000000	keV/channel	sample surface	8.000000	cm	Tube anode:	Mo		Tube voltage:	30	kV	Tube current:	50	mA	gain	20		std. database			resultfile	result		matrix element	11		sample thickness	1.000000		air passage	0.560000	cm	comments	not in position		peaking_time	3.000000	m-sec	trigger_threshold	1229.166667	V	mca_bin_width	22.090000	no:	number_mca_channels	1024.000000	no:	gap_time	0.400000	m-sec	trigger_peaking_time	0.150000	m-sec	GAINDAC	9455		HIGHGAIN	1		TAURC	0		RCTAU	53		RCTAUFRAC	32768		livetime	9.798256	seconds	runtime	10.000503	seconds	input_count_rate	19.997232	cps	output_count_rate	16.319679	cps	triggers	195938	seconds	events_in_run	163205	seconds	channel	content		1.000	0.000
2.000	0.000
3.000	0.000
4.000	0.000
5.000	0.000
6.000	0.000
7.000	0.000
8.000	0.000
9.000	0.000
10.000	0.000
11.000	0.000
12.000	0.000
13.000	0.000
14.000	0.000
15.000	0.000
16.000	0.000
17.000	0.000
18.000	0.000
19.000	0.000
20.000	0.000
21.000	0.000
22.000	0.000
23.000	0.000
24.000	0.000
25.000	0.000
26.000	0.000
27.000	0.000
28.000	0.000
29.000	0.000
30.000	0.000
31.000	1.000
32.000	0.000
33.000	0.000
34.000	3.000
35.000	1.000
36.000	1.000
37.000	3.000
38.000	3.000
39.000	1.000
40.000	1.000
41.000	3.000
42.000	0.000
43.000	5.000
44.000	5.000
45.000	6.000
46.000	8.000
47.000	4.000
48.000	6.000
49.000	5.000
50.000	7.000
51.000	8.000
52.000	11.000
53.000	5.000
54.000	12.000
55.000	8.000
56.000	11.000
57.000	10.000
58.000	10.000
59.000	14.000
60.000	14.000
61.000	8.000
62.000	8.000
63.000	10.000
64.000	10.000
65.000	9.000
66.000	8.000
67.000	6.000
68.000	13.000
69.000	11.000
70.000	9.000
71.000	12.000
72.000	10.000
73.000	6.000
74.000	7.000
75.000	7.000
76.000	10.000
77.000	8.000
78.000	8.000
79.000	13.000
80.000	7.000
81.000	4.000
82.000	5.000
83.000	10.000
84.000	4.000
85.000	7.000
86.000	5.000
87.000	4.000
88.000	8.000
89.000	6.000
90.000	4.000
91.000	5.000
92.000	6.000
93.000	4.000
94.000	6.000
95.000	6.000
96.000	6.000
97.000	6.000
98.000	8.000
99.000	5.000
100.000	2.000
101.000	5.000
102.000	3.000
103.000	3.000
104.000	9.000
105.000	6.000
106.000	5.000
107.000	12.000
108.000	4.000
109.000	2.000
110.000	3.000
111.000	9.000
112.000	5.000
113.000	7.000
114.000	9.000
115.000	5.000
116.000	6.000
117.000	10.000
118.000	8.000
119.000	4.000
120.000	7.000
121.000	4.000
122.000	4.000
123.000	6.000
124.000	5.000
125.000	7.000
126.000	4.000
127.000	3.000
128.000	5.000
129.000	5.000
130.000	4.000
131.000	9.000
132.000	4.000
133.000	4.000
134.000	4.000
135.000	4.000
136.000	5.000
137.000	6.000
138.000	4.000
139.000	8.000
140.000	6.000
141.000	4.000
142.000	5.000
143.000	4.000
144.000	4.000
145.000	4.000
146.000	0.000
147.000	1.000
148.000	3.000
149.000	4.000
150.000	4.000
151.000	2.000
152.000	5.000
153.000	3.000
154.000	3.000
155.000	2.000
156.000	8.000
157.000	5.000
158.000	8.000
159.000	9.000
160.000	11.000
161.000	5.000
162.000	13.000
163.000	12.000
164.000	12.000
165.000	5.000
166.000	7.000
167.000	7.000
168.000	6.000
169.000	7.000
170.000	5.000
171.000	0.000
172.000	1.000
173.000	3.000
174.000	2.000
175.000	4.000
176.000	3.000
177.000	1.000
178.000	3.000
179.000	1.000
180.000	2.000
181.000	1.000
182.000	3.000
183.000	7.000
184.000	1.000
185.000	3.000
186.000	2.000
187.000	1.000
188.000	1.000
189.000	1.000
190.000	2.000
191.000	5.000
192.000	0.000
193.000	2.000
194.000	2.000
195.000	3.000
196.000	4.000
197.000	0.000
198.000	3.000
199.000	3.000
200.000	7.000
201.000	6.000
202.000	3.000
203.000	0.000
204.000	4.000
205.000	4.000
206.000	4.000
207.000	1.000
208.000	5.000
209.000	4.000
210.000	3.000
211.000	2.000
212.000	4.000
213.000	2.000
214.000	3.000
215.000	4.000
216.000	6.000
217.000	0.000
218.000	4.000
219.000	2.000
220.000	1.000
221.000	4.000
222.000	5.000
223.000	4.000
224.000	1.000
225.000	2.000
226.000	3.000
227.000	2.000
228.000	2.000
229.000	5.000
230.000	2.000
231.000	0.000
232.000	5.000
233.000	1.000
234.000	5.000
235.000	2.000
236.000	4.000
237.000	4.000
238.000	1.000
239.000	4.000
240.000	4.000
241.000	1.000
242.000	2.000
243.000	1.000
244.000	1.000
245.000	4.000
246.000	2.000
247.000	2.000
248.000	1.000
249.000	3.000
250.000	2.000
251.000	1.000
252.000	2.000
253.000	4.000
254.000	2.000
255.000	2.000
256.000	2.000
257.000	3.000
258.000	2.000
259.000	0.000
260.000	1.000
261.000	3.000
262.000	1.000
263.000	4.000
264.000	5.000
265.000	1.000
266.000	2.000
267.000	1.000
268.000	3.000
269.000	6.000
270.000	2.000
271.000	1.000
272.000	1.000
273.000	0.000
274.000	2.000
275.000	2.000
276.000	4.000
277.000	3.000
278.000	1.000
279.000	1.000
280.000	3.000
281.000	1.000
282.000	2.000
283.000	0.000
284.000	2.000
285.000	1.000
286.000	1.000
287.000	3.000
288.000	2.000
289.000	2.000
290.000	0.000
291.000	2.000
292.000	2.000
293.000	2.000
294.000	1.000
295.000	1.000
296.000	3.000
297.000	3.000
298.000	1.000
299.000	6.000
300.000	4.000
301.000	2.000
302.000	2.000
303.000	1.000
304.000	3.000
305.000	0.000
306.000	4.000
307.000	4.000
308.000	0.000
309.000	0.000
310.000	3.000
311.000	1.000
312.000	0.000
313.000	1.000
314.000	2.000
315.000	3.000
316.000	3.000
317.000	3.000
318.000	5.000
319.000	2.000
320.000	4.000
321.000	2.000
322.000	5.000
323.000	3.000
324.000	2.000
325.000	5.000
326.000	2.000
327.000	6.000
328.000	1.000
329.000	4.000
330.000	2.000
331.000	1.000
332.000	5.000
333.000	3.000
334.000	6.000
335.000	2.000
336.000	3.000
337.000	1.000
338.000	3.000
339.000	3.000
340.000	2.000
341.000	3.000
342.000	6.000
343.000	0.000
344.000	4.000
345.000	11.000
346.000	12.000
347.000	14.000
348.000	13.000
349.000	18.000
350.000	28.000
351.000	18.000
352.000	25.000
353.000	15.000
354.000	18.000
355.000	11.000
356.000	11.000
357.000	12.000
358.000	3.000
359.000	4.000
360.000	2.000
361.000	2.000
362.000	1.000
363.000	1.000
364.000	3.000
365.000	4.000
366.000	3.000
367.000	3.000
368.000	4.000
369.000	7.000
370.000	1.000
371.000	4.000
372.000	6.000
373.000	6.000
374.000	5.000
375.000	2.000
376.000	2.000
377.000	2.000
378.000	0.000
379.000	4.000
380.000	5.000
381.000	1.000
382.000	4.000
383.000	8.000
384.000	13.000
385.000	7.000
386.000	8.000
387.000	13.000
388.000	11.000
389.000	4.000
390.000	3.000
391.000	9.000
392.000	1.000
393.000	5.000
394.000	2.000
395.000	4.000
396.000	4.000
397.000	4.000
398.000	0.000
399.000	7.000
400.000	2.000
401.000	2.000
402.000	3.000
403.000	2.000
404.000	2.000
405.000	6.000
406.000	2.000
407.000	6.000
408.000	3.000
409.000	6.000
410.000	2.000
411.000	4.000
412.000	4.000
413.000	5.000
414.000	1.000
415.000	1.000
416.000	2.000
417.000	6.000
418.000	3.000
419.000	5.000
420.000	3.000
421.000	3.000
422.000	6.000
423.000	2.000
424.000	4.000
425.000	12.000
426.000	7.000
427.000	4.000
428.000	5.000
429.000	4.000
430.000	3.000
431.000	6.000
432.000	3.000
433.000	5.000
434.000	7.000
435.000	4.000
436.000	11.000
437.000	1.000
438.000	5.000
439.000	7.000
440.000	6.000
441.000	2.000
442.000	5.000
443.000	6.000
444.000	5.000
445.000	7.000
446.000	9.000
447.000	4.000
448.000	8.000
449.000	8.000
450.000	10.000
451.000	5.000
452.000	14.000
453.000	5.000
454.000	4.000
455.000	3.000
456.000	9.000
457.000	4.000
458.000	7.000
459.000	11.000
460.000	11.000
461.000	6.000
462.000	10.000
463.000	7.000
464.000	8.000
465.000	8.000
466.000	12.000
467.000	9.000
468.000	5.000
469.000	6.000
470.000	10.000
471.000	10.000
472.000	9.000
473.000	4.000
474.000	14.000
475.000	13.000
476.000	7.000
477.000	11.000
478.000	14.000
479.000	11.000
480.000	8.000
481.000	13.000
482.000	10.000
483.000	13.000
484.000	12.000
485.000	6.000
486.000	10.000
487.000	11.000
488.000	10.000
489.000	10.000
490.000	13.000
491.000	13.000
492.000	24.000
493.000	14.000
494.000	21.000
495.000	12.000
496.000	18.000
497.000	15.000
498.000	17.000
499.000	13.000
500.000	14.000
501.000	10.000
502.000	16.000
503.000	16.000
504.000	20.000
505.000	17.000
506.000	13.000
507.000	17.000
508.000	14.000
509.000	14.000
510.000	23.000
511.000	17.000
512.000	19.000
513.000	18.000
514.000	20.000
515.000	22.000
516.000	19.000
517.000	23.000
518.000	18.000
519.000	20.000
520.000	20.000
521.000	21.000
522.000	28.000
523.000	22.000
524.000	29.000
525.000	29.000
526.000	20.000
527.000	26.000
528.000	30.000
529.000	34.000
530.000	25.000
531.000	20.000
532.000	26.000
533.000	26.000
534.000	31.000
535.000	29.000
536.000	28.000
537.000	31.000
538.000	39.000
539.000	27.000
540.000	29.000
541.000	34.000
542.000	34.000
543.000	22.000
544.000	39.000
545.000	25.000
546.000	30.000
547.000	37.000
548.000	37.000
549.000	44.000
550.000	26.000
551.000	30.000
552.000	36.000
553.000	46.000
554.000	26.000
555.000	40.000
556.000	36.000
557.000	40.000
558.000	40.000
559.000	27.000
560.000	34.000
561.000	40.000
562.000	33.000
563.000	43.000
564.000	36.000
565.000	30.000
566.000	55.000
567.000	45.000
568.000	47.000
569.000	51.000
570.000	49.000
571.000	51.000
572.000	48.000
573.000	59.000
574.000	37.000
575.000	32.000
576.000	60.000
577.000	48.000
578.000	53.000
579.000	41.000
580.000	57.000
581.000	44.000
582.000	55.000
583.000	44.000
584.000	50.000
585.000	38.000
586.000	58.000
587.000	50.000
588.000	55.000
589.000	47.000
590.000	52.000
591.000	51.000
592.000	46.000
593.000	61.000
594.000	60.000
595.000	68.000
596.000	59.000
597.000	56.000
598.000	54.000
599.000	58.000
600.000	60.000
601.000	59.000
602.000	64.000
603.000	46.000
604.000	61.000
605.000	84.000
606.000	77.000
607.000	51.000
608.000	68.000
609.000	60.000
610.000	77.000
611.000	71.000
612.000	75.000
613.000	80.000
614.000	82.000
615.000	73.000
616.000	67.000
617.000	71.000
618.000	79.000
619.000	89.000
620.000	94.000
621.000	83.000
622.000	76.000
623.000	79.000
624.000	67.000
625.000	86.000
626.000	80.000
627.000	77.000
628.000	106.000
629.000	84.000
630.000	77.000
631.000	108.000
632.000	82.000
633.000	81.000
634.000	78.000
635.000	75.000
636.000	81.000
637.000	88.000
638.000	112.000
639.000	97.000
640.000	101.000
641.000	88.000
642.000	94.000
643.000	86.000
644.000	76.000
645.000	86.000
646.000	89.000
647.000	97.000
648.000	103.000
649.000	101.000
650.000	90.000
651.000	112.000
652.000	112.000
653.000	99.000
654.000	115.000
655.000	110.000
656.000	128.000
657.000	117.000
658.000	118.000
659.000	122.000
660.000	128.000
661.000	97.000
662.000	93.000
663.000	118.000
664.000	123.000
665.000	102.000
666.000	102.000
667.000	118.000
668.000	121.000
669.000	116.000
670.000	117.000
671.000	116.000
672.000	130.000
673.000	113.000
674.000	122.000
675.000	106.000
676.000	115.000
677.000	121.000
678.000	112.000
679.000	131.000
680.000	129.000
681.000	139.000
682.000	146.000
683.000	132.000
684.000	132.000
685.000	137.000
686.000	152.000
687.000	153.000
688.000	123.000
689.000	158.000
690.000	139.000
691.000	134.000
692.000	145.000
693.000	137.000
694.000	144.000
695.000	143.000
696.000	138.000
697.000	149.000
698.000	175.000
699.000	142.000
700.000	138.000
701.000	128.000
702.000	144.000
703.000	140.000
704.000	128.000
705.000	158.000
706.000	148.000
707.000	155.000
708.000	148.000
709.000	166.000
710.000	146.000
711.000	154.000
712.000	142.000
713.000	159.000
714.000	147.000
715.000	139.000
716.000	168.000
717.000	146.000
718.000	135.000
719.000	150.000
720.000	163.000
721.000	156.000
722.000	145.000
723.000	174.000
724.000	144.000
725.000	148.000
726.000	148.000
727.000	172.000
728.000	167.000
729.000	192.000
730.000	174.000
731.000	180.000
732.000	178.000
733.000	143.000
734.000	174.000
735.000	207.000
736.000	177.000
737.000	163.000
738.000	181.000
739.000	193.000
740.000	176.000
741.000	195.000
742.000	189.000
743.000	184.000
744.000	173.000
745.000	184.000
746.000	199.000
747.000	165.000
748.000	197.000
749.000	177.000
750.000	167.000
751.000	201.000
752.000	175.000
753.000	195.000
754.000	183.000
755.000	182.000
756.000	185.000
757.000	191.000
758.000	177.000
759.000	216.000
760.000	202.000
761.000	224.000
762.000	198.000
763.000	210.000
764.000	178.000
765.000	187.000
766.000	193.000
767.000	215.000
768.000	207.000
769.000	204.000
770.000	226.000
771.000	251.000
772.000	222.000
773.000	226.000
774.000	267.000
775.000	251.000
776.000	208.000
777.000	207.000
778.000	185.000
779.000	207.000
780.000	199.000
781.000	202.000
782.000	205.000
783.000	183.000
784.000	194.000
785.000	223.000
786.000	224.000
787.000	212.000
788.000	213.000
789.000	226.000
790.000	202.000
791.000	217.000
792.000	219.000
793.000	226.000
794.000	223.000
795.000	231.000
796.000	209.000
797.000	208.000
798.000	201.000
799.000	221.000
800.000	231.000
801.000	223.000
802.000	195.000
803.000	219.000
804.000	202.000
805.000	243.000
806.000	241.000
807.000	201.000
808.000	264.000
809.000	221.000
810.000	227.000
811.000	222.000
812.000	249.000
813.000	221.000
814.000	222.000
815.000	219.000
816.000	236.000
817.000	222.000
818.000	274.000
819.000	247.000
820.000	270.000
821.000	225.000
822.000	228.000
823.000	241.000
824.000	223.000
825.000	221.000
826.000	230.000
827.000	253.000
828.000	242.000
829.000	207.000
830.000	256.000
831.000	261.000
832.000	247.000
833.000	254.000
834.000	253.000
835.000	231.000
836.000	252.000
837.000	265.000
838.000	237.000
839.000	260.000
840.000	237.000
841.000	262.000
842.000	237.000
843.000	293.000
844.000	263.000
845.000	263.000
846.000	230.000
847.000	260.000
848.000	302.000
849.000	269.000
850.000	268.000
851.000	258.000
852.000	287.000
853.000	276.000
854.000	321.000
855.000	283.000
856.000	310.000
857.000	278.000
858.000	303.000
859.000	319.000
860.000	314.000
861.000	334.000
862.000	334.000
863.000	323.000
864.000	339.000
865.000	353.000
866.000	319.000
867.000	351.000
868.000	396.000
869.000	363.000
870.000	374.000
871.000	367.000
872.000	387.000
873.000	403.000
874.000	455.000
875.000	434.000
876.000	494.000
877.000	493.000
878.000	546.000
879.000	563.000
880.000	572.000
881.000	619.000
882.000	627.000
883.000	723.000
884.000	718.000
885.000	785.000
886.000	835.000
887.000	867.000
888.000	931.000
889.000	973.000
890.000	1032.000
891.000	1024.000
892.000	1048.000
893.000	1111.000
894.000	1163.000
895.000	1142.000
896.000	1216.000
897.000	1203.000
898.000	1244.000
899.000	1282.000
900.000	1270.000
901.000	1248.000
902.000	1270.000
903.000	1193.000
904.000	1157.000
905.000	1073.000
906.000	1101.000
907.000	1062.000
908.000	1011.000
909.000	969.000
910.000	937.000
911.000	865.000
912.000	784.000
913.000	734.000
914.000	708.000
915.000	735.000
916.000	660.000
917.000	649.000
918.000	568.000
919.000	545.000
920.000	507.000
921.000	472.000
922.000	483.000
923.000	426.000
924.000	458.000
925.000	393.000
926.000	368.000
927.000	346.000
928.000	384.000
929.000	357.000
930.000	320.000
931.000	339.000
932.000	286.000
933.000	314.000
934.000	331.000
935.000	294.000
936.000	276.000
937.000	299.000
938.000	284.000
939.000	279.000
940.000	308.000
941.000	333.000
942.000	346.000
943.000	370.000
944.000	413.000
945.000	439.000
946.000	410.000
947.000	504.000
948.000	551.000
949.000	582.000
950.000	593.000
951.000	594.000
952.000	644.000
953.000	697.000
954.000	647.000
955.000	688.000
956.000	594.000
957.000	554.000
958.000	592.000
959.000	518.000
960.000	476.000
961.000	393.000
962.000	357.000
963.000	362.000
964.000	292.000
965.000	302.000
966.000	288.000
967.000	284.000
968.000	255.000
969.000	248.000
970.000	274.000
971.000	256.000
972.000	250.000
973.000	247.000
974.000	243.000
975.000	255.000
976.000	256.000
977.000	248.000
978.000	266.000
979.000	278.000
980.000	273.000
981.000	299.000
982.000	309.000
983.000	281.000
984.000	315.000
985.000	289.000
986.000	306.000
987.000	281.000
988.000	314.000
989.000	291.000
990.000	295.000
991.000	354.000
992.000	328.000
993.000	342.000
994.000	369.000
995.000	346.000
996.000	357.000
997.000	379.000
998.000	377.000
999.000	373.000
1000.000	403.000
1001.000	368.000
1002.000	386.000
1003.000	418.000
1004.000	397.000
1005.000	353.000
1006.000	368.000
1007.000	366.000
1008.000	364.000
1009.000	369.000
1010.000	341.000
1011.000	377.000
1012.000	335.000
1013.000	322.000
1014.000	339.000
1015.000	281.000
1016.000	307.000
1017.000	268.000
1018.000	290.000
1019.000	262.000
1020.000	277.000
1021.000	267.000
1022.000	240.000
1023.000	215.000
1024.000	245.000
