Date:	8/19/2008		Time:	9:05 AM		Version no:	0.00		Project name:	55		Sample name:	222		Section name:	section		Position	322.039995	mm	E0	0.000000	keV	E1	1.000000	keV/channel	sample surface	7.541411	cm	Tube anode:	Mo		Tube voltage:	30	kV	Tube current:	50	mA	gain	20		std. database			resultfile	result		matrix element	11		sample thickness	1.000000		air passage	0.560000	cm	comments	not in position		peaking_time	3.000000	m-sec	trigger_threshold	1229.166667	V	mca_bin_width	22.090000	no:	number_mca_channels	1024.000000	no:	gap_time	0.400000	m-sec	trigger_peaking_time	0.150000	m-sec	GAINDAC	9455		HIGHGAIN	1		TAURC	0		RCTAU	53		RCTAUFRAC	32768		livetime	9.673357	seconds	runtime	10.000502	seconds	input_count_rate	30.238831	cps	output_count_rate	22.648662	cps	triggers	292511	seconds	events_in_run	226498	seconds	channel	content		1.000	0.000
2.000	0.000
3.000	0.000
4.000	0.000
5.000	0.000
6.000	0.000
7.000	0.000
8.000	0.000
9.000	0.000
10.000	0.000
11.000	0.000
12.000	0.000
13.000	0.000
14.000	0.000
15.000	0.000
16.000	0.000
17.000	0.000
18.000	0.000
19.000	0.000
20.000	0.000
21.000	0.000
22.000	0.000
23.000	0.000
24.000	0.000
25.000	0.000
26.000	0.000
27.000	0.000
28.000	0.000
29.000	0.000
30.000	0.000
31.000	0.000
32.000	0.000
33.000	0.000
34.000	1.000
35.000	1.000
36.000	1.000
37.000	2.000
38.000	1.000
39.000	3.000
40.000	2.000
41.000	4.000
42.000	3.000
43.000	6.000
44.000	1.000
45.000	5.000
46.000	7.000
47.000	5.000
48.000	8.000
49.000	11.000
50.000	4.000
51.000	8.000
52.000	6.000
53.000	3.000
54.000	11.000
55.000	11.000
56.000	12.000
57.000	6.000
58.000	12.000
59.000	14.000
60.000	7.000
61.000	10.000
62.000	10.000
63.000	13.000
64.000	10.000
65.000	4.000
66.000	12.000
67.000	5.000
68.000	6.000
69.000	13.000
70.000	5.000
71.000	8.000
72.000	7.000
73.000	6.000
74.000	13.000
75.000	12.000
76.000	8.000
77.000	5.000
78.000	11.000
79.000	5.000
80.000	12.000
81.000	11.000
82.000	8.000
83.000	10.000
84.000	8.000
85.000	10.000
86.000	9.000
87.000	9.000
88.000	10.000
89.000	8.000
90.000	4.000
91.000	13.000
92.000	12.000
93.000	11.000
94.000	12.000
95.000	8.000
96.000	6.000
97.000	10.000
98.000	5.000
99.000	13.000
100.000	13.000
101.000	2.000
102.000	5.000
103.000	13.000
104.000	8.000
105.000	9.000
106.000	9.000
107.000	3.000
108.000	8.000
109.000	13.000
110.000	8.000
111.000	8.000
112.000	9.000
113.000	5.000
114.000	7.000
115.000	9.000
116.000	8.000
117.000	13.000
118.000	5.000
119.000	5.000
120.000	7.000
121.000	6.000
122.000	8.000
123.000	11.000
124.000	8.000
125.000	7.000
126.000	9.000
127.000	9.000
128.000	9.000
129.000	7.000
130.000	6.000
131.000	6.000
132.000	10.000
133.000	7.000
134.000	6.000
135.000	3.000
136.000	5.000
137.000	6.000
138.000	8.000
139.000	5.000
140.000	9.000
141.000	6.000
142.000	5.000
143.000	3.000
144.000	4.000
145.000	4.000
146.000	3.000
147.000	5.000
148.000	2.000
149.000	10.000
150.000	3.000
151.000	5.000
152.000	2.000
153.000	4.000
154.000	7.000
155.000	7.000
156.000	6.000
157.000	5.000
158.000	1.000
159.000	11.000
160.000	10.000
161.000	11.000
162.000	10.000
163.000	11.000
164.000	13.000
165.000	12.000
166.000	5.000
167.000	8.000
168.000	6.000
169.000	7.000
170.000	6.000
171.000	3.000
172.000	4.000
173.000	5.000
174.000	6.000
175.000	7.000
176.000	6.000
177.000	5.000
178.000	6.000
179.000	7.000
180.000	3.000
181.000	6.000
182.000	8.000
183.000	5.000
184.000	11.000
185.000	8.000
186.000	6.000
187.000	3.000
188.000	1.000
189.000	3.000
190.000	1.000
191.000	7.000
192.000	7.000
193.000	3.000
194.000	5.000
195.000	6.000
196.000	4.000
197.000	6.000
198.000	10.000
199.000	15.000
200.000	16.000
201.000	17.000
202.000	19.000
203.000	16.000
204.000	22.000
205.000	24.000
206.000	14.000
207.000	11.000
208.000	13.000
209.000	7.000
210.000	4.000
211.000	5.000
212.000	1.000
213.000	2.000
214.000	5.000
215.000	1.000
216.000	6.000
217.000	4.000
218.000	5.000
219.000	5.000
220.000	1.000
221.000	6.000
222.000	2.000
223.000	5.000
224.000	5.000
225.000	6.000
226.000	2.000
227.000	3.000
228.000	2.000
229.000	3.000
230.000	2.000
231.000	6.000
232.000	4.000
233.000	1.000
234.000	7.000
235.000	2.000
236.000	2.000
237.000	2.000
238.000	2.000
239.000	6.000
240.000	3.000
241.000	3.000
242.000	3.000
243.000	4.000
244.000	10.000
245.000	13.000
246.000	6.000
247.000	9.000
248.000	6.000
249.000	9.000
250.000	7.000
251.000	5.000
252.000	9.000
253.000	4.000
254.000	9.000
255.000	5.000
256.000	4.000
257.000	4.000
258.000	5.000
259.000	3.000
260.000	6.000
261.000	3.000
262.000	3.000
263.000	5.000
264.000	2.000
265.000	2.000
266.000	2.000
267.000	3.000
268.000	6.000
269.000	5.000
270.000	6.000
271.000	7.000
272.000	7.000
273.000	7.000
274.000	5.000
275.000	4.000
276.000	3.000
277.000	2.000
278.000	4.000
279.000	10.000
280.000	6.000
281.000	5.000
282.000	5.000
283.000	6.000
284.000	4.000
285.000	5.000
286.000	6.000
287.000	7.000
288.000	6.000
289.000	6.000
290.000	5.000
291.000	5.000
292.000	8.000
293.000	4.000
294.000	7.000
295.000	10.000
296.000	5.000
297.000	8.000
298.000	11.000
299.000	12.000
300.000	10.000
301.000	5.000
302.000	7.000
303.000	5.000
304.000	9.000
305.000	5.000
306.000	8.000
307.000	11.000
308.000	4.000
309.000	9.000
310.000	6.000
311.000	3.000
312.000	8.000
313.000	5.000
314.000	13.000
315.000	7.000
316.000	16.000
317.000	17.000
318.000	18.000
319.000	27.000
320.000	33.000
321.000	20.000
322.000	46.000
323.000	42.000
324.000	31.000
325.000	35.000
326.000	36.000
327.000	24.000
328.000	11.000
329.000	21.000
330.000	19.000
331.000	13.000
332.000	7.000
333.000	8.000
334.000	14.000
335.000	10.000
336.000	12.000
337.000	8.000
338.000	13.000
339.000	13.000
340.000	12.000
341.000	34.000
342.000	44.000
343.000	56.000
344.000	109.000
345.000	180.000
346.000	245.000
347.000	317.000
348.000	412.000
349.000	491.000
350.000	541.000
351.000	561.000
352.000	516.000
353.000	425.000
354.000	349.000
355.000	282.000
356.000	197.000
357.000	108.000
358.000	71.000
359.000	55.000
360.000	33.000
361.000	16.000
362.000	19.000
363.000	9.000
364.000	18.000
365.000	20.000
366.000	13.000
367.000	12.000
368.000	10.000
369.000	10.000
370.000	14.000
371.000	13.000
372.000	13.000
373.000	17.000
374.000	8.000
375.000	18.000
376.000	19.000
377.000	23.000
378.000	22.000
379.000	29.000
380.000	37.000
381.000	52.000
382.000	80.000
383.000	60.000
384.000	70.000
385.000	101.000
386.000	127.000
387.000	90.000
388.000	105.000
389.000	97.000
390.000	70.000
391.000	60.000
392.000	40.000
393.000	26.000
394.000	25.000
395.000	11.000
396.000	25.000
397.000	12.000
398.000	20.000
399.000	21.000
400.000	17.000
401.000	13.000
402.000	27.000
403.000	20.000
404.000	22.000
405.000	19.000
406.000	18.000
407.000	19.000
408.000	19.000
409.000	29.000
410.000	22.000
411.000	23.000
412.000	20.000
413.000	21.000
414.000	15.000
415.000	20.000
416.000	14.000
417.000	24.000
418.000	20.000
419.000	25.000
420.000	16.000
421.000	19.000
422.000	12.000
423.000	25.000
424.000	28.000
425.000	22.000
426.000	22.000
427.000	26.000
428.000	21.000
429.000	18.000
430.000	24.000
431.000	19.000
432.000	28.000
433.000	27.000
434.000	24.000
435.000	26.000
436.000	27.000
437.000	35.000
438.000	25.000
439.000	24.000
440.000	29.000
441.000	33.000
442.000	35.000
443.000	34.000
444.000	36.000
445.000	27.000
446.000	34.000
447.000	38.000
448.000	37.000
449.000	34.000
450.000	27.000
451.000	32.000
452.000	23.000
453.000	37.000
454.000	31.000
455.000	25.000
456.000	36.000
457.000	30.000
458.000	32.000
459.000	40.000
460.000	36.000
461.000	24.000
462.000	38.000
463.000	40.000
464.000	43.000
465.000	28.000
466.000	43.000
467.000	38.000
468.000	42.000
469.000	33.000
470.000	42.000
471.000	64.000
472.000	41.000
473.000	30.000
474.000	44.000
475.000	51.000
476.000	37.000
477.000	48.000
478.000	60.000
479.000	34.000
480.000	43.000
481.000	38.000
482.000	42.000
483.000	47.000
484.000	59.000
485.000	49.000
486.000	45.000
487.000	50.000
488.000	45.000
489.000	51.000
490.000	49.000
491.000	52.000
492.000	44.000
493.000	38.000
494.000	45.000
495.000	53.000
496.000	51.000
497.000	46.000
498.000	49.000
499.000	42.000
500.000	57.000
501.000	56.000
502.000	55.000
503.000	62.000
504.000	56.000
505.000	54.000
506.000	50.000
507.000	56.000
508.000	54.000
509.000	59.000
510.000	53.000
511.000	42.000
512.000	59.000
513.000	61.000
514.000	55.000
515.000	61.000
516.000	74.000
517.000	64.000
518.000	73.000
519.000	64.000
520.000	69.000
521.000	65.000
522.000	61.000
523.000	80.000
524.000	90.000
525.000	71.000
526.000	71.000
527.000	69.000
528.000	82.000
529.000	56.000
530.000	70.000
531.000	97.000
532.000	80.000
533.000	82.000
534.000	75.000
535.000	70.000
536.000	78.000
537.000	73.000
538.000	67.000
539.000	81.000
540.000	77.000
541.000	76.000
542.000	91.000
543.000	89.000
544.000	91.000
545.000	77.000
546.000	91.000
547.000	75.000
548.000	82.000
549.000	85.000
550.000	93.000
551.000	78.000
552.000	87.000
553.000	78.000
554.000	95.000
555.000	85.000
556.000	68.000
557.000	95.000
558.000	96.000
559.000	99.000
560.000	93.000
561.000	96.000
562.000	92.000
563.000	95.000
564.000	93.000
565.000	89.000
566.000	107.000
567.000	90.000
568.000	109.000
569.000	98.000
570.000	123.000
571.000	116.000
572.000	91.000
573.000	103.000
574.000	88.000
575.000	97.000
576.000	88.000
577.000	98.000
578.000	114.000
579.000	134.000
580.000	104.000
581.000	109.000
582.000	104.000
583.000	96.000
584.000	120.000
585.000	121.000
586.000	79.000
587.000	122.000
588.000	97.000
589.000	103.000
590.000	121.000
591.000	116.000
592.000	106.000
593.000	102.000
594.000	121.000
595.000	121.000
596.000	126.000
597.000	110.000
598.000	139.000
599.000	119.000
600.000	130.000
601.000	110.000
602.000	145.000
603.000	143.000
604.000	122.000
605.000	116.000
606.000	139.000
607.000	153.000
608.000	130.000
609.000	115.000
610.000	132.000
611.000	136.000
612.000	123.000
613.000	118.000
614.000	125.000
615.000	157.000
616.000	147.000
617.000	126.000
618.000	147.000
619.000	141.000
620.000	160.000
621.000	155.000
622.000	137.000
623.000	133.000
624.000	148.000
625.000	157.000
626.000	138.000
627.000	132.000
628.000	168.000
629.000	155.000
630.000	156.000
631.000	150.000
632.000	144.000
633.000	152.000
634.000	172.000
635.000	141.000
636.000	161.000
637.000	145.000
638.000	155.000
639.000	154.000
640.000	158.000
641.000	157.000
642.000	164.000
643.000	151.000
644.000	200.000
645.000	166.000
646.000	160.000
647.000	180.000
648.000	183.000
649.000	177.000
650.000	180.000
651.000	188.000
652.000	200.000
653.000	220.000
654.000	182.000
655.000	177.000
656.000	187.000
657.000	198.000
658.000	192.000
659.000	181.000
660.000	189.000
661.000	186.000
662.000	172.000
663.000	185.000
664.000	199.000
665.000	168.000
666.000	179.000
667.000	218.000
668.000	180.000
669.000	181.000
670.000	186.000
671.000	189.000
672.000	201.000
673.000	216.000
674.000	208.000
675.000	208.000
676.000	206.000
677.000	205.000
678.000	181.000
679.000	221.000
680.000	200.000
681.000	207.000
682.000	229.000
683.000	193.000
684.000	216.000
685.000	188.000
686.000	228.000
687.000	190.000
688.000	225.000
689.000	224.000
690.000	210.000
691.000	211.000
692.000	220.000
693.000	228.000
694.000	177.000
695.000	217.000
696.000	242.000
697.000	240.000
698.000	209.000
699.000	190.000
700.000	240.000
701.000	210.000
702.000	219.000
703.000	217.000
704.000	220.000
705.000	218.000
706.000	227.000
707.000	229.000
708.000	241.000
709.000	258.000
710.000	212.000
711.000	203.000
712.000	249.000
713.000	240.000
714.000	233.000
715.000	228.000
716.000	223.000
717.000	226.000
718.000	263.000
719.000	282.000
720.000	246.000
721.000	216.000
722.000	268.000
723.000	273.000
724.000	241.000
725.000	239.000
726.000	216.000
727.000	213.000
728.000	283.000
729.000	242.000
730.000	260.000
731.000	245.000
732.000	256.000
733.000	254.000
734.000	245.000
735.000	242.000
736.000	255.000
737.000	237.000
738.000	281.000
739.000	245.000
740.000	212.000
741.000	266.000
742.000	256.000
743.000	280.000
744.000	250.000
745.000	278.000
746.000	263.000
747.000	285.000
748.000	277.000
749.000	282.000
750.000	228.000
751.000	276.000
752.000	279.000
753.000	280.000
754.000	238.000
755.000	264.000
756.000	294.000
757.000	246.000
758.000	262.000
759.000	252.000
760.000	278.000
761.000	251.000
762.000	271.000
763.000	281.000
764.000	289.000
765.000	295.000
766.000	311.000
767.000	300.000
768.000	291.000
769.000	274.000
770.000	310.000
771.000	352.000
772.000	319.000
773.000	336.000
774.000	311.000
775.000	315.000
776.000	303.000
777.000	294.000
778.000	299.000
779.000	328.000
780.000	284.000
781.000	294.000
782.000	286.000
783.000	296.000
784.000	292.000
785.000	262.000
786.000	286.000
787.000	267.000
788.000	273.000
789.000	294.000
790.000	282.000
791.000	277.000
792.000	272.000
793.000	319.000
794.000	310.000
795.000	264.000
796.000	289.000
797.000	277.000
798.000	303.000
799.000	312.000
800.000	307.000
801.000	312.000
802.000	274.000
803.000	301.000
804.000	297.000
805.000	303.000
806.000	312.000
807.000	318.000
808.000	322.000
809.000	319.000
810.000	318.000
811.000	307.000
812.000	328.000
813.000	333.000
814.000	301.000
815.000	340.000
816.000	303.000
817.000	328.000
818.000	324.000
819.000	280.000
820.000	350.000
821.000	306.000
822.000	308.000
823.000	315.000
824.000	341.000
825.000	312.000
826.000	312.000
827.000	353.000
828.000	335.000
829.000	321.000
830.000	346.000
831.000	331.000
832.000	341.000
833.000	351.000
834.000	332.000
835.000	302.000
836.000	301.000
837.000	331.000
838.000	348.000
839.000	363.000
840.000	351.000
841.000	359.000
842.000	364.000
843.000	363.000
844.000	331.000
845.000	361.000
846.000	348.000
847.000	367.000
848.000	357.000
849.000	316.000
850.000	339.000
851.000	358.000
852.000	377.000
853.000	358.000
854.000	401.000
855.000	387.000
856.000	371.000
857.000	397.000
858.000	409.000
859.000	365.000
860.000	401.000
861.000	406.000
862.000	424.000
863.000	416.000
864.000	439.000
865.000	474.000
866.000	471.000
867.000	436.000
868.000	452.000
869.000	444.000
870.000	466.000
871.000	498.000
872.000	500.000
873.000	511.000
874.000	614.000
875.000	534.000
876.000	551.000
877.000	638.000
878.000	618.000
879.000	669.000
880.000	719.000
881.000	739.000
882.000	763.000
883.000	801.000
884.000	910.000
885.000	941.000
886.000	957.000
887.000	996.000
888.000	1107.000
889.000	1059.000
890.000	1225.000
891.000	1345.000
892.000	1391.000
893.000	1458.000
894.000	1511.000
895.000	1551.000
896.000	1565.000
897.000	1503.000
898.000	1593.000
899.000	1687.000
900.000	1594.000
901.000	1658.000
902.000	1598.000
903.000	1597.000
904.000	1546.000
905.000	1461.000
906.000	1434.000
907.000	1451.000
908.000	1296.000
909.000	1299.000
910.000	1251.000
911.000	1111.000
912.000	1125.000
913.000	1063.000
914.000	991.000
915.000	947.000
916.000	943.000
917.000	833.000
918.000	781.000
919.000	764.000
920.000	696.000
921.000	658.000
922.000	651.000
923.000	572.000
924.000	549.000
925.000	521.000
926.000	461.000
927.000	506.000
928.000	503.000
929.000	400.000
930.000	404.000
931.000	429.000
932.000	437.000
933.000	408.000
934.000	430.000
935.000	390.000
936.000	415.000
937.000	371.000
938.000	375.000
939.000	388.000
940.000	382.000
941.000	433.000
942.000	405.000
943.000	490.000
944.000	508.000
945.000	556.000
946.000	594.000
947.000	644.000
948.000	617.000
949.000	742.000
950.000	735.000
951.000	797.000
952.000	846.000
953.000	890.000
954.000	837.000
955.000	845.000
956.000	775.000
957.000	743.000
958.000	687.000
959.000	626.000
960.000	568.000
961.000	578.000
962.000	475.000
963.000	451.000
964.000	405.000
965.000	379.000
966.000	371.000
967.000	326.000
968.000	329.000
969.000	308.000
970.000	312.000
971.000	335.000
972.000	315.000
973.000	296.000
974.000	291.000
975.000	317.000
976.000	304.000
977.000	305.000
978.000	334.000
979.000	349.000
980.000	323.000
981.000	321.000
982.000	303.000
983.000	339.000
984.000	356.000
985.000	343.000
986.000	401.000
987.000	333.000
988.000	363.000
989.000	377.000
990.000	386.000
991.000	431.000
992.000	428.000
993.000	408.000
994.000	384.000
995.000	465.000
996.000	452.000
997.000	443.000
998.000	446.000
999.000	482.000
1000.000	475.000
1001.000	488.000
1002.000	451.000
1003.000	479.000
1004.000	465.000
1005.000	470.000
1006.000	478.000
1007.000	444.000
1008.000	476.000
1009.000	445.000
1010.000	452.000
1011.000	427.000
1012.000	461.000
1013.000	406.000
1014.000	406.000
1015.000	384.000
1016.000	384.000
1017.000	323.000
1018.000	349.000
1019.000	351.000
1020.000	307.000
1021.000	303.000
1022.000	326.000
1023.000	288.000
1024.000	286.000
