Date:	8/19/2008		Time:	8:55 AM		Version no:	0.00		Project name:	55		Sample name:	222		Section name:	section		Position	212.039995	mm	E0	0.000000	keV	E1	1.000000	keV/channel	sample surface	7.531987	cm	Tube anode:	Mo		Tube voltage:	30	kV	Tube current:	50	mA	gain	20		std. database			resultfile	result		matrix element	11		sample thickness	1.000000		air passage	0.560000	cm	comments	not in position		peaking_time	3.000000	m-sec	trigger_threshold	1229.166667	V	mca_bin_width	22.090000	no:	number_mca_channels	1024.000000	no:	gap_time	0.400000	m-sec	trigger_peaking_time	0.150000	m-sec	GAINDAC	9455		HIGHGAIN	1		TAURC	0		RCTAU	53		RCTAUFRAC	32768		livetime	9.662347	seconds	runtime	10.000502	seconds	input_count_rate	31.611367	cps	output_count_rate	23.483522	cps	triggers	305440	seconds	events_in_run	234847	seconds	channel	content		1.000	0.000
2.000	0.000
3.000	0.000
4.000	0.000
5.000	0.000
6.000	0.000
7.000	0.000
8.000	0.000
9.000	0.000
10.000	0.000
11.000	0.000
12.000	0.000
13.000	0.000
14.000	0.000
15.000	0.000
16.000	0.000
17.000	0.000
18.000	0.000
19.000	0.000
20.000	0.000
21.000	0.000
22.000	0.000
23.000	0.000
24.000	0.000
25.000	0.000
26.000	0.000
27.000	0.000
28.000	0.000
29.000	0.000
30.000	0.000
31.000	0.000
32.000	0.000
33.000	0.000
34.000	0.000
35.000	0.000
36.000	1.000
37.000	1.000
38.000	3.000
39.000	1.000
40.000	2.000
41.000	3.000
42.000	3.000
43.000	1.000
44.000	8.000
45.000	7.000
46.000	4.000
47.000	6.000
48.000	6.000
49.000	9.000
50.000	9.000
51.000	11.000
52.000	6.000
53.000	12.000
54.000	14.000
55.000	5.000
56.000	8.000
57.000	10.000
58.000	12.000
59.000	15.000
60.000	9.000
61.000	9.000
62.000	15.000
63.000	8.000
64.000	6.000
65.000	9.000
66.000	15.000
67.000	13.000
68.000	8.000
69.000	9.000
70.000	9.000
71.000	12.000
72.000	7.000
73.000	8.000
74.000	8.000
75.000	10.000
76.000	8.000
77.000	10.000
78.000	6.000
79.000	9.000
80.000	9.000
81.000	2.000
82.000	4.000
83.000	5.000
84.000	3.000
85.000	7.000
86.000	10.000
87.000	7.000
88.000	12.000
89.000	8.000
90.000	4.000
91.000	10.000
92.000	9.000
93.000	7.000
94.000	9.000
95.000	6.000
96.000	16.000
97.000	8.000
98.000	10.000
99.000	7.000
100.000	7.000
101.000	15.000
102.000	9.000
103.000	4.000
104.000	9.000
105.000	4.000
106.000	5.000
107.000	7.000
108.000	8.000
109.000	8.000
110.000	15.000
111.000	5.000
112.000	7.000
113.000	11.000
114.000	8.000
115.000	9.000
116.000	4.000
117.000	8.000
118.000	7.000
119.000	6.000
120.000	5.000
121.000	5.000
122.000	10.000
123.000	9.000
124.000	13.000
125.000	11.000
126.000	8.000
127.000	7.000
128.000	15.000
129.000	11.000
130.000	4.000
131.000	12.000
132.000	6.000
133.000	3.000
134.000	4.000
135.000	7.000
136.000	5.000
137.000	6.000
138.000	11.000
139.000	4.000
140.000	5.000
141.000	6.000
142.000	4.000
143.000	2.000
144.000	1.000
145.000	2.000
146.000	5.000
147.000	4.000
148.000	2.000
149.000	7.000
150.000	5.000
151.000	4.000
152.000	3.000
153.000	7.000
154.000	6.000
155.000	3.000
156.000	3.000
157.000	4.000
158.000	9.000
159.000	10.000
160.000	4.000
161.000	13.000
162.000	7.000
163.000	5.000
164.000	2.000
165.000	4.000
166.000	2.000
167.000	7.000
168.000	5.000
169.000	5.000
170.000	5.000
171.000	7.000
172.000	1.000
173.000	4.000
174.000	4.000
175.000	9.000
176.000	2.000
177.000	2.000
178.000	6.000
179.000	11.000
180.000	9.000
181.000	9.000
182.000	14.000
183.000	6.000
184.000	9.000
185.000	13.000
186.000	2.000
187.000	3.000
188.000	4.000
189.000	1.000
190.000	3.000
191.000	4.000
192.000	2.000
193.000	6.000
194.000	5.000
195.000	4.000
196.000	4.000
197.000	15.000
198.000	8.000
199.000	19.000
200.000	16.000
201.000	27.000
202.000	30.000
203.000	30.000
204.000	30.000
205.000	22.000
206.000	18.000
207.000	15.000
208.000	4.000
209.000	2.000
210.000	4.000
211.000	4.000
212.000	5.000
213.000	1.000
214.000	4.000
215.000	7.000
216.000	8.000
217.000	11.000
218.000	4.000
219.000	7.000
220.000	7.000
221.000	9.000
222.000	3.000
223.000	5.000
224.000	4.000
225.000	3.000
226.000	3.000
227.000	1.000
228.000	4.000
229.000	2.000
230.000	4.000
231.000	2.000
232.000	3.000
233.000	4.000
234.000	5.000
235.000	2.000
236.000	4.000
237.000	3.000
238.000	5.000
239.000	4.000
240.000	3.000
241.000	6.000
242.000	5.000
243.000	12.000
244.000	8.000
245.000	10.000
246.000	12.000
247.000	9.000
248.000	15.000
249.000	11.000
250.000	13.000
251.000	14.000
252.000	5.000
253.000	3.000
254.000	7.000
255.000	7.000
256.000	6.000
257.000	8.000
258.000	7.000
259.000	4.000
260.000	7.000
261.000	5.000
262.000	10.000
263.000	4.000
264.000	5.000
265.000	3.000
266.000	3.000
267.000	5.000
268.000	8.000
269.000	3.000
270.000	9.000
271.000	7.000
272.000	5.000
273.000	6.000
274.000	5.000
275.000	5.000
276.000	3.000
277.000	5.000
278.000	10.000
279.000	4.000
280.000	7.000
281.000	6.000
282.000	7.000
283.000	6.000
284.000	5.000
285.000	3.000
286.000	8.000
287.000	6.000
288.000	7.000
289.000	8.000
290.000	7.000
291.000	6.000
292.000	8.000
293.000	12.000
294.000	10.000
295.000	10.000
296.000	11.000
297.000	11.000
298.000	5.000
299.000	6.000
300.000	14.000
301.000	8.000
302.000	11.000
303.000	9.000
304.000	8.000
305.000	5.000
306.000	5.000
307.000	10.000
308.000	8.000
309.000	5.000
310.000	9.000
311.000	10.000
312.000	6.000
313.000	6.000
314.000	6.000
315.000	18.000
316.000	14.000
317.000	16.000
318.000	26.000
319.000	31.000
320.000	42.000
321.000	58.000
322.000	51.000
323.000	40.000
324.000	51.000
325.000	42.000
326.000	37.000
327.000	34.000
328.000	23.000
329.000	21.000
330.000	21.000
331.000	13.000
332.000	18.000
333.000	17.000
334.000	11.000
335.000	19.000
336.000	17.000
337.000	23.000
338.000	21.000
339.000	17.000
340.000	25.000
341.000	43.000
342.000	65.000
343.000	95.000
344.000	167.000
345.000	248.000
346.000	386.000
347.000	475.000
348.000	657.000
349.000	755.000
350.000	837.000
351.000	864.000
352.000	788.000
353.000	682.000
354.000	528.000
355.000	437.000
356.000	266.000
357.000	187.000
358.000	98.000
359.000	85.000
360.000	31.000
361.000	38.000
362.000	26.000
363.000	19.000
364.000	22.000
365.000	18.000
366.000	17.000
367.000	18.000
368.000	18.000
369.000	22.000
370.000	18.000
371.000	20.000
372.000	16.000
373.000	27.000
374.000	18.000
375.000	28.000
376.000	21.000
377.000	29.000
378.000	30.000
379.000	50.000
380.000	55.000
381.000	69.000
382.000	94.000
383.000	119.000
384.000	130.000
385.000	158.000
386.000	156.000
387.000	153.000
388.000	133.000
389.000	136.000
390.000	106.000
391.000	108.000
392.000	70.000
393.000	55.000
394.000	32.000
395.000	34.000
396.000	27.000
397.000	29.000
398.000	29.000
399.000	27.000
400.000	24.000
401.000	24.000
402.000	20.000
403.000	29.000
404.000	27.000
405.000	26.000
406.000	29.000
407.000	33.000
408.000	32.000
409.000	28.000
410.000	28.000
411.000	26.000
412.000	32.000
413.000	36.000
414.000	25.000
415.000	29.000
416.000	31.000
417.000	29.000
418.000	36.000
419.000	29.000
420.000	39.000
421.000	34.000
422.000	33.000
423.000	21.000
424.000	29.000
425.000	34.000
426.000	42.000
427.000	37.000
428.000	25.000
429.000	35.000
430.000	36.000
431.000	43.000
432.000	29.000
433.000	36.000
434.000	43.000
435.000	44.000
436.000	38.000
437.000	48.000
438.000	40.000
439.000	54.000
440.000	43.000
441.000	34.000
442.000	47.000
443.000	43.000
444.000	51.000
445.000	43.000
446.000	53.000
447.000	41.000
448.000	51.000
449.000	54.000
450.000	44.000
451.000	49.000
452.000	45.000
453.000	54.000
454.000	46.000
455.000	46.000
456.000	37.000
457.000	40.000
458.000	56.000
459.000	48.000
460.000	49.000
461.000	49.000
462.000	55.000
463.000	53.000
464.000	59.000
465.000	44.000
466.000	70.000
467.000	58.000
468.000	61.000
469.000	65.000
470.000	61.000
471.000	57.000
472.000	58.000
473.000	69.000
474.000	57.000
475.000	60.000
476.000	65.000
477.000	69.000
478.000	63.000
479.000	47.000
480.000	58.000
481.000	71.000
482.000	61.000
483.000	61.000
484.000	64.000
485.000	71.000
486.000	49.000
487.000	62.000
488.000	74.000
489.000	74.000
490.000	66.000
491.000	72.000
492.000	68.000
493.000	71.000
494.000	66.000
495.000	84.000
496.000	77.000
497.000	67.000
498.000	86.000
499.000	91.000
500.000	66.000
501.000	75.000
502.000	74.000
503.000	84.000
504.000	64.000
505.000	73.000
506.000	78.000
507.000	80.000
508.000	81.000
509.000	78.000
510.000	83.000
511.000	57.000
512.000	93.000
513.000	86.000
514.000	76.000
515.000	91.000
516.000	79.000
517.000	101.000
518.000	100.000
519.000	87.000
520.000	85.000
521.000	97.000
522.000	99.000
523.000	97.000
524.000	93.000
525.000	108.000
526.000	91.000
527.000	82.000
528.000	101.000
529.000	94.000
530.000	90.000
531.000	100.000
532.000	106.000
533.000	104.000
534.000	77.000
535.000	96.000
536.000	93.000
537.000	100.000
538.000	113.000
539.000	113.000
540.000	120.000
541.000	106.000
542.000	98.000
543.000	118.000
544.000	97.000
545.000	120.000
546.000	88.000
547.000	83.000
548.000	121.000
549.000	100.000
550.000	99.000
551.000	111.000
552.000	106.000
553.000	115.000
554.000	125.000
555.000	122.000
556.000	120.000
557.000	110.000
558.000	125.000
559.000	111.000
560.000	102.000
561.000	123.000
562.000	99.000
563.000	111.000
564.000	96.000
565.000	113.000
566.000	120.000
567.000	123.000
568.000	134.000
569.000	132.000
570.000	124.000
571.000	122.000
572.000	121.000
573.000	132.000
574.000	139.000
575.000	138.000
576.000	133.000
577.000	143.000
578.000	137.000
579.000	137.000
580.000	128.000
581.000	133.000
582.000	134.000
583.000	121.000
584.000	132.000
585.000	147.000
586.000	116.000
587.000	155.000
588.000	127.000
589.000	149.000
590.000	136.000
591.000	166.000
592.000	146.000
593.000	133.000
594.000	136.000
595.000	140.000
596.000	157.000
597.000	132.000
598.000	143.000
599.000	148.000
600.000	152.000
601.000	165.000
602.000	134.000
603.000	156.000
604.000	143.000
605.000	181.000
606.000	150.000
607.000	167.000
608.000	162.000
609.000	156.000
610.000	148.000
611.000	161.000
612.000	182.000
613.000	177.000
614.000	161.000
615.000	144.000
616.000	175.000
617.000	159.000
618.000	188.000
619.000	153.000
620.000	187.000
621.000	178.000
622.000	182.000
623.000	179.000
624.000	158.000
625.000	155.000
626.000	171.000
627.000	154.000
628.000	156.000
629.000	179.000
630.000	171.000
631.000	181.000
632.000	179.000
633.000	183.000
634.000	198.000
635.000	191.000
636.000	184.000
637.000	167.000
638.000	191.000
639.000	190.000
640.000	178.000
641.000	169.000
642.000	170.000
643.000	172.000
644.000	186.000
645.000	191.000
646.000	209.000
647.000	202.000
648.000	203.000
649.000	199.000
650.000	167.000
651.000	200.000
652.000	221.000
653.000	208.000
654.000	211.000
655.000	206.000
656.000	183.000
657.000	206.000
658.000	207.000
659.000	199.000
660.000	226.000
661.000	198.000
662.000	211.000
663.000	216.000
664.000	226.000
665.000	231.000
666.000	246.000
667.000	209.000
668.000	223.000
669.000	214.000
670.000	214.000
671.000	213.000
672.000	200.000
673.000	222.000
674.000	186.000
675.000	220.000
676.000	229.000
677.000	225.000
678.000	194.000
679.000	230.000
680.000	235.000
681.000	183.000
682.000	223.000
683.000	219.000
684.000	237.000
685.000	221.000
686.000	220.000
687.000	223.000
688.000	232.000
689.000	218.000
690.000	225.000
691.000	249.000
692.000	229.000
693.000	223.000
694.000	221.000
695.000	215.000
696.000	275.000
697.000	213.000
698.000	262.000
699.000	247.000
700.000	240.000
701.000	210.000
702.000	255.000
703.000	244.000
704.000	252.000
705.000	236.000
706.000	263.000
707.000	240.000
708.000	248.000
709.000	237.000
710.000	256.000
711.000	245.000
712.000	251.000
713.000	263.000
714.000	237.000
715.000	231.000
716.000	270.000
717.000	224.000
718.000	265.000
719.000	238.000
720.000	301.000
721.000	240.000
722.000	281.000
723.000	248.000
724.000	221.000
725.000	253.000
726.000	225.000
727.000	264.000
728.000	278.000
729.000	294.000
730.000	300.000
731.000	274.000
732.000	248.000
733.000	260.000
734.000	261.000
735.000	287.000
736.000	280.000
737.000	260.000
738.000	278.000
739.000	272.000
740.000	267.000
741.000	260.000
742.000	258.000
743.000	266.000
744.000	279.000
745.000	272.000
746.000	261.000
747.000	268.000
748.000	296.000
749.000	300.000
750.000	292.000
751.000	272.000
752.000	293.000
753.000	273.000
754.000	318.000
755.000	271.000
756.000	236.000
757.000	306.000
758.000	291.000
759.000	284.000
760.000	268.000
761.000	263.000
762.000	261.000
763.000	286.000
764.000	294.000
765.000	252.000
766.000	283.000
767.000	309.000
768.000	308.000
769.000	302.000
770.000	285.000
771.000	319.000
772.000	297.000
773.000	295.000
774.000	332.000
775.000	294.000
776.000	312.000
777.000	330.000
778.000	318.000
779.000	282.000
780.000	287.000
781.000	271.000
782.000	319.000
783.000	285.000
784.000	298.000
785.000	306.000
786.000	259.000
787.000	305.000
788.000	293.000
789.000	289.000
790.000	285.000
791.000	270.000
792.000	312.000
793.000	315.000
794.000	290.000
795.000	296.000
796.000	280.000
797.000	276.000
798.000	312.000
799.000	277.000
800.000	290.000
801.000	272.000
802.000	294.000
803.000	331.000
804.000	323.000
805.000	280.000
806.000	289.000
807.000	305.000
808.000	282.000
809.000	315.000
810.000	296.000
811.000	310.000
812.000	309.000
813.000	300.000
814.000	305.000
815.000	324.000
816.000	312.000
817.000	341.000
818.000	309.000
819.000	288.000
820.000	306.000
821.000	298.000
822.000	302.000
823.000	293.000
824.000	311.000
825.000	307.000
826.000	364.000
827.000	316.000
828.000	335.000
829.000	279.000
830.000	323.000
831.000	324.000
832.000	313.000
833.000	322.000
834.000	313.000
835.000	339.000
836.000	340.000
837.000	314.000
838.000	362.000
839.000	342.000
840.000	347.000
841.000	330.000
842.000	361.000
843.000	371.000
844.000	320.000
845.000	357.000
846.000	324.000
847.000	351.000
848.000	367.000
849.000	366.000
850.000	370.000
851.000	323.000
852.000	367.000
853.000	363.000
854.000	360.000
855.000	405.000
856.000	397.000
857.000	349.000
858.000	423.000
859.000	388.000
860.000	411.000
861.000	381.000
862.000	450.000
863.000	397.000
864.000	426.000
865.000	417.000
866.000	411.000
867.000	424.000
868.000	487.000
869.000	483.000
870.000	425.000
871.000	551.000
872.000	481.000
873.000	493.000
874.000	561.000
875.000	537.000
876.000	593.000
877.000	607.000
878.000	582.000
879.000	682.000
880.000	683.000
881.000	732.000
882.000	740.000
883.000	807.000
884.000	797.000
885.000	907.000
886.000	980.000
887.000	1021.000
888.000	1039.000
889.000	1073.000
890.000	1159.000
891.000	1262.000
892.000	1303.000
893.000	1386.000
894.000	1405.000
895.000	1507.000
896.000	1467.000
897.000	1524.000
898.000	1544.000
899.000	1582.000
900.000	1599.000
901.000	1580.000
902.000	1613.000
903.000	1667.000
904.000	1524.000
905.000	1454.000
906.000	1485.000
907.000	1345.000
908.000	1336.000
909.000	1286.000
910.000	1242.000
911.000	1205.000
912.000	1150.000
913.000	1091.000
914.000	987.000
915.000	943.000
916.000	842.000
917.000	806.000
918.000	847.000
919.000	685.000
920.000	654.000
921.000	653.000
922.000	587.000
923.000	582.000
924.000	551.000
925.000	518.000
926.000	522.000
927.000	447.000
928.000	432.000
929.000	418.000
930.000	433.000
931.000	384.000
932.000	404.000
933.000	388.000
934.000	389.000
935.000	378.000
936.000	364.000
937.000	411.000
938.000	373.000
939.000	383.000
940.000	396.000
941.000	383.000
942.000	444.000
943.000	453.000
944.000	548.000
945.000	529.000
946.000	601.000
947.000	612.000
948.000	633.000
949.000	692.000
950.000	747.000
951.000	819.000
952.000	845.000
953.000	882.000
954.000	772.000
955.000	844.000
956.000	803.000
957.000	761.000
958.000	749.000
959.000	612.000
960.000	556.000
961.000	526.000
962.000	474.000
963.000	426.000
964.000	343.000
965.000	354.000
966.000	359.000
967.000	305.000
968.000	284.000
969.000	311.000
970.000	306.000
971.000	303.000
972.000	303.000
973.000	307.000
974.000	319.000
975.000	296.000
976.000	308.000
977.000	302.000
978.000	304.000
979.000	315.000
980.000	273.000
981.000	308.000
982.000	304.000
983.000	334.000
984.000	328.000
985.000	346.000
986.000	334.000
987.000	331.000
988.000	337.000
989.000	388.000
990.000	419.000
991.000	406.000
992.000	385.000
993.000	382.000
994.000	395.000
995.000	381.000
996.000	401.000
997.000	462.000
998.000	463.000
999.000	478.000
1000.000	472.000
1001.000	471.000
1002.000	447.000
1003.000	469.000
1004.000	470.000
1005.000	451.000
1006.000	442.000
1007.000	427.000
1008.000	450.000
1009.000	452.000
1010.000	448.000
1011.000	442.000
1012.000	398.000
1013.000	374.000
1014.000	415.000
1015.000	361.000
1016.000	386.000
1017.000	376.000
1018.000	360.000
1019.000	353.000
1020.000	320.000
1021.000	303.000
1022.000	280.000
1023.000	306.000
1024.000	291.000
