Date:	8/19/2008		Time:	9:10 AM		Version no:	0.00		Project name:	55		Sample name:	222		Section name:	section		Position	376.039995	mm	E0	0.000000	keV	E1	1.000000	keV/channel	sample surface	7.542156	cm	Tube anode:	Mo		Tube voltage:	30	kV	Tube current:	50	mA	gain	20		std. database			resultfile	result		matrix element	11		sample thickness	1.000000		air passage	0.560000	cm	comments	not in position		peaking_time	3.000000	m-sec	trigger_threshold	1229.166667	V	mca_bin_width	22.090000	no:	number_mca_channels	1024.000000	no:	gap_time	0.400000	m-sec	trigger_peaking_time	0.150000	m-sec	GAINDAC	9455		HIGHGAIN	1		TAURC	0		RCTAU	53		RCTAUFRAC	32768		livetime	9.730582	seconds	runtime	10.000503	seconds	input_count_rate	26.086108	cps	output_count_rate	20.295179	cps	triggers	253833	seconds	events_in_run	202962	seconds	channel	content		1.000	0.000
2.000	0.000
3.000	0.000
4.000	0.000
5.000	0.000
6.000	0.000
7.000	0.000
8.000	0.000
9.000	0.000
10.000	0.000
11.000	0.000
12.000	0.000
13.000	0.000
14.000	0.000
15.000	0.000
16.000	0.000
17.000	0.000
18.000	0.000
19.000	0.000
20.000	0.000
21.000	0.000
22.000	0.000
23.000	0.000
24.000	0.000
25.000	0.000
26.000	0.000
27.000	0.000
28.000	0.000
29.000	0.000
30.000	0.000
31.000	1.000
32.000	0.000
33.000	0.000
34.000	0.000
35.000	0.000
36.000	1.000
37.000	0.000
38.000	0.000
39.000	1.000
40.000	1.000
41.000	7.000
42.000	4.000
43.000	2.000
44.000	6.000
45.000	8.000
46.000	7.000
47.000	6.000
48.000	5.000
49.000	6.000
50.000	14.000
51.000	9.000
52.000	10.000
53.000	8.000
54.000	13.000
55.000	9.000
56.000	11.000
57.000	11.000
58.000	8.000
59.000	8.000
60.000	11.000
61.000	10.000
62.000	15.000
63.000	6.000
64.000	4.000
65.000	10.000
66.000	11.000
67.000	8.000
68.000	13.000
69.000	9.000
70.000	12.000
71.000	10.000
72.000	9.000
73.000	8.000
74.000	10.000
75.000	12.000
76.000	16.000
77.000	4.000
78.000	14.000
79.000	2.000
80.000	10.000
81.000	10.000
82.000	12.000
83.000	5.000
84.000	8.000
85.000	6.000
86.000	4.000
87.000	9.000
88.000	8.000
89.000	4.000
90.000	9.000
91.000	5.000
92.000	7.000
93.000	16.000
94.000	5.000
95.000	2.000
96.000	7.000
97.000	11.000
98.000	9.000
99.000	4.000
100.000	11.000
101.000	5.000
102.000	4.000
103.000	9.000
104.000	12.000
105.000	6.000
106.000	8.000
107.000	7.000
108.000	8.000
109.000	5.000
110.000	7.000
111.000	7.000
112.000	8.000
113.000	4.000
114.000	9.000
115.000	10.000
116.000	7.000
117.000	5.000
118.000	2.000
119.000	12.000
120.000	5.000
121.000	7.000
122.000	8.000
123.000	6.000
124.000	9.000
125.000	5.000
126.000	8.000
127.000	6.000
128.000	11.000
129.000	11.000
130.000	9.000
131.000	9.000
132.000	8.000
133.000	5.000
134.000	7.000
135.000	5.000
136.000	4.000
137.000	5.000
138.000	5.000
139.000	8.000
140.000	8.000
141.000	2.000
142.000	8.000
143.000	4.000
144.000	7.000
145.000	9.000
146.000	4.000
147.000	9.000
148.000	6.000
149.000	5.000
150.000	2.000
151.000	4.000
152.000	3.000
153.000	5.000
154.000	5.000
155.000	2.000
156.000	6.000
157.000	3.000
158.000	7.000
159.000	5.000
160.000	7.000
161.000	9.000
162.000	12.000
163.000	7.000
164.000	15.000
165.000	5.000
166.000	4.000
167.000	4.000
168.000	7.000
169.000	3.000
170.000	4.000
171.000	7.000
172.000	1.000
173.000	5.000
174.000	2.000
175.000	4.000
176.000	7.000
177.000	7.000
178.000	5.000
179.000	4.000
180.000	3.000
181.000	8.000
182.000	6.000
183.000	5.000
184.000	9.000
185.000	6.000
186.000	3.000
187.000	5.000
188.000	4.000
189.000	2.000
190.000	1.000
191.000	1.000
192.000	5.000
193.000	3.000
194.000	8.000
195.000	2.000
196.000	5.000
197.000	10.000
198.000	4.000
199.000	9.000
200.000	13.000
201.000	16.000
202.000	17.000
203.000	12.000
204.000	16.000
205.000	9.000
206.000	8.000
207.000	4.000
208.000	6.000
209.000	4.000
210.000	4.000
211.000	1.000
212.000	2.000
213.000	7.000
214.000	5.000
215.000	6.000
216.000	1.000
217.000	2.000
218.000	3.000
219.000	9.000
220.000	6.000
221.000	8.000
222.000	6.000
223.000	3.000
224.000	4.000
225.000	5.000
226.000	1.000
227.000	3.000
228.000	1.000
229.000	2.000
230.000	4.000
231.000	1.000
232.000	6.000
233.000	6.000
234.000	2.000
235.000	4.000
236.000	2.000
237.000	2.000
238.000	8.000
239.000	2.000
240.000	3.000
241.000	3.000
242.000	5.000
243.000	4.000
244.000	5.000
245.000	2.000
246.000	11.000
247.000	5.000
248.000	8.000
249.000	9.000
250.000	5.000
251.000	6.000
252.000	5.000
253.000	4.000
254.000	7.000
255.000	6.000
256.000	6.000
257.000	7.000
258.000	4.000
259.000	6.000
260.000	5.000
261.000	3.000
262.000	5.000
263.000	4.000
264.000	3.000
265.000	7.000
266.000	4.000
267.000	0.000
268.000	4.000
269.000	8.000
270.000	3.000
271.000	5.000
272.000	4.000
273.000	8.000
274.000	4.000
275.000	1.000
276.000	3.000
277.000	6.000
278.000	5.000
279.000	8.000
280.000	6.000
281.000	5.000
282.000	7.000
283.000	2.000
284.000	8.000
285.000	3.000
286.000	2.000
287.000	6.000
288.000	6.000
289.000	7.000
290.000	10.000
291.000	4.000
292.000	8.000
293.000	3.000
294.000	7.000
295.000	6.000
296.000	5.000
297.000	6.000
298.000	5.000
299.000	3.000
300.000	5.000
301.000	3.000
302.000	3.000
303.000	3.000
304.000	5.000
305.000	6.000
306.000	5.000
307.000	12.000
308.000	6.000
309.000	9.000
310.000	8.000
311.000	6.000
312.000	6.000
313.000	4.000
314.000	10.000
315.000	5.000
316.000	9.000
317.000	11.000
318.000	19.000
319.000	14.000
320.000	21.000
321.000	32.000
322.000	33.000
323.000	31.000
324.000	35.000
325.000	30.000
326.000	23.000
327.000	18.000
328.000	22.000
329.000	14.000
330.000	14.000
331.000	6.000
332.000	6.000
333.000	10.000
334.000	8.000
335.000	8.000
336.000	10.000
337.000	3.000
338.000	11.000
339.000	15.000
340.000	20.000
341.000	22.000
342.000	40.000
343.000	63.000
344.000	82.000
345.000	166.000
346.000	221.000
347.000	335.000
348.000	423.000
349.000	475.000
350.000	493.000
351.000	552.000
352.000	481.000
353.000	449.000
354.000	352.000
355.000	248.000
356.000	192.000
357.000	84.000
358.000	71.000
359.000	44.000
360.000	26.000
361.000	23.000
362.000	19.000
363.000	9.000
364.000	12.000
365.000	10.000
366.000	14.000
367.000	11.000
368.000	13.000
369.000	24.000
370.000	11.000
371.000	18.000
372.000	17.000
373.000	12.000
374.000	12.000
375.000	19.000
376.000	13.000
377.000	16.000
378.000	25.000
379.000	28.000
380.000	27.000
381.000	36.000
382.000	64.000
383.000	64.000
384.000	108.000
385.000	89.000
386.000	80.000
387.000	104.000
388.000	87.000
389.000	94.000
390.000	68.000
391.000	53.000
392.000	32.000
393.000	27.000
394.000	25.000
395.000	21.000
396.000	13.000
397.000	9.000
398.000	21.000
399.000	15.000
400.000	20.000
401.000	22.000
402.000	21.000
403.000	8.000
404.000	9.000
405.000	10.000
406.000	19.000
407.000	21.000
408.000	19.000
409.000	19.000
410.000	15.000
411.000	27.000
412.000	25.000
413.000	22.000
414.000	26.000
415.000	15.000
416.000	18.000
417.000	21.000
418.000	17.000
419.000	23.000
420.000	19.000
421.000	16.000
422.000	16.000
423.000	24.000
424.000	23.000
425.000	18.000
426.000	20.000
427.000	29.000
428.000	22.000
429.000	27.000
430.000	19.000
431.000	19.000
432.000	16.000
433.000	22.000
434.000	26.000
435.000	20.000
436.000	28.000
437.000	30.000
438.000	23.000
439.000	26.000
440.000	35.000
441.000	36.000
442.000	31.000
443.000	32.000
444.000	34.000
445.000	26.000
446.000	29.000
447.000	27.000
448.000	39.000
449.000	24.000
450.000	42.000
451.000	31.000
452.000	27.000
453.000	44.000
454.000	27.000
455.000	27.000
456.000	28.000
457.000	37.000
458.000	31.000
459.000	38.000
460.000	30.000
461.000	37.000
462.000	40.000
463.000	30.000
464.000	34.000
465.000	35.000
466.000	34.000
467.000	36.000
468.000	33.000
469.000	53.000
470.000	26.000
471.000	34.000
472.000	37.000
473.000	37.000
474.000	32.000
475.000	46.000
476.000	24.000
477.000	42.000
478.000	45.000
479.000	31.000
480.000	36.000
481.000	43.000
482.000	38.000
483.000	51.000
484.000	30.000
485.000	41.000
486.000	40.000
487.000	42.000
488.000	34.000
489.000	48.000
490.000	41.000
491.000	46.000
492.000	42.000
493.000	42.000
494.000	39.000
495.000	36.000
496.000	49.000
497.000	49.000
498.000	46.000
499.000	41.000
500.000	42.000
501.000	42.000
502.000	49.000
503.000	53.000
504.000	47.000
505.000	42.000
506.000	53.000
507.000	63.000
508.000	46.000
509.000	42.000
510.000	52.000
511.000	53.000
512.000	49.000
513.000	47.000
514.000	61.000
515.000	66.000
516.000	58.000
517.000	62.000
518.000	62.000
519.000	56.000
520.000	64.000
521.000	66.000
522.000	55.000
523.000	68.000
524.000	48.000
525.000	72.000
526.000	58.000
527.000	62.000
528.000	75.000
529.000	60.000
530.000	71.000
531.000	66.000
532.000	70.000
533.000	66.000
534.000	70.000
535.000	51.000
536.000	83.000
537.000	68.000
538.000	63.000
539.000	76.000
540.000	70.000
541.000	75.000
542.000	65.000
543.000	79.000
544.000	66.000
545.000	74.000
546.000	71.000
547.000	78.000
548.000	80.000
549.000	74.000
550.000	86.000
551.000	60.000
552.000	71.000
553.000	73.000
554.000	85.000
555.000	90.000
556.000	80.000
557.000	81.000
558.000	75.000
559.000	89.000
560.000	90.000
561.000	86.000
562.000	92.000
563.000	94.000
564.000	72.000
565.000	77.000
566.000	76.000
567.000	83.000
568.000	89.000
569.000	90.000
570.000	93.000
571.000	80.000
572.000	81.000
573.000	100.000
574.000	85.000
575.000	93.000
576.000	98.000
577.000	107.000
578.000	96.000
579.000	96.000
580.000	98.000
581.000	93.000
582.000	84.000
583.000	96.000
584.000	101.000
585.000	107.000
586.000	99.000
587.000	116.000
588.000	97.000
589.000	96.000
590.000	94.000
591.000	104.000
592.000	101.000
593.000	101.000
594.000	110.000
595.000	105.000
596.000	99.000
597.000	122.000
598.000	96.000
599.000	91.000
600.000	114.000
601.000	103.000
602.000	111.000
603.000	115.000
604.000	111.000
605.000	112.000
606.000	117.000
607.000	124.000
608.000	132.000
609.000	133.000
610.000	148.000
611.000	112.000
612.000	113.000
613.000	127.000
614.000	108.000
615.000	121.000
616.000	148.000
617.000	120.000
618.000	119.000
619.000	107.000
620.000	141.000
621.000	112.000
622.000	112.000
623.000	116.000
624.000	146.000
625.000	118.000
626.000	142.000
627.000	128.000
628.000	135.000
629.000	132.000
630.000	145.000
631.000	142.000
632.000	139.000
633.000	147.000
634.000	148.000
635.000	149.000
636.000	122.000
637.000	134.000
638.000	156.000
639.000	151.000
640.000	151.000
641.000	126.000
642.000	157.000
643.000	148.000
644.000	154.000
645.000	158.000
646.000	171.000
647.000	175.000
648.000	171.000
649.000	168.000
650.000	182.000
651.000	149.000
652.000	165.000
653.000	150.000
654.000	187.000
655.000	151.000
656.000	160.000
657.000	189.000
658.000	140.000
659.000	167.000
660.000	148.000
661.000	145.000
662.000	146.000
663.000	166.000
664.000	155.000
665.000	188.000
666.000	180.000
667.000	158.000
668.000	164.000
669.000	159.000
670.000	183.000
671.000	147.000
672.000	166.000
673.000	166.000
674.000	174.000
675.000	180.000
676.000	169.000
677.000	178.000
678.000	184.000
679.000	189.000
680.000	189.000
681.000	191.000
682.000	160.000
683.000	175.000
684.000	184.000
685.000	193.000
686.000	178.000
687.000	194.000
688.000	176.000
689.000	184.000
690.000	188.000
691.000	199.000
692.000	175.000
693.000	170.000
694.000	203.000
695.000	205.000
696.000	171.000
697.000	189.000
698.000	204.000
699.000	188.000
700.000	185.000
701.000	188.000
702.000	175.000
703.000	184.000
704.000	199.000
705.000	191.000
706.000	198.000
707.000	221.000
708.000	206.000
709.000	185.000
710.000	199.000
711.000	212.000
712.000	190.000
713.000	207.000
714.000	214.000
715.000	188.000
716.000	213.000
717.000	208.000
718.000	208.000
719.000	201.000
720.000	220.000
721.000	201.000
722.000	194.000
723.000	211.000
724.000	221.000
725.000	196.000
726.000	219.000
727.000	225.000
728.000	216.000
729.000	217.000
730.000	255.000
731.000	230.000
732.000	234.000
733.000	220.000
734.000	239.000
735.000	194.000
736.000	207.000
737.000	210.000
738.000	202.000
739.000	233.000
740.000	215.000
741.000	215.000
742.000	227.000
743.000	237.000
744.000	231.000
745.000	225.000
746.000	200.000
747.000	231.000
748.000	214.000
749.000	240.000
750.000	224.000
751.000	246.000
752.000	222.000
753.000	216.000
754.000	258.000
755.000	252.000
756.000	201.000
757.000	234.000
758.000	210.000
759.000	244.000
760.000	227.000
761.000	261.000
762.000	246.000
763.000	252.000
764.000	242.000
765.000	220.000
766.000	240.000
767.000	247.000
768.000	233.000
769.000	263.000
770.000	250.000
771.000	284.000
772.000	264.000
773.000	272.000
774.000	281.000
775.000	263.000
776.000	283.000
777.000	261.000
778.000	247.000
779.000	255.000
780.000	264.000
781.000	278.000
782.000	279.000
783.000	257.000
784.000	247.000
785.000	258.000
786.000	261.000
787.000	244.000
788.000	261.000
789.000	258.000
790.000	269.000
791.000	233.000
792.000	268.000
793.000	258.000
794.000	282.000
795.000	251.000
796.000	229.000
797.000	224.000
798.000	265.000
799.000	266.000
800.000	274.000
801.000	269.000
802.000	245.000
803.000	273.000
804.000	258.000
805.000	268.000
806.000	263.000
807.000	268.000
808.000	257.000
809.000	264.000
810.000	246.000
811.000	290.000
812.000	243.000
813.000	321.000
814.000	261.000
815.000	286.000
816.000	291.000
817.000	301.000
818.000	292.000
819.000	273.000
820.000	267.000
821.000	295.000
822.000	265.000
823.000	263.000
824.000	285.000
825.000	289.000
826.000	283.000
827.000	270.000
828.000	255.000
829.000	262.000
830.000	295.000
831.000	299.000
832.000	286.000
833.000	298.000
834.000	293.000
835.000	312.000
836.000	263.000
837.000	275.000
838.000	298.000
839.000	312.000
840.000	260.000
841.000	281.000
842.000	314.000
843.000	317.000
844.000	308.000
845.000	308.000
846.000	310.000
847.000	281.000
848.000	318.000
849.000	297.000
850.000	312.000
851.000	337.000
852.000	303.000
853.000	366.000
854.000	337.000
855.000	325.000
856.000	331.000
857.000	342.000
858.000	330.000
859.000	360.000
860.000	350.000
861.000	351.000
862.000	357.000
863.000	351.000
864.000	395.000
865.000	370.000
866.000	393.000
867.000	400.000
868.000	407.000
869.000	428.000
870.000	402.000
871.000	395.000
872.000	445.000
873.000	470.000
874.000	481.000
875.000	461.000
876.000	441.000
877.000	534.000
878.000	558.000
879.000	573.000
880.000	629.000
881.000	668.000
882.000	676.000
883.000	755.000
884.000	798.000
885.000	834.000
886.000	859.000
887.000	915.000
888.000	1017.000
889.000	1055.000
890.000	1095.000
891.000	1209.000
892.000	1233.000
893.000	1296.000
894.000	1225.000
895.000	1329.000
896.000	1398.000
897.000	1430.000
898.000	1447.000
899.000	1458.000
900.000	1451.000
901.000	1437.000
902.000	1432.000
903.000	1321.000
904.000	1426.000
905.000	1348.000
906.000	1314.000
907.000	1185.000
908.000	1187.000
909.000	1222.000
910.000	1117.000
911.000	1098.000
912.000	1007.000
913.000	978.000
914.000	911.000
915.000	890.000
916.000	824.000
917.000	743.000
918.000	715.000
919.000	668.000
920.000	594.000
921.000	551.000
922.000	560.000
923.000	552.000
924.000	483.000
925.000	464.000
926.000	462.000
927.000	467.000
928.000	368.000
929.000	386.000
930.000	411.000
931.000	382.000
932.000	388.000
933.000	379.000
934.000	358.000
935.000	364.000
936.000	364.000
937.000	342.000
938.000	356.000
939.000	365.000
940.000	372.000
941.000	348.000
942.000	393.000
943.000	391.000
944.000	449.000
945.000	467.000
946.000	537.000
947.000	606.000
948.000	616.000
949.000	699.000
950.000	690.000
951.000	697.000
952.000	786.000
953.000	733.000
954.000	738.000
955.000	719.000
956.000	692.000
957.000	671.000
958.000	648.000
959.000	599.000
960.000	540.000
961.000	435.000
962.000	467.000
963.000	391.000
964.000	367.000
965.000	334.000
966.000	314.000
967.000	292.000
968.000	288.000
969.000	284.000
970.000	307.000
971.000	251.000
972.000	299.000
973.000	275.000
974.000	237.000
975.000	276.000
976.000	264.000
977.000	298.000
978.000	257.000
979.000	315.000
980.000	310.000
981.000	296.000
982.000	289.000
983.000	336.000
984.000	319.000
985.000	320.000
986.000	308.000
987.000	367.000
988.000	325.000
989.000	340.000
990.000	350.000
991.000	370.000
992.000	344.000
993.000	376.000
994.000	394.000
995.000	404.000
996.000	374.000
997.000	416.000
998.000	420.000
999.000	390.000
1000.000	423.000
1001.000	399.000
1002.000	409.000
1003.000	431.000
1004.000	378.000
1005.000	419.000
1006.000	416.000
1007.000	395.000
1008.000	391.000
1009.000	404.000
1010.000	395.000
1011.000	385.000
1012.000	414.000
1013.000	383.000
1014.000	372.000
1015.000	355.000
1016.000	322.000
1017.000	317.000
1018.000	314.000
1019.000	316.000
1020.000	295.000
1021.000	294.000
1022.000	260.000
1023.000	286.000
1024.000	276.000
