Date:	8/19/2008		Time:	9:00 AM		Version no:	0.00		Project name:	55		Sample name:	222		Section name:	section		Position	262.039995	mm	E0	0.000000	keV	E1	1.000000	keV/channel	sample surface	7.496852	cm	Tube anode:	Mo		Tube voltage:	30	kV	Tube current:	50	mA	gain	20		std. database			resultfile	result		matrix element	11		sample thickness	1.000000		air passage	0.560000	cm	comments	not in position		peaking_time	3.000000	m-sec	trigger_threshold	1229.166667	V	mca_bin_width	22.090000	no:	number_mca_channels	1024.000000	no:	gap_time	0.400000	m-sec	trigger_peaking_time	0.150000	m-sec	GAINDAC	9455		HIGHGAIN	1		TAURC	0		RCTAU	53		RCTAUFRAC	32768		livetime	9.674770	seconds	runtime	10.000502	seconds	input_count_rate	30.461501	cps	output_count_rate	22.853552	cps	triggers	294708	seconds	events_in_run	228547	seconds	channel	content		1.000	0.000
2.000	0.000
3.000	0.000
4.000	0.000
5.000	0.000
6.000	0.000
7.000	0.000
8.000	0.000
9.000	0.000
10.000	0.000
11.000	0.000
12.000	0.000
13.000	0.000
14.000	0.000
15.000	0.000
16.000	0.000
17.000	0.000
18.000	0.000
19.000	0.000
20.000	0.000
21.000	0.000
22.000	0.000
23.000	0.000
24.000	0.000
25.000	0.000
26.000	0.000
27.000	0.000
28.000	0.000
29.000	0.000
30.000	0.000
31.000	1.000
32.000	0.000
33.000	2.000
34.000	1.000
35.000	4.000
36.000	3.000
37.000	2.000
38.000	3.000
39.000	2.000
40.000	2.000
41.000	1.000
42.000	2.000
43.000	5.000
44.000	8.000
45.000	5.000
46.000	6.000
47.000	4.000
48.000	11.000
49.000	8.000
50.000	9.000
51.000	11.000
52.000	13.000
53.000	13.000
54.000	6.000
55.000	9.000
56.000	10.000
57.000	11.000
58.000	8.000
59.000	13.000
60.000	10.000
61.000	4.000
62.000	8.000
63.000	11.000
64.000	10.000
65.000	22.000
66.000	11.000
67.000	8.000
68.000	13.000
69.000	9.000
70.000	9.000
71.000	11.000
72.000	13.000
73.000	10.000
74.000	14.000
75.000	9.000
76.000	15.000
77.000	10.000
78.000	8.000
79.000	15.000
80.000	13.000
81.000	11.000
82.000	14.000
83.000	12.000
84.000	13.000
85.000	6.000
86.000	5.000
87.000	11.000
88.000	5.000
89.000	7.000
90.000	5.000
91.000	10.000
92.000	5.000
93.000	6.000
94.000	10.000
95.000	10.000
96.000	8.000
97.000	12.000
98.000	14.000
99.000	11.000
100.000	7.000
101.000	9.000
102.000	8.000
103.000	6.000
104.000	13.000
105.000	7.000
106.000	8.000
107.000	17.000
108.000	5.000
109.000	7.000
110.000	2.000
111.000	11.000
112.000	7.000
113.000	8.000
114.000	9.000
115.000	5.000
116.000	11.000
117.000	2.000
118.000	5.000
119.000	8.000
120.000	8.000
121.000	7.000
122.000	6.000
123.000	8.000
124.000	13.000
125.000	13.000
126.000	13.000
127.000	13.000
128.000	4.000
129.000	6.000
130.000	7.000
131.000	5.000
132.000	3.000
133.000	14.000
134.000	10.000
135.000	7.000
136.000	9.000
137.000	11.000
138.000	6.000
139.000	6.000
140.000	5.000
141.000	1.000
142.000	5.000
143.000	6.000
144.000	4.000
145.000	5.000
146.000	5.000
147.000	9.000
148.000	7.000
149.000	6.000
150.000	4.000
151.000	6.000
152.000	3.000
153.000	2.000
154.000	6.000
155.000	6.000
156.000	6.000
157.000	6.000
158.000	5.000
159.000	6.000
160.000	6.000
161.000	12.000
162.000	13.000
163.000	10.000
164.000	8.000
165.000	12.000
166.000	7.000
167.000	3.000
168.000	5.000
169.000	6.000
170.000	6.000
171.000	5.000
172.000	0.000
173.000	2.000
174.000	1.000
175.000	4.000
176.000	6.000
177.000	3.000
178.000	4.000
179.000	9.000
180.000	12.000
181.000	12.000
182.000	6.000
183.000	9.000
184.000	7.000
185.000	4.000
186.000	8.000
187.000	6.000
188.000	2.000
189.000	2.000
190.000	4.000
191.000	8.000
192.000	5.000
193.000	4.000
194.000	6.000
195.000	3.000
196.000	8.000
197.000	6.000
198.000	14.000
199.000	14.000
200.000	14.000
201.000	16.000
202.000	15.000
203.000	19.000
204.000	22.000
205.000	14.000
206.000	10.000
207.000	8.000
208.000	8.000
209.000	4.000
210.000	3.000
211.000	6.000
212.000	2.000
213.000	2.000
214.000	4.000
215.000	7.000
216.000	4.000
217.000	5.000
218.000	5.000
219.000	4.000
220.000	9.000
221.000	6.000
222.000	10.000
223.000	7.000
224.000	2.000
225.000	2.000
226.000	8.000
227.000	6.000
228.000	5.000
229.000	5.000
230.000	4.000
231.000	6.000
232.000	1.000
233.000	1.000
234.000	3.000
235.000	3.000
236.000	1.000
237.000	3.000
238.000	3.000
239.000	1.000
240.000	3.000
241.000	5.000
242.000	4.000
243.000	2.000
244.000	7.000
245.000	9.000
246.000	9.000
247.000	5.000
248.000	7.000
249.000	14.000
250.000	11.000
251.000	9.000
252.000	7.000
253.000	9.000
254.000	4.000
255.000	5.000
256.000	3.000
257.000	5.000
258.000	5.000
259.000	7.000
260.000	2.000
261.000	4.000
262.000	5.000
263.000	6.000
264.000	5.000
265.000	5.000
266.000	5.000
267.000	1.000
268.000	4.000
269.000	6.000
270.000	10.000
271.000	8.000
272.000	11.000
273.000	9.000
274.000	3.000
275.000	7.000
276.000	8.000
277.000	8.000
278.000	10.000
279.000	3.000
280.000	8.000
281.000	5.000
282.000	4.000
283.000	7.000
284.000	8.000
285.000	3.000
286.000	4.000
287.000	7.000
288.000	10.000
289.000	9.000
290.000	3.000
291.000	6.000
292.000	11.000
293.000	12.000
294.000	8.000
295.000	12.000
296.000	9.000
297.000	6.000
298.000	5.000
299.000	4.000
300.000	6.000
301.000	8.000
302.000	10.000
303.000	5.000
304.000	8.000
305.000	7.000
306.000	10.000
307.000	9.000
308.000	7.000
309.000	7.000
310.000	8.000
311.000	11.000
312.000	5.000
313.000	8.000
314.000	4.000
315.000	13.000
316.000	11.000
317.000	17.000
318.000	19.000
319.000	25.000
320.000	41.000
321.000	39.000
322.000	32.000
323.000	56.000
324.000	34.000
325.000	54.000
326.000	27.000
327.000	27.000
328.000	29.000
329.000	20.000
330.000	11.000
331.000	18.000
332.000	9.000
333.000	12.000
334.000	9.000
335.000	13.000
336.000	13.000
337.000	11.000
338.000	15.000
339.000	15.000
340.000	20.000
341.000	42.000
342.000	47.000
343.000	68.000
344.000	148.000
345.000	199.000
346.000	265.000
347.000	404.000
348.000	553.000
349.000	618.000
350.000	668.000
351.000	631.000
352.000	623.000
353.000	554.000
354.000	400.000
355.000	326.000
356.000	202.000
357.000	170.000
358.000	92.000
359.000	65.000
360.000	41.000
361.000	27.000
362.000	16.000
363.000	16.000
364.000	17.000
365.000	14.000
366.000	25.000
367.000	18.000
368.000	22.000
369.000	19.000
370.000	17.000
371.000	14.000
372.000	19.000
373.000	15.000
374.000	24.000
375.000	27.000
376.000	25.000
377.000	25.000
378.000	29.000
379.000	40.000
380.000	47.000
381.000	68.000
382.000	67.000
383.000	96.000
384.000	105.000
385.000	124.000
386.000	127.000
387.000	129.000
388.000	112.000
389.000	116.000
390.000	69.000
391.000	71.000
392.000	62.000
393.000	30.000
394.000	30.000
395.000	27.000
396.000	23.000
397.000	19.000
398.000	21.000
399.000	23.000
400.000	18.000
401.000	19.000
402.000	18.000
403.000	21.000
404.000	19.000
405.000	28.000
406.000	23.000
407.000	27.000
408.000	20.000
409.000	25.000
410.000	20.000
411.000	27.000
412.000	23.000
413.000	24.000
414.000	27.000
415.000	28.000
416.000	26.000
417.000	26.000
418.000	18.000
419.000	26.000
420.000	27.000
421.000	28.000
422.000	22.000
423.000	25.000
424.000	28.000
425.000	33.000
426.000	25.000
427.000	37.000
428.000	26.000
429.000	31.000
430.000	35.000
431.000	34.000
432.000	39.000
433.000	33.000
434.000	26.000
435.000	30.000
436.000	28.000
437.000	39.000
438.000	35.000
439.000	23.000
440.000	42.000
441.000	33.000
442.000	40.000
443.000	30.000
444.000	37.000
445.000	39.000
446.000	32.000
447.000	41.000
448.000	42.000
449.000	45.000
450.000	36.000
451.000	52.000
452.000	44.000
453.000	53.000
454.000	39.000
455.000	37.000
456.000	46.000
457.000	39.000
458.000	50.000
459.000	37.000
460.000	44.000
461.000	36.000
462.000	64.000
463.000	39.000
464.000	43.000
465.000	38.000
466.000	38.000
467.000	38.000
468.000	55.000
469.000	52.000
470.000	46.000
471.000	46.000
472.000	38.000
473.000	61.000
474.000	48.000
475.000	70.000
476.000	48.000
477.000	52.000
478.000	51.000
479.000	55.000
480.000	53.000
481.000	44.000
482.000	51.000
483.000	54.000
484.000	51.000
485.000	60.000
486.000	56.000
487.000	72.000
488.000	49.000
489.000	59.000
490.000	55.000
491.000	60.000
492.000	47.000
493.000	59.000
494.000	66.000
495.000	53.000
496.000	68.000
497.000	64.000
498.000	63.000
499.000	66.000
500.000	53.000
501.000	51.000
502.000	43.000
503.000	51.000
504.000	65.000
505.000	61.000
506.000	58.000
507.000	58.000
508.000	58.000
509.000	69.000
510.000	66.000
511.000	58.000
512.000	79.000
513.000	64.000
514.000	82.000
515.000	72.000
516.000	74.000
517.000	66.000
518.000	79.000
519.000	75.000
520.000	69.000
521.000	85.000
522.000	80.000
523.000	65.000
524.000	91.000
525.000	92.000
526.000	91.000
527.000	73.000
528.000	86.000
529.000	82.000
530.000	82.000
531.000	88.000
532.000	101.000
533.000	90.000
534.000	96.000
535.000	69.000
536.000	83.000
537.000	79.000
538.000	104.000
539.000	95.000
540.000	81.000
541.000	81.000
542.000	90.000
543.000	90.000
544.000	113.000
545.000	102.000
546.000	104.000
547.000	97.000
548.000	87.000
549.000	102.000
550.000	89.000
551.000	112.000
552.000	98.000
553.000	91.000
554.000	114.000
555.000	100.000
556.000	93.000
557.000	94.000
558.000	119.000
559.000	96.000
560.000	108.000
561.000	85.000
562.000	111.000
563.000	104.000
564.000	96.000
565.000	104.000
566.000	94.000
567.000	110.000
568.000	112.000
569.000	115.000
570.000	110.000
571.000	137.000
572.000	116.000
573.000	108.000
574.000	100.000
575.000	108.000
576.000	99.000
577.000	128.000
578.000	135.000
579.000	106.000
580.000	132.000
581.000	134.000
582.000	118.000
583.000	126.000
584.000	128.000
585.000	124.000
586.000	135.000
587.000	125.000
588.000	120.000
589.000	139.000
590.000	100.000
591.000	127.000
592.000	139.000
593.000	161.000
594.000	137.000
595.000	139.000
596.000	122.000
597.000	125.000
598.000	119.000
599.000	147.000
600.000	123.000
601.000	143.000
602.000	123.000
603.000	135.000
604.000	135.000
605.000	133.000
606.000	121.000
607.000	133.000
608.000	149.000
609.000	159.000
610.000	125.000
611.000	152.000
612.000	130.000
613.000	150.000
614.000	140.000
615.000	157.000
616.000	150.000
617.000	166.000
618.000	158.000
619.000	167.000
620.000	146.000
621.000	144.000
622.000	156.000
623.000	167.000
624.000	153.000
625.000	179.000
626.000	159.000
627.000	175.000
628.000	147.000
629.000	154.000
630.000	163.000
631.000	175.000
632.000	208.000
633.000	172.000
634.000	141.000
635.000	178.000
636.000	173.000
637.000	161.000
638.000	163.000
639.000	176.000
640.000	159.000
641.000	164.000
642.000	178.000
643.000	172.000
644.000	188.000
645.000	170.000
646.000	178.000
647.000	200.000
648.000	194.000
649.000	202.000
650.000	178.000
651.000	176.000
652.000	212.000
653.000	197.000
654.000	202.000
655.000	189.000
656.000	178.000
657.000	202.000
658.000	199.000
659.000	183.000
660.000	187.000
661.000	170.000
662.000	197.000
663.000	192.000
664.000	181.000
665.000	199.000
666.000	211.000
667.000	175.000
668.000	200.000
669.000	194.000
670.000	187.000
671.000	191.000
672.000	195.000
673.000	174.000
674.000	197.000
675.000	213.000
676.000	198.000
677.000	188.000
678.000	203.000
679.000	184.000
680.000	202.000
681.000	230.000
682.000	233.000
683.000	214.000
684.000	214.000
685.000	219.000
686.000	214.000
687.000	227.000
688.000	216.000
689.000	212.000
690.000	214.000
691.000	254.000
692.000	202.000
693.000	218.000
694.000	209.000
695.000	211.000
696.000	228.000
697.000	218.000
698.000	216.000
699.000	237.000
700.000	220.000
701.000	212.000
702.000	220.000
703.000	215.000
704.000	213.000
705.000	195.000
706.000	238.000
707.000	228.000
708.000	223.000
709.000	231.000
710.000	236.000
711.000	240.000
712.000	237.000
713.000	233.000
714.000	225.000
715.000	238.000
716.000	235.000
717.000	254.000
718.000	220.000
719.000	225.000
720.000	229.000
721.000	238.000
722.000	254.000
723.000	265.000
724.000	269.000
725.000	221.000
726.000	263.000
727.000	260.000
728.000	265.000
729.000	290.000
730.000	231.000
731.000	250.000
732.000	234.000
733.000	262.000
734.000	233.000
735.000	258.000
736.000	245.000
737.000	231.000
738.000	255.000
739.000	254.000
740.000	273.000
741.000	259.000
742.000	252.000
743.000	248.000
744.000	247.000
745.000	249.000
746.000	248.000
747.000	257.000
748.000	256.000
749.000	281.000
750.000	286.000
751.000	281.000
752.000	262.000
753.000	242.000
754.000	271.000
755.000	244.000
756.000	280.000
757.000	276.000
758.000	307.000
759.000	261.000
760.000	296.000
761.000	266.000
762.000	268.000
763.000	293.000
764.000	297.000
765.000	267.000
766.000	310.000
767.000	303.000
768.000	313.000
769.000	284.000
770.000	306.000
771.000	297.000
772.000	283.000
773.000	286.000
774.000	321.000
775.000	295.000
776.000	322.000
777.000	325.000
778.000	281.000
779.000	311.000
780.000	276.000
781.000	299.000
782.000	312.000
783.000	293.000
784.000	263.000
785.000	288.000
786.000	255.000
787.000	265.000
788.000	303.000
789.000	280.000
790.000	294.000
791.000	307.000
792.000	267.000
793.000	298.000
794.000	289.000
795.000	300.000
796.000	282.000
797.000	252.000
798.000	310.000
799.000	301.000
800.000	291.000
801.000	277.000
802.000	288.000
803.000	301.000
804.000	294.000
805.000	297.000
806.000	284.000
807.000	314.000
808.000	315.000
809.000	307.000
810.000	316.000
811.000	359.000
812.000	313.000
813.000	297.000
814.000	296.000
815.000	304.000
816.000	298.000
817.000	319.000
818.000	295.000
819.000	292.000
820.000	301.000
821.000	312.000
822.000	292.000
823.000	287.000
824.000	329.000
825.000	319.000
826.000	306.000
827.000	316.000
828.000	327.000
829.000	292.000
830.000	342.000
831.000	327.000
832.000	324.000
833.000	317.000
834.000	311.000
835.000	296.000
836.000	334.000
837.000	328.000
838.000	317.000
839.000	337.000
840.000	336.000
841.000	351.000
842.000	345.000
843.000	341.000
844.000	350.000
845.000	306.000
846.000	306.000
847.000	350.000
848.000	351.000
849.000	370.000
850.000	347.000
851.000	351.000
852.000	354.000
853.000	329.000
854.000	344.000
855.000	355.000
856.000	374.000
857.000	408.000
858.000	385.000
859.000	364.000
860.000	401.000
861.000	405.000
862.000	396.000
863.000	421.000
864.000	414.000
865.000	427.000
866.000	457.000
867.000	469.000
868.000	443.000
869.000	467.000
870.000	462.000
871.000	485.000
872.000	477.000
873.000	515.000
874.000	510.000
875.000	537.000
876.000	576.000
877.000	555.000
878.000	594.000
879.000	676.000
880.000	728.000
881.000	688.000
882.000	772.000
883.000	801.000
884.000	855.000
885.000	892.000
886.000	980.000
887.000	1006.000
888.000	1089.000
889.000	1147.000
890.000	1256.000
891.000	1250.000
892.000	1321.000
893.000	1396.000
894.000	1458.000
895.000	1469.000
896.000	1499.000
897.000	1505.000
898.000	1587.000
899.000	1604.000
900.000	1593.000
901.000	1527.000
902.000	1565.000
903.000	1520.000
904.000	1532.000
905.000	1574.000
906.000	1469.000
907.000	1402.000
908.000	1330.000
909.000	1309.000
910.000	1249.000
911.000	1245.000
912.000	1142.000
913.000	1022.000
914.000	975.000
915.000	896.000
916.000	878.000
917.000	837.000
918.000	777.000
919.000	769.000
920.000	665.000
921.000	641.000
922.000	616.000
923.000	563.000
924.000	548.000
925.000	528.000
926.000	513.000
927.000	457.000
928.000	463.000
929.000	428.000
930.000	459.000
931.000	432.000
932.000	399.000
933.000	403.000
934.000	393.000
935.000	417.000
936.000	382.000
937.000	388.000
938.000	387.000
939.000	402.000
940.000	444.000
941.000	384.000
942.000	438.000
943.000	447.000
944.000	515.000
945.000	547.000
946.000	572.000
947.000	647.000
948.000	661.000
949.000	752.000
950.000	761.000
951.000	843.000
952.000	855.000
953.000	888.000
954.000	805.000
955.000	811.000
956.000	765.000
957.000	734.000
958.000	706.000
959.000	585.000
960.000	573.000
961.000	519.000
962.000	478.000
963.000	383.000
964.000	430.000
965.000	380.000
966.000	335.000
967.000	319.000
968.000	305.000
969.000	307.000
970.000	299.000
971.000	311.000
972.000	252.000
973.000	282.000
974.000	295.000
975.000	282.000
976.000	307.000
977.000	302.000
978.000	340.000
979.000	314.000
980.000	326.000
981.000	320.000
982.000	328.000
983.000	312.000
984.000	308.000
985.000	352.000
986.000	353.000
987.000	362.000
988.000	347.000
989.000	334.000
990.000	350.000
991.000	361.000
992.000	413.000
993.000	427.000
994.000	398.000
995.000	387.000
996.000	416.000
997.000	460.000
998.000	402.000
999.000	467.000
1000.000	474.000
1001.000	483.000
1002.000	489.000
1003.000	437.000
1004.000	450.000
1005.000	501.000
1006.000	484.000
1007.000	473.000
1008.000	448.000
1009.000	476.000
1010.000	433.000
1011.000	439.000
1012.000	443.000
1013.000	390.000
1014.000	396.000
1015.000	379.000
1016.000	339.000
1017.000	337.000
1018.000	370.000
1019.000	351.000
1020.000	366.000
1021.000	331.000
1022.000	281.000
1023.000	319.000
1024.000	265.000
