Date:	8/19/2008		Time:	8:42 AM		Version no:	0.00		Project name:	55		Sample name:	222		Section name:	section		Position	78.039995	mm	E0	0.000000	keV	E1	1.000000	keV/channel	sample surface	7.593502	cm	Tube anode:	Mo		Tube voltage:	30	kV	Tube current:	50	mA	gain	20		std. database			resultfile	result		matrix element	11		sample thickness	1.000000		air passage	0.560000	cm	comments	not in position		peaking_time	3.000000	m-sec	trigger_threshold	1229.166667	V	mca_bin_width	22.090000	no:	number_mca_channels	1024.000000	no:	gap_time	0.400000	m-sec	trigger_peaking_time	0.150000	m-sec	GAINDAC	9455		HIGHGAIN	1		TAURC	0		RCTAU	53		RCTAUFRAC	32768		livetime	9.726696	seconds	runtime	10.000502	seconds	input_count_rate	26.978020	cps	output_count_rate	20.817556	cps	triggers	262407	seconds	events_in_run	208186	seconds	channel	content		1.000	0.000
2.000	0.000
3.000	0.000
4.000	0.000
5.000	0.000
6.000	0.000
7.000	0.000
8.000	0.000
9.000	0.000
10.000	0.000
11.000	0.000
12.000	0.000
13.000	0.000
14.000	0.000
15.000	0.000
16.000	0.000
17.000	0.000
18.000	0.000
19.000	0.000
20.000	0.000
21.000	0.000
22.000	0.000
23.000	0.000
24.000	0.000
25.000	0.000
26.000	0.000
27.000	0.000
28.000	0.000
29.000	0.000
30.000	0.000
31.000	0.000
32.000	1.000
33.000	0.000
34.000	1.000
35.000	0.000
36.000	2.000
37.000	2.000
38.000	2.000
39.000	1.000
40.000	2.000
41.000	3.000
42.000	3.000
43.000	5.000
44.000	6.000
45.000	6.000
46.000	10.000
47.000	10.000
48.000	5.000
49.000	5.000
50.000	6.000
51.000	7.000
52.000	5.000
53.000	7.000
54.000	5.000
55.000	8.000
56.000	6.000
57.000	8.000
58.000	9.000
59.000	10.000
60.000	13.000
61.000	5.000
62.000	9.000
63.000	9.000
64.000	8.000
65.000	9.000
66.000	8.000
67.000	9.000
68.000	10.000
69.000	7.000
70.000	11.000
71.000	9.000
72.000	9.000
73.000	9.000
74.000	8.000
75.000	11.000
76.000	12.000
77.000	8.000
78.000	6.000
79.000	2.000
80.000	6.000
81.000	9.000
82.000	7.000
83.000	4.000
84.000	3.000
85.000	9.000
86.000	7.000
87.000	6.000
88.000	12.000
89.000	9.000
90.000	5.000
91.000	6.000
92.000	9.000
93.000	6.000
94.000	6.000
95.000	7.000
96.000	7.000
97.000	9.000
98.000	6.000
99.000	9.000
100.000	10.000
101.000	7.000
102.000	8.000
103.000	6.000
104.000	11.000
105.000	9.000
106.000	9.000
107.000	7.000
108.000	9.000
109.000	8.000
110.000	6.000
111.000	6.000
112.000	8.000
113.000	3.000
114.000	5.000
115.000	6.000
116.000	4.000
117.000	3.000
118.000	3.000
119.000	5.000
120.000	5.000
121.000	4.000
122.000	7.000
123.000	12.000
124.000	3.000
125.000	6.000
126.000	7.000
127.000	8.000
128.000	10.000
129.000	9.000
130.000	6.000
131.000	11.000
132.000	3.000
133.000	8.000
134.000	7.000
135.000	6.000
136.000	2.000
137.000	5.000
138.000	3.000
139.000	5.000
140.000	4.000
141.000	4.000
142.000	0.000
143.000	2.000
144.000	4.000
145.000	5.000
146.000	4.000
147.000	4.000
148.000	3.000
149.000	3.000
150.000	4.000
151.000	4.000
152.000	2.000
153.000	6.000
154.000	1.000
155.000	2.000
156.000	3.000
157.000	3.000
158.000	7.000
159.000	5.000
160.000	6.000
161.000	7.000
162.000	7.000
163.000	11.000
164.000	10.000
165.000	10.000
166.000	5.000
167.000	9.000
168.000	5.000
169.000	7.000
170.000	4.000
171.000	3.000
172.000	4.000
173.000	2.000
174.000	5.000
175.000	0.000
176.000	6.000
177.000	6.000
178.000	4.000
179.000	6.000
180.000	6.000
181.000	8.000
182.000	14.000
183.000	12.000
184.000	6.000
185.000	13.000
186.000	7.000
187.000	4.000
188.000	2.000
189.000	1.000
190.000	4.000
191.000	5.000
192.000	4.000
193.000	2.000
194.000	4.000
195.000	6.000
196.000	10.000
197.000	6.000
198.000	15.000
199.000	17.000
200.000	28.000
201.000	20.000
202.000	32.000
203.000	22.000
204.000	25.000
205.000	17.000
206.000	11.000
207.000	15.000
208.000	6.000
209.000	2.000
210.000	5.000
211.000	5.000
212.000	0.000
213.000	7.000
214.000	1.000
215.000	4.000
216.000	5.000
217.000	5.000
218.000	10.000
219.000	6.000
220.000	9.000
221.000	5.000
222.000	6.000
223.000	6.000
224.000	5.000
225.000	6.000
226.000	7.000
227.000	1.000
228.000	3.000
229.000	4.000
230.000	2.000
231.000	2.000
232.000	1.000
233.000	2.000
234.000	4.000
235.000	4.000
236.000	4.000
237.000	3.000
238.000	2.000
239.000	5.000
240.000	0.000
241.000	4.000
242.000	4.000
243.000	5.000
244.000	6.000
245.000	10.000
246.000	7.000
247.000	20.000
248.000	14.000
249.000	10.000
250.000	15.000
251.000	7.000
252.000	7.000
253.000	9.000
254.000	4.000
255.000	19.000
256.000	4.000
257.000	6.000
258.000	4.000
259.000	7.000
260.000	5.000
261.000	3.000
262.000	5.000
263.000	5.000
264.000	4.000
265.000	3.000
266.000	1.000
267.000	6.000
268.000	4.000
269.000	4.000
270.000	6.000
271.000	6.000
272.000	6.000
273.000	5.000
274.000	6.000
275.000	5.000
276.000	3.000
277.000	4.000
278.000	6.000
279.000	4.000
280.000	5.000
281.000	5.000
282.000	5.000
283.000	7.000
284.000	7.000
285.000	4.000
286.000	4.000
287.000	6.000
288.000	4.000
289.000	5.000
290.000	7.000
291.000	7.000
292.000	8.000
293.000	5.000
294.000	7.000
295.000	7.000
296.000	10.000
297.000	7.000
298.000	14.000
299.000	10.000
300.000	8.000
301.000	10.000
302.000	7.000
303.000	4.000
304.000	14.000
305.000	9.000
306.000	3.000
307.000	7.000
308.000	9.000
309.000	7.000
310.000	7.000
311.000	8.000
312.000	8.000
313.000	6.000
314.000	11.000
315.000	11.000
316.000	11.000
317.000	16.000
318.000	20.000
319.000	28.000
320.000	38.000
321.000	40.000
322.000	48.000
323.000	49.000
324.000	49.000
325.000	57.000
326.000	43.000
327.000	46.000
328.000	23.000
329.000	21.000
330.000	16.000
331.000	14.000
332.000	16.000
333.000	20.000
334.000	13.000
335.000	11.000
336.000	15.000
337.000	20.000
338.000	15.000
339.000	22.000
340.000	23.000
341.000	31.000
342.000	58.000
343.000	98.000
344.000	158.000
345.000	213.000
346.000	322.000
347.000	424.000
348.000	548.000
349.000	681.000
350.000	765.000
351.000	769.000
352.000	725.000
353.000	592.000
354.000	495.000
355.000	363.000
356.000	274.000
357.000	178.000
358.000	108.000
359.000	63.000
360.000	43.000
361.000	31.000
362.000	24.000
363.000	10.000
364.000	14.000
365.000	9.000
366.000	19.000
367.000	17.000
368.000	14.000
369.000	23.000
370.000	16.000
371.000	15.000
372.000	23.000
373.000	15.000
374.000	18.000
375.000	10.000
376.000	19.000
377.000	23.000
378.000	35.000
379.000	34.000
380.000	46.000
381.000	70.000
382.000	69.000
383.000	99.000
384.000	127.000
385.000	149.000
386.000	133.000
387.000	144.000
388.000	134.000
389.000	106.000
390.000	121.000
391.000	79.000
392.000	67.000
393.000	37.000
394.000	47.000
395.000	34.000
396.000	24.000
397.000	21.000
398.000	24.000
399.000	23.000
400.000	25.000
401.000	25.000
402.000	24.000
403.000	17.000
404.000	34.000
405.000	18.000
406.000	27.000
407.000	27.000
408.000	30.000
409.000	21.000
410.000	29.000
411.000	30.000
412.000	19.000
413.000	13.000
414.000	32.000
415.000	30.000
416.000	25.000
417.000	29.000
418.000	34.000
419.000	31.000
420.000	27.000
421.000	30.000
422.000	24.000
423.000	24.000
424.000	34.000
425.000	31.000
426.000	35.000
427.000	29.000
428.000	39.000
429.000	34.000
430.000	43.000
431.000	27.000
432.000	37.000
433.000	36.000
434.000	31.000
435.000	46.000
436.000	25.000
437.000	35.000
438.000	32.000
439.000	29.000
440.000	29.000
441.000	44.000
442.000	50.000
443.000	58.000
444.000	47.000
445.000	47.000
446.000	43.000
447.000	42.000
448.000	40.000
449.000	52.000
450.000	33.000
451.000	48.000
452.000	41.000
453.000	45.000
454.000	34.000
455.000	39.000
456.000	57.000
457.000	43.000
458.000	58.000
459.000	50.000
460.000	48.000
461.000	63.000
462.000	53.000
463.000	62.000
464.000	52.000
465.000	40.000
466.000	56.000
467.000	64.000
468.000	57.000
469.000	67.000
470.000	65.000
471.000	46.000
472.000	64.000
473.000	58.000
474.000	68.000
475.000	52.000
476.000	57.000
477.000	55.000
478.000	58.000
479.000	65.000
480.000	67.000
481.000	61.000
482.000	65.000
483.000	61.000
484.000	66.000
485.000	57.000
486.000	67.000
487.000	68.000
488.000	68.000
489.000	67.000
490.000	62.000
491.000	50.000
492.000	53.000
493.000	55.000
494.000	63.000
495.000	58.000
496.000	74.000
497.000	80.000
498.000	88.000
499.000	74.000
500.000	78.000
501.000	75.000
502.000	68.000
503.000	69.000
504.000	72.000
505.000	81.000
506.000	73.000
507.000	79.000
508.000	74.000
509.000	82.000
510.000	87.000
511.000	77.000
512.000	90.000
513.000	87.000
514.000	77.000
515.000	88.000
516.000	79.000
517.000	81.000
518.000	76.000
519.000	89.000
520.000	87.000
521.000	101.000
522.000	88.000
523.000	95.000
524.000	89.000
525.000	108.000
526.000	89.000
527.000	92.000
528.000	110.000
529.000	87.000
530.000	89.000
531.000	105.000
532.000	93.000
533.000	95.000
534.000	84.000
535.000	98.000
536.000	97.000
537.000	97.000
538.000	106.000
539.000	106.000
540.000	122.000
541.000	98.000
542.000	103.000
543.000	94.000
544.000	95.000
545.000	99.000
546.000	101.000
547.000	117.000
548.000	107.000
549.000	98.000
550.000	102.000
551.000	98.000
552.000	99.000
553.000	97.000
554.000	113.000
555.000	121.000
556.000	108.000
557.000	115.000
558.000	113.000
559.000	111.000
560.000	119.000
561.000	99.000
562.000	116.000
563.000	109.000
564.000	92.000
565.000	118.000
566.000	108.000
567.000	127.000
568.000	124.000
569.000	124.000
570.000	121.000
571.000	125.000
572.000	121.000
573.000	122.000
574.000	121.000
575.000	121.000
576.000	112.000
577.000	126.000
578.000	140.000
579.000	112.000
580.000	125.000
581.000	102.000
582.000	120.000
583.000	120.000
584.000	152.000
585.000	119.000
586.000	123.000
587.000	152.000
588.000	118.000
589.000	144.000
590.000	136.000
591.000	147.000
592.000	123.000
593.000	130.000
594.000	140.000
595.000	131.000
596.000	144.000
597.000	126.000
598.000	132.000
599.000	146.000
600.000	145.000
601.000	139.000
602.000	156.000
603.000	154.000
604.000	129.000
605.000	141.000
606.000	144.000
607.000	147.000
608.000	156.000
609.000	152.000
610.000	174.000
611.000	137.000
612.000	160.000
613.000	174.000
614.000	177.000
615.000	162.000
616.000	194.000
617.000	160.000
618.000	167.000
619.000	171.000
620.000	175.000
621.000	180.000
622.000	182.000
623.000	171.000
624.000	171.000
625.000	194.000
626.000	157.000
627.000	167.000
628.000	173.000
629.000	172.000
630.000	181.000
631.000	165.000
632.000	176.000
633.000	184.000
634.000	175.000
635.000	171.000
636.000	178.000
637.000	171.000
638.000	170.000
639.000	171.000
640.000	184.000
641.000	188.000
642.000	169.000
643.000	184.000
644.000	193.000
645.000	194.000
646.000	197.000
647.000	168.000
648.000	190.000
649.000	183.000
650.000	206.000
651.000	249.000
652.000	209.000
653.000	230.000
654.000	170.000
655.000	199.000
656.000	187.000
657.000	195.000
658.000	203.000
659.000	184.000
660.000	165.000
661.000	194.000
662.000	199.000
663.000	204.000
664.000	203.000
665.000	189.000
666.000	219.000
667.000	201.000
668.000	185.000
669.000	202.000
670.000	218.000
671.000	218.000
672.000	185.000
673.000	166.000
674.000	196.000
675.000	224.000
676.000	204.000
677.000	170.000
678.000	183.000
679.000	210.000
680.000	202.000
681.000	225.000
682.000	221.000
683.000	226.000
684.000	227.000
685.000	204.000
686.000	213.000
687.000	232.000
688.000	214.000
689.000	206.000
690.000	223.000
691.000	198.000
692.000	213.000
693.000	230.000
694.000	226.000
695.000	214.000
696.000	239.000
697.000	196.000
698.000	241.000
699.000	234.000
700.000	215.000
701.000	215.000
702.000	238.000
703.000	219.000
704.000	213.000
705.000	211.000
706.000	241.000
707.000	224.000
708.000	212.000
709.000	237.000
710.000	221.000
711.000	214.000
712.000	247.000
713.000	229.000
714.000	231.000
715.000	270.000
716.000	212.000
717.000	255.000
718.000	238.000
719.000	244.000
720.000	250.000
721.000	248.000
722.000	199.000
723.000	269.000
724.000	245.000
725.000	245.000
726.000	223.000
727.000	258.000
728.000	244.000
729.000	241.000
730.000	258.000
731.000	244.000
732.000	251.000
733.000	244.000
734.000	268.000
735.000	250.000
736.000	255.000
737.000	257.000
738.000	243.000
739.000	246.000
740.000	252.000
741.000	236.000
742.000	251.000
743.000	250.000
744.000	247.000
745.000	227.000
746.000	238.000
747.000	216.000
748.000	257.000
749.000	282.000
750.000	255.000
751.000	240.000
752.000	249.000
753.000	285.000
754.000	223.000
755.000	262.000
756.000	285.000
757.000	288.000
758.000	273.000
759.000	268.000
760.000	262.000
761.000	227.000
762.000	228.000
763.000	263.000
764.000	267.000
765.000	256.000
766.000	260.000
767.000	275.000
768.000	242.000
769.000	286.000
770.000	273.000
771.000	292.000
772.000	299.000
773.000	277.000
774.000	266.000
775.000	285.000
776.000	269.000
777.000	277.000
778.000	289.000
779.000	284.000
780.000	286.000
781.000	245.000
782.000	274.000
783.000	249.000
784.000	272.000
785.000	251.000
786.000	263.000
787.000	286.000
788.000	286.000
789.000	290.000
790.000	263.000
791.000	272.000
792.000	272.000
793.000	265.000
794.000	264.000
795.000	269.000
796.000	281.000
797.000	262.000
798.000	259.000
799.000	277.000
800.000	294.000
801.000	291.000
802.000	312.000
803.000	274.000
804.000	269.000
805.000	278.000
806.000	287.000
807.000	265.000
808.000	280.000
809.000	275.000
810.000	300.000
811.000	278.000
812.000	270.000
813.000	280.000
814.000	340.000
815.000	280.000
816.000	294.000
817.000	280.000
818.000	290.000
819.000	275.000
820.000	279.000
821.000	255.000
822.000	277.000
823.000	255.000
824.000	270.000
825.000	282.000
826.000	305.000
827.000	264.000
828.000	298.000
829.000	273.000
830.000	272.000
831.000	301.000
832.000	280.000
833.000	299.000
834.000	278.000
835.000	282.000
836.000	315.000
837.000	328.000
838.000	287.000
839.000	310.000
840.000	312.000
841.000	302.000
842.000	291.000
843.000	303.000
844.000	325.000
845.000	322.000
846.000	289.000
847.000	326.000
848.000	298.000
849.000	334.000
850.000	283.000
851.000	328.000
852.000	325.000
853.000	315.000
854.000	352.000
855.000	306.000
856.000	318.000
857.000	317.000
858.000	316.000
859.000	371.000
860.000	305.000
861.000	381.000
862.000	396.000
863.000	406.000
864.000	367.000
865.000	414.000
866.000	373.000
867.000	409.000
868.000	382.000
869.000	422.000
870.000	428.000
871.000	430.000
872.000	494.000
873.000	481.000
874.000	457.000
875.000	511.000
876.000	487.000
877.000	560.000
878.000	551.000
879.000	558.000
880.000	604.000
881.000	633.000
882.000	685.000
883.000	673.000
884.000	737.000
885.000	820.000
886.000	859.000
887.000	836.000
888.000	1007.000
889.000	1013.000
890.000	1030.000
891.000	1125.000
892.000	1131.000
893.000	1179.000
894.000	1297.000
895.000	1308.000
896.000	1289.000
897.000	1379.000
898.000	1353.000
899.000	1480.000
900.000	1417.000
901.000	1385.000
902.000	1396.000
903.000	1331.000
904.000	1334.000
905.000	1313.000
906.000	1293.000
907.000	1263.000
908.000	1231.000
909.000	1122.000
910.000	1083.000
911.000	1037.000
912.000	976.000
913.000	916.000
914.000	908.000
915.000	771.000
916.000	792.000
917.000	739.000
918.000	707.000
919.000	665.000
920.000	604.000
921.000	552.000
922.000	521.000
923.000	560.000
924.000	466.000
925.000	471.000
926.000	419.000
927.000	429.000
928.000	413.000
929.000	372.000
930.000	356.000
931.000	346.000
932.000	359.000
933.000	344.000
934.000	340.000
935.000	348.000
936.000	332.000
937.000	326.000
938.000	304.000
939.000	346.000
940.000	333.000
941.000	376.000
942.000	380.000
943.000	430.000
944.000	420.000
945.000	467.000
946.000	513.000
947.000	554.000
948.000	597.000
949.000	645.000
950.000	653.000
951.000	693.000
952.000	686.000
953.000	714.000
954.000	719.000
955.000	667.000
956.000	683.000
957.000	640.000
958.000	582.000
959.000	528.000
960.000	523.000
961.000	402.000
962.000	429.000
963.000	349.000
964.000	346.000
965.000	309.000
966.000	299.000
967.000	291.000
968.000	247.000
969.000	257.000
970.000	221.000
971.000	264.000
972.000	250.000
973.000	243.000
974.000	236.000
975.000	241.000
976.000	265.000
977.000	265.000
978.000	253.000
979.000	280.000
980.000	257.000
981.000	270.000
982.000	319.000
983.000	289.000
984.000	283.000
985.000	302.000
986.000	289.000
987.000	258.000
988.000	308.000
989.000	295.000
990.000	317.000
991.000	334.000
992.000	328.000
993.000	356.000
994.000	353.000
995.000	361.000
996.000	374.000
997.000	360.000
998.000	312.000
999.000	382.000
1000.000	332.000
1001.000	408.000
1002.000	413.000
1003.000	396.000
1004.000	380.000
1005.000	391.000
1006.000	409.000
1007.000	371.000
1008.000	380.000
1009.000	386.000
1010.000	389.000
1011.000	389.000
1012.000	353.000
1013.000	330.000
1014.000	328.000
1015.000	325.000
1016.000	333.000
1017.000	329.000
1018.000	300.000
1019.000	320.000
1020.000	270.000
1021.000	272.000
1022.000	263.000
1023.000	242.000
1024.000	224.000
