Date:	8/19/2008		Time:	9:27 AM		Version no:	0.00		Project name:	55		Sample name:	222		Section name:	section		Position	550.039995	mm	E0	0.000000	keV	E1	1.000000	keV/channel	sample surface	7.647123	cm	Tube anode:	Mo		Tube voltage:	30	kV	Tube current:	50	mA	gain	20		std. database			resultfile	result		matrix element	11		sample thickness	1.000000		air passage	0.560000	cm	comments	not in position		peaking_time	3.000000	m-sec	trigger_threshold	1229.166667	V	mca_bin_width	22.090000	no:	number_mca_channels	1024.000000	no:	gap_time	0.400000	m-sec	trigger_peaking_time	0.150000	m-sec	GAINDAC	9455		HIGHGAIN	1		TAURC	0		RCTAU	53		RCTAUFRAC	32768		livetime	9.651362	seconds	runtime	10.000503	seconds	input_count_rate	32.377087	cps	output_count_rate	23.893298	cps	triggers	312483	seconds	events_in_run	238945	seconds	channel	content		1.000	0.000
2.000	0.000
3.000	0.000
4.000	0.000
5.000	0.000
6.000	0.000
7.000	0.000
8.000	0.000
9.000	0.000
10.000	0.000
11.000	0.000
12.000	0.000
13.000	0.000
14.000	0.000
15.000	0.000
16.000	0.000
17.000	0.000
18.000	0.000
19.000	0.000
20.000	0.000
21.000	0.000
22.000	0.000
23.000	0.000
24.000	0.000
25.000	0.000
26.000	0.000
27.000	0.000
28.000	0.000
29.000	0.000
30.000	0.000
31.000	0.000
32.000	1.000
33.000	0.000
34.000	2.000
35.000	0.000
36.000	0.000
37.000	2.000
38.000	1.000
39.000	1.000
40.000	4.000
41.000	4.000
42.000	8.000
43.000	8.000
44.000	5.000
45.000	7.000
46.000	3.000
47.000	5.000
48.000	10.000
49.000	8.000
50.000	10.000
51.000	11.000
52.000	11.000
53.000	8.000
54.000	8.000
55.000	12.000
56.000	10.000
57.000	11.000
58.000	14.000
59.000	11.000
60.000	11.000
61.000	14.000
62.000	11.000
63.000	13.000
64.000	8.000
65.000	12.000
66.000	7.000
67.000	14.000
68.000	8.000
69.000	12.000
70.000	4.000
71.000	12.000
72.000	9.000
73.000	10.000
74.000	10.000
75.000	17.000
76.000	9.000
77.000	9.000
78.000	5.000
79.000	12.000
80.000	12.000
81.000	8.000
82.000	9.000
83.000	3.000
84.000	6.000
85.000	5.000
86.000	10.000
87.000	8.000
88.000	9.000
89.000	10.000
90.000	7.000
91.000	9.000
92.000	8.000
93.000	11.000
94.000	6.000
95.000	10.000
96.000	13.000
97.000	12.000
98.000	10.000
99.000	6.000
100.000	3.000
101.000	14.000
102.000	7.000
103.000	11.000
104.000	5.000
105.000	8.000
106.000	8.000
107.000	11.000
108.000	11.000
109.000	4.000
110.000	9.000
111.000	8.000
112.000	8.000
113.000	7.000
114.000	8.000
115.000	9.000
116.000	9.000
117.000	6.000
118.000	7.000
119.000	7.000
120.000	5.000
121.000	5.000
122.000	8.000
123.000	3.000
124.000	7.000
125.000	8.000
126.000	6.000
127.000	9.000
128.000	11.000
129.000	4.000
130.000	8.000
131.000	7.000
132.000	10.000
133.000	13.000
134.000	6.000
135.000	6.000
136.000	8.000
137.000	5.000
138.000	3.000
139.000	7.000
140.000	6.000
141.000	2.000
142.000	10.000
143.000	4.000
144.000	4.000
145.000	4.000
146.000	2.000
147.000	4.000
148.000	5.000
149.000	6.000
150.000	7.000
151.000	4.000
152.000	1.000
153.000	7.000
154.000	5.000
155.000	4.000
156.000	8.000
157.000	7.000
158.000	7.000
159.000	11.000
160.000	7.000
161.000	5.000
162.000	11.000
163.000	10.000
164.000	10.000
165.000	8.000
166.000	9.000
167.000	4.000
168.000	5.000
169.000	7.000
170.000	4.000
171.000	3.000
172.000	3.000
173.000	4.000
174.000	1.000
175.000	3.000
176.000	4.000
177.000	8.000
178.000	4.000
179.000	7.000
180.000	12.000
181.000	10.000
182.000	8.000
183.000	1.000
184.000	2.000
185.000	7.000
186.000	3.000
187.000	4.000
188.000	4.000
189.000	2.000
190.000	2.000
191.000	6.000
192.000	3.000
193.000	5.000
194.000	1.000
195.000	2.000
196.000	6.000
197.000	9.000
198.000	6.000
199.000	15.000
200.000	25.000
201.000	27.000
202.000	32.000
203.000	30.000
204.000	22.000
205.000	30.000
206.000	12.000
207.000	12.000
208.000	9.000
209.000	4.000
210.000	2.000
211.000	5.000
212.000	4.000
213.000	4.000
214.000	6.000
215.000	0.000
216.000	7.000
217.000	3.000
218.000	7.000
219.000	9.000
220.000	5.000
221.000	9.000
222.000	5.000
223.000	8.000
224.000	5.000
225.000	7.000
226.000	3.000
227.000	6.000
228.000	6.000
229.000	4.000
230.000	4.000
231.000	3.000
232.000	4.000
233.000	3.000
234.000	3.000
235.000	6.000
236.000	0.000
237.000	2.000
238.000	6.000
239.000	6.000
240.000	3.000
241.000	2.000
242.000	6.000
243.000	8.000
244.000	6.000
245.000	11.000
246.000	11.000
247.000	9.000
248.000	8.000
249.000	12.000
250.000	11.000
251.000	8.000
252.000	8.000
253.000	12.000
254.000	1.000
255.000	8.000
256.000	9.000
257.000	5.000
258.000	6.000
259.000	9.000
260.000	3.000
261.000	9.000
262.000	5.000
263.000	5.000
264.000	7.000
265.000	4.000
266.000	7.000
267.000	12.000
268.000	12.000
269.000	5.000
270.000	4.000
271.000	10.000
272.000	12.000
273.000	7.000
274.000	5.000
275.000	7.000
276.000	4.000
277.000	7.000
278.000	6.000
279.000	6.000
280.000	6.000
281.000	7.000
282.000	7.000
283.000	7.000
284.000	7.000
285.000	3.000
286.000	2.000
287.000	11.000
288.000	8.000
289.000	10.000
290.000	7.000
291.000	6.000
292.000	12.000
293.000	8.000
294.000	7.000
295.000	4.000
296.000	8.000
297.000	10.000
298.000	12.000
299.000	10.000
300.000	7.000
301.000	9.000
302.000	5.000
303.000	6.000
304.000	7.000
305.000	9.000
306.000	6.000
307.000	12.000
308.000	9.000
309.000	10.000
310.000	10.000
311.000	9.000
312.000	9.000
313.000	5.000
314.000	14.000
315.000	12.000
316.000	15.000
317.000	17.000
318.000	35.000
319.000	33.000
320.000	64.000
321.000	57.000
322.000	80.000
323.000	68.000
324.000	67.000
325.000	71.000
326.000	52.000
327.000	44.000
328.000	32.000
329.000	17.000
330.000	26.000
331.000	12.000
332.000	9.000
333.000	12.000
334.000	7.000
335.000	9.000
336.000	11.000
337.000	18.000
338.000	10.000
339.000	19.000
340.000	33.000
341.000	29.000
342.000	79.000
343.000	107.000
344.000	177.000
345.000	248.000
346.000	405.000
347.000	580.000
348.000	670.000
349.000	802.000
350.000	923.000
351.000	982.000
352.000	879.000
353.000	757.000
354.000	572.000
355.000	475.000
356.000	305.000
357.000	173.000
358.000	114.000
359.000	88.000
360.000	44.000
361.000	37.000
362.000	26.000
363.000	24.000
364.000	25.000
365.000	17.000
366.000	17.000
367.000	19.000
368.000	16.000
369.000	20.000
370.000	28.000
371.000	16.000
372.000	27.000
373.000	21.000
374.000	22.000
375.000	25.000
376.000	17.000
377.000	23.000
378.000	39.000
379.000	53.000
380.000	62.000
381.000	73.000
382.000	91.000
383.000	106.000
384.000	150.000
385.000	160.000
386.000	147.000
387.000	145.000
388.000	166.000
389.000	144.000
390.000	114.000
391.000	87.000
392.000	80.000
393.000	55.000
394.000	39.000
395.000	46.000
396.000	27.000
397.000	29.000
398.000	27.000
399.000	28.000
400.000	25.000
401.000	27.000
402.000	27.000
403.000	27.000
404.000	31.000
405.000	28.000
406.000	29.000
407.000	30.000
408.000	27.000
409.000	17.000
410.000	35.000
411.000	30.000
412.000	28.000
413.000	30.000
414.000	22.000
415.000	27.000
416.000	23.000
417.000	34.000
418.000	25.000
419.000	32.000
420.000	22.000
421.000	22.000
422.000	30.000
423.000	35.000
424.000	39.000
425.000	34.000
426.000	30.000
427.000	36.000
428.000	33.000
429.000	34.000
430.000	34.000
431.000	43.000
432.000	36.000
433.000	44.000
434.000	32.000
435.000	54.000
436.000	33.000
437.000	42.000
438.000	46.000
439.000	28.000
440.000	47.000
441.000	47.000
442.000	37.000
443.000	37.000
444.000	46.000
445.000	46.000
446.000	60.000
447.000	47.000
448.000	44.000
449.000	40.000
450.000	51.000
451.000	36.000
452.000	45.000
453.000	49.000
454.000	44.000
455.000	64.000
456.000	48.000
457.000	32.000
458.000	44.000
459.000	44.000
460.000	49.000
461.000	49.000
462.000	46.000
463.000	58.000
464.000	52.000
465.000	53.000
466.000	50.000
467.000	57.000
468.000	48.000
469.000	48.000
470.000	56.000
471.000	63.000
472.000	51.000
473.000	62.000
474.000	68.000
475.000	58.000
476.000	70.000
477.000	67.000
478.000	40.000
479.000	54.000
480.000	51.000
481.000	55.000
482.000	56.000
483.000	57.000
484.000	59.000
485.000	59.000
486.000	53.000
487.000	61.000
488.000	60.000
489.000	56.000
490.000	72.000
491.000	56.000
492.000	74.000
493.000	61.000
494.000	52.000
495.000	76.000
496.000	68.000
497.000	62.000
498.000	61.000
499.000	75.000
500.000	64.000
501.000	62.000
502.000	71.000
503.000	69.000
504.000	79.000
505.000	71.000
506.000	77.000
507.000	67.000
508.000	79.000
509.000	91.000
510.000	73.000
511.000	75.000
512.000	68.000
513.000	91.000
514.000	77.000
515.000	78.000
516.000	81.000
517.000	95.000
518.000	82.000
519.000	82.000
520.000	80.000
521.000	81.000
522.000	101.000
523.000	86.000
524.000	96.000
525.000	91.000
526.000	75.000
527.000	96.000
528.000	82.000
529.000	108.000
530.000	93.000
531.000	113.000
532.000	106.000
533.000	103.000
534.000	100.000
535.000	92.000
536.000	100.000
537.000	118.000
538.000	93.000
539.000	95.000
540.000	94.000
541.000	93.000
542.000	102.000
543.000	131.000
544.000	130.000
545.000	108.000
546.000	116.000
547.000	111.000
548.000	119.000
549.000	104.000
550.000	110.000
551.000	95.000
552.000	101.000
553.000	103.000
554.000	105.000
555.000	114.000
556.000	101.000
557.000	108.000
558.000	112.000
559.000	128.000
560.000	113.000
561.000	98.000
562.000	107.000
563.000	102.000
564.000	131.000
565.000	133.000
566.000	113.000
567.000	128.000
568.000	124.000
569.000	141.000
570.000	131.000
571.000	133.000
572.000	137.000
573.000	141.000
574.000	131.000
575.000	121.000
576.000	139.000
577.000	146.000
578.000	150.000
579.000	149.000
580.000	116.000
581.000	151.000
582.000	139.000
583.000	120.000
584.000	126.000
585.000	140.000
586.000	138.000
587.000	150.000
588.000	131.000
589.000	154.000
590.000	150.000
591.000	139.000
592.000	154.000
593.000	158.000
594.000	138.000
595.000	175.000
596.000	152.000
597.000	147.000
598.000	136.000
599.000	157.000
600.000	161.000
601.000	156.000
602.000	151.000
603.000	163.000
604.000	156.000
605.000	158.000
606.000	150.000
607.000	157.000
608.000	162.000
609.000	183.000
610.000	180.000
611.000	160.000
612.000	160.000
613.000	162.000
614.000	169.000
615.000	163.000
616.000	166.000
617.000	178.000
618.000	166.000
619.000	177.000
620.000	189.000
621.000	165.000
622.000	179.000
623.000	180.000
624.000	175.000
625.000	172.000
626.000	183.000
627.000	171.000
628.000	188.000
629.000	198.000
630.000	180.000
631.000	189.000
632.000	172.000
633.000	186.000
634.000	173.000
635.000	196.000
636.000	199.000
637.000	183.000
638.000	199.000
639.000	181.000
640.000	190.000
641.000	192.000
642.000	206.000
643.000	214.000
644.000	191.000
645.000	217.000
646.000	212.000
647.000	241.000
648.000	200.000
649.000	246.000
650.000	182.000
651.000	215.000
652.000	222.000
653.000	240.000
654.000	192.000
655.000	212.000
656.000	203.000
657.000	214.000
658.000	229.000
659.000	216.000
660.000	191.000
661.000	200.000
662.000	202.000
663.000	223.000
664.000	203.000
665.000	226.000
666.000	202.000
667.000	228.000
668.000	202.000
669.000	227.000
670.000	242.000
671.000	220.000
672.000	222.000
673.000	219.000
674.000	197.000
675.000	208.000
676.000	215.000
677.000	228.000
678.000	212.000
679.000	237.000
680.000	234.000
681.000	227.000
682.000	245.000
683.000	242.000
684.000	239.000
685.000	247.000
686.000	212.000
687.000	219.000
688.000	236.000
689.000	208.000
690.000	231.000
691.000	224.000
692.000	261.000
693.000	243.000
694.000	234.000
695.000	258.000
696.000	236.000
697.000	213.000
698.000	230.000
699.000	256.000
700.000	265.000
701.000	236.000
702.000	245.000
703.000	265.000
704.000	229.000
705.000	273.000
706.000	243.000
707.000	271.000
708.000	240.000
709.000	225.000
710.000	257.000
711.000	226.000
712.000	234.000
713.000	257.000
714.000	238.000
715.000	290.000
716.000	272.000
717.000	259.000
718.000	288.000
719.000	254.000
720.000	240.000
721.000	239.000
722.000	251.000
723.000	268.000
724.000	286.000
725.000	276.000
726.000	258.000
727.000	258.000
728.000	292.000
729.000	286.000
730.000	265.000
731.000	268.000
732.000	269.000
733.000	292.000
734.000	264.000
735.000	284.000
736.000	262.000
737.000	277.000
738.000	266.000
739.000	284.000
740.000	291.000
741.000	265.000
742.000	279.000
743.000	253.000
744.000	273.000
745.000	266.000
746.000	270.000
747.000	260.000
748.000	263.000
749.000	266.000
750.000	293.000
751.000	309.000
752.000	266.000
753.000	304.000
754.000	279.000
755.000	273.000
756.000	263.000
757.000	275.000
758.000	316.000
759.000	270.000
760.000	280.000
761.000	287.000
762.000	279.000
763.000	295.000
764.000	270.000
765.000	323.000
766.000	304.000
767.000	301.000
768.000	304.000
769.000	292.000
770.000	305.000
771.000	331.000
772.000	291.000
773.000	308.000
774.000	324.000
775.000	327.000
776.000	313.000
777.000	319.000
778.000	318.000
779.000	289.000
780.000	266.000
781.000	335.000
782.000	300.000
783.000	290.000
784.000	310.000
785.000	318.000
786.000	289.000
787.000	291.000
788.000	280.000
789.000	294.000
790.000	298.000
791.000	325.000
792.000	285.000
793.000	300.000
794.000	306.000
795.000	282.000
796.000	295.000
797.000	294.000
798.000	305.000
799.000	295.000
800.000	254.000
801.000	323.000
802.000	329.000
803.000	341.000
804.000	285.000
805.000	276.000
806.000	301.000
807.000	294.000
808.000	312.000
809.000	284.000
810.000	311.000
811.000	320.000
812.000	324.000
813.000	307.000
814.000	322.000
815.000	312.000
816.000	292.000
817.000	344.000
818.000	323.000
819.000	303.000
820.000	320.000
821.000	327.000
822.000	332.000
823.000	317.000
824.000	314.000
825.000	355.000
826.000	326.000
827.000	328.000
828.000	328.000
829.000	310.000
830.000	307.000
831.000	353.000
832.000	309.000
833.000	326.000
834.000	329.000
835.000	328.000
836.000	320.000
837.000	347.000
838.000	340.000
839.000	333.000
840.000	315.000
841.000	335.000
842.000	320.000
843.000	349.000
844.000	386.000
845.000	346.000
846.000	358.000
847.000	397.000
848.000	342.000
849.000	371.000
850.000	352.000
851.000	341.000
852.000	369.000
853.000	379.000
854.000	360.000
855.000	394.000
856.000	373.000
857.000	354.000
858.000	380.000
859.000	365.000
860.000	454.000
861.000	395.000
862.000	430.000
863.000	365.000
864.000	417.000
865.000	454.000
866.000	442.000
867.000	415.000
868.000	465.000
869.000	469.000
870.000	473.000
871.000	471.000
872.000	520.000
873.000	530.000
874.000	482.000
875.000	552.000
876.000	549.000
877.000	576.000
878.000	579.000
879.000	614.000
880.000	682.000
881.000	771.000
882.000	805.000
883.000	770.000
884.000	846.000
885.000	913.000
886.000	896.000
887.000	1040.000
888.000	1181.000
889.000	1119.000
890.000	1186.000
891.000	1237.000
892.000	1343.000
893.000	1440.000
894.000	1432.000
895.000	1415.000
896.000	1577.000
897.000	1584.000
898.000	1543.000
899.000	1636.000
900.000	1632.000
901.000	1633.000
902.000	1640.000
903.000	1535.000
904.000	1500.000
905.000	1548.000
906.000	1524.000
907.000	1461.000
908.000	1442.000
909.000	1258.000
910.000	1322.000
911.000	1244.000
912.000	1168.000
913.000	1085.000
914.000	1013.000
915.000	948.000
916.000	888.000
917.000	839.000
918.000	818.000
919.000	738.000
920.000	689.000
921.000	652.000
922.000	625.000
923.000	615.000
924.000	591.000
925.000	553.000
926.000	533.000
927.000	508.000
928.000	443.000
929.000	482.000
930.000	413.000
931.000	407.000
932.000	372.000
933.000	383.000
934.000	385.000
935.000	362.000
936.000	395.000
937.000	399.000
938.000	394.000
939.000	430.000
940.000	404.000
941.000	427.000
942.000	447.000
943.000	491.000
944.000	509.000
945.000	517.000
946.000	606.000
947.000	662.000
948.000	671.000
949.000	776.000
950.000	760.000
951.000	783.000
952.000	830.000
953.000	880.000
954.000	872.000
955.000	802.000
956.000	831.000
957.000	718.000
958.000	661.000
959.000	671.000
960.000	571.000
961.000	513.000
962.000	476.000
963.000	439.000
964.000	382.000
965.000	367.000
966.000	342.000
967.000	293.000
968.000	318.000
969.000	317.000
970.000	299.000
971.000	314.000
972.000	278.000
973.000	286.000
974.000	315.000
975.000	307.000
976.000	305.000
977.000	308.000
978.000	292.000
979.000	287.000
980.000	337.000
981.000	325.000
982.000	297.000
983.000	322.000
984.000	345.000
985.000	332.000
986.000	360.000
987.000	363.000
988.000	338.000
989.000	366.000
990.000	380.000
991.000	399.000
992.000	405.000
993.000	403.000
994.000	398.000
995.000	422.000
996.000	422.000
997.000	448.000
998.000	446.000
999.000	471.000
1000.000	429.000
1001.000	460.000
1002.000	463.000
1003.000	493.000
1004.000	483.000
1005.000	485.000
1006.000	445.000
1007.000	474.000
1008.000	458.000
1009.000	444.000
1010.000	431.000
1011.000	459.000
1012.000	392.000
1013.000	423.000
1014.000	416.000
1015.000	395.000
1016.000	367.000
1017.000	361.000
1018.000	361.000
1019.000	357.000
1020.000	316.000
1021.000	343.000
1022.000	328.000
1023.000	324.000
1024.000	292.000
