Date:	8/19/2008		Time:	8:57 AM		Version no:	0.00		Project name:	55		Sample name:	222		Section name:	section		Position	232.039995	mm	E0	0.000000	keV	E1	1.000000	keV/channel	sample surface	7.529631	cm	Tube anode:	Mo		Tube voltage:	30	kV	Tube current:	50	mA	gain	20		std. database			resultfile	result		matrix element	11		sample thickness	1.000000		air passage	0.560000	cm	comments	not in position		peaking_time	3.000000	m-sec	trigger_threshold	1229.166667	V	mca_bin_width	22.090000	no:	number_mca_channels	1024.000000	no:	gap_time	0.400000	m-sec	trigger_peaking_time	0.150000	m-sec	GAINDAC	9455		HIGHGAIN	1		TAURC	0		RCTAU	53		RCTAUFRAC	32768		livetime	9.655487	seconds	runtime	10.000502	seconds	input_count_rate	32.062494	cps	output_count_rate	23.694310	cps	triggers	309579	seconds	events_in_run	236955	seconds	channel	content		1.000	0.000
2.000	0.000
3.000	0.000
4.000	0.000
5.000	0.000
6.000	0.000
7.000	0.000
8.000	0.000
9.000	0.000
10.000	0.000
11.000	0.000
12.000	0.000
13.000	0.000
14.000	0.000
15.000	0.000
16.000	0.000
17.000	0.000
18.000	0.000
19.000	0.000
20.000	0.000
21.000	0.000
22.000	0.000
23.000	0.000
24.000	0.000
25.000	0.000
26.000	0.000
27.000	0.000
28.000	0.000
29.000	0.000
30.000	0.000
31.000	0.000
32.000	1.000
33.000	0.000
34.000	1.000
35.000	2.000
36.000	2.000
37.000	0.000
38.000	3.000
39.000	0.000
40.000	3.000
41.000	2.000
42.000	3.000
43.000	4.000
44.000	4.000
45.000	3.000
46.000	8.000
47.000	10.000
48.000	5.000
49.000	6.000
50.000	5.000
51.000	14.000
52.000	8.000
53.000	15.000
54.000	10.000
55.000	4.000
56.000	10.000
57.000	10.000
58.000	9.000
59.000	13.000
60.000	9.000
61.000	17.000
62.000	11.000
63.000	9.000
64.000	11.000
65.000	9.000
66.000	12.000
67.000	15.000
68.000	10.000
69.000	8.000
70.000	9.000
71.000	7.000
72.000	10.000
73.000	7.000
74.000	6.000
75.000	13.000
76.000	15.000
77.000	10.000
78.000	9.000
79.000	15.000
80.000	13.000
81.000	14.000
82.000	9.000
83.000	10.000
84.000	8.000
85.000	6.000
86.000	9.000
87.000	6.000
88.000	9.000
89.000	8.000
90.000	14.000
91.000	9.000
92.000	7.000
93.000	15.000
94.000	5.000
95.000	12.000
96.000	7.000
97.000	4.000
98.000	6.000
99.000	11.000
100.000	8.000
101.000	7.000
102.000	7.000
103.000	11.000
104.000	8.000
105.000	6.000
106.000	7.000
107.000	9.000
108.000	9.000
109.000	9.000
110.000	7.000
111.000	8.000
112.000	9.000
113.000	6.000
114.000	11.000
115.000	6.000
116.000	10.000
117.000	6.000
118.000	4.000
119.000	10.000
120.000	8.000
121.000	7.000
122.000	4.000
123.000	8.000
124.000	11.000
125.000	6.000
126.000	6.000
127.000	15.000
128.000	11.000
129.000	8.000
130.000	6.000
131.000	8.000
132.000	8.000
133.000	6.000
134.000	9.000
135.000	8.000
136.000	6.000
137.000	2.000
138.000	8.000
139.000	9.000
140.000	3.000
141.000	5.000
142.000	6.000
143.000	1.000
144.000	2.000
145.000	2.000
146.000	2.000
147.000	4.000
148.000	1.000
149.000	4.000
150.000	6.000
151.000	2.000
152.000	2.000
153.000	12.000
154.000	2.000
155.000	4.000
156.000	3.000
157.000	4.000
158.000	8.000
159.000	9.000
160.000	10.000
161.000	9.000
162.000	9.000
163.000	9.000
164.000	6.000
165.000	8.000
166.000	3.000
167.000	7.000
168.000	3.000
169.000	2.000
170.000	7.000
171.000	3.000
172.000	3.000
173.000	5.000
174.000	5.000
175.000	5.000
176.000	7.000
177.000	3.000
178.000	7.000
179.000	5.000
180.000	5.000
181.000	7.000
182.000	6.000
183.000	6.000
184.000	13.000
185.000	2.000
186.000	2.000
187.000	5.000
188.000	5.000
189.000	4.000
190.000	6.000
191.000	2.000
192.000	2.000
193.000	3.000
194.000	7.000
195.000	2.000
196.000	5.000
197.000	12.000
198.000	10.000
199.000	13.000
200.000	18.000
201.000	15.000
202.000	22.000
203.000	17.000
204.000	22.000
205.000	17.000
206.000	12.000
207.000	10.000
208.000	3.000
209.000	4.000
210.000	3.000
211.000	2.000
212.000	4.000
213.000	5.000
214.000	3.000
215.000	2.000
216.000	7.000
217.000	7.000
218.000	7.000
219.000	6.000
220.000	11.000
221.000	4.000
222.000	7.000
223.000	5.000
224.000	10.000
225.000	4.000
226.000	6.000
227.000	2.000
228.000	4.000
229.000	1.000
230.000	4.000
231.000	3.000
232.000	5.000
233.000	1.000
234.000	3.000
235.000	2.000
236.000	3.000
237.000	5.000
238.000	7.000
239.000	3.000
240.000	2.000
241.000	3.000
242.000	5.000
243.000	9.000
244.000	3.000
245.000	10.000
246.000	14.000
247.000	7.000
248.000	13.000
249.000	8.000
250.000	6.000
251.000	14.000
252.000	8.000
253.000	8.000
254.000	7.000
255.000	11.000
256.000	6.000
257.000	7.000
258.000	9.000
259.000	8.000
260.000	6.000
261.000	5.000
262.000	8.000
263.000	4.000
264.000	7.000
265.000	9.000
266.000	3.000
267.000	4.000
268.000	8.000
269.000	7.000
270.000	4.000
271.000	5.000
272.000	9.000
273.000	8.000
274.000	10.000
275.000	7.000
276.000	0.000
277.000	7.000
278.000	5.000
279.000	8.000
280.000	7.000
281.000	7.000
282.000	7.000
283.000	8.000
284.000	5.000
285.000	7.000
286.000	9.000
287.000	8.000
288.000	6.000
289.000	9.000
290.000	7.000
291.000	8.000
292.000	6.000
293.000	9.000
294.000	7.000
295.000	7.000
296.000	6.000
297.000	6.000
298.000	8.000
299.000	8.000
300.000	3.000
301.000	6.000
302.000	3.000
303.000	6.000
304.000	11.000
305.000	7.000
306.000	8.000
307.000	8.000
308.000	8.000
309.000	5.000
310.000	6.000
311.000	12.000
312.000	7.000
313.000	14.000
314.000	14.000
315.000	10.000
316.000	17.000
317.000	20.000
318.000	29.000
319.000	22.000
320.000	27.000
321.000	48.000
322.000	46.000
323.000	51.000
324.000	44.000
325.000	50.000
326.000	41.000
327.000	36.000
328.000	23.000
329.000	23.000
330.000	22.000
331.000	12.000
332.000	10.000
333.000	12.000
334.000	14.000
335.000	12.000
336.000	13.000
337.000	17.000
338.000	10.000
339.000	15.000
340.000	21.000
341.000	43.000
342.000	53.000
343.000	98.000
344.000	140.000
345.000	275.000
346.000	339.000
347.000	513.000
348.000	681.000
349.000	747.000
350.000	833.000
351.000	833.000
352.000	791.000
353.000	654.000
354.000	509.000
355.000	432.000
356.000	259.000
357.000	165.000
358.000	121.000
359.000	68.000
360.000	54.000
361.000	18.000
362.000	22.000
363.000	17.000
364.000	17.000
365.000	20.000
366.000	16.000
367.000	18.000
368.000	11.000
369.000	18.000
370.000	18.000
371.000	19.000
372.000	44.000
373.000	18.000
374.000	23.000
375.000	20.000
376.000	19.000
377.000	31.000
378.000	42.000
379.000	48.000
380.000	54.000
381.000	72.000
382.000	83.000
383.000	106.000
384.000	102.000
385.000	165.000
386.000	150.000
387.000	156.000
388.000	173.000
389.000	118.000
390.000	97.000
391.000	79.000
392.000	70.000
393.000	58.000
394.000	34.000
395.000	31.000
396.000	20.000
397.000	22.000
398.000	25.000
399.000	18.000
400.000	20.000
401.000	22.000
402.000	26.000
403.000	23.000
404.000	23.000
405.000	23.000
406.000	33.000
407.000	25.000
408.000	32.000
409.000	20.000
410.000	28.000
411.000	32.000
412.000	16.000
413.000	22.000
414.000	27.000
415.000	22.000
416.000	30.000
417.000	28.000
418.000	30.000
419.000	23.000
420.000	29.000
421.000	25.000
422.000	26.000
423.000	24.000
424.000	26.000
425.000	28.000
426.000	23.000
427.000	32.000
428.000	28.000
429.000	28.000
430.000	46.000
431.000	30.000
432.000	35.000
433.000	27.000
434.000	40.000
435.000	43.000
436.000	40.000
437.000	46.000
438.000	34.000
439.000	44.000
440.000	54.000
441.000	37.000
442.000	38.000
443.000	45.000
444.000	45.000
445.000	43.000
446.000	46.000
447.000	42.000
448.000	31.000
449.000	41.000
450.000	55.000
451.000	37.000
452.000	41.000
453.000	55.000
454.000	38.000
455.000	56.000
456.000	41.000
457.000	49.000
458.000	53.000
459.000	40.000
460.000	49.000
461.000	43.000
462.000	55.000
463.000	44.000
464.000	54.000
465.000	59.000
466.000	58.000
467.000	37.000
468.000	42.000
469.000	45.000
470.000	55.000
471.000	56.000
472.000	63.000
473.000	66.000
474.000	79.000
475.000	64.000
476.000	56.000
477.000	50.000
478.000	39.000
479.000	50.000
480.000	61.000
481.000	53.000
482.000	62.000
483.000	47.000
484.000	46.000
485.000	45.000
486.000	68.000
487.000	61.000
488.000	69.000
489.000	66.000
490.000	50.000
491.000	57.000
492.000	52.000
493.000	72.000
494.000	61.000
495.000	51.000
496.000	68.000
497.000	67.000
498.000	81.000
499.000	59.000
500.000	73.000
501.000	53.000
502.000	72.000
503.000	77.000
504.000	54.000
505.000	72.000
506.000	77.000
507.000	67.000
508.000	72.000
509.000	70.000
510.000	82.000
511.000	71.000
512.000	91.000
513.000	85.000
514.000	63.000
515.000	65.000
516.000	77.000
517.000	77.000
518.000	84.000
519.000	74.000
520.000	85.000
521.000	82.000
522.000	73.000
523.000	87.000
524.000	74.000
525.000	93.000
526.000	92.000
527.000	72.000
528.000	95.000
529.000	89.000
530.000	95.000
531.000	108.000
532.000	85.000
533.000	100.000
534.000	88.000
535.000	107.000
536.000	102.000
537.000	81.000
538.000	105.000
539.000	128.000
540.000	96.000
541.000	109.000
542.000	113.000
543.000	123.000
544.000	86.000
545.000	112.000
546.000	118.000
547.000	109.000
548.000	116.000
549.000	95.000
550.000	98.000
551.000	101.000
552.000	100.000
553.000	109.000
554.000	101.000
555.000	105.000
556.000	106.000
557.000	115.000
558.000	121.000
559.000	104.000
560.000	111.000
561.000	113.000
562.000	120.000
563.000	138.000
564.000	121.000
565.000	125.000
566.000	99.000
567.000	129.000
568.000	121.000
569.000	126.000
570.000	128.000
571.000	130.000
572.000	120.000
573.000	134.000
574.000	148.000
575.000	107.000
576.000	124.000
577.000	142.000
578.000	139.000
579.000	131.000
580.000	153.000
581.000	132.000
582.000	118.000
583.000	131.000
584.000	144.000
585.000	164.000
586.000	129.000
587.000	124.000
588.000	148.000
589.000	147.000
590.000	148.000
591.000	124.000
592.000	143.000
593.000	169.000
594.000	158.000
595.000	140.000
596.000	161.000
597.000	162.000
598.000	144.000
599.000	144.000
600.000	146.000
601.000	162.000
602.000	157.000
603.000	130.000
604.000	163.000
605.000	148.000
606.000	159.000
607.000	179.000
608.000	150.000
609.000	170.000
610.000	155.000
611.000	146.000
612.000	146.000
613.000	172.000
614.000	162.000
615.000	165.000
616.000	154.000
617.000	152.000
618.000	160.000
619.000	177.000
620.000	165.000
621.000	145.000
622.000	151.000
623.000	171.000
624.000	174.000
625.000	167.000
626.000	183.000
627.000	211.000
628.000	167.000
629.000	188.000
630.000	165.000
631.000	188.000
632.000	206.000
633.000	177.000
634.000	162.000
635.000	163.000
636.000	178.000
637.000	205.000
638.000	192.000
639.000	168.000
640.000	173.000
641.000	211.000
642.000	195.000
643.000	182.000
644.000	191.000
645.000	212.000
646.000	178.000
647.000	187.000
648.000	188.000
649.000	220.000
650.000	208.000
651.000	197.000
652.000	204.000
653.000	222.000
654.000	193.000
655.000	212.000
656.000	189.000
657.000	188.000
658.000	183.000
659.000	201.000
660.000	217.000
661.000	192.000
662.000	202.000
663.000	221.000
664.000	223.000
665.000	195.000
666.000	217.000
667.000	199.000
668.000	221.000
669.000	209.000
670.000	221.000
671.000	213.000
672.000	214.000
673.000	206.000
674.000	186.000
675.000	221.000
676.000	232.000
677.000	234.000
678.000	208.000
679.000	221.000
680.000	221.000
681.000	253.000
682.000	249.000
683.000	199.000
684.000	240.000
685.000	244.000
686.000	220.000
687.000	238.000
688.000	219.000
689.000	255.000
690.000	227.000
691.000	228.000
692.000	228.000
693.000	222.000
694.000	217.000
695.000	244.000
696.000	207.000
697.000	264.000
698.000	220.000
699.000	248.000
700.000	231.000
701.000	260.000
702.000	247.000
703.000	256.000
704.000	245.000
705.000	227.000
706.000	261.000
707.000	242.000
708.000	248.000
709.000	250.000
710.000	237.000
711.000	240.000
712.000	253.000
713.000	244.000
714.000	234.000
715.000	234.000
716.000	285.000
717.000	257.000
718.000	247.000
719.000	253.000
720.000	229.000
721.000	247.000
722.000	253.000
723.000	262.000
724.000	269.000
725.000	260.000
726.000	284.000
727.000	304.000
728.000	249.000
729.000	267.000
730.000	299.000
731.000	276.000
732.000	297.000
733.000	294.000
734.000	234.000
735.000	275.000
736.000	259.000
737.000	287.000
738.000	281.000
739.000	263.000
740.000	268.000
741.000	279.000
742.000	245.000
743.000	278.000
744.000	283.000
745.000	251.000
746.000	291.000
747.000	252.000
748.000	273.000
749.000	288.000
750.000	270.000
751.000	298.000
752.000	265.000
753.000	292.000
754.000	259.000
755.000	280.000
756.000	279.000
757.000	310.000
758.000	279.000
759.000	241.000
760.000	295.000
761.000	246.000
762.000	262.000
763.000	281.000
764.000	296.000
765.000	285.000
766.000	288.000
767.000	294.000
768.000	315.000
769.000	295.000
770.000	307.000
771.000	325.000
772.000	317.000
773.000	316.000
774.000	281.000
775.000	317.000
776.000	293.000
777.000	345.000
778.000	320.000
779.000	300.000
780.000	307.000
781.000	304.000
782.000	302.000
783.000	297.000
784.000	273.000
785.000	278.000
786.000	321.000
787.000	306.000
788.000	270.000
789.000	265.000
790.000	310.000
791.000	307.000
792.000	292.000
793.000	280.000
794.000	309.000
795.000	319.000
796.000	293.000
797.000	292.000
798.000	313.000
799.000	321.000
800.000	299.000
801.000	328.000
802.000	274.000
803.000	315.000
804.000	303.000
805.000	332.000
806.000	316.000
807.000	334.000
808.000	303.000
809.000	311.000
810.000	291.000
811.000	319.000
812.000	308.000
813.000	286.000
814.000	311.000
815.000	343.000
816.000	316.000
817.000	340.000
818.000	328.000
819.000	333.000
820.000	330.000
821.000	305.000
822.000	309.000
823.000	293.000
824.000	344.000
825.000	347.000
826.000	356.000
827.000	332.000
828.000	338.000
829.000	363.000
830.000	304.000
831.000	350.000
832.000	310.000
833.000	348.000
834.000	335.000
835.000	342.000
836.000	317.000
837.000	324.000
838.000	346.000
839.000	337.000
840.000	336.000
841.000	346.000
842.000	345.000
843.000	359.000
844.000	333.000
845.000	337.000
846.000	339.000
847.000	360.000
848.000	403.000
849.000	358.000
850.000	388.000
851.000	359.000
852.000	396.000
853.000	354.000
854.000	372.000
855.000	368.000
856.000	389.000
857.000	393.000
858.000	384.000
859.000	375.000
860.000	374.000
861.000	413.000
862.000	384.000
863.000	430.000
864.000	410.000
865.000	471.000
866.000	450.000
867.000	475.000
868.000	488.000
869.000	482.000
870.000	479.000
871.000	517.000
872.000	493.000
873.000	486.000
874.000	522.000
875.000	542.000
876.000	563.000
877.000	578.000
878.000	675.000
879.000	634.000
880.000	640.000
881.000	674.000
882.000	713.000
883.000	862.000
884.000	916.000
885.000	942.000
886.000	1033.000
887.000	1016.000
888.000	1069.000
889.000	1148.000
890.000	1227.000
891.000	1245.000
892.000	1432.000
893.000	1420.000
894.000	1443.000
895.000	1466.000
896.000	1560.000
897.000	1490.000
898.000	1584.000
899.000	1600.000
900.000	1618.000
901.000	1675.000
902.000	1552.000
903.000	1561.000
904.000	1468.000
905.000	1473.000
906.000	1493.000
907.000	1404.000
908.000	1384.000
909.000	1327.000
910.000	1290.000
911.000	1154.000
912.000	1135.000
913.000	1028.000
914.000	1006.000
915.000	945.000
916.000	908.000
917.000	836.000
918.000	800.000
919.000	714.000
920.000	671.000
921.000	691.000
922.000	647.000
923.000	560.000
924.000	528.000
925.000	549.000
926.000	541.000
927.000	447.000
928.000	454.000
929.000	440.000
930.000	402.000
931.000	404.000
932.000	388.000
933.000	364.000
934.000	378.000
935.000	373.000
936.000	387.000
937.000	379.000
938.000	392.000
939.000	364.000
940.000	385.000
941.000	436.000
942.000	449.000
943.000	494.000
944.000	483.000
945.000	548.000
946.000	569.000
947.000	644.000
948.000	694.000
949.000	762.000
950.000	792.000
951.000	801.000
952.000	879.000
953.000	826.000
954.000	851.000
955.000	814.000
956.000	767.000
957.000	761.000
958.000	737.000
959.000	680.000
960.000	578.000
961.000	533.000
962.000	476.000
963.000	389.000
964.000	402.000
965.000	366.000
966.000	339.000
967.000	336.000
968.000	349.000
969.000	295.000
970.000	316.000
971.000	320.000
972.000	294.000
973.000	294.000
974.000	313.000
975.000	309.000
976.000	331.000
977.000	310.000
978.000	354.000
979.000	327.000
980.000	316.000
981.000	331.000
982.000	344.000
983.000	347.000
984.000	331.000
985.000	339.000
986.000	372.000
987.000	326.000
988.000	350.000
989.000	366.000
990.000	406.000
991.000	366.000
992.000	384.000
993.000	398.000
994.000	399.000
995.000	405.000
996.000	435.000
997.000	471.000
998.000	458.000
999.000	478.000
1000.000	476.000
1001.000	434.000
1002.000	471.000
1003.000	444.000
1004.000	450.000
1005.000	488.000
1006.000	494.000
1007.000	456.000
1008.000	422.000
1009.000	443.000
1010.000	484.000
1011.000	430.000
1012.000	421.000
1013.000	480.000
1014.000	410.000
1015.000	410.000
1016.000	394.000
1017.000	383.000
1018.000	370.000
1019.000	369.000
1020.000	327.000
1021.000	320.000
1022.000	360.000
1023.000	316.000
1024.000	270.000
