Date:	8/19/2008		Time:	9:48 AM		Version no:	0.00		Project name:	55		Sample name:	222		Section name:	section		Position	778.039995	mm	E0	0.000000	keV	E1	1.000000	keV/channel	sample surface	7.796822	cm	Tube anode:	Mo		Tube voltage:	30	kV	Tube current:	50	mA	gain	20		std. database			resultfile	result		matrix element	11		sample thickness	1.000000		air passage	0.560000	cm	comments	not in position		peaking_time	3.000000	m-sec	trigger_threshold	1229.166667	V	mca_bin_width	22.090000	no:	number_mca_channels	1024.000000	no:	gap_time	0.400000	m-sec	trigger_peaking_time	0.150000	m-sec	GAINDAC	9455		HIGHGAIN	1		TAURC	0		RCTAU	53		RCTAUFRAC	32768		livetime	9.713451	seconds	runtime	10.000502	seconds	input_count_rate	27.802683	cps	output_count_rate	21.320431	cps	triggers	270060	seconds	events_in_run	213215	seconds	channel	content		1.000	0.000
2.000	0.000
3.000	0.000
4.000	0.000
5.000	0.000
6.000	0.000
7.000	0.000
8.000	0.000
9.000	0.000
10.000	0.000
11.000	0.000
12.000	0.000
13.000	0.000
14.000	0.000
15.000	0.000
16.000	0.000
17.000	0.000
18.000	0.000
19.000	0.000
20.000	0.000
21.000	0.000
22.000	0.000
23.000	0.000
24.000	0.000
25.000	0.000
26.000	0.000
27.000	0.000
28.000	0.000
29.000	0.000
30.000	0.000
31.000	0.000
32.000	0.000
33.000	1.000
34.000	0.000
35.000	2.000
36.000	0.000
37.000	1.000
38.000	2.000
39.000	1.000
40.000	5.000
41.000	3.000
42.000	4.000
43.000	3.000
44.000	5.000
45.000	6.000
46.000	8.000
47.000	6.000
48.000	3.000
49.000	12.000
50.000	10.000
51.000	5.000
52.000	12.000
53.000	6.000
54.000	9.000
55.000	7.000
56.000	10.000
57.000	9.000
58.000	10.000
59.000	8.000
60.000	13.000
61.000	8.000
62.000	10.000
63.000	10.000
64.000	10.000
65.000	12.000
66.000	13.000
67.000	10.000
68.000	8.000
69.000	11.000
70.000	7.000
71.000	13.000
72.000	11.000
73.000	10.000
74.000	9.000
75.000	8.000
76.000	6.000
77.000	9.000
78.000	3.000
79.000	6.000
80.000	13.000
81.000	15.000
82.000	10.000
83.000	7.000
84.000	5.000
85.000	10.000
86.000	10.000
87.000	4.000
88.000	6.000
89.000	9.000
90.000	10.000
91.000	10.000
92.000	5.000
93.000	7.000
94.000	6.000
95.000	7.000
96.000	13.000
97.000	11.000
98.000	4.000
99.000	11.000
100.000	6.000
101.000	4.000
102.000	5.000
103.000	8.000
104.000	4.000
105.000	8.000
106.000	9.000
107.000	11.000
108.000	10.000
109.000	3.000
110.000	6.000
111.000	7.000
112.000	8.000
113.000	6.000
114.000	5.000
115.000	6.000
116.000	1.000
117.000	8.000
118.000	5.000
119.000	11.000
120.000	5.000
121.000	7.000
122.000	10.000
123.000	9.000
124.000	6.000
125.000	12.000
126.000	10.000
127.000	14.000
128.000	9.000
129.000	11.000
130.000	9.000
131.000	10.000
132.000	4.000
133.000	5.000
134.000	7.000
135.000	5.000
136.000	7.000
137.000	5.000
138.000	4.000
139.000	3.000
140.000	6.000
141.000	5.000
142.000	6.000
143.000	7.000
144.000	5.000
145.000	3.000
146.000	5.000
147.000	5.000
148.000	6.000
149.000	7.000
150.000	1.000
151.000	5.000
152.000	4.000
153.000	5.000
154.000	7.000
155.000	3.000
156.000	3.000
157.000	5.000
158.000	7.000
159.000	3.000
160.000	6.000
161.000	2.000
162.000	8.000
163.000	6.000
164.000	17.000
165.000	12.000
166.000	5.000
167.000	2.000
168.000	7.000
169.000	5.000
170.000	4.000
171.000	4.000
172.000	1.000
173.000	2.000
174.000	4.000
175.000	2.000
176.000	2.000
177.000	8.000
178.000	6.000
179.000	7.000
180.000	11.000
181.000	10.000
182.000	14.000
183.000	11.000
184.000	11.000
185.000	6.000
186.000	7.000
187.000	6.000
188.000	4.000
189.000	0.000
190.000	4.000
191.000	2.000
192.000	3.000
193.000	4.000
194.000	2.000
195.000	4.000
196.000	8.000
197.000	12.000
198.000	14.000
199.000	19.000
200.000	28.000
201.000	29.000
202.000	40.000
203.000	39.000
204.000	27.000
205.000	32.000
206.000	19.000
207.000	19.000
208.000	9.000
209.000	6.000
210.000	6.000
211.000	6.000
212.000	5.000
213.000	5.000
214.000	7.000
215.000	8.000
216.000	5.000
217.000	6.000
218.000	9.000
219.000	10.000
220.000	9.000
221.000	4.000
222.000	10.000
223.000	8.000
224.000	3.000
225.000	6.000
226.000	4.000
227.000	6.000
228.000	2.000
229.000	1.000
230.000	5.000
231.000	3.000
232.000	1.000
233.000	3.000
234.000	4.000
235.000	4.000
236.000	2.000
237.000	3.000
238.000	5.000
239.000	6.000
240.000	3.000
241.000	2.000
242.000	7.000
243.000	8.000
244.000	9.000
245.000	15.000
246.000	11.000
247.000	7.000
248.000	16.000
249.000	8.000
250.000	18.000
251.000	7.000
252.000	8.000
253.000	10.000
254.000	11.000
255.000	10.000
256.000	11.000
257.000	7.000
258.000	3.000
259.000	10.000
260.000	8.000
261.000	2.000
262.000	7.000
263.000	4.000
264.000	6.000
265.000	3.000
266.000	4.000
267.000	5.000
268.000	7.000
269.000	6.000
270.000	7.000
271.000	6.000
272.000	5.000
273.000	6.000
274.000	8.000
275.000	7.000
276.000	5.000
277.000	4.000
278.000	5.000
279.000	3.000
280.000	9.000
281.000	6.000
282.000	7.000
283.000	8.000
284.000	4.000
285.000	6.000
286.000	6.000
287.000	4.000
288.000	7.000
289.000	8.000
290.000	5.000
291.000	12.000
292.000	10.000
293.000	13.000
294.000	11.000
295.000	11.000
296.000	11.000
297.000	5.000
298.000	11.000
299.000	7.000
300.000	11.000
301.000	5.000
302.000	5.000
303.000	8.000
304.000	14.000
305.000	8.000
306.000	6.000
307.000	6.000
308.000	14.000
309.000	11.000
310.000	7.000
311.000	9.000
312.000	8.000
313.000	9.000
314.000	12.000
315.000	12.000
316.000	18.000
317.000	22.000
318.000	21.000
319.000	37.000
320.000	49.000
321.000	37.000
322.000	67.000
323.000	50.000
324.000	64.000
325.000	67.000
326.000	43.000
327.000	32.000
328.000	45.000
329.000	18.000
330.000	19.000
331.000	16.000
332.000	11.000
333.000	10.000
334.000	14.000
335.000	13.000
336.000	14.000
337.000	12.000
338.000	11.000
339.000	21.000
340.000	22.000
341.000	54.000
342.000	63.000
343.000	101.000
344.000	149.000
345.000	266.000
346.000	402.000
347.000	523.000
348.000	650.000
349.000	775.000
350.000	874.000
351.000	864.000
352.000	847.000
353.000	696.000
354.000	595.000
355.000	413.000
356.000	312.000
357.000	199.000
358.000	102.000
359.000	60.000
360.000	36.000
361.000	36.000
362.000	29.000
363.000	17.000
364.000	33.000
365.000	24.000
366.000	22.000
367.000	18.000
368.000	11.000
369.000	15.000
370.000	16.000
371.000	20.000
372.000	22.000
373.000	17.000
374.000	22.000
375.000	22.000
376.000	27.000
377.000	30.000
378.000	39.000
379.000	55.000
380.000	64.000
381.000	73.000
382.000	110.000
383.000	120.000
384.000	132.000
385.000	168.000
386.000	144.000
387.000	143.000
388.000	141.000
389.000	116.000
390.000	103.000
391.000	84.000
392.000	64.000
393.000	48.000
394.000	31.000
395.000	34.000
396.000	26.000
397.000	30.000
398.000	26.000
399.000	27.000
400.000	18.000
401.000	19.000
402.000	21.000
403.000	25.000
404.000	33.000
405.000	28.000
406.000	36.000
407.000	26.000
408.000	29.000
409.000	32.000
410.000	32.000
411.000	23.000
412.000	36.000
413.000	37.000
414.000	33.000
415.000	25.000
416.000	24.000
417.000	23.000
418.000	14.000
419.000	23.000
420.000	32.000
421.000	23.000
422.000	29.000
423.000	27.000
424.000	36.000
425.000	32.000
426.000	27.000
427.000	36.000
428.000	28.000
429.000	24.000
430.000	34.000
431.000	37.000
432.000	35.000
433.000	34.000
434.000	32.000
435.000	33.000
436.000	39.000
437.000	40.000
438.000	36.000
439.000	54.000
440.000	26.000
441.000	44.000
442.000	37.000
443.000	33.000
444.000	50.000
445.000	37.000
446.000	63.000
447.000	41.000
448.000	38.000
449.000	48.000
450.000	46.000
451.000	52.000
452.000	36.000
453.000	49.000
454.000	47.000
455.000	32.000
456.000	41.000
457.000	58.000
458.000	47.000
459.000	58.000
460.000	44.000
461.000	55.000
462.000	57.000
463.000	42.000
464.000	51.000
465.000	32.000
466.000	60.000
467.000	56.000
468.000	30.000
469.000	58.000
470.000	51.000
471.000	58.000
472.000	57.000
473.000	57.000
474.000	58.000
475.000	54.000
476.000	53.000
477.000	67.000
478.000	45.000
479.000	54.000
480.000	49.000
481.000	55.000
482.000	59.000
483.000	63.000
484.000	45.000
485.000	55.000
486.000	52.000
487.000	50.000
488.000	60.000
489.000	66.000
490.000	66.000
491.000	61.000
492.000	61.000
493.000	64.000
494.000	62.000
495.000	64.000
496.000	59.000
497.000	65.000
498.000	46.000
499.000	82.000
500.000	66.000
501.000	72.000
502.000	65.000
503.000	63.000
504.000	72.000
505.000	91.000
506.000	75.000
507.000	84.000
508.000	81.000
509.000	66.000
510.000	64.000
511.000	69.000
512.000	81.000
513.000	83.000
514.000	87.000
515.000	74.000
516.000	93.000
517.000	81.000
518.000	83.000
519.000	80.000
520.000	83.000
521.000	70.000
522.000	104.000
523.000	88.000
524.000	83.000
525.000	94.000
526.000	91.000
527.000	84.000
528.000	84.000
529.000	109.000
530.000	81.000
531.000	84.000
532.000	82.000
533.000	103.000
534.000	103.000
535.000	113.000
536.000	93.000
537.000	62.000
538.000	95.000
539.000	97.000
540.000	113.000
541.000	96.000
542.000	92.000
543.000	92.000
544.000	81.000
545.000	78.000
546.000	102.000
547.000	106.000
548.000	86.000
549.000	110.000
550.000	83.000
551.000	90.000
552.000	87.000
553.000	127.000
554.000	106.000
555.000	100.000
556.000	79.000
557.000	109.000
558.000	85.000
559.000	111.000
560.000	103.000
561.000	93.000
562.000	93.000
563.000	111.000
564.000	101.000
565.000	120.000
566.000	108.000
567.000	106.000
568.000	115.000
569.000	130.000
570.000	120.000
571.000	118.000
572.000	128.000
573.000	137.000
574.000	98.000
575.000	113.000
576.000	111.000
577.000	125.000
578.000	129.000
579.000	108.000
580.000	123.000
581.000	118.000
582.000	99.000
583.000	124.000
584.000	134.000
585.000	126.000
586.000	138.000
587.000	122.000
588.000	137.000
589.000	108.000
590.000	150.000
591.000	128.000
592.000	128.000
593.000	142.000
594.000	122.000
595.000	125.000
596.000	141.000
597.000	163.000
598.000	142.000
599.000	129.000
600.000	146.000
601.000	158.000
602.000	151.000
603.000	135.000
604.000	146.000
605.000	123.000
606.000	122.000
607.000	164.000
608.000	124.000
609.000	146.000
610.000	146.000
611.000	144.000
612.000	123.000
613.000	133.000
614.000	151.000
615.000	133.000
616.000	149.000
617.000	166.000
618.000	151.000
619.000	150.000
620.000	160.000
621.000	159.000
622.000	171.000
623.000	147.000
624.000	170.000
625.000	170.000
626.000	139.000
627.000	165.000
628.000	166.000
629.000	165.000
630.000	180.000
631.000	173.000
632.000	156.000
633.000	172.000
634.000	172.000
635.000	149.000
636.000	175.000
637.000	163.000
638.000	176.000
639.000	165.000
640.000	179.000
641.000	168.000
642.000	168.000
643.000	164.000
644.000	148.000
645.000	188.000
646.000	172.000
647.000	158.000
648.000	184.000
649.000	186.000
650.000	164.000
651.000	177.000
652.000	171.000
653.000	204.000
654.000	188.000
655.000	187.000
656.000	192.000
657.000	181.000
658.000	190.000
659.000	184.000
660.000	206.000
661.000	175.000
662.000	185.000
663.000	190.000
664.000	212.000
665.000	173.000
666.000	189.000
667.000	192.000
668.000	168.000
669.000	186.000
670.000	209.000
671.000	181.000
672.000	191.000
673.000	180.000
674.000	195.000
675.000	189.000
676.000	188.000
677.000	216.000
678.000	191.000
679.000	208.000
680.000	220.000
681.000	196.000
682.000	189.000
683.000	213.000
684.000	205.000
685.000	202.000
686.000	193.000
687.000	203.000
688.000	192.000
689.000	211.000
690.000	187.000
691.000	234.000
692.000	203.000
693.000	190.000
694.000	209.000
695.000	210.000
696.000	216.000
697.000	215.000
698.000	230.000
699.000	203.000
700.000	218.000
701.000	215.000
702.000	233.000
703.000	209.000
704.000	200.000
705.000	198.000
706.000	203.000
707.000	218.000
708.000	232.000
709.000	218.000
710.000	237.000
711.000	237.000
712.000	215.000
713.000	253.000
714.000	249.000
715.000	242.000
716.000	229.000
717.000	253.000
718.000	241.000
719.000	219.000
720.000	219.000
721.000	202.000
722.000	242.000
723.000	259.000
724.000	206.000
725.000	233.000
726.000	241.000
727.000	242.000
728.000	255.000
729.000	249.000
730.000	231.000
731.000	266.000
732.000	244.000
733.000	237.000
734.000	224.000
735.000	254.000
736.000	245.000
737.000	263.000
738.000	221.000
739.000	265.000
740.000	244.000
741.000	239.000
742.000	248.000
743.000	225.000
744.000	262.000
745.000	272.000
746.000	212.000
747.000	226.000
748.000	259.000
749.000	259.000
750.000	259.000
751.000	242.000
752.000	213.000
753.000	255.000
754.000	254.000
755.000	278.000
756.000	244.000
757.000	243.000
758.000	255.000
759.000	244.000
760.000	266.000
761.000	237.000
762.000	241.000
763.000	251.000
764.000	247.000
765.000	237.000
766.000	272.000
767.000	268.000
768.000	288.000
769.000	288.000
770.000	310.000
771.000	273.000
772.000	307.000
773.000	286.000
774.000	322.000
775.000	335.000
776.000	314.000
777.000	316.000
778.000	260.000
779.000	287.000
780.000	277.000
781.000	282.000
782.000	257.000
783.000	258.000
784.000	242.000
785.000	258.000
786.000	276.000
787.000	264.000
788.000	232.000
789.000	275.000
790.000	297.000
791.000	277.000
792.000	267.000
793.000	275.000
794.000	263.000
795.000	253.000
796.000	267.000
797.000	239.000
798.000	257.000
799.000	271.000
800.000	258.000
801.000	270.000
802.000	280.000
803.000	257.000
804.000	275.000
805.000	262.000
806.000	263.000
807.000	288.000
808.000	291.000
809.000	284.000
810.000	292.000
811.000	273.000
812.000	235.000
813.000	274.000
814.000	290.000
815.000	260.000
816.000	272.000
817.000	268.000
818.000	276.000
819.000	268.000
820.000	263.000
821.000	278.000
822.000	278.000
823.000	255.000
824.000	285.000
825.000	297.000
826.000	270.000
827.000	267.000
828.000	275.000
829.000	327.000
830.000	304.000
831.000	285.000
832.000	267.000
833.000	328.000
834.000	272.000
835.000	316.000
836.000	301.000
837.000	303.000
838.000	297.000
839.000	313.000
840.000	319.000
841.000	326.000
842.000	301.000
843.000	271.000
844.000	284.000
845.000	307.000
846.000	297.000
847.000	333.000
848.000	319.000
849.000	327.000
850.000	296.000
851.000	315.000
852.000	315.000
853.000	365.000
854.000	345.000
855.000	329.000
856.000	339.000
857.000	386.000
858.000	363.000
859.000	355.000
860.000	404.000
861.000	387.000
862.000	339.000
863.000	361.000
864.000	413.000
865.000	357.000
866.000	365.000
867.000	380.000
868.000	408.000
869.000	426.000
870.000	425.000
871.000	440.000
872.000	452.000
873.000	491.000
874.000	485.000
875.000	475.000
876.000	466.000
877.000	524.000
878.000	519.000
879.000	527.000
880.000	592.000
881.000	661.000
882.000	680.000
883.000	729.000
884.000	745.000
885.000	788.000
886.000	851.000
887.000	841.000
888.000	972.000
889.000	1038.000
890.000	1092.000
891.000	1102.000
892.000	1120.000
893.000	1229.000
894.000	1278.000
895.000	1309.000
896.000	1338.000
897.000	1390.000
898.000	1404.000
899.000	1456.000
900.000	1462.000
901.000	1436.000
902.000	1390.000
903.000	1434.000
904.000	1337.000
905.000	1347.000
906.000	1274.000
907.000	1206.000
908.000	1249.000
909.000	1122.000
910.000	1102.000
911.000	1003.000
912.000	1022.000
913.000	926.000
914.000	904.000
915.000	829.000
916.000	755.000
917.000	739.000
918.000	671.000
919.000	663.000
920.000	647.000
921.000	601.000
922.000	542.000
923.000	533.000
924.000	477.000
925.000	480.000
926.000	457.000
927.000	405.000
928.000	428.000
929.000	428.000
930.000	386.000
931.000	354.000
932.000	345.000
933.000	359.000
934.000	327.000
935.000	381.000
936.000	309.000
937.000	311.000
938.000	327.000
939.000	354.000
940.000	349.000
941.000	365.000
942.000	385.000
943.000	422.000
944.000	461.000
945.000	498.000
946.000	524.000
947.000	606.000
948.000	596.000
949.000	666.000
950.000	703.000
951.000	726.000
952.000	777.000
953.000	858.000
954.000	738.000
955.000	756.000
956.000	689.000
957.000	638.000
958.000	643.000
959.000	586.000
960.000	558.000
961.000	484.000
962.000	399.000
963.000	411.000
964.000	328.000
965.000	340.000
966.000	322.000
967.000	292.000
968.000	280.000
969.000	269.000
970.000	267.000
971.000	266.000
972.000	294.000
973.000	241.000
974.000	277.000
975.000	292.000
976.000	255.000
977.000	308.000
978.000	289.000
979.000	278.000
980.000	264.000
981.000	300.000
982.000	251.000
983.000	316.000
984.000	286.000
985.000	307.000
986.000	288.000
987.000	287.000
988.000	355.000
989.000	322.000
990.000	343.000
991.000	347.000
992.000	368.000
993.000	363.000
994.000	355.000
995.000	372.000
996.000	348.000
997.000	381.000
998.000	408.000
999.000	388.000
1000.000	376.000
1001.000	450.000
1002.000	387.000
1003.000	426.000
1004.000	396.000
1005.000	379.000
1006.000	412.000
1007.000	395.000
1008.000	395.000
1009.000	416.000
1010.000	388.000
1011.000	401.000
1012.000	359.000
1013.000	362.000
1014.000	340.000
1015.000	361.000
1016.000	322.000
1017.000	350.000
1018.000	341.000
1019.000	278.000
1020.000	294.000
1021.000	301.000
1022.000	258.000
1023.000	263.000
1024.000	289.000
