Date:	8/19/2008		Time:	9:43 AM		Version no:	0.00		Project name:	55		Sample name:	222		Section name:	section		Position	716.039995	mm	E0	0.000000	keV	E1	1.000000	keV/channel	sample surface	7.581038	cm	Tube anode:	Mo		Tube voltage:	30	kV	Tube current:	50	mA	gain	20		std. database			resultfile	result		matrix element	11		sample thickness	1.000000		air passage	0.560000	cm	comments	not in position		peaking_time	3.000000	m-sec	trigger_threshold	1229.166667	V	mca_bin_width	22.090000	no:	number_mca_channels	1024.000000	no:	gap_time	0.400000	m-sec	trigger_peaking_time	0.150000	m-sec	GAINDAC	9455		HIGHGAIN	1		TAURC	0		RCTAU	53		RCTAUFRAC	32768		livetime	9.726470	seconds	runtime	10.000503	seconds	input_count_rate	26.020747	cps	output_count_rate	20.238682	cps	triggers	253090	seconds	events_in_run	202397	seconds	channel	content		1.000	0.000
2.000	0.000
3.000	0.000
4.000	0.000
5.000	0.000
6.000	0.000
7.000	0.000
8.000	0.000
9.000	0.000
10.000	0.000
11.000	0.000
12.000	0.000
13.000	0.000
14.000	0.000
15.000	0.000
16.000	0.000
17.000	0.000
18.000	0.000
19.000	0.000
20.000	0.000
21.000	0.000
22.000	0.000
23.000	0.000
24.000	0.000
25.000	0.000
26.000	0.000
27.000	0.000
28.000	0.000
29.000	0.000
30.000	0.000
31.000	1.000
32.000	0.000
33.000	0.000
34.000	0.000
35.000	2.000
36.000	1.000
37.000	0.000
38.000	0.000
39.000	2.000
40.000	1.000
41.000	4.000
42.000	5.000
43.000	2.000
44.000	5.000
45.000	8.000
46.000	3.000
47.000	4.000
48.000	11.000
49.000	8.000
50.000	8.000
51.000	7.000
52.000	8.000
53.000	11.000
54.000	7.000
55.000	7.000
56.000	12.000
57.000	11.000
58.000	9.000
59.000	9.000
60.000	8.000
61.000	7.000
62.000	11.000
63.000	8.000
64.000	10.000
65.000	14.000
66.000	9.000
67.000	7.000
68.000	13.000
69.000	15.000
70.000	12.000
71.000	10.000
72.000	8.000
73.000	8.000
74.000	13.000
75.000	6.000
76.000	7.000
77.000	8.000
78.000	6.000
79.000	13.000
80.000	4.000
81.000	10.000
82.000	5.000
83.000	8.000
84.000	2.000
85.000	10.000
86.000	10.000
87.000	7.000
88.000	13.000
89.000	9.000
90.000	13.000
91.000	10.000
92.000	7.000
93.000	4.000
94.000	8.000
95.000	10.000
96.000	13.000
97.000	12.000
98.000	7.000
99.000	3.000
100.000	12.000
101.000	8.000
102.000	12.000
103.000	10.000
104.000	8.000
105.000	9.000
106.000	4.000
107.000	4.000
108.000	15.000
109.000	6.000
110.000	9.000
111.000	10.000
112.000	1.000
113.000	6.000
114.000	4.000
115.000	8.000
116.000	5.000
117.000	2.000
118.000	7.000
119.000	6.000
120.000	5.000
121.000	6.000
122.000	9.000
123.000	4.000
124.000	10.000
125.000	4.000
126.000	13.000
127.000	7.000
128.000	8.000
129.000	6.000
130.000	7.000
131.000	7.000
132.000	13.000
133.000	5.000
134.000	3.000
135.000	9.000
136.000	3.000
137.000	5.000
138.000	3.000
139.000	5.000
140.000	8.000
141.000	4.000
142.000	5.000
143.000	6.000
144.000	7.000
145.000	3.000
146.000	2.000
147.000	3.000
148.000	3.000
149.000	5.000
150.000	7.000
151.000	4.000
152.000	0.000
153.000	5.000
154.000	4.000
155.000	7.000
156.000	10.000
157.000	6.000
158.000	7.000
159.000	6.000
160.000	5.000
161.000	13.000
162.000	12.000
163.000	5.000
164.000	11.000
165.000	3.000
166.000	9.000
167.000	11.000
168.000	10.000
169.000	4.000
170.000	6.000
171.000	3.000
172.000	3.000
173.000	2.000
174.000	7.000
175.000	2.000
176.000	9.000
177.000	5.000
178.000	2.000
179.000	6.000
180.000	7.000
181.000	7.000
182.000	1.000
183.000	5.000
184.000	4.000
185.000	3.000
186.000	5.000
187.000	3.000
188.000	3.000
189.000	4.000
190.000	1.000
191.000	4.000
192.000	2.000
193.000	4.000
194.000	3.000
195.000	4.000
196.000	2.000
197.000	6.000
198.000	7.000
199.000	11.000
200.000	19.000
201.000	14.000
202.000	17.000
203.000	28.000
204.000	17.000
205.000	10.000
206.000	16.000
207.000	7.000
208.000	1.000
209.000	6.000
210.000	0.000
211.000	5.000
212.000	3.000
213.000	5.000
214.000	6.000
215.000	4.000
216.000	2.000
217.000	3.000
218.000	7.000
219.000	12.000
220.000	6.000
221.000	9.000
222.000	5.000
223.000	7.000
224.000	2.000
225.000	5.000
226.000	4.000
227.000	3.000
228.000	4.000
229.000	2.000
230.000	0.000
231.000	3.000
232.000	3.000
233.000	3.000
234.000	3.000
235.000	2.000
236.000	3.000
237.000	2.000
238.000	3.000
239.000	4.000
240.000	4.000
241.000	1.000
242.000	6.000
243.000	8.000
244.000	4.000
245.000	6.000
246.000	9.000
247.000	8.000
248.000	4.000
249.000	9.000
250.000	12.000
251.000	6.000
252.000	5.000
253.000	14.000
254.000	4.000
255.000	5.000
256.000	7.000
257.000	3.000
258.000	5.000
259.000	5.000
260.000	4.000
261.000	0.000
262.000	4.000
263.000	5.000
264.000	1.000
265.000	8.000
266.000	8.000
267.000	6.000
268.000	6.000
269.000	4.000
270.000	2.000
271.000	8.000
272.000	5.000
273.000	4.000
274.000	3.000
275.000	1.000
276.000	7.000
277.000	2.000
278.000	4.000
279.000	4.000
280.000	3.000
281.000	6.000
282.000	4.000
283.000	5.000
284.000	2.000
285.000	0.000
286.000	2.000
287.000	2.000
288.000	4.000
289.000	5.000
290.000	4.000
291.000	6.000
292.000	10.000
293.000	7.000
294.000	10.000
295.000	5.000
296.000	10.000
297.000	4.000
298.000	7.000
299.000	6.000
300.000	6.000
301.000	6.000
302.000	4.000
303.000	2.000
304.000	0.000
305.000	4.000
306.000	3.000
307.000	4.000
308.000	10.000
309.000	7.000
310.000	12.000
311.000	6.000
312.000	6.000
313.000	5.000
314.000	3.000
315.000	7.000
316.000	11.000
317.000	9.000
318.000	9.000
319.000	21.000
320.000	29.000
321.000	28.000
322.000	36.000
323.000	35.000
324.000	32.000
325.000	39.000
326.000	20.000
327.000	27.000
328.000	14.000
329.000	15.000
330.000	7.000
331.000	18.000
332.000	11.000
333.000	5.000
334.000	6.000
335.000	6.000
336.000	13.000
337.000	12.000
338.000	12.000
339.000	11.000
340.000	20.000
341.000	19.000
342.000	29.000
343.000	57.000
344.000	80.000
345.000	139.000
346.000	182.000
347.000	291.000
348.000	350.000
349.000	468.000
350.000	459.000
351.000	515.000
352.000	461.000
353.000	361.000
354.000	309.000
355.000	235.000
356.000	169.000
357.000	87.000
358.000	76.000
359.000	41.000
360.000	32.000
361.000	26.000
362.000	14.000
363.000	14.000
364.000	11.000
365.000	8.000
366.000	15.000
367.000	9.000
368.000	9.000
369.000	8.000
370.000	10.000
371.000	15.000
372.000	7.000
373.000	14.000
374.000	5.000
375.000	16.000
376.000	16.000
377.000	19.000
378.000	20.000
379.000	24.000
380.000	30.000
381.000	49.000
382.000	47.000
383.000	72.000
384.000	90.000
385.000	71.000
386.000	82.000
387.000	92.000
388.000	77.000
389.000	83.000
390.000	62.000
391.000	48.000
392.000	32.000
393.000	23.000
394.000	29.000
395.000	18.000
396.000	14.000
397.000	13.000
398.000	12.000
399.000	14.000
400.000	18.000
401.000	15.000
402.000	15.000
403.000	9.000
404.000	12.000
405.000	17.000
406.000	13.000
407.000	19.000
408.000	21.000
409.000	19.000
410.000	14.000
411.000	19.000
412.000	21.000
413.000	17.000
414.000	14.000
415.000	16.000
416.000	19.000
417.000	17.000
418.000	15.000
419.000	15.000
420.000	19.000
421.000	13.000
422.000	24.000
423.000	17.000
424.000	22.000
425.000	21.000
426.000	30.000
427.000	20.000
428.000	16.000
429.000	13.000
430.000	25.000
431.000	25.000
432.000	25.000
433.000	21.000
434.000	18.000
435.000	20.000
436.000	32.000
437.000	20.000
438.000	36.000
439.000	36.000
440.000	23.000
441.000	25.000
442.000	32.000
443.000	30.000
444.000	27.000
445.000	25.000
446.000	23.000
447.000	22.000
448.000	26.000
449.000	25.000
450.000	23.000
451.000	38.000
452.000	26.000
453.000	36.000
454.000	30.000
455.000	41.000
456.000	26.000
457.000	40.000
458.000	25.000
459.000	26.000
460.000	27.000
461.000	28.000
462.000	38.000
463.000	22.000
464.000	43.000
465.000	34.000
466.000	35.000
467.000	30.000
468.000	34.000
469.000	27.000
470.000	36.000
471.000	41.000
472.000	36.000
473.000	33.000
474.000	43.000
475.000	40.000
476.000	29.000
477.000	29.000
478.000	49.000
479.000	46.000
480.000	35.000
481.000	36.000
482.000	37.000
483.000	38.000
484.000	37.000
485.000	38.000
486.000	25.000
487.000	33.000
488.000	43.000
489.000	49.000
490.000	52.000
491.000	39.000
492.000	47.000
493.000	30.000
494.000	53.000
495.000	46.000
496.000	39.000
497.000	47.000
498.000	41.000
499.000	60.000
500.000	39.000
501.000	41.000
502.000	42.000
503.000	43.000
504.000	51.000
505.000	50.000
506.000	48.000
507.000	50.000
508.000	37.000
509.000	56.000
510.000	50.000
511.000	56.000
512.000	48.000
513.000	52.000
514.000	56.000
515.000	53.000
516.000	58.000
517.000	50.000
518.000	54.000
519.000	57.000
520.000	48.000
521.000	54.000
522.000	54.000
523.000	47.000
524.000	59.000
525.000	62.000
526.000	61.000
527.000	59.000
528.000	50.000
529.000	70.000
530.000	58.000
531.000	75.000
532.000	62.000
533.000	63.000
534.000	56.000
535.000	62.000
536.000	68.000
537.000	76.000
538.000	64.000
539.000	64.000
540.000	76.000
541.000	66.000
542.000	79.000
543.000	75.000
544.000	75.000
545.000	78.000
546.000	86.000
547.000	79.000
548.000	76.000
549.000	93.000
550.000	56.000
551.000	79.000
552.000	88.000
553.000	64.000
554.000	82.000
555.000	68.000
556.000	76.000
557.000	74.000
558.000	86.000
559.000	88.000
560.000	66.000
561.000	84.000
562.000	89.000
563.000	85.000
564.000	103.000
565.000	97.000
566.000	89.000
567.000	77.000
568.000	74.000
569.000	93.000
570.000	79.000
571.000	82.000
572.000	98.000
573.000	86.000
574.000	90.000
575.000	101.000
576.000	96.000
577.000	79.000
578.000	96.000
579.000	98.000
580.000	98.000
581.000	87.000
582.000	85.000
583.000	99.000
584.000	86.000
585.000	100.000
586.000	85.000
587.000	105.000
588.000	95.000
589.000	86.000
590.000	91.000
591.000	104.000
592.000	117.000
593.000	104.000
594.000	98.000
595.000	116.000
596.000	94.000
597.000	114.000
598.000	99.000
599.000	107.000
600.000	100.000
601.000	114.000
602.000	125.000
603.000	90.000
604.000	105.000
605.000	123.000
606.000	96.000
607.000	129.000
608.000	103.000
609.000	114.000
610.000	118.000
611.000	110.000
612.000	108.000
613.000	113.000
614.000	121.000
615.000	109.000
616.000	153.000
617.000	111.000
618.000	129.000
619.000	118.000
620.000	116.000
621.000	113.000
622.000	128.000
623.000	122.000
624.000	134.000
625.000	146.000
626.000	133.000
627.000	149.000
628.000	113.000
629.000	118.000
630.000	133.000
631.000	124.000
632.000	142.000
633.000	132.000
634.000	124.000
635.000	122.000
636.000	120.000
637.000	123.000
638.000	118.000
639.000	143.000
640.000	137.000
641.000	130.000
642.000	121.000
643.000	149.000
644.000	140.000
645.000	139.000
646.000	148.000
647.000	129.000
648.000	165.000
649.000	145.000
650.000	151.000
651.000	155.000
652.000	146.000
653.000	144.000
654.000	159.000
655.000	159.000
656.000	174.000
657.000	153.000
658.000	155.000
659.000	168.000
660.000	153.000
661.000	155.000
662.000	167.000
663.000	160.000
664.000	171.000
665.000	140.000
666.000	173.000
667.000	167.000
668.000	177.000
669.000	169.000
670.000	148.000
671.000	156.000
672.000	178.000
673.000	160.000
674.000	173.000
675.000	169.000
676.000	159.000
677.000	173.000
678.000	150.000
679.000	178.000
680.000	158.000
681.000	171.000
682.000	179.000
683.000	162.000
684.000	162.000
685.000	195.000
686.000	189.000
687.000	167.000
688.000	174.000
689.000	195.000
690.000	191.000
691.000	180.000
692.000	193.000
693.000	169.000
694.000	177.000
695.000	203.000
696.000	183.000
697.000	168.000
698.000	182.000
699.000	213.000
700.000	186.000
701.000	192.000
702.000	200.000
703.000	171.000
704.000	182.000
705.000	194.000
706.000	211.000
707.000	203.000
708.000	192.000
709.000	187.000
710.000	213.000
711.000	197.000
712.000	209.000
713.000	191.000
714.000	186.000
715.000	202.000
716.000	195.000
717.000	170.000
718.000	201.000
719.000	211.000
720.000	204.000
721.000	206.000
722.000	214.000
723.000	210.000
724.000	194.000
725.000	231.000
726.000	205.000
727.000	209.000
728.000	235.000
729.000	220.000
730.000	227.000
731.000	243.000
732.000	216.000
733.000	238.000
734.000	211.000
735.000	212.000
736.000	195.000
737.000	234.000
738.000	242.000
739.000	229.000
740.000	205.000
741.000	212.000
742.000	216.000
743.000	199.000
744.000	202.000
745.000	219.000
746.000	213.000
747.000	214.000
748.000	199.000
749.000	237.000
750.000	222.000
751.000	211.000
752.000	210.000
753.000	234.000
754.000	235.000
755.000	236.000
756.000	243.000
757.000	235.000
758.000	242.000
759.000	217.000
760.000	242.000
761.000	237.000
762.000	234.000
763.000	232.000
764.000	237.000
765.000	230.000
766.000	259.000
767.000	265.000
768.000	260.000
769.000	282.000
770.000	253.000
771.000	253.000
772.000	269.000
773.000	266.000
774.000	261.000
775.000	289.000
776.000	246.000
777.000	296.000
778.000	272.000
779.000	269.000
780.000	254.000
781.000	261.000
782.000	253.000
783.000	258.000
784.000	258.000
785.000	248.000
786.000	247.000
787.000	259.000
788.000	265.000
789.000	268.000
790.000	262.000
791.000	243.000
792.000	254.000
793.000	231.000
794.000	249.000
795.000	279.000
796.000	253.000
797.000	255.000
798.000	257.000
799.000	261.000
800.000	250.000
801.000	265.000
802.000	277.000
803.000	238.000
804.000	272.000
805.000	252.000
806.000	254.000
807.000	255.000
808.000	297.000
809.000	290.000
810.000	287.000
811.000	263.000
812.000	256.000
813.000	262.000
814.000	294.000
815.000	251.000
816.000	254.000
817.000	261.000
818.000	281.000
819.000	309.000
820.000	248.000
821.000	255.000
822.000	298.000
823.000	266.000
824.000	279.000
825.000	297.000
826.000	297.000
827.000	271.000
828.000	290.000
829.000	293.000
830.000	284.000
831.000	292.000
832.000	290.000
833.000	300.000
834.000	260.000
835.000	327.000
836.000	279.000
837.000	309.000
838.000	323.000
839.000	300.000
840.000	289.000
841.000	319.000
842.000	301.000
843.000	284.000
844.000	312.000
845.000	325.000
846.000	280.000
847.000	330.000
848.000	309.000
849.000	318.000
850.000	323.000
851.000	318.000
852.000	321.000
853.000	300.000
854.000	352.000
855.000	312.000
856.000	327.000
857.000	320.000
858.000	342.000
859.000	339.000
860.000	343.000
861.000	386.000
862.000	383.000
863.000	374.000
864.000	393.000
865.000	394.000
866.000	344.000
867.000	365.000
868.000	391.000
869.000	420.000
870.000	401.000
871.000	449.000
872.000	410.000
873.000	454.000
874.000	431.000
875.000	484.000
876.000	544.000
877.000	538.000
878.000	516.000
879.000	586.000
880.000	595.000
881.000	668.000
882.000	635.000
883.000	781.000
884.000	816.000
885.000	812.000
886.000	861.000
887.000	882.000
888.000	1023.000
889.000	1056.000
890.000	1036.000
891.000	1192.000
892.000	1228.000
893.000	1239.000
894.000	1275.000
895.000	1324.000
896.000	1305.000
897.000	1427.000
898.000	1399.000
899.000	1426.000
900.000	1444.000
901.000	1429.000
902.000	1394.000
903.000	1415.000
904.000	1358.000
905.000	1327.000
906.000	1280.000
907.000	1323.000
908.000	1213.000
909.000	1193.000
910.000	1161.000
911.000	1030.000
912.000	999.000
913.000	930.000
914.000	906.000
915.000	884.000
916.000	777.000
917.000	770.000
918.000	716.000
919.000	651.000
920.000	622.000
921.000	570.000
922.000	587.000
923.000	482.000
924.000	493.000
925.000	487.000
926.000	472.000
927.000	451.000
928.000	421.000
929.000	426.000
930.000	387.000
931.000	365.000
932.000	359.000
933.000	360.000
934.000	348.000
935.000	383.000
936.000	369.000
937.000	319.000
938.000	363.000
939.000	397.000
940.000	324.000
941.000	349.000
942.000	383.000
943.000	439.000
944.000	455.000
945.000	491.000
946.000	515.000
947.000	565.000
948.000	584.000
949.000	630.000
950.000	691.000
951.000	761.000
952.000	802.000
953.000	757.000
954.000	779.000
955.000	743.000
956.000	765.000
957.000	671.000
958.000	675.000
959.000	578.000
960.000	546.000
961.000	489.000
962.000	427.000
963.000	409.000
964.000	341.000
965.000	322.000
966.000	316.000
967.000	318.000
968.000	358.000
969.000	288.000
970.000	262.000
971.000	294.000
972.000	273.000
973.000	297.000
974.000	278.000
975.000	264.000
976.000	288.000
977.000	312.000
978.000	301.000
979.000	301.000
980.000	321.000
981.000	291.000
982.000	296.000
983.000	301.000
984.000	354.000
985.000	304.000
986.000	355.000
987.000	344.000
988.000	339.000
989.000	332.000
990.000	356.000
991.000	378.000
992.000	394.000
993.000	406.000
994.000	381.000
995.000	402.000
996.000	398.000
997.000	390.000
998.000	374.000
999.000	440.000
1000.000	455.000
1001.000	425.000
1002.000	441.000
1003.000	422.000
1004.000	425.000
1005.000	433.000
1006.000	445.000
1007.000	406.000
1008.000	434.000
1009.000	444.000
1010.000	391.000
1011.000	385.000
1012.000	403.000
1013.000	394.000
1014.000	382.000
1015.000	312.000
1016.000	379.000
1017.000	358.000
1018.000	349.000
1019.000	306.000
1020.000	275.000
1021.000	324.000
1022.000	297.000
1023.000	281.000
1024.000	256.000
