Date:	8/19/2008		Time:	8:57 AM		Version no:	0.00		Project name:	55		Sample name:	222		Section name:	section		Position	230.039995	mm	E0	0.000000	keV	E1	1.000000	keV/channel	sample surface	7.548729	cm	Tube anode:	Mo		Tube voltage:	30	kV	Tube current:	50	mA	gain	20		std. database			resultfile	result		matrix element	11		sample thickness	1.000000		air passage	0.560000	cm	comments	not in position		peaking_time	3.000000	m-sec	trigger_threshold	1229.166667	V	mca_bin_width	22.090000	no:	number_mca_channels	1024.000000	no:	gap_time	0.400000	m-sec	trigger_peaking_time	0.150000	m-sec	GAINDAC	9455		HIGHGAIN	1		TAURC	0		RCTAU	53		RCTAUFRAC	32768		livetime	9.678723	seconds	runtime	10.000503	seconds	input_count_rate	30.175054	cps	output_count_rate	22.705057	cps	triggers	292056	seconds	events_in_run	227062	seconds	channel	content		1.000	0.000
2.000	0.000
3.000	0.000
4.000	0.000
5.000	0.000
6.000	0.000
7.000	0.000
8.000	0.000
9.000	0.000
10.000	0.000
11.000	0.000
12.000	0.000
13.000	0.000
14.000	0.000
15.000	0.000
16.000	0.000
17.000	0.000
18.000	0.000
19.000	0.000
20.000	0.000
21.000	0.000
22.000	0.000
23.000	0.000
24.000	0.000
25.000	0.000
26.000	0.000
27.000	0.000
28.000	0.000
29.000	0.000
30.000	0.000
31.000	0.000
32.000	0.000
33.000	0.000
34.000	3.000
35.000	0.000
36.000	2.000
37.000	0.000
38.000	1.000
39.000	1.000
40.000	1.000
41.000	2.000
42.000	5.000
43.000	4.000
44.000	4.000
45.000	5.000
46.000	6.000
47.000	7.000
48.000	10.000
49.000	7.000
50.000	13.000
51.000	17.000
52.000	8.000
53.000	8.000
54.000	14.000
55.000	15.000
56.000	10.000
57.000	13.000
58.000	9.000
59.000	9.000
60.000	8.000
61.000	13.000
62.000	6.000
63.000	9.000
64.000	14.000
65.000	14.000
66.000	10.000
67.000	8.000
68.000	8.000
69.000	8.000
70.000	12.000
71.000	13.000
72.000	10.000
73.000	14.000
74.000	13.000
75.000	7.000
76.000	6.000
77.000	5.000
78.000	13.000
79.000	12.000
80.000	7.000
81.000	7.000
82.000	10.000
83.000	5.000
84.000	11.000
85.000	13.000
86.000	5.000
87.000	8.000
88.000	3.000
89.000	7.000
90.000	8.000
91.000	7.000
92.000	12.000
93.000	13.000
94.000	6.000
95.000	19.000
96.000	9.000
97.000	5.000
98.000	5.000
99.000	7.000
100.000	10.000
101.000	7.000
102.000	4.000
103.000	6.000
104.000	9.000
105.000	7.000
106.000	5.000
107.000	8.000
108.000	4.000
109.000	11.000
110.000	6.000
111.000	5.000
112.000	6.000
113.000	10.000
114.000	10.000
115.000	5.000
116.000	10.000
117.000	9.000
118.000	6.000
119.000	4.000
120.000	7.000
121.000	5.000
122.000	7.000
123.000	12.000
124.000	6.000
125.000	7.000
126.000	13.000
127.000	14.000
128.000	3.000
129.000	11.000
130.000	14.000
131.000	10.000
132.000	7.000
133.000	8.000
134.000	5.000
135.000	8.000
136.000	4.000
137.000	12.000
138.000	9.000
139.000	5.000
140.000	6.000
141.000	4.000
142.000	5.000
143.000	9.000
144.000	6.000
145.000	4.000
146.000	6.000
147.000	5.000
148.000	4.000
149.000	3.000
150.000	2.000
151.000	5.000
152.000	4.000
153.000	7.000
154.000	3.000
155.000	7.000
156.000	4.000
157.000	4.000
158.000	5.000
159.000	8.000
160.000	5.000
161.000	12.000
162.000	12.000
163.000	6.000
164.000	13.000
165.000	5.000
166.000	9.000
167.000	6.000
168.000	4.000
169.000	5.000
170.000	0.000
171.000	6.000
172.000	4.000
173.000	4.000
174.000	11.000
175.000	3.000
176.000	6.000
177.000	7.000
178.000	4.000
179.000	4.000
180.000	7.000
181.000	6.000
182.000	7.000
183.000	6.000
184.000	11.000
185.000	3.000
186.000	2.000
187.000	6.000
188.000	4.000
189.000	2.000
190.000	1.000
191.000	3.000
192.000	3.000
193.000	3.000
194.000	7.000
195.000	4.000
196.000	6.000
197.000	5.000
198.000	12.000
199.000	13.000
200.000	15.000
201.000	13.000
202.000	22.000
203.000	20.000
204.000	28.000
205.000	11.000
206.000	14.000
207.000	9.000
208.000	8.000
209.000	6.000
210.000	6.000
211.000	2.000
212.000	4.000
213.000	8.000
214.000	1.000
215.000	3.000
216.000	3.000
217.000	8.000
218.000	7.000
219.000	4.000
220.000	5.000
221.000	9.000
222.000	6.000
223.000	3.000
224.000	7.000
225.000	0.000
226.000	12.000
227.000	8.000
228.000	2.000
229.000	6.000
230.000	7.000
231.000	4.000
232.000	5.000
233.000	2.000
234.000	2.000
235.000	5.000
236.000	2.000
237.000	1.000
238.000	4.000
239.000	3.000
240.000	3.000
241.000	3.000
242.000	6.000
243.000	9.000
244.000	6.000
245.000	9.000
246.000	8.000
247.000	10.000
248.000	7.000
249.000	10.000
250.000	2.000
251.000	9.000
252.000	7.000
253.000	10.000
254.000	8.000
255.000	11.000
256.000	9.000
257.000	6.000
258.000	7.000
259.000	6.000
260.000	6.000
261.000	3.000
262.000	4.000
263.000	7.000
264.000	5.000
265.000	3.000
266.000	2.000
267.000	3.000
268.000	3.000
269.000	3.000
270.000	4.000
271.000	7.000
272.000	6.000
273.000	6.000
274.000	11.000
275.000	10.000
276.000	9.000
277.000	5.000
278.000	7.000
279.000	2.000
280.000	5.000
281.000	3.000
282.000	3.000
283.000	9.000
284.000	5.000
285.000	8.000
286.000	5.000
287.000	9.000
288.000	5.000
289.000	8.000
290.000	7.000
291.000	5.000
292.000	15.000
293.000	5.000
294.000	7.000
295.000	9.000
296.000	5.000
297.000	11.000
298.000	4.000
299.000	6.000
300.000	6.000
301.000	6.000
302.000	6.000
303.000	7.000
304.000	5.000
305.000	3.000
306.000	7.000
307.000	6.000
308.000	4.000
309.000	6.000
310.000	5.000
311.000	4.000
312.000	8.000
313.000	5.000
314.000	7.000
315.000	7.000
316.000	12.000
317.000	16.000
318.000	18.000
319.000	24.000
320.000	28.000
321.000	30.000
322.000	43.000
323.000	40.000
324.000	43.000
325.000	44.000
326.000	40.000
327.000	29.000
328.000	16.000
329.000	11.000
330.000	13.000
331.000	8.000
332.000	14.000
333.000	10.000
334.000	8.000
335.000	7.000
336.000	8.000
337.000	13.000
338.000	16.000
339.000	21.000
340.000	30.000
341.000	28.000
342.000	59.000
343.000	81.000
344.000	131.000
345.000	207.000
346.000	308.000
347.000	397.000
348.000	548.000
349.000	645.000
350.000	734.000
351.000	682.000
352.000	647.000
353.000	566.000
354.000	443.000
355.000	339.000
356.000	219.000
357.000	155.000
358.000	102.000
359.000	72.000
360.000	38.000
361.000	23.000
362.000	15.000
363.000	20.000
364.000	18.000
365.000	7.000
366.000	13.000
367.000	13.000
368.000	17.000
369.000	12.000
370.000	20.000
371.000	13.000
372.000	17.000
373.000	22.000
374.000	17.000
375.000	21.000
376.000	16.000
377.000	29.000
378.000	30.000
379.000	35.000
380.000	44.000
381.000	64.000
382.000	75.000
383.000	87.000
384.000	91.000
385.000	114.000
386.000	135.000
387.000	122.000
388.000	117.000
389.000	124.000
390.000	72.000
391.000	76.000
392.000	47.000
393.000	43.000
394.000	36.000
395.000	42.000
396.000	21.000
397.000	15.000
398.000	17.000
399.000	20.000
400.000	20.000
401.000	18.000
402.000	21.000
403.000	16.000
404.000	20.000
405.000	19.000
406.000	26.000
407.000	21.000
408.000	25.000
409.000	26.000
410.000	26.000
411.000	29.000
412.000	12.000
413.000	17.000
414.000	25.000
415.000	25.000
416.000	26.000
417.000	26.000
418.000	20.000
419.000	25.000
420.000	24.000
421.000	16.000
422.000	21.000
423.000	26.000
424.000	19.000
425.000	15.000
426.000	33.000
427.000	20.000
428.000	25.000
429.000	29.000
430.000	28.000
431.000	27.000
432.000	27.000
433.000	30.000
434.000	31.000
435.000	41.000
436.000	24.000
437.000	34.000
438.000	32.000
439.000	32.000
440.000	44.000
441.000	35.000
442.000	35.000
443.000	38.000
444.000	40.000
445.000	37.000
446.000	34.000
447.000	41.000
448.000	36.000
449.000	42.000
450.000	46.000
451.000	31.000
452.000	32.000
453.000	48.000
454.000	42.000
455.000	33.000
456.000	40.000
457.000	48.000
458.000	34.000
459.000	45.000
460.000	49.000
461.000	47.000
462.000	37.000
463.000	41.000
464.000	36.000
465.000	50.000
466.000	44.000
467.000	37.000
468.000	46.000
469.000	51.000
470.000	48.000
471.000	51.000
472.000	46.000
473.000	39.000
474.000	53.000
475.000	51.000
476.000	52.000
477.000	53.000
478.000	58.000
479.000	47.000
480.000	38.000
481.000	56.000
482.000	49.000
483.000	51.000
484.000	48.000
485.000	61.000
486.000	56.000
487.000	53.000
488.000	55.000
489.000	58.000
490.000	52.000
491.000	49.000
492.000	51.000
493.000	59.000
494.000	59.000
495.000	55.000
496.000	57.000
497.000	49.000
498.000	66.000
499.000	49.000
500.000	49.000
501.000	68.000
502.000	83.000
503.000	46.000
504.000	62.000
505.000	49.000
506.000	82.000
507.000	76.000
508.000	78.000
509.000	68.000
510.000	64.000
511.000	66.000
512.000	77.000
513.000	73.000
514.000	79.000
515.000	88.000
516.000	72.000
517.000	69.000
518.000	72.000
519.000	82.000
520.000	66.000
521.000	68.000
522.000	77.000
523.000	79.000
524.000	58.000
525.000	82.000
526.000	73.000
527.000	80.000
528.000	79.000
529.000	110.000
530.000	74.000
531.000	83.000
532.000	86.000
533.000	82.000
534.000	77.000
535.000	82.000
536.000	86.000
537.000	94.000
538.000	107.000
539.000	65.000
540.000	77.000
541.000	89.000
542.000	116.000
543.000	96.000
544.000	96.000
545.000	82.000
546.000	87.000
547.000	88.000
548.000	91.000
549.000	88.000
550.000	95.000
551.000	87.000
552.000	73.000
553.000	103.000
554.000	92.000
555.000	109.000
556.000	105.000
557.000	100.000
558.000	100.000
559.000	91.000
560.000	92.000
561.000	103.000
562.000	85.000
563.000	98.000
564.000	87.000
565.000	84.000
566.000	118.000
567.000	104.000
568.000	116.000
569.000	99.000
570.000	107.000
571.000	123.000
572.000	113.000
573.000	129.000
574.000	112.000
575.000	90.000
576.000	120.000
577.000	107.000
578.000	125.000
579.000	134.000
580.000	110.000
581.000	143.000
582.000	124.000
583.000	117.000
584.000	119.000
585.000	112.000
586.000	152.000
587.000	129.000
588.000	123.000
589.000	104.000
590.000	129.000
591.000	124.000
592.000	113.000
593.000	134.000
594.000	140.000
595.000	155.000
596.000	128.000
597.000	116.000
598.000	124.000
599.000	153.000
600.000	122.000
601.000	151.000
602.000	152.000
603.000	137.000
604.000	130.000
605.000	162.000
606.000	145.000
607.000	149.000
608.000	159.000
609.000	133.000
610.000	127.000
611.000	167.000
612.000	133.000
613.000	149.000
614.000	162.000
615.000	140.000
616.000	144.000
617.000	157.000
618.000	146.000
619.000	128.000
620.000	157.000
621.000	139.000
622.000	166.000
623.000	154.000
624.000	149.000
625.000	165.000
626.000	153.000
627.000	165.000
628.000	172.000
629.000	174.000
630.000	169.000
631.000	153.000
632.000	200.000
633.000	167.000
634.000	163.000
635.000	164.000
636.000	153.000
637.000	194.000
638.000	158.000
639.000	151.000
640.000	143.000
641.000	163.000
642.000	187.000
643.000	175.000
644.000	180.000
645.000	158.000
646.000	163.000
647.000	186.000
648.000	206.000
649.000	181.000
650.000	203.000
651.000	195.000
652.000	191.000
653.000	195.000
654.000	191.000
655.000	167.000
656.000	188.000
657.000	213.000
658.000	205.000
659.000	195.000
660.000	180.000
661.000	201.000
662.000	192.000
663.000	183.000
664.000	172.000
665.000	196.000
666.000	186.000
667.000	179.000
668.000	182.000
669.000	226.000
670.000	208.000
671.000	217.000
672.000	196.000
673.000	215.000
674.000	221.000
675.000	228.000
676.000	212.000
677.000	217.000
678.000	219.000
679.000	214.000
680.000	203.000
681.000	206.000
682.000	188.000
683.000	201.000
684.000	210.000
685.000	202.000
686.000	216.000
687.000	229.000
688.000	224.000
689.000	198.000
690.000	203.000
691.000	224.000
692.000	212.000
693.000	230.000
694.000	213.000
695.000	218.000
696.000	226.000
697.000	224.000
698.000	210.000
699.000	217.000
700.000	246.000
701.000	234.000
702.000	212.000
703.000	256.000
704.000	225.000
705.000	251.000
706.000	225.000
707.000	189.000
708.000	230.000
709.000	216.000
710.000	221.000
711.000	242.000
712.000	241.000
713.000	257.000
714.000	255.000
715.000	252.000
716.000	195.000
717.000	237.000
718.000	232.000
719.000	253.000
720.000	221.000
721.000	224.000
722.000	254.000
723.000	259.000
724.000	252.000
725.000	250.000
726.000	260.000
727.000	257.000
728.000	263.000
729.000	230.000
730.000	252.000
731.000	254.000
732.000	280.000
733.000	282.000
734.000	253.000
735.000	235.000
736.000	239.000
737.000	271.000
738.000	276.000
739.000	243.000
740.000	265.000
741.000	249.000
742.000	255.000
743.000	273.000
744.000	242.000
745.000	250.000
746.000	250.000
747.000	254.000
748.000	264.000
749.000	287.000
750.000	270.000
751.000	262.000
752.000	272.000
753.000	251.000
754.000	242.000
755.000	246.000
756.000	236.000
757.000	274.000
758.000	279.000
759.000	250.000
760.000	294.000
761.000	240.000
762.000	297.000
763.000	278.000
764.000	244.000
765.000	282.000
766.000	273.000
767.000	269.000
768.000	310.000
769.000	296.000
770.000	284.000
771.000	277.000
772.000	301.000
773.000	300.000
774.000	298.000
775.000	312.000
776.000	296.000
777.000	296.000
778.000	326.000
779.000	298.000
780.000	284.000
781.000	308.000
782.000	285.000
783.000	291.000
784.000	282.000
785.000	281.000
786.000	295.000
787.000	306.000
788.000	261.000
789.000	289.000
790.000	302.000
791.000	282.000
792.000	277.000
793.000	297.000
794.000	314.000
795.000	294.000
796.000	276.000
797.000	275.000
798.000	303.000
799.000	291.000
800.000	316.000
801.000	315.000
802.000	262.000
803.000	279.000
804.000	306.000
805.000	309.000
806.000	302.000
807.000	264.000
808.000	301.000
809.000	306.000
810.000	305.000
811.000	300.000
812.000	307.000
813.000	287.000
814.000	318.000
815.000	329.000
816.000	315.000
817.000	332.000
818.000	325.000
819.000	331.000
820.000	334.000
821.000	320.000
822.000	289.000
823.000	290.000
824.000	308.000
825.000	307.000
826.000	340.000
827.000	298.000
828.000	318.000
829.000	320.000
830.000	311.000
831.000	305.000
832.000	347.000
833.000	311.000
834.000	317.000
835.000	307.000
836.000	324.000
837.000	355.000
838.000	314.000
839.000	309.000
840.000	359.000
841.000	320.000
842.000	281.000
843.000	340.000
844.000	322.000
845.000	335.000
846.000	370.000
847.000	355.000
848.000	322.000
849.000	346.000
850.000	357.000
851.000	328.000
852.000	339.000
853.000	334.000
854.000	355.000
855.000	365.000
856.000	357.000
857.000	357.000
858.000	387.000
859.000	383.000
860.000	418.000
861.000	392.000
862.000	376.000
863.000	381.000
864.000	435.000
865.000	416.000
866.000	454.000
867.000	461.000
868.000	468.000
869.000	448.000
870.000	452.000
871.000	442.000
872.000	481.000
873.000	480.000
874.000	545.000
875.000	497.000
876.000	518.000
877.000	582.000
878.000	585.000
879.000	629.000
880.000	649.000
881.000	708.000
882.000	741.000
883.000	829.000
884.000	841.000
885.000	905.000
886.000	932.000
887.000	1018.000
888.000	1085.000
889.000	1164.000
890.000	1229.000
891.000	1284.000
892.000	1296.000
893.000	1290.000
894.000	1457.000
895.000	1482.000
896.000	1504.000
897.000	1528.000
898.000	1578.000
899.000	1526.000
900.000	1544.000
901.000	1555.000
902.000	1525.000
903.000	1572.000
904.000	1505.000
905.000	1566.000
906.000	1384.000
907.000	1414.000
908.000	1284.000
909.000	1275.000
910.000	1200.000
911.000	1166.000
912.000	1047.000
913.000	1052.000
914.000	970.000
915.000	1005.000
916.000	833.000
917.000	817.000
918.000	742.000
919.000	708.000
920.000	692.000
921.000	655.000
922.000	635.000
923.000	559.000
924.000	546.000
925.000	518.000
926.000	521.000
927.000	514.000
928.000	441.000
929.000	411.000
930.000	380.000
931.000	419.000
932.000	360.000
933.000	376.000
934.000	412.000
935.000	382.000
936.000	384.000
937.000	385.000
938.000	374.000
939.000	387.000
940.000	387.000
941.000	407.000
942.000	451.000
943.000	451.000
944.000	529.000
945.000	562.000
946.000	587.000
947.000	640.000
948.000	679.000
949.000	733.000
950.000	782.000
951.000	790.000
952.000	795.000
953.000	830.000
954.000	814.000
955.000	805.000
956.000	742.000
957.000	718.000
958.000	677.000
959.000	654.000
960.000	592.000
961.000	494.000
962.000	436.000
963.000	397.000
964.000	380.000
965.000	380.000
966.000	316.000
967.000	308.000
968.000	307.000
969.000	303.000
970.000	323.000
971.000	343.000
972.000	293.000
973.000	302.000
974.000	309.000
975.000	300.000
976.000	286.000
977.000	309.000
978.000	320.000
979.000	311.000
980.000	310.000
981.000	322.000
982.000	310.000
983.000	344.000
984.000	330.000
985.000	355.000
986.000	370.000
987.000	375.000
988.000	371.000
989.000	368.000
990.000	385.000
991.000	371.000
992.000	420.000
993.000	420.000
994.000	404.000
995.000	410.000
996.000	407.000
997.000	395.000
998.000	457.000
999.000	453.000
1000.000	434.000
1001.000	455.000
1002.000	480.000
1003.000	462.000
1004.000	468.000
1005.000	467.000
1006.000	484.000
1007.000	456.000
1008.000	481.000
1009.000	453.000
1010.000	448.000
1011.000	441.000
1012.000	410.000
1013.000	393.000
1014.000	393.000
1015.000	373.000
1016.000	407.000
1017.000	368.000
1018.000	384.000
1019.000	335.000
1020.000	310.000
1021.000	313.000
1022.000	349.000
1023.000	283.000
1024.000	265.000
