Date:	8/19/2008		Time:	9:54 AM		Version no:	0.00		Project name:	55		Sample name:	222		Section name:	section		Position	836.039995	mm	E0	0.000000	keV	E1	1.000000	keV/channel	sample surface	8.000000	cm	Tube anode:	Mo		Tube voltage:	30	kV	Tube current:	50	mA	gain	20		std. database			resultfile	result		matrix element	11		sample thickness	1.000000		air passage	0.560000	cm	comments	not in position		peaking_time	3.000000	m-sec	trigger_threshold	1229.166667	V	mca_bin_width	22.090000	no:	number_mca_channels	1024.000000	no:	gap_time	0.400000	m-sec	trigger_peaking_time	0.150000	m-sec	GAINDAC	9455		HIGHGAIN	1		TAURC	0		RCTAU	53		RCTAUFRAC	32768		livetime	9.880893	seconds	runtime	10.000502	seconds	input_count_rate	12.662014	cps	output_count_rate	10.958049	cps	triggers	125112	seconds	events_in_run	109586	seconds	channel	content		1.000	0.000
2.000	0.000
3.000	0.000
4.000	0.000
5.000	0.000
6.000	0.000
7.000	0.000
8.000	0.000
9.000	0.000
10.000	0.000
11.000	0.000
12.000	0.000
13.000	0.000
14.000	0.000
15.000	0.000
16.000	0.000
17.000	0.000
18.000	0.000
19.000	0.000
20.000	0.000
21.000	0.000
22.000	0.000
23.000	0.000
24.000	0.000
25.000	0.000
26.000	0.000
27.000	0.000
28.000	0.000
29.000	0.000
30.000	0.000
31.000	0.000
32.000	0.000
33.000	2.000
34.000	1.000
35.000	1.000
36.000	1.000
37.000	1.000
38.000	1.000
39.000	1.000
40.000	2.000
41.000	5.000
42.000	4.000
43.000	3.000
44.000	6.000
45.000	5.000
46.000	6.000
47.000	7.000
48.000	4.000
49.000	6.000
50.000	2.000
51.000	5.000
52.000	4.000
53.000	6.000
54.000	9.000
55.000	7.000
56.000	6.000
57.000	10.000
58.000	6.000
59.000	9.000
60.000	5.000
61.000	8.000
62.000	8.000
63.000	6.000
64.000	8.000
65.000	11.000
66.000	5.000
67.000	4.000
68.000	5.000
69.000	3.000
70.000	11.000
71.000	5.000
72.000	3.000
73.000	8.000
74.000	6.000
75.000	2.000
76.000	3.000
77.000	2.000
78.000	5.000
79.000	5.000
80.000	8.000
81.000	4.000
82.000	14.000
83.000	5.000
84.000	7.000
85.000	3.000
86.000	5.000
87.000	5.000
88.000	8.000
89.000	4.000
90.000	4.000
91.000	4.000
92.000	9.000
93.000	2.000
94.000	7.000
95.000	6.000
96.000	5.000
97.000	5.000
98.000	5.000
99.000	3.000
100.000	3.000
101.000	2.000
102.000	5.000
103.000	4.000
104.000	6.000
105.000	9.000
106.000	4.000
107.000	4.000
108.000	4.000
109.000	2.000
110.000	5.000
111.000	3.000
112.000	8.000
113.000	2.000
114.000	3.000
115.000	3.000
116.000	7.000
117.000	6.000
118.000	4.000
119.000	6.000
120.000	3.000
121.000	3.000
122.000	9.000
123.000	2.000
124.000	2.000
125.000	3.000
126.000	5.000
127.000	8.000
128.000	6.000
129.000	4.000
130.000	5.000
131.000	7.000
132.000	3.000
133.000	6.000
134.000	1.000
135.000	2.000
136.000	3.000
137.000	4.000
138.000	4.000
139.000	5.000
140.000	5.000
141.000	0.000
142.000	1.000
143.000	3.000
144.000	3.000
145.000	2.000
146.000	5.000
147.000	2.000
148.000	3.000
149.000	4.000
150.000	1.000
151.000	3.000
152.000	3.000
153.000	2.000
154.000	1.000
155.000	3.000
156.000	5.000
157.000	8.000
158.000	5.000
159.000	9.000
160.000	7.000
161.000	10.000
162.000	12.000
163.000	15.000
164.000	15.000
165.000	10.000
166.000	5.000
167.000	3.000
168.000	6.000
169.000	2.000
170.000	5.000
171.000	2.000
172.000	5.000
173.000	4.000
174.000	3.000
175.000	4.000
176.000	8.000
177.000	1.000
178.000	1.000
179.000	3.000
180.000	2.000
181.000	0.000
182.000	2.000
183.000	3.000
184.000	3.000
185.000	2.000
186.000	1.000
187.000	1.000
188.000	2.000
189.000	2.000
190.000	1.000
191.000	3.000
192.000	0.000
193.000	0.000
194.000	1.000
195.000	5.000
196.000	3.000
197.000	2.000
198.000	5.000
199.000	1.000
200.000	0.000
201.000	0.000
202.000	4.000
203.000	4.000
204.000	3.000
205.000	1.000
206.000	3.000
207.000	4.000
208.000	1.000
209.000	1.000
210.000	1.000
211.000	1.000
212.000	2.000
213.000	3.000
214.000	0.000
215.000	1.000
216.000	1.000
217.000	2.000
218.000	1.000
219.000	0.000
220.000	0.000
221.000	2.000
222.000	2.000
223.000	1.000
224.000	3.000
225.000	1.000
226.000	4.000
227.000	0.000
228.000	4.000
229.000	0.000
230.000	1.000
231.000	2.000
232.000	1.000
233.000	4.000
234.000	2.000
235.000	2.000
236.000	1.000
237.000	2.000
238.000	2.000
239.000	3.000
240.000	1.000
241.000	3.000
242.000	2.000
243.000	1.000
244.000	1.000
245.000	3.000
246.000	1.000
247.000	0.000
248.000	1.000
249.000	1.000
250.000	0.000
251.000	1.000
252.000	0.000
253.000	5.000
254.000	2.000
255.000	0.000
256.000	2.000
257.000	0.000
258.000	0.000
259.000	0.000
260.000	2.000
261.000	3.000
262.000	1.000
263.000	2.000
264.000	1.000
265.000	4.000
266.000	2.000
267.000	1.000
268.000	2.000
269.000	0.000
270.000	3.000
271.000	2.000
272.000	3.000
273.000	1.000
274.000	3.000
275.000	1.000
276.000	0.000
277.000	1.000
278.000	2.000
279.000	2.000
280.000	2.000
281.000	3.000
282.000	1.000
283.000	2.000
284.000	2.000
285.000	4.000
286.000	1.000
287.000	1.000
288.000	3.000
289.000	2.000
290.000	4.000
291.000	5.000
292.000	0.000
293.000	2.000
294.000	4.000
295.000	1.000
296.000	3.000
297.000	1.000
298.000	3.000
299.000	2.000
300.000	1.000
301.000	6.000
302.000	1.000
303.000	1.000
304.000	0.000
305.000	1.000
306.000	0.000
307.000	0.000
308.000	5.000
309.000	4.000
310.000	4.000
311.000	4.000
312.000	1.000
313.000	3.000
314.000	4.000
315.000	1.000
316.000	3.000
317.000	0.000
318.000	2.000
319.000	2.000
320.000	4.000
321.000	2.000
322.000	4.000
323.000	1.000
324.000	1.000
325.000	6.000
326.000	2.000
327.000	4.000
328.000	2.000
329.000	2.000
330.000	1.000
331.000	0.000
332.000	1.000
333.000	1.000
334.000	3.000
335.000	2.000
336.000	1.000
337.000	4.000
338.000	1.000
339.000	2.000
340.000	5.000
341.000	1.000
342.000	2.000
343.000	2.000
344.000	3.000
345.000	7.000
346.000	8.000
347.000	4.000
348.000	7.000
349.000	7.000
350.000	12.000
351.000	17.000
352.000	15.000
353.000	6.000
354.000	10.000
355.000	6.000
356.000	6.000
357.000	2.000
358.000	3.000
359.000	0.000
360.000	2.000
361.000	1.000
362.000	2.000
363.000	3.000
364.000	3.000
365.000	3.000
366.000	2.000
367.000	0.000
368.000	3.000
369.000	1.000
370.000	2.000
371.000	1.000
372.000	2.000
373.000	1.000
374.000	4.000
375.000	0.000
376.000	2.000
377.000	2.000
378.000	4.000
379.000	0.000
380.000	3.000
381.000	4.000
382.000	3.000
383.000	4.000
384.000	2.000
385.000	5.000
386.000	7.000
387.000	3.000
388.000	3.000
389.000	8.000
390.000	4.000
391.000	2.000
392.000	10.000
393.000	1.000
394.000	4.000
395.000	3.000
396.000	1.000
397.000	2.000
398.000	2.000
399.000	3.000
400.000	2.000
401.000	1.000
402.000	4.000
403.000	4.000
404.000	2.000
405.000	1.000
406.000	2.000
407.000	3.000
408.000	3.000
409.000	2.000
410.000	3.000
411.000	2.000
412.000	0.000
413.000	3.000
414.000	4.000
415.000	1.000
416.000	2.000
417.000	3.000
418.000	1.000
419.000	1.000
420.000	6.000
421.000	4.000
422.000	4.000
423.000	2.000
424.000	1.000
425.000	1.000
426.000	3.000
427.000	3.000
428.000	7.000
429.000	2.000
430.000	2.000
431.000	4.000
432.000	2.000
433.000	3.000
434.000	1.000
435.000	1.000
436.000	2.000
437.000	4.000
438.000	7.000
439.000	3.000
440.000	5.000
441.000	4.000
442.000	4.000
443.000	6.000
444.000	1.000
445.000	7.000
446.000	4.000
447.000	13.000
448.000	5.000
449.000	3.000
450.000	6.000
451.000	2.000
452.000	9.000
453.000	3.000
454.000	5.000
455.000	4.000
456.000	6.000
457.000	4.000
458.000	6.000
459.000	4.000
460.000	5.000
461.000	2.000
462.000	4.000
463.000	10.000
464.000	6.000
465.000	5.000
466.000	7.000
467.000	7.000
468.000	10.000
469.000	6.000
470.000	7.000
471.000	5.000
472.000	7.000
473.000	4.000
474.000	5.000
475.000	8.000
476.000	7.000
477.000	2.000
478.000	10.000
479.000	7.000
480.000	5.000
481.000	1.000
482.000	6.000
483.000	13.000
484.000	7.000
485.000	9.000
486.000	7.000
487.000	6.000
488.000	11.000
489.000	5.000
490.000	8.000
491.000	3.000
492.000	14.000
493.000	4.000
494.000	7.000
495.000	9.000
496.000	13.000
497.000	10.000
498.000	9.000
499.000	12.000
500.000	11.000
501.000	10.000
502.000	12.000
503.000	8.000
504.000	9.000
505.000	13.000
506.000	13.000
507.000	13.000
508.000	13.000
509.000	12.000
510.000	14.000
511.000	12.000
512.000	18.000
513.000	12.000
514.000	15.000
515.000	17.000
516.000	10.000
517.000	9.000
518.000	14.000
519.000	18.000
520.000	15.000
521.000	11.000
522.000	13.000
523.000	14.000
524.000	15.000
525.000	19.000
526.000	20.000
527.000	14.000
528.000	19.000
529.000	23.000
530.000	21.000
531.000	11.000
532.000	16.000
533.000	16.000
534.000	16.000
535.000	14.000
536.000	14.000
537.000	16.000
538.000	18.000
539.000	25.000
540.000	17.000
541.000	19.000
542.000	20.000
543.000	23.000
544.000	17.000
545.000	29.000
546.000	17.000
547.000	26.000
548.000	24.000
549.000	30.000
550.000	20.000
551.000	21.000
552.000	32.000
553.000	24.000
554.000	24.000
555.000	24.000
556.000	24.000
557.000	29.000
558.000	20.000
559.000	18.000
560.000	23.000
561.000	18.000
562.000	20.000
563.000	27.000
564.000	23.000
565.000	30.000
566.000	26.000
567.000	19.000
568.000	29.000
569.000	21.000
570.000	27.000
571.000	26.000
572.000	40.000
573.000	25.000
574.000	30.000
575.000	32.000
576.000	17.000
577.000	21.000
578.000	25.000
579.000	35.000
580.000	36.000
581.000	34.000
582.000	32.000
583.000	19.000
584.000	18.000
585.000	45.000
586.000	28.000
587.000	36.000
588.000	34.000
589.000	40.000
590.000	38.000
591.000	32.000
592.000	36.000
593.000	30.000
594.000	32.000
595.000	28.000
596.000	30.000
597.000	33.000
598.000	34.000
599.000	49.000
600.000	34.000
601.000	38.000
602.000	32.000
603.000	38.000
604.000	33.000
605.000	48.000
606.000	42.000
607.000	36.000
608.000	48.000
609.000	36.000
610.000	38.000
611.000	44.000
612.000	43.000
613.000	35.000
614.000	57.000
615.000	36.000
616.000	47.000
617.000	57.000
618.000	51.000
619.000	52.000
620.000	41.000
621.000	49.000
622.000	49.000
623.000	43.000
624.000	45.000
625.000	49.000
626.000	54.000
627.000	53.000
628.000	72.000
629.000	58.000
630.000	54.000
631.000	50.000
632.000	43.000
633.000	56.000
634.000	61.000
635.000	51.000
636.000	58.000
637.000	43.000
638.000	54.000
639.000	77.000
640.000	51.000
641.000	52.000
642.000	52.000
643.000	65.000
644.000	68.000
645.000	55.000
646.000	60.000
647.000	65.000
648.000	68.000
649.000	64.000
650.000	60.000
651.000	62.000
652.000	53.000
653.000	71.000
654.000	81.000
655.000	81.000
656.000	68.000
657.000	54.000
658.000	71.000
659.000	60.000
660.000	68.000
661.000	60.000
662.000	66.000
663.000	74.000
664.000	76.000
665.000	66.000
666.000	72.000
667.000	77.000
668.000	63.000
669.000	63.000
670.000	72.000
671.000	65.000
672.000	71.000
673.000	66.000
674.000	76.000
675.000	77.000
676.000	93.000
677.000	72.000
678.000	73.000
679.000	71.000
680.000	70.000
681.000	69.000
682.000	90.000
683.000	78.000
684.000	77.000
685.000	88.000
686.000	76.000
687.000	88.000
688.000	88.000
689.000	99.000
690.000	80.000
691.000	75.000
692.000	74.000
693.000	95.000
694.000	91.000
695.000	76.000
696.000	84.000
697.000	99.000
698.000	85.000
699.000	75.000
700.000	102.000
701.000	82.000
702.000	98.000
703.000	88.000
704.000	93.000
705.000	100.000
706.000	92.000
707.000	93.000
708.000	120.000
709.000	103.000
710.000	78.000
711.000	103.000
712.000	91.000
713.000	101.000
714.000	96.000
715.000	84.000
716.000	103.000
717.000	110.000
718.000	114.000
719.000	88.000
720.000	114.000
721.000	111.000
722.000	102.000
723.000	134.000
724.000	105.000
725.000	92.000
726.000	110.000
727.000	104.000
728.000	119.000
729.000	102.000
730.000	112.000
731.000	119.000
732.000	113.000
733.000	112.000
734.000	87.000
735.000	89.000
736.000	88.000
737.000	123.000
738.000	100.000
739.000	79.000
740.000	118.000
741.000	100.000
742.000	115.000
743.000	124.000
744.000	105.000
745.000	132.000
746.000	106.000
747.000	119.000
748.000	108.000
749.000	111.000
750.000	120.000
751.000	117.000
752.000	117.000
753.000	108.000
754.000	108.000
755.000	115.000
756.000	101.000
757.000	110.000
758.000	112.000
759.000	135.000
760.000	108.000
761.000	114.000
762.000	113.000
763.000	121.000
764.000	114.000
765.000	126.000
766.000	152.000
767.000	126.000
768.000	122.000
769.000	143.000
770.000	153.000
771.000	135.000
772.000	123.000
773.000	136.000
774.000	129.000
775.000	139.000
776.000	141.000
777.000	154.000
778.000	150.000
779.000	153.000
780.000	136.000
781.000	135.000
782.000	149.000
783.000	111.000
784.000	159.000
785.000	142.000
786.000	141.000
787.000	131.000
788.000	138.000
789.000	136.000
790.000	144.000
791.000	134.000
792.000	133.000
793.000	144.000
794.000	140.000
795.000	142.000
796.000	139.000
797.000	146.000
798.000	147.000
799.000	149.000
800.000	149.000
801.000	135.000
802.000	155.000
803.000	144.000
804.000	133.000
805.000	155.000
806.000	126.000
807.000	155.000
808.000	143.000
809.000	141.000
810.000	159.000
811.000	152.000
812.000	166.000
813.000	134.000
814.000	183.000
815.000	132.000
816.000	163.000
817.000	138.000
818.000	153.000
819.000	152.000
820.000	163.000
821.000	144.000
822.000	131.000
823.000	135.000
824.000	174.000
825.000	141.000
826.000	174.000
827.000	158.000
828.000	160.000
829.000	178.000
830.000	180.000
831.000	153.000
832.000	185.000
833.000	173.000
834.000	147.000
835.000	158.000
836.000	162.000
837.000	164.000
838.000	186.000
839.000	145.000
840.000	168.000
841.000	175.000
842.000	170.000
843.000	190.000
844.000	164.000
845.000	201.000
846.000	192.000
847.000	175.000
848.000	166.000
849.000	175.000
850.000	171.000
851.000	168.000
852.000	200.000
853.000	163.000
854.000	172.000
855.000	180.000
856.000	178.000
857.000	187.000
858.000	208.000
859.000	229.000
860.000	225.000
861.000	229.000
862.000	218.000
863.000	218.000
864.000	233.000
865.000	243.000
866.000	235.000
867.000	263.000
868.000	236.000
869.000	249.000
870.000	247.000
871.000	255.000
872.000	266.000
873.000	278.000
874.000	272.000
875.000	316.000
876.000	320.000
877.000	332.000
878.000	336.000
879.000	370.000
880.000	409.000
881.000	388.000
882.000	419.000
883.000	484.000
884.000	484.000
885.000	499.000
886.000	573.000
887.000	596.000
888.000	599.000
889.000	628.000
890.000	671.000
891.000	680.000
892.000	748.000
893.000	734.000
894.000	760.000
895.000	817.000
896.000	778.000
897.000	777.000
898.000	846.000
899.000	810.000
900.000	814.000
901.000	808.000
902.000	766.000
903.000	806.000
904.000	789.000
905.000	756.000
906.000	673.000
907.000	701.000
908.000	675.000
909.000	583.000
910.000	571.000
911.000	510.000
912.000	504.000
913.000	488.000
914.000	492.000
915.000	449.000
916.000	441.000
917.000	398.000
918.000	376.000
919.000	367.000
920.000	323.000
921.000	337.000
922.000	307.000
923.000	335.000
924.000	270.000
925.000	249.000
926.000	247.000
927.000	281.000
928.000	247.000
929.000	210.000
930.000	213.000
931.000	206.000
932.000	227.000
933.000	224.000
934.000	194.000
935.000	195.000
936.000	198.000
937.000	215.000
938.000	202.000
939.000	204.000
940.000	225.000
941.000	240.000
942.000	240.000
943.000	232.000
944.000	281.000
945.000	308.000
946.000	270.000
947.000	336.000
948.000	371.000
949.000	358.000
950.000	421.000
951.000	417.000
952.000	438.000
953.000	474.000
954.000	479.000
955.000	442.000
956.000	406.000
957.000	445.000
958.000	355.000
959.000	319.000
960.000	333.000
961.000	292.000
962.000	276.000
963.000	247.000
964.000	222.000
965.000	186.000
966.000	180.000
967.000	204.000
968.000	200.000
969.000	180.000
970.000	167.000
971.000	160.000
972.000	172.000
973.000	157.000
974.000	165.000
975.000	183.000
976.000	175.000
977.000	149.000
978.000	199.000
979.000	214.000
980.000	170.000
981.000	192.000
982.000	181.000
983.000	211.000
984.000	193.000
985.000	206.000
986.000	212.000
987.000	200.000
988.000	226.000
989.000	190.000
990.000	208.000
991.000	249.000
992.000	220.000
993.000	230.000
994.000	246.000
995.000	250.000
996.000	266.000
997.000	255.000
998.000	277.000
999.000	253.000
1000.000	297.000
1001.000	257.000
1002.000	257.000
1003.000	272.000
1004.000	250.000
1005.000	238.000
1006.000	244.000
1007.000	259.000
1008.000	254.000
1009.000	257.000
1010.000	265.000
1011.000	235.000
1012.000	214.000
1013.000	194.000
1014.000	197.000
1015.000	217.000
1016.000	212.000
1017.000	210.000
1018.000	197.000
1019.000	188.000
1020.000	160.000
1021.000	162.000
1022.000	192.000
1023.000	161.000
1024.000	162.000
