Date:	8/19/2008		Time:	8:44 AM		Version no:	0.00		Project name:	55		Sample name:	222		Section name:	section		Position	98.039995	mm	E0	0.000000	keV	E1	1.000000	keV/channel	sample surface	7.615492	cm	Tube anode:	Mo		Tube voltage:	30	kV	Tube current:	50	mA	gain	20		std. database			resultfile	result		matrix element	11		sample thickness	1.000000		air passage	0.560000	cm	comments	not in position		peaking_time	3.000000	m-sec	trigger_threshold	1229.166667	V	mca_bin_width	22.090000	no:	number_mca_channels	1024.000000	no:	gap_time	0.400000	m-sec	trigger_peaking_time	0.150000	m-sec	GAINDAC	9455		HIGHGAIN	1		TAURC	0		RCTAU	53		RCTAUFRAC	32768		livetime	9.680251	seconds	runtime	10.000502	seconds	input_count_rate	29.903873	cps	output_count_rate	22.495570	cps	triggers	289477	seconds	events_in_run	224967	seconds	channel	content		1.000	0.000
2.000	0.000
3.000	0.000
4.000	0.000
5.000	0.000
6.000	0.000
7.000	0.000
8.000	0.000
9.000	0.000
10.000	0.000
11.000	0.000
12.000	0.000
13.000	0.000
14.000	0.000
15.000	0.000
16.000	0.000
17.000	0.000
18.000	0.000
19.000	0.000
20.000	0.000
21.000	0.000
22.000	0.000
23.000	0.000
24.000	0.000
25.000	0.000
26.000	0.000
27.000	0.000
28.000	0.000
29.000	0.000
30.000	0.000
31.000	0.000
32.000	2.000
33.000	1.000
34.000	0.000
35.000	1.000
36.000	2.000
37.000	0.000
38.000	6.000
39.000	4.000
40.000	5.000
41.000	1.000
42.000	2.000
43.000	1.000
44.000	4.000
45.000	7.000
46.000	2.000
47.000	7.000
48.000	5.000
49.000	1.000
50.000	6.000
51.000	17.000
52.000	9.000
53.000	16.000
54.000	11.000
55.000	15.000
56.000	13.000
57.000	9.000
58.000	10.000
59.000	19.000
60.000	10.000
61.000	14.000
62.000	12.000
63.000	10.000
64.000	15.000
65.000	11.000
66.000	14.000
67.000	12.000
68.000	11.000
69.000	13.000
70.000	13.000
71.000	10.000
72.000	9.000
73.000	9.000
74.000	11.000
75.000	8.000
76.000	7.000
77.000	6.000
78.000	10.000
79.000	5.000
80.000	7.000
81.000	7.000
82.000	4.000
83.000	11.000
84.000	11.000
85.000	9.000
86.000	7.000
87.000	7.000
88.000	6.000
89.000	9.000
90.000	5.000
91.000	12.000
92.000	5.000
93.000	4.000
94.000	14.000
95.000	9.000
96.000	6.000
97.000	9.000
98.000	9.000
99.000	9.000
100.000	9.000
101.000	5.000
102.000	6.000
103.000	5.000
104.000	9.000
105.000	5.000
106.000	11.000
107.000	9.000
108.000	3.000
109.000	6.000
110.000	6.000
111.000	7.000
112.000	10.000
113.000	7.000
114.000	7.000
115.000	6.000
116.000	9.000
117.000	3.000
118.000	7.000
119.000	3.000
120.000	4.000
121.000	4.000
122.000	7.000
123.000	8.000
124.000	7.000
125.000	4.000
126.000	12.000
127.000	7.000
128.000	8.000
129.000	7.000
130.000	9.000
131.000	9.000
132.000	9.000
133.000	3.000
134.000	4.000
135.000	10.000
136.000	7.000
137.000	4.000
138.000	3.000
139.000	3.000
140.000	7.000
141.000	2.000
142.000	3.000
143.000	7.000
144.000	5.000
145.000	3.000
146.000	4.000
147.000	4.000
148.000	4.000
149.000	5.000
150.000	1.000
151.000	5.000
152.000	3.000
153.000	7.000
154.000	3.000
155.000	1.000
156.000	6.000
157.000	2.000
158.000	3.000
159.000	10.000
160.000	5.000
161.000	9.000
162.000	5.000
163.000	10.000
164.000	7.000
165.000	6.000
166.000	5.000
167.000	7.000
168.000	3.000
169.000	5.000
170.000	3.000
171.000	4.000
172.000	2.000
173.000	4.000
174.000	4.000
175.000	5.000
176.000	7.000
177.000	4.000
178.000	7.000
179.000	2.000
180.000	5.000
181.000	6.000
182.000	10.000
183.000	8.000
184.000	7.000
185.000	8.000
186.000	4.000
187.000	5.000
188.000	6.000
189.000	4.000
190.000	3.000
191.000	2.000
192.000	3.000
193.000	2.000
194.000	4.000
195.000	4.000
196.000	3.000
197.000	6.000
198.000	15.000
199.000	19.000
200.000	20.000
201.000	20.000
202.000	18.000
203.000	26.000
204.000	21.000
205.000	12.000
206.000	10.000
207.000	11.000
208.000	10.000
209.000	8.000
210.000	1.000
211.000	1.000
212.000	7.000
213.000	3.000
214.000	4.000
215.000	4.000
216.000	2.000
217.000	4.000
218.000	6.000
219.000	5.000
220.000	8.000
221.000	7.000
222.000	5.000
223.000	5.000
224.000	8.000
225.000	2.000
226.000	0.000
227.000	1.000
228.000	3.000
229.000	4.000
230.000	1.000
231.000	6.000
232.000	4.000
233.000	4.000
234.000	3.000
235.000	1.000
236.000	1.000
237.000	2.000
238.000	4.000
239.000	3.000
240.000	2.000
241.000	4.000
242.000	8.000
243.000	7.000
244.000	2.000
245.000	9.000
246.000	15.000
247.000	8.000
248.000	6.000
249.000	12.000
250.000	7.000
251.000	8.000
252.000	8.000
253.000	9.000
254.000	3.000
255.000	4.000
256.000	5.000
257.000	9.000
258.000	2.000
259.000	7.000
260.000	6.000
261.000	3.000
262.000	5.000
263.000	5.000
264.000	2.000
265.000	9.000
266.000	7.000
267.000	3.000
268.000	4.000
269.000	3.000
270.000	6.000
271.000	9.000
272.000	9.000
273.000	4.000
274.000	5.000
275.000	6.000
276.000	10.000
277.000	6.000
278.000	7.000
279.000	2.000
280.000	6.000
281.000	3.000
282.000	4.000
283.000	2.000
284.000	5.000
285.000	2.000
286.000	8.000
287.000	7.000
288.000	10.000
289.000	9.000
290.000	4.000
291.000	4.000
292.000	5.000
293.000	10.000
294.000	4.000
295.000	7.000
296.000	10.000
297.000	9.000
298.000	5.000
299.000	5.000
300.000	8.000
301.000	8.000
302.000	1.000
303.000	6.000
304.000	7.000
305.000	8.000
306.000	5.000
307.000	8.000
308.000	4.000
309.000	8.000
310.000	6.000
311.000	14.000
312.000	11.000
313.000	7.000
314.000	12.000
315.000	11.000
316.000	13.000
317.000	18.000
318.000	25.000
319.000	24.000
320.000	31.000
321.000	35.000
322.000	56.000
323.000	41.000
324.000	45.000
325.000	45.000
326.000	35.000
327.000	25.000
328.000	17.000
329.000	15.000
330.000	13.000
331.000	14.000
332.000	6.000
333.000	8.000
334.000	16.000
335.000	5.000
336.000	8.000
337.000	13.000
338.000	12.000
339.000	14.000
340.000	18.000
341.000	20.000
342.000	45.000
343.000	69.000
344.000	91.000
345.000	140.000
346.000	207.000
347.000	303.000
348.000	415.000
349.000	496.000
350.000	528.000
351.000	519.000
352.000	463.000
353.000	438.000
354.000	328.000
355.000	224.000
356.000	190.000
357.000	117.000
358.000	79.000
359.000	52.000
360.000	27.000
361.000	22.000
362.000	18.000
363.000	14.000
364.000	14.000
365.000	10.000
366.000	12.000
367.000	14.000
368.000	15.000
369.000	18.000
370.000	13.000
371.000	15.000
372.000	14.000
373.000	16.000
374.000	17.000
375.000	14.000
376.000	22.000
377.000	13.000
378.000	21.000
379.000	22.000
380.000	53.000
381.000	56.000
382.000	61.000
383.000	83.000
384.000	97.000
385.000	107.000
386.000	109.000
387.000	101.000
388.000	88.000
389.000	80.000
390.000	77.000
391.000	60.000
392.000	50.000
393.000	43.000
394.000	25.000
395.000	29.000
396.000	31.000
397.000	31.000
398.000	20.000
399.000	21.000
400.000	21.000
401.000	20.000
402.000	23.000
403.000	24.000
404.000	25.000
405.000	31.000
406.000	21.000
407.000	21.000
408.000	34.000
409.000	24.000
410.000	26.000
411.000	34.000
412.000	21.000
413.000	22.000
414.000	25.000
415.000	25.000
416.000	25.000
417.000	25.000
418.000	19.000
419.000	14.000
420.000	26.000
421.000	30.000
422.000	32.000
423.000	25.000
424.000	21.000
425.000	29.000
426.000	27.000
427.000	30.000
428.000	22.000
429.000	30.000
430.000	33.000
431.000	28.000
432.000	35.000
433.000	33.000
434.000	35.000
435.000	27.000
436.000	36.000
437.000	37.000
438.000	32.000
439.000	22.000
440.000	33.000
441.000	43.000
442.000	40.000
443.000	34.000
444.000	39.000
445.000	44.000
446.000	28.000
447.000	42.000
448.000	41.000
449.000	41.000
450.000	40.000
451.000	44.000
452.000	39.000
453.000	39.000
454.000	41.000
455.000	45.000
456.000	47.000
457.000	51.000
458.000	43.000
459.000	49.000
460.000	43.000
461.000	47.000
462.000	45.000
463.000	47.000
464.000	47.000
465.000	42.000
466.000	54.000
467.000	43.000
468.000	38.000
469.000	55.000
470.000	55.000
471.000	49.000
472.000	55.000
473.000	55.000
474.000	63.000
475.000	51.000
476.000	52.000
477.000	49.000
478.000	57.000
479.000	55.000
480.000	47.000
481.000	52.000
482.000	51.000
483.000	64.000
484.000	57.000
485.000	49.000
486.000	63.000
487.000	57.000
488.000	64.000
489.000	50.000
490.000	63.000
491.000	64.000
492.000	53.000
493.000	62.000
494.000	54.000
495.000	52.000
496.000	64.000
497.000	70.000
498.000	49.000
499.000	70.000
500.000	54.000
501.000	68.000
502.000	65.000
503.000	76.000
504.000	68.000
505.000	76.000
506.000	62.000
507.000	82.000
508.000	75.000
509.000	76.000
510.000	96.000
511.000	76.000
512.000	78.000
513.000	74.000
514.000	62.000
515.000	83.000
516.000	76.000
517.000	73.000
518.000	72.000
519.000	83.000
520.000	81.000
521.000	91.000
522.000	84.000
523.000	84.000
524.000	103.000
525.000	83.000
526.000	68.000
527.000	82.000
528.000	79.000
529.000	86.000
530.000	107.000
531.000	88.000
532.000	80.000
533.000	118.000
534.000	102.000
535.000	89.000
536.000	106.000
537.000	88.000
538.000	84.000
539.000	112.000
540.000	96.000
541.000	97.000
542.000	87.000
543.000	116.000
544.000	92.000
545.000	98.000
546.000	96.000
547.000	107.000
548.000	90.000
549.000	96.000
550.000	91.000
551.000	113.000
552.000	85.000
553.000	92.000
554.000	93.000
555.000	99.000
556.000	111.000
557.000	102.000
558.000	85.000
559.000	105.000
560.000	121.000
561.000	131.000
562.000	104.000
563.000	107.000
564.000	107.000
565.000	133.000
566.000	112.000
567.000	105.000
568.000	134.000
569.000	108.000
570.000	127.000
571.000	119.000
572.000	131.000
573.000	125.000
574.000	129.000
575.000	134.000
576.000	132.000
577.000	130.000
578.000	126.000
579.000	134.000
580.000	156.000
581.000	135.000
582.000	136.000
583.000	124.000
584.000	125.000
585.000	145.000
586.000	127.000
587.000	119.000
588.000	140.000
589.000	144.000
590.000	123.000
591.000	128.000
592.000	137.000
593.000	124.000
594.000	143.000
595.000	145.000
596.000	151.000
597.000	140.000
598.000	150.000
599.000	126.000
600.000	151.000
601.000	147.000
602.000	155.000
603.000	129.000
604.000	141.000
605.000	153.000
606.000	154.000
607.000	138.000
608.000	171.000
609.000	174.000
610.000	157.000
611.000	152.000
612.000	149.000
613.000	177.000
614.000	152.000
615.000	166.000
616.000	137.000
617.000	137.000
618.000	174.000
619.000	159.000
620.000	165.000
621.000	158.000
622.000	167.000
623.000	164.000
624.000	170.000
625.000	160.000
626.000	169.000
627.000	175.000
628.000	178.000
629.000	184.000
630.000	172.000
631.000	176.000
632.000	163.000
633.000	162.000
634.000	183.000
635.000	168.000
636.000	196.000
637.000	163.000
638.000	176.000
639.000	187.000
640.000	170.000
641.000	191.000
642.000	189.000
643.000	185.000
644.000	183.000
645.000	188.000
646.000	191.000
647.000	194.000
648.000	213.000
649.000	193.000
650.000	160.000
651.000	188.000
652.000	229.000
653.000	198.000
654.000	186.000
655.000	195.000
656.000	157.000
657.000	197.000
658.000	196.000
659.000	197.000
660.000	188.000
661.000	205.000
662.000	193.000
663.000	193.000
664.000	195.000
665.000	207.000
666.000	207.000
667.000	199.000
668.000	211.000
669.000	184.000
670.000	217.000
671.000	196.000
672.000	217.000
673.000	209.000
674.000	234.000
675.000	186.000
676.000	227.000
677.000	194.000
678.000	228.000
679.000	193.000
680.000	223.000
681.000	222.000
682.000	225.000
683.000	180.000
684.000	223.000
685.000	218.000
686.000	213.000
687.000	184.000
688.000	215.000
689.000	242.000
690.000	196.000
691.000	220.000
692.000	223.000
693.000	235.000
694.000	242.000
695.000	219.000
696.000	213.000
697.000	218.000
698.000	220.000
699.000	232.000
700.000	221.000
701.000	218.000
702.000	214.000
703.000	228.000
704.000	216.000
705.000	228.000
706.000	243.000
707.000	244.000
708.000	241.000
709.000	235.000
710.000	261.000
711.000	254.000
712.000	249.000
713.000	242.000
714.000	221.000
715.000	231.000
716.000	217.000
717.000	244.000
718.000	236.000
719.000	259.000
720.000	253.000
721.000	258.000
722.000	245.000
723.000	237.000
724.000	261.000
725.000	249.000
726.000	233.000
727.000	264.000
728.000	249.000
729.000	239.000
730.000	276.000
731.000	255.000
732.000	247.000
733.000	283.000
734.000	274.000
735.000	291.000
736.000	249.000
737.000	260.000
738.000	255.000
739.000	274.000
740.000	277.000
741.000	259.000
742.000	254.000
743.000	260.000
744.000	251.000
745.000	254.000
746.000	278.000
747.000	259.000
748.000	265.000
749.000	250.000
750.000	268.000
751.000	259.000
752.000	263.000
753.000	251.000
754.000	274.000
755.000	250.000
756.000	303.000
757.000	285.000
758.000	264.000
759.000	241.000
760.000	253.000
761.000	271.000
762.000	252.000
763.000	282.000
764.000	273.000
765.000	294.000
766.000	281.000
767.000	308.000
768.000	309.000
769.000	278.000
770.000	325.000
771.000	297.000
772.000	280.000
773.000	301.000
774.000	308.000
775.000	333.000
776.000	298.000
777.000	306.000
778.000	290.000
779.000	323.000
780.000	302.000
781.000	306.000
782.000	282.000
783.000	282.000
784.000	291.000
785.000	292.000
786.000	276.000
787.000	325.000
788.000	286.000
789.000	305.000
790.000	281.000
791.000	282.000
792.000	326.000
793.000	300.000
794.000	278.000
795.000	304.000
796.000	298.000
797.000	295.000
798.000	285.000
799.000	286.000
800.000	281.000
801.000	314.000
802.000	311.000
803.000	291.000
804.000	298.000
805.000	308.000
806.000	302.000
807.000	281.000
808.000	278.000
809.000	291.000
810.000	296.000
811.000	291.000
812.000	293.000
813.000	294.000
814.000	308.000
815.000	289.000
816.000	312.000
817.000	277.000
818.000	318.000
819.000	290.000
820.000	297.000
821.000	325.000
822.000	303.000
823.000	287.000
824.000	319.000
825.000	294.000
826.000	319.000
827.000	314.000
828.000	327.000
829.000	301.000
830.000	328.000
831.000	304.000
832.000	337.000
833.000	290.000
834.000	314.000
835.000	307.000
836.000	302.000
837.000	311.000
838.000	324.000
839.000	325.000
840.000	314.000
841.000	328.000
842.000	354.000
843.000	297.000
844.000	351.000
845.000	323.000
846.000	336.000
847.000	360.000
848.000	328.000
849.000	357.000
850.000	368.000
851.000	332.000
852.000	328.000
853.000	367.000
854.000	369.000
855.000	373.000
856.000	337.000
857.000	388.000
858.000	381.000
859.000	366.000
860.000	381.000
861.000	415.000
862.000	426.000
863.000	396.000
864.000	412.000
865.000	441.000
866.000	443.000
867.000	438.000
868.000	420.000
869.000	452.000
870.000	473.000
871.000	466.000
872.000	469.000
873.000	524.000
874.000	512.000
875.000	530.000
876.000	571.000
877.000	539.000
878.000	626.000
879.000	610.000
880.000	690.000
881.000	669.000
882.000	708.000
883.000	790.000
884.000	820.000
885.000	887.000
886.000	925.000
887.000	1003.000
888.000	1030.000
889.000	1111.000
890.000	1165.000
891.000	1268.000
892.000	1319.000
893.000	1372.000
894.000	1401.000
895.000	1500.000
896.000	1460.000
897.000	1516.000
898.000	1553.000
899.000	1574.000
900.000	1585.000
901.000	1546.000
902.000	1589.000
903.000	1493.000
904.000	1499.000
905.000	1505.000
906.000	1391.000
907.000	1386.000
908.000	1327.000
909.000	1256.000
910.000	1282.000
911.000	1138.000
912.000	1110.000
913.000	1049.000
914.000	948.000
915.000	954.000
916.000	845.000
917.000	786.000
918.000	756.000
919.000	682.000
920.000	645.000
921.000	621.000
922.000	610.000
923.000	579.000
924.000	532.000
925.000	476.000
926.000	529.000
927.000	442.000
928.000	456.000
929.000	426.000
930.000	431.000
931.000	441.000
932.000	427.000
933.000	391.000
934.000	365.000
935.000	383.000
936.000	370.000
937.000	379.000
938.000	351.000
939.000	392.000
940.000	382.000
941.000	407.000
942.000	422.000
943.000	512.000
944.000	462.000
945.000	549.000
946.000	552.000
947.000	641.000
948.000	674.000
949.000	667.000
950.000	746.000
951.000	768.000
952.000	808.000
953.000	809.000
954.000	746.000
955.000	759.000
956.000	733.000
957.000	701.000
958.000	661.000
959.000	655.000
960.000	538.000
961.000	539.000
962.000	431.000
963.000	407.000
964.000	361.000
965.000	346.000
966.000	352.000
967.000	303.000
968.000	290.000
969.000	271.000
970.000	291.000
971.000	293.000
972.000	289.000
973.000	299.000
974.000	274.000
975.000	294.000
976.000	306.000
977.000	320.000
978.000	303.000
979.000	291.000
980.000	314.000
981.000	308.000
982.000	337.000
983.000	325.000
984.000	322.000
985.000	342.000
986.000	352.000
987.000	332.000
988.000	373.000
989.000	357.000
990.000	398.000
991.000	343.000
992.000	381.000
993.000	379.000
994.000	394.000
995.000	402.000
996.000	451.000
997.000	431.000
998.000	464.000
999.000	461.000
1000.000	441.000
1001.000	508.000
1002.000	415.000
1003.000	448.000
1004.000	469.000
1005.000	450.000
1006.000	436.000
1007.000	476.000
1008.000	433.000
1009.000	460.000
1010.000	423.000
1011.000	369.000
1012.000	375.000
1013.000	418.000
1014.000	385.000
1015.000	393.000
1016.000	337.000
1017.000	377.000
1018.000	330.000
1019.000	319.000
1020.000	321.000
1021.000	303.000
1022.000	302.000
1023.000	303.000
1024.000	281.000
