Date:	8/19/2008		Time:	8:37 AM		Version no:	0.00		Project name:	55		Sample name:	222		Section name:	section		Position	22.039995	mm	E0	0.000000	keV	E1	1.000000	keV/channel	sample surface	7.645094	cm	Tube anode:	Mo		Tube voltage:	30	kV	Tube current:	50	mA	gain	20		std. database			resultfile	result		matrix element	11		sample thickness	1.000000		air passage	0.560000	cm	comments	not in position		peaking_time	3.000000	m-sec	trigger_threshold	1229.166667	V	mca_bin_width	22.090000	no:	number_mca_channels	1024.000000	no:	gap_time	0.400000	m-sec	trigger_peaking_time	0.150000	m-sec	GAINDAC	9455		HIGHGAIN	1		TAURC	0		RCTAU	53		RCTAUFRAC	32768		livetime	9.647515	seconds	runtime	10.000502	seconds	input_count_rate	32.674527	cps	output_count_rate	24.031595	cps	triggers	315228	seconds	events_in_run	240328	seconds	channel	content		1.000	0.000
2.000	0.000
3.000	0.000
4.000	0.000
5.000	0.000
6.000	0.000
7.000	0.000
8.000	0.000
9.000	0.000
10.000	0.000
11.000	0.000
12.000	0.000
13.000	0.000
14.000	0.000
15.000	0.000
16.000	0.000
17.000	0.000
18.000	0.000
19.000	0.000
20.000	0.000
21.000	0.000
22.000	0.000
23.000	0.000
24.000	0.000
25.000	0.000
26.000	0.000
27.000	0.000
28.000	0.000
29.000	0.000
30.000	0.000
31.000	0.000
32.000	0.000
33.000	0.000
34.000	2.000
35.000	1.000
36.000	2.000
37.000	2.000
38.000	3.000
39.000	1.000
40.000	3.000
41.000	4.000
42.000	4.000
43.000	8.000
44.000	6.000
45.000	5.000
46.000	5.000
47.000	4.000
48.000	5.000
49.000	10.000
50.000	8.000
51.000	7.000
52.000	7.000
53.000	10.000
54.000	6.000
55.000	6.000
56.000	6.000
57.000	8.000
58.000	7.000
59.000	16.000
60.000	11.000
61.000	9.000
62.000	10.000
63.000	8.000
64.000	13.000
65.000	7.000
66.000	14.000
67.000	5.000
68.000	15.000
69.000	13.000
70.000	9.000
71.000	8.000
72.000	10.000
73.000	7.000
74.000	10.000
75.000	10.000
76.000	8.000
77.000	10.000
78.000	8.000
79.000	11.000
80.000	9.000
81.000	6.000
82.000	11.000
83.000	6.000
84.000	7.000
85.000	6.000
86.000	8.000
87.000	5.000
88.000	6.000
89.000	3.000
90.000	15.000
91.000	4.000
92.000	10.000
93.000	7.000
94.000	11.000
95.000	14.000
96.000	7.000
97.000	9.000
98.000	7.000
99.000	6.000
100.000	13.000
101.000	9.000
102.000	4.000
103.000	9.000
104.000	5.000
105.000	8.000
106.000	6.000
107.000	6.000
108.000	5.000
109.000	14.000
110.000	9.000
111.000	12.000
112.000	6.000
113.000	10.000
114.000	8.000
115.000	7.000
116.000	7.000
117.000	3.000
118.000	3.000
119.000	7.000
120.000	8.000
121.000	6.000
122.000	9.000
123.000	10.000
124.000	10.000
125.000	17.000
126.000	12.000
127.000	10.000
128.000	12.000
129.000	11.000
130.000	10.000
131.000	8.000
132.000	9.000
133.000	3.000
134.000	7.000
135.000	3.000
136.000	12.000
137.000	4.000
138.000	5.000
139.000	7.000
140.000	4.000
141.000	11.000
142.000	5.000
143.000	7.000
144.000	3.000
145.000	9.000
146.000	3.000
147.000	5.000
148.000	4.000
149.000	5.000
150.000	7.000
151.000	8.000
152.000	5.000
153.000	6.000
154.000	4.000
155.000	7.000
156.000	5.000
157.000	7.000
158.000	10.000
159.000	6.000
160.000	6.000
161.000	10.000
162.000	4.000
163.000	5.000
164.000	17.000
165.000	6.000
166.000	3.000
167.000	7.000
168.000	2.000
169.000	5.000
170.000	1.000
171.000	6.000
172.000	4.000
173.000	4.000
174.000	6.000
175.000	5.000
176.000	5.000
177.000	3.000
178.000	3.000
179.000	4.000
180.000	6.000
181.000	8.000
182.000	8.000
183.000	8.000
184.000	7.000
185.000	5.000
186.000	6.000
187.000	9.000
188.000	4.000
189.000	4.000
190.000	2.000
191.000	4.000
192.000	2.000
193.000	5.000
194.000	7.000
195.000	5.000
196.000	10.000
197.000	9.000
198.000	11.000
199.000	19.000
200.000	10.000
201.000	28.000
202.000	29.000
203.000	23.000
204.000	28.000
205.000	21.000
206.000	17.000
207.000	10.000
208.000	9.000
209.000	9.000
210.000	5.000
211.000	3.000
212.000	0.000
213.000	2.000
214.000	4.000
215.000	3.000
216.000	3.000
217.000	5.000
218.000	7.000
219.000	9.000
220.000	9.000
221.000	7.000
222.000	8.000
223.000	4.000
224.000	8.000
225.000	6.000
226.000	4.000
227.000	0.000
228.000	4.000
229.000	7.000
230.000	1.000
231.000	4.000
232.000	3.000
233.000	3.000
234.000	1.000
235.000	4.000
236.000	2.000
237.000	1.000
238.000	2.000
239.000	5.000
240.000	9.000
241.000	6.000
242.000	6.000
243.000	4.000
244.000	6.000
245.000	11.000
246.000	9.000
247.000	11.000
248.000	10.000
249.000	15.000
250.000	9.000
251.000	6.000
252.000	12.000
253.000	8.000
254.000	8.000
255.000	5.000
256.000	6.000
257.000	8.000
258.000	6.000
259.000	8.000
260.000	5.000
261.000	4.000
262.000	2.000
263.000	0.000
264.000	5.000
265.000	5.000
266.000	5.000
267.000	6.000
268.000	1.000
269.000	9.000
270.000	7.000
271.000	9.000
272.000	10.000
273.000	7.000
274.000	6.000
275.000	7.000
276.000	5.000
277.000	12.000
278.000	6.000
279.000	6.000
280.000	2.000
281.000	8.000
282.000	4.000
283.000	12.000
284.000	6.000
285.000	2.000
286.000	5.000
287.000	13.000
288.000	9.000
289.000	3.000
290.000	8.000
291.000	10.000
292.000	8.000
293.000	9.000
294.000	7.000
295.000	8.000
296.000	8.000
297.000	10.000
298.000	11.000
299.000	9.000
300.000	5.000
301.000	10.000
302.000	5.000
303.000	7.000
304.000	5.000
305.000	8.000
306.000	4.000
307.000	8.000
308.000	9.000
309.000	8.000
310.000	10.000
311.000	7.000
312.000	13.000
313.000	13.000
314.000	9.000
315.000	11.000
316.000	16.000
317.000	16.000
318.000	25.000
319.000	33.000
320.000	33.000
321.000	57.000
322.000	50.000
323.000	57.000
324.000	53.000
325.000	52.000
326.000	41.000
327.000	36.000
328.000	28.000
329.000	15.000
330.000	20.000
331.000	12.000
332.000	15.000
333.000	11.000
334.000	15.000
335.000	9.000
336.000	15.000
337.000	18.000
338.000	18.000
339.000	19.000
340.000	24.000
341.000	28.000
342.000	57.000
343.000	100.000
344.000	169.000
345.000	256.000
346.000	364.000
347.000	508.000
348.000	640.000
349.000	749.000
350.000	761.000
351.000	789.000
352.000	751.000
353.000	620.000
354.000	540.000
355.000	345.000
356.000	230.000
357.000	193.000
358.000	110.000
359.000	61.000
360.000	40.000
361.000	39.000
362.000	21.000
363.000	20.000
364.000	25.000
365.000	10.000
366.000	16.000
367.000	18.000
368.000	25.000
369.000	19.000
370.000	24.000
371.000	15.000
372.000	19.000
373.000	18.000
374.000	30.000
375.000	18.000
376.000	19.000
377.000	26.000
378.000	32.000
379.000	44.000
380.000	49.000
381.000	72.000
382.000	88.000
383.000	116.000
384.000	133.000
385.000	151.000
386.000	171.000
387.000	184.000
388.000	167.000
389.000	128.000
390.000	111.000
391.000	87.000
392.000	72.000
393.000	34.000
394.000	40.000
395.000	34.000
396.000	24.000
397.000	26.000
398.000	27.000
399.000	30.000
400.000	24.000
401.000	37.000
402.000	29.000
403.000	25.000
404.000	22.000
405.000	24.000
406.000	31.000
407.000	25.000
408.000	31.000
409.000	34.000
410.000	22.000
411.000	30.000
412.000	30.000
413.000	34.000
414.000	27.000
415.000	38.000
416.000	34.000
417.000	29.000
418.000	38.000
419.000	27.000
420.000	38.000
421.000	29.000
422.000	34.000
423.000	46.000
424.000	39.000
425.000	31.000
426.000	32.000
427.000	22.000
428.000	53.000
429.000	34.000
430.000	33.000
431.000	40.000
432.000	37.000
433.000	41.000
434.000	40.000
435.000	35.000
436.000	46.000
437.000	37.000
438.000	50.000
439.000	27.000
440.000	43.000
441.000	44.000
442.000	36.000
443.000	41.000
444.000	54.000
445.000	46.000
446.000	39.000
447.000	42.000
448.000	40.000
449.000	44.000
450.000	56.000
451.000	47.000
452.000	47.000
453.000	61.000
454.000	44.000
455.000	50.000
456.000	47.000
457.000	62.000
458.000	53.000
459.000	51.000
460.000	46.000
461.000	51.000
462.000	51.000
463.000	54.000
464.000	50.000
465.000	69.000
466.000	47.000
467.000	46.000
468.000	63.000
469.000	47.000
470.000	60.000
471.000	69.000
472.000	52.000
473.000	53.000
474.000	56.000
475.000	67.000
476.000	47.000
477.000	44.000
478.000	57.000
479.000	59.000
480.000	58.000
481.000	63.000
482.000	61.000
483.000	52.000
484.000	65.000
485.000	78.000
486.000	63.000
487.000	73.000
488.000	67.000
489.000	65.000
490.000	72.000
491.000	72.000
492.000	74.000
493.000	72.000
494.000	59.000
495.000	70.000
496.000	76.000
497.000	56.000
498.000	80.000
499.000	82.000
500.000	88.000
501.000	74.000
502.000	64.000
503.000	77.000
504.000	75.000
505.000	74.000
506.000	94.000
507.000	89.000
508.000	77.000
509.000	77.000
510.000	85.000
511.000	89.000
512.000	94.000
513.000	99.000
514.000	100.000
515.000	105.000
516.000	92.000
517.000	97.000
518.000	111.000
519.000	98.000
520.000	121.000
521.000	91.000
522.000	84.000
523.000	108.000
524.000	116.000
525.000	120.000
526.000	102.000
527.000	93.000
528.000	107.000
529.000	108.000
530.000	91.000
531.000	99.000
532.000	115.000
533.000	92.000
534.000	104.000
535.000	108.000
536.000	117.000
537.000	113.000
538.000	119.000
539.000	107.000
540.000	102.000
541.000	100.000
542.000	92.000
543.000	116.000
544.000	119.000
545.000	90.000
546.000	137.000
547.000	122.000
548.000	106.000
549.000	116.000
550.000	112.000
551.000	129.000
552.000	111.000
553.000	139.000
554.000	126.000
555.000	130.000
556.000	132.000
557.000	121.000
558.000	95.000
559.000	115.000
560.000	139.000
561.000	141.000
562.000	111.000
563.000	118.000
564.000	134.000
565.000	124.000
566.000	138.000
567.000	129.000
568.000	144.000
569.000	142.000
570.000	132.000
571.000	135.000
572.000	110.000
573.000	150.000
574.000	136.000
575.000	157.000
576.000	155.000
577.000	138.000
578.000	145.000
579.000	129.000
580.000	147.000
581.000	133.000
582.000	151.000
583.000	137.000
584.000	142.000
585.000	169.000
586.000	139.000
587.000	153.000
588.000	145.000
589.000	135.000
590.000	143.000
591.000	157.000
592.000	141.000
593.000	153.000
594.000	152.000
595.000	135.000
596.000	144.000
597.000	157.000
598.000	147.000
599.000	164.000
600.000	153.000
601.000	167.000
602.000	184.000
603.000	183.000
604.000	171.000
605.000	165.000
606.000	171.000
607.000	163.000
608.000	171.000
609.000	172.000
610.000	161.000
611.000	165.000
612.000	152.000
613.000	177.000
614.000	171.000
615.000	175.000
616.000	187.000
617.000	170.000
618.000	192.000
619.000	202.000
620.000	190.000
621.000	178.000
622.000	199.000
623.000	187.000
624.000	175.000
625.000	184.000
626.000	176.000
627.000	194.000
628.000	201.000
629.000	200.000
630.000	205.000
631.000	203.000
632.000	192.000
633.000	223.000
634.000	201.000
635.000	186.000
636.000	183.000
637.000	186.000
638.000	197.000
639.000	225.000
640.000	208.000
641.000	227.000
642.000	193.000
643.000	211.000
644.000	196.000
645.000	207.000
646.000	230.000
647.000	221.000
648.000	221.000
649.000	224.000
650.000	216.000
651.000	221.000
652.000	199.000
653.000	213.000
654.000	230.000
655.000	239.000
656.000	211.000
657.000	221.000
658.000	234.000
659.000	221.000
660.000	228.000
661.000	246.000
662.000	225.000
663.000	225.000
664.000	224.000
665.000	250.000
666.000	226.000
667.000	241.000
668.000	229.000
669.000	214.000
670.000	236.000
671.000	251.000
672.000	249.000
673.000	206.000
674.000	272.000
675.000	233.000
676.000	227.000
677.000	223.000
678.000	243.000
679.000	238.000
680.000	249.000
681.000	221.000
682.000	245.000
683.000	227.000
684.000	226.000
685.000	235.000
686.000	256.000
687.000	236.000
688.000	236.000
689.000	237.000
690.000	231.000
691.000	275.000
692.000	255.000
693.000	271.000
694.000	224.000
695.000	285.000
696.000	256.000
697.000	256.000
698.000	244.000
699.000	261.000
700.000	260.000
701.000	255.000
702.000	260.000
703.000	270.000
704.000	243.000
705.000	275.000
706.000	272.000
707.000	300.000
708.000	248.000
709.000	254.000
710.000	265.000
711.000	251.000
712.000	265.000
713.000	270.000
714.000	270.000
715.000	256.000
716.000	303.000
717.000	254.000
718.000	269.000
719.000	267.000
720.000	262.000
721.000	260.000
722.000	285.000
723.000	258.000
724.000	254.000
725.000	250.000
726.000	265.000
727.000	290.000
728.000	275.000
729.000	294.000
730.000	263.000
731.000	301.000
732.000	263.000
733.000	324.000
734.000	314.000
735.000	302.000
736.000	293.000
737.000	241.000
738.000	266.000
739.000	289.000
740.000	288.000
741.000	268.000
742.000	277.000
743.000	269.000
744.000	271.000
745.000	292.000
746.000	258.000
747.000	282.000
748.000	331.000
749.000	289.000
750.000	291.000
751.000	278.000
752.000	299.000
753.000	301.000
754.000	280.000
755.000	253.000
756.000	287.000
757.000	291.000
758.000	258.000
759.000	324.000
760.000	281.000
761.000	294.000
762.000	292.000
763.000	342.000
764.000	305.000
765.000	307.000
766.000	315.000
767.000	330.000
768.000	309.000
769.000	313.000
770.000	320.000
771.000	336.000
772.000	342.000
773.000	271.000
774.000	311.000
775.000	326.000
776.000	300.000
777.000	321.000
778.000	308.000
779.000	311.000
780.000	280.000
781.000	324.000
782.000	331.000
783.000	316.000
784.000	310.000
785.000	282.000
786.000	286.000
787.000	314.000
788.000	307.000
789.000	291.000
790.000	336.000
791.000	330.000
792.000	306.000
793.000	311.000
794.000	320.000
795.000	323.000
796.000	291.000
797.000	308.000
798.000	328.000
799.000	309.000
800.000	341.000
801.000	282.000
802.000	325.000
803.000	343.000
804.000	313.000
805.000	340.000
806.000	295.000
807.000	321.000
808.000	319.000
809.000	306.000
810.000	304.000
811.000	335.000
812.000	331.000
813.000	291.000
814.000	317.000
815.000	322.000
816.000	320.000
817.000	330.000
818.000	321.000
819.000	312.000
820.000	335.000
821.000	322.000
822.000	304.000
823.000	310.000
824.000	308.000
825.000	325.000
826.000	313.000
827.000	339.000
828.000	341.000
829.000	317.000
830.000	334.000
831.000	298.000
832.000	310.000
833.000	329.000
834.000	329.000
835.000	359.000
836.000	329.000
837.000	323.000
838.000	339.000
839.000	358.000
840.000	355.000
841.000	325.000
842.000	333.000
843.000	354.000
844.000	380.000
845.000	297.000
846.000	386.000
847.000	352.000
848.000	349.000
849.000	368.000
850.000	378.000
851.000	351.000
852.000	365.000
853.000	409.000
854.000	390.000
855.000	386.000
856.000	374.000
857.000	430.000
858.000	367.000
859.000	402.000
860.000	389.000
861.000	423.000
862.000	422.000
863.000	459.000
864.000	421.000
865.000	431.000
866.000	444.000
867.000	414.000
868.000	489.000
869.000	435.000
870.000	508.000
871.000	486.000
872.000	474.000
873.000	501.000
874.000	568.000
875.000	580.000
876.000	564.000
877.000	565.000
878.000	667.000
879.000	645.000
880.000	655.000
881.000	702.000
882.000	764.000
883.000	776.000
884.000	816.000
885.000	947.000
886.000	938.000
887.000	984.000
888.000	1091.000
889.000	1196.000
890.000	1236.000
891.000	1336.000
892.000	1284.000
893.000	1403.000
894.000	1428.000
895.000	1420.000
896.000	1496.000
897.000	1545.000
898.000	1565.000
899.000	1616.000
900.000	1601.000
901.000	1609.000
902.000	1565.000
903.000	1662.000
904.000	1632.000
905.000	1474.000
906.000	1436.000
907.000	1467.000
908.000	1410.000
909.000	1316.000
910.000	1224.000
911.000	1128.000
912.000	1144.000
913.000	1075.000
914.000	1001.000
915.000	947.000
916.000	970.000
917.000	825.000
918.000	792.000
919.000	752.000
920.000	727.000
921.000	676.000
922.000	616.000
923.000	629.000
924.000	538.000
925.000	568.000
926.000	479.000
927.000	479.000
928.000	462.000
929.000	449.000
930.000	439.000
931.000	411.000
932.000	416.000
933.000	405.000
934.000	401.000
935.000	376.000
936.000	365.000
937.000	368.000
938.000	396.000
939.000	387.000
940.000	379.000
941.000	379.000
942.000	420.000
943.000	458.000
944.000	511.000
945.000	526.000
946.000	614.000
947.000	591.000
948.000	661.000
949.000	776.000
950.000	785.000
951.000	812.000
952.000	789.000
953.000	824.000
954.000	853.000
955.000	809.000
956.000	822.000
957.000	761.000
958.000	650.000
959.000	690.000
960.000	598.000
961.000	518.000
962.000	471.000
963.000	430.000
964.000	390.000
965.000	354.000
966.000	326.000
967.000	311.000
968.000	325.000
969.000	309.000
970.000	281.000
971.000	293.000
972.000	301.000
973.000	327.000
974.000	281.000
975.000	287.000
976.000	314.000
977.000	321.000
978.000	287.000
979.000	310.000
980.000	318.000
981.000	285.000
982.000	312.000
983.000	335.000
984.000	341.000
985.000	336.000
986.000	370.000
987.000	363.000
988.000	385.000
989.000	357.000
990.000	374.000
991.000	402.000
992.000	412.000
993.000	411.000
994.000	412.000
995.000	431.000
996.000	402.000
997.000	423.000
998.000	451.000
999.000	426.000
1000.000	461.000
1001.000	455.000
1002.000	453.000
1003.000	473.000
1004.000	473.000
1005.000	502.000
1006.000	457.000
1007.000	437.000
1008.000	478.000
1009.000	451.000
1010.000	468.000
1011.000	438.000
1012.000	416.000
1013.000	412.000
1014.000	416.000
1015.000	376.000
1016.000	379.000
1017.000	346.000
1018.000	385.000
1019.000	350.000
1020.000	299.000
1021.000	306.000
1022.000	295.000
1023.000	291.000
1024.000	273.000
