Date:	8/19/2008		Time:	8:38 AM		Version no:	0.00		Project name:	55		Sample name:	222		Section name:	section		Position	38.039995	mm	E0	0.000000	keV	E1	1.000000	keV/channel	sample surface	7.619995	cm	Tube anode:	Mo		Tube voltage:	30	kV	Tube current:	50	mA	gain	20		std. database			resultfile	result		matrix element	11		sample thickness	1.000000		air passage	0.560000	cm	comments	in position		peaking_time	3.000000	m-sec	trigger_threshold	1229.166667	V	mca_bin_width	22.090000	no:	number_mca_channels	1024.000000	no:	gap_time	0.400000	m-sec	trigger_peaking_time	0.150000	m-sec	GAINDAC	9455		HIGHGAIN	1		TAURC	0		RCTAU	53		RCTAUFRAC	32768		livetime	9.697252	seconds	runtime	10.000502	seconds	input_count_rate	28.854669	cps	output_count_rate	21.911201	cps	triggers	279811	seconds	events_in_run	219123	seconds	channel	content		1.000	0.000
2.000	0.000
3.000	0.000
4.000	0.000
5.000	0.000
6.000	0.000
7.000	0.000
8.000	0.000
9.000	0.000
10.000	0.000
11.000	0.000
12.000	0.000
13.000	0.000
14.000	0.000
15.000	0.000
16.000	0.000
17.000	0.000
18.000	0.000
19.000	0.000
20.000	0.000
21.000	0.000
22.000	0.000
23.000	0.000
24.000	0.000
25.000	0.000
26.000	0.000
27.000	0.000
28.000	0.000
29.000	0.000
30.000	0.000
31.000	2.000
32.000	1.000
33.000	1.000
34.000	0.000
35.000	2.000
36.000	3.000
37.000	3.000
38.000	2.000
39.000	3.000
40.000	2.000
41.000	9.000
42.000	3.000
43.000	11.000
44.000	3.000
45.000	6.000
46.000	4.000
47.000	4.000
48.000	10.000
49.000	8.000
50.000	14.000
51.000	7.000
52.000	9.000
53.000	15.000
54.000	5.000
55.000	3.000
56.000	12.000
57.000	4.000
58.000	11.000
59.000	7.000
60.000	9.000
61.000	17.000
62.000	9.000
63.000	13.000
64.000	14.000
65.000	9.000
66.000	13.000
67.000	8.000
68.000	11.000
69.000	6.000
70.000	9.000
71.000	7.000
72.000	5.000
73.000	4.000
74.000	7.000
75.000	5.000
76.000	8.000
77.000	7.000
78.000	11.000
79.000	10.000
80.000	4.000
81.000	14.000
82.000	5.000
83.000	6.000
84.000	7.000
85.000	7.000
86.000	8.000
87.000	6.000
88.000	7.000
89.000	9.000
90.000	5.000
91.000	2.000
92.000	7.000
93.000	4.000
94.000	10.000
95.000	8.000
96.000	5.000
97.000	11.000
98.000	11.000
99.000	11.000
100.000	4.000
101.000	6.000
102.000	6.000
103.000	7.000
104.000	4.000
105.000	9.000
106.000	5.000
107.000	8.000
108.000	4.000
109.000	9.000
110.000	10.000
111.000	13.000
112.000	2.000
113.000	3.000
114.000	2.000
115.000	11.000
116.000	9.000
117.000	5.000
118.000	4.000
119.000	7.000
120.000	3.000
121.000	11.000
122.000	6.000
123.000	7.000
124.000	7.000
125.000	8.000
126.000	10.000
127.000	8.000
128.000	7.000
129.000	9.000
130.000	11.000
131.000	7.000
132.000	5.000
133.000	8.000
134.000	5.000
135.000	9.000
136.000	3.000
137.000	4.000
138.000	3.000
139.000	6.000
140.000	7.000
141.000	5.000
142.000	5.000
143.000	4.000
144.000	7.000
145.000	2.000
146.000	4.000
147.000	2.000
148.000	8.000
149.000	4.000
150.000	6.000
151.000	2.000
152.000	8.000
153.000	6.000
154.000	2.000
155.000	5.000
156.000	3.000
157.000	4.000
158.000	6.000
159.000	4.000
160.000	3.000
161.000	7.000
162.000	7.000
163.000	13.000
164.000	13.000
165.000	12.000
166.000	8.000
167.000	11.000
168.000	1.000
169.000	7.000
170.000	3.000
171.000	6.000
172.000	4.000
173.000	2.000
174.000	5.000
175.000	5.000
176.000	5.000
177.000	6.000
178.000	6.000
179.000	6.000
180.000	8.000
181.000	7.000
182.000	7.000
183.000	11.000
184.000	7.000
185.000	10.000
186.000	9.000
187.000	8.000
188.000	2.000
189.000	3.000
190.000	3.000
191.000	4.000
192.000	8.000
193.000	3.000
194.000	4.000
195.000	7.000
196.000	12.000
197.000	9.000
198.000	17.000
199.000	13.000
200.000	18.000
201.000	17.000
202.000	36.000
203.000	27.000
204.000	33.000
205.000	25.000
206.000	15.000
207.000	14.000
208.000	7.000
209.000	5.000
210.000	1.000
211.000	3.000
212.000	4.000
213.000	3.000
214.000	5.000
215.000	4.000
216.000	6.000
217.000	6.000
218.000	6.000
219.000	7.000
220.000	7.000
221.000	5.000
222.000	5.000
223.000	5.000
224.000	7.000
225.000	3.000
226.000	1.000
227.000	2.000
228.000	2.000
229.000	7.000
230.000	4.000
231.000	1.000
232.000	4.000
233.000	1.000
234.000	2.000
235.000	4.000
236.000	5.000
237.000	3.000
238.000	5.000
239.000	3.000
240.000	5.000
241.000	3.000
242.000	4.000
243.000	10.000
244.000	10.000
245.000	5.000
246.000	12.000
247.000	16.000
248.000	8.000
249.000	10.000
250.000	6.000
251.000	7.000
252.000	7.000
253.000	6.000
254.000	7.000
255.000	13.000
256.000	9.000
257.000	6.000
258.000	6.000
259.000	4.000
260.000	8.000
261.000	3.000
262.000	5.000
263.000	7.000
264.000	3.000
265.000	3.000
266.000	4.000
267.000	8.000
268.000	4.000
269.000	8.000
270.000	3.000
271.000	6.000
272.000	10.000
273.000	5.000
274.000	11.000
275.000	6.000
276.000	5.000
277.000	10.000
278.000	7.000
279.000	2.000
280.000	2.000
281.000	5.000
282.000	9.000
283.000	7.000
284.000	8.000
285.000	8.000
286.000	7.000
287.000	7.000
288.000	7.000
289.000	8.000
290.000	11.000
291.000	8.000
292.000	11.000
293.000	8.000
294.000	13.000
295.000	4.000
296.000	4.000
297.000	3.000
298.000	7.000
299.000	7.000
300.000	6.000
301.000	7.000
302.000	6.000
303.000	8.000
304.000	4.000
305.000	6.000
306.000	6.000
307.000	6.000
308.000	7.000
309.000	9.000
310.000	4.000
311.000	13.000
312.000	10.000
313.000	2.000
314.000	11.000
315.000	12.000
316.000	12.000
317.000	14.000
318.000	16.000
319.000	22.000
320.000	29.000
321.000	36.000
322.000	37.000
323.000	44.000
324.000	50.000
325.000	38.000
326.000	35.000
327.000	22.000
328.000	23.000
329.000	16.000
330.000	17.000
331.000	12.000
332.000	11.000
333.000	14.000
334.000	13.000
335.000	14.000
336.000	15.000
337.000	11.000
338.000	13.000
339.000	28.000
340.000	19.000
341.000	32.000
342.000	49.000
343.000	74.000
344.000	147.000
345.000	227.000
346.000	299.000
347.000	451.000
348.000	569.000
349.000	658.000
350.000	708.000
351.000	761.000
352.000	677.000
353.000	553.000
354.000	462.000
355.000	342.000
356.000	239.000
357.000	141.000
358.000	96.000
359.000	60.000
360.000	37.000
361.000	37.000
362.000	21.000
363.000	15.000
364.000	8.000
365.000	14.000
366.000	17.000
367.000	15.000
368.000	16.000
369.000	14.000
370.000	14.000
371.000	17.000
372.000	27.000
373.000	17.000
374.000	20.000
375.000	14.000
376.000	31.000
377.000	23.000
378.000	30.000
379.000	38.000
380.000	33.000
381.000	72.000
382.000	92.000
383.000	91.000
384.000	135.000
385.000	145.000
386.000	146.000
387.000	133.000
388.000	137.000
389.000	109.000
390.000	95.000
391.000	78.000
392.000	57.000
393.000	44.000
394.000	36.000
395.000	30.000
396.000	22.000
397.000	27.000
398.000	29.000
399.000	15.000
400.000	21.000
401.000	17.000
402.000	21.000
403.000	19.000
404.000	13.000
405.000	26.000
406.000	20.000
407.000	32.000
408.000	28.000
409.000	29.000
410.000	35.000
411.000	29.000
412.000	26.000
413.000	34.000
414.000	19.000
415.000	20.000
416.000	27.000
417.000	23.000
418.000	15.000
419.000	23.000
420.000	25.000
421.000	19.000
422.000	35.000
423.000	24.000
424.000	24.000
425.000	25.000
426.000	26.000
427.000	33.000
428.000	39.000
429.000	25.000
430.000	36.000
431.000	37.000
432.000	32.000
433.000	41.000
434.000	26.000
435.000	32.000
436.000	32.000
437.000	28.000
438.000	40.000
439.000	45.000
440.000	45.000
441.000	47.000
442.000	41.000
443.000	40.000
444.000	47.000
445.000	38.000
446.000	35.000
447.000	44.000
448.000	47.000
449.000	29.000
450.000	46.000
451.000	42.000
452.000	45.000
453.000	41.000
454.000	51.000
455.000	55.000
456.000	61.000
457.000	48.000
458.000	40.000
459.000	58.000
460.000	57.000
461.000	49.000
462.000	37.000
463.000	34.000
464.000	58.000
465.000	49.000
466.000	57.000
467.000	49.000
468.000	45.000
469.000	59.000
470.000	46.000
471.000	55.000
472.000	63.000
473.000	55.000
474.000	52.000
475.000	52.000
476.000	48.000
477.000	46.000
478.000	61.000
479.000	67.000
480.000	57.000
481.000	38.000
482.000	43.000
483.000	52.000
484.000	58.000
485.000	65.000
486.000	52.000
487.000	62.000
488.000	49.000
489.000	52.000
490.000	53.000
491.000	36.000
492.000	77.000
493.000	71.000
494.000	71.000
495.000	61.000
496.000	54.000
497.000	57.000
498.000	68.000
499.000	64.000
500.000	75.000
501.000	62.000
502.000	78.000
503.000	69.000
504.000	69.000
505.000	88.000
506.000	66.000
507.000	72.000
508.000	74.000
509.000	73.000
510.000	66.000
511.000	61.000
512.000	60.000
513.000	73.000
514.000	81.000
515.000	72.000
516.000	66.000
517.000	69.000
518.000	76.000
519.000	88.000
520.000	63.000
521.000	83.000
522.000	82.000
523.000	70.000
524.000	75.000
525.000	81.000
526.000	86.000
527.000	79.000
528.000	86.000
529.000	88.000
530.000	85.000
531.000	76.000
532.000	94.000
533.000	73.000
534.000	71.000
535.000	91.000
536.000	92.000
537.000	86.000
538.000	92.000
539.000	105.000
540.000	88.000
541.000	86.000
542.000	84.000
543.000	83.000
544.000	76.000
545.000	101.000
546.000	110.000
547.000	101.000
548.000	102.000
549.000	90.000
550.000	103.000
551.000	106.000
552.000	99.000
553.000	91.000
554.000	115.000
555.000	104.000
556.000	105.000
557.000	95.000
558.000	95.000
559.000	91.000
560.000	103.000
561.000	98.000
562.000	114.000
563.000	117.000
564.000	91.000
565.000	109.000
566.000	118.000
567.000	104.000
568.000	115.000
569.000	120.000
570.000	129.000
571.000	116.000
572.000	116.000
573.000	114.000
574.000	128.000
575.000	121.000
576.000	119.000
577.000	111.000
578.000	111.000
579.000	112.000
580.000	119.000
581.000	124.000
582.000	146.000
583.000	119.000
584.000	100.000
585.000	116.000
586.000	124.000
587.000	127.000
588.000	129.000
589.000	135.000
590.000	131.000
591.000	137.000
592.000	143.000
593.000	127.000
594.000	127.000
595.000	108.000
596.000	121.000
597.000	133.000
598.000	126.000
599.000	130.000
600.000	138.000
601.000	150.000
602.000	142.000
603.000	131.000
604.000	139.000
605.000	134.000
606.000	137.000
607.000	169.000
608.000	145.000
609.000	155.000
610.000	147.000
611.000	142.000
612.000	163.000
613.000	137.000
614.000	140.000
615.000	146.000
616.000	141.000
617.000	149.000
618.000	156.000
619.000	145.000
620.000	149.000
621.000	156.000
622.000	162.000
623.000	159.000
624.000	164.000
625.000	170.000
626.000	133.000
627.000	154.000
628.000	143.000
629.000	141.000
630.000	203.000
631.000	158.000
632.000	159.000
633.000	151.000
634.000	167.000
635.000	169.000
636.000	172.000
637.000	166.000
638.000	171.000
639.000	160.000
640.000	177.000
641.000	161.000
642.000	165.000
643.000	168.000
644.000	178.000
645.000	195.000
646.000	190.000
647.000	183.000
648.000	181.000
649.000	187.000
650.000	189.000
651.000	194.000
652.000	192.000
653.000	193.000
654.000	158.000
655.000	185.000
656.000	210.000
657.000	175.000
658.000	174.000
659.000	180.000
660.000	165.000
661.000	197.000
662.000	182.000
663.000	177.000
664.000	185.000
665.000	186.000
666.000	173.000
667.000	173.000
668.000	197.000
669.000	185.000
670.000	201.000
671.000	201.000
672.000	169.000
673.000	196.000
674.000	182.000
675.000	227.000
676.000	213.000
677.000	206.000
678.000	199.000
679.000	198.000
680.000	229.000
681.000	182.000
682.000	195.000
683.000	203.000
684.000	170.000
685.000	202.000
686.000	222.000
687.000	224.000
688.000	193.000
689.000	221.000
690.000	193.000
691.000	217.000
692.000	213.000
693.000	209.000
694.000	194.000
695.000	209.000
696.000	210.000
697.000	242.000
698.000	184.000
699.000	228.000
700.000	219.000
701.000	231.000
702.000	211.000
703.000	227.000
704.000	230.000
705.000	230.000
706.000	218.000
707.000	247.000
708.000	222.000
709.000	230.000
710.000	214.000
711.000	228.000
712.000	245.000
713.000	262.000
714.000	235.000
715.000	217.000
716.000	227.000
717.000	226.000
718.000	227.000
719.000	252.000
720.000	252.000
721.000	226.000
722.000	244.000
723.000	221.000
724.000	253.000
725.000	247.000
726.000	287.000
727.000	248.000
728.000	234.000
729.000	243.000
730.000	255.000
731.000	259.000
732.000	259.000
733.000	249.000
734.000	244.000
735.000	243.000
736.000	255.000
737.000	257.000
738.000	255.000
739.000	237.000
740.000	250.000
741.000	240.000
742.000	238.000
743.000	259.000
744.000	227.000
745.000	248.000
746.000	248.000
747.000	247.000
748.000	249.000
749.000	246.000
750.000	243.000
751.000	269.000
752.000	248.000
753.000	248.000
754.000	252.000
755.000	274.000
756.000	256.000
757.000	283.000
758.000	242.000
759.000	241.000
760.000	288.000
761.000	255.000
762.000	270.000
763.000	280.000
764.000	305.000
765.000	248.000
766.000	284.000
767.000	281.000
768.000	261.000
769.000	262.000
770.000	293.000
771.000	291.000
772.000	269.000
773.000	280.000
774.000	284.000
775.000	270.000
776.000	284.000
777.000	267.000
778.000	299.000
779.000	267.000
780.000	289.000
781.000	265.000
782.000	285.000
783.000	276.000
784.000	280.000
785.000	247.000
786.000	292.000
787.000	269.000
788.000	278.000
789.000	301.000
790.000	266.000
791.000	277.000
792.000	294.000
793.000	253.000
794.000	281.000
795.000	277.000
796.000	314.000
797.000	291.000
798.000	256.000
799.000	257.000
800.000	277.000
801.000	295.000
802.000	255.000
803.000	262.000
804.000	294.000
805.000	273.000
806.000	275.000
807.000	288.000
808.000	305.000
809.000	266.000
810.000	297.000
811.000	303.000
812.000	286.000
813.000	333.000
814.000	321.000
815.000	333.000
816.000	277.000
817.000	312.000
818.000	272.000
819.000	315.000
820.000	314.000
821.000	303.000
822.000	290.000
823.000	310.000
824.000	296.000
825.000	334.000
826.000	304.000
827.000	304.000
828.000	302.000
829.000	311.000
830.000	297.000
831.000	338.000
832.000	305.000
833.000	308.000
834.000	300.000
835.000	312.000
836.000	292.000
837.000	327.000
838.000	287.000
839.000	280.000
840.000	334.000
841.000	327.000
842.000	335.000
843.000	323.000
844.000	320.000
845.000	303.000
846.000	263.000
847.000	381.000
848.000	343.000
849.000	359.000
850.000	343.000
851.000	350.000
852.000	350.000
853.000	354.000
854.000	350.000
855.000	366.000
856.000	343.000
857.000	346.000
858.000	356.000
859.000	369.000
860.000	384.000
861.000	395.000
862.000	346.000
863.000	373.000
864.000	416.000
865.000	388.000
866.000	392.000
867.000	458.000
868.000	434.000
869.000	431.000
870.000	447.000
871.000	421.000
872.000	434.000
873.000	489.000
874.000	482.000
875.000	514.000
876.000	500.000
877.000	534.000
878.000	590.000
879.000	600.000
880.000	620.000
881.000	655.000
882.000	728.000
883.000	737.000
884.000	792.000
885.000	829.000
886.000	912.000
887.000	937.000
888.000	1012.000
889.000	1101.000
890.000	1136.000
891.000	1238.000
892.000	1269.000
893.000	1324.000
894.000	1345.000
895.000	1324.000
896.000	1376.000
897.000	1495.000
898.000	1497.000
899.000	1535.000
900.000	1537.000
901.000	1491.000
902.000	1442.000
903.000	1417.000
904.000	1349.000
905.000	1296.000
906.000	1387.000
907.000	1312.000
908.000	1278.000
909.000	1225.000
910.000	1186.000
911.000	1063.000
912.000	1074.000
913.000	981.000
914.000	916.000
915.000	886.000
916.000	767.000
917.000	740.000
918.000	728.000
919.000	698.000
920.000	627.000
921.000	573.000
922.000	585.000
923.000	558.000
924.000	493.000
925.000	497.000
926.000	466.000
927.000	433.000
928.000	404.000
929.000	433.000
930.000	412.000
931.000	385.000
932.000	377.000
933.000	378.000
934.000	402.000
935.000	341.000
936.000	364.000
937.000	358.000
938.000	362.000
939.000	335.000
940.000	387.000
941.000	377.000
942.000	380.000
943.000	424.000
944.000	464.000
945.000	495.000
946.000	552.000
947.000	644.000
948.000	651.000
949.000	698.000
950.000	674.000
951.000	761.000
952.000	763.000
953.000	763.000
954.000	742.000
955.000	787.000
956.000	787.000
957.000	718.000
958.000	652.000
959.000	567.000
960.000	545.000
961.000	511.000
962.000	438.000
963.000	415.000
964.000	368.000
965.000	340.000
966.000	330.000
967.000	324.000
968.000	338.000
969.000	289.000
970.000	275.000
971.000	291.000
972.000	268.000
973.000	280.000
974.000	262.000
975.000	280.000
976.000	254.000
977.000	299.000
978.000	268.000
979.000	294.000
980.000	294.000
981.000	311.000
982.000	285.000
983.000	290.000
984.000	295.000
985.000	310.000
986.000	324.000
987.000	346.000
988.000	365.000
989.000	322.000
990.000	371.000
991.000	395.000
992.000	386.000
993.000	380.000
994.000	381.000
995.000	353.000
996.000	429.000
997.000	434.000
998.000	401.000
999.000	420.000
1000.000	436.000
1001.000	461.000
1002.000	434.000
1003.000	421.000
1004.000	427.000
1005.000	441.000
1006.000	444.000
1007.000	440.000
1008.000	441.000
1009.000	421.000
1010.000	404.000
1011.000	422.000
1012.000	384.000
1013.000	334.000
1014.000	387.000
1015.000	390.000
1016.000	362.000
1017.000	388.000
1018.000	316.000
1019.000	324.000
1020.000	317.000
1021.000	277.000
1022.000	276.000
1023.000	295.000
1024.000	264.000
