Date:	8/19/2008		Time:	9:20 AM		Version no:	0.00		Project name:	55		Sample name:	222		Section name:	section		Position	478.039995	mm	E0	0.000000	keV	E1	1.000000	keV/channel	sample surface	7.646162	cm	Tube anode:	Mo		Tube voltage:	30	kV	Tube current:	50	mA	gain	20		std. database			resultfile	result		matrix element	11		sample thickness	1.000000		air passage	0.560000	cm	comments	not in position		peaking_time	3.000000	m-sec	trigger_threshold	1229.166667	V	mca_bin_width	22.090000	no:	number_mca_channels	1024.000000	no:	gap_time	0.400000	m-sec	trigger_peaking_time	0.150000	m-sec	GAINDAC	9455		HIGHGAIN	1		TAURC	0		RCTAU	53		RCTAUFRAC	32768		livetime	9.786292	seconds	runtime	10.000503	seconds	input_count_rate	21.192194	cps	output_count_rate	17.145637	cps	triggers	207393	seconds	events_in_run	171465	seconds	channel	content		1.000	0.000
2.000	0.000
3.000	0.000
4.000	0.000
5.000	0.000
6.000	0.000
7.000	0.000
8.000	0.000
9.000	0.000
10.000	0.000
11.000	0.000
12.000	0.000
13.000	0.000
14.000	0.000
15.000	0.000
16.000	0.000
17.000	0.000
18.000	0.000
19.000	0.000
20.000	0.000
21.000	0.000
22.000	0.000
23.000	0.000
24.000	0.000
25.000	0.000
26.000	0.000
27.000	0.000
28.000	0.000
29.000	0.000
30.000	0.000
31.000	2.000
32.000	0.000
33.000	1.000
34.000	0.000
35.000	0.000
36.000	2.000
37.000	4.000
38.000	4.000
39.000	3.000
40.000	3.000
41.000	5.000
42.000	0.000
43.000	9.000
44.000	8.000
45.000	4.000
46.000	9.000
47.000	7.000
48.000	5.000
49.000	14.000
50.000	2.000
51.000	7.000
52.000	12.000
53.000	15.000
54.000	13.000
55.000	14.000
56.000	9.000
57.000	6.000
58.000	12.000
59.000	11.000
60.000	7.000
61.000	6.000
62.000	6.000
63.000	11.000
64.000	4.000
65.000	9.000
66.000	9.000
67.000	15.000
68.000	5.000
69.000	11.000
70.000	7.000
71.000	10.000
72.000	7.000
73.000	7.000
74.000	8.000
75.000	10.000
76.000	10.000
77.000	8.000
78.000	12.000
79.000	4.000
80.000	12.000
81.000	14.000
82.000	8.000
83.000	5.000
84.000	7.000
85.000	8.000
86.000	10.000
87.000	5.000
88.000	5.000
89.000	7.000
90.000	7.000
91.000	7.000
92.000	6.000
93.000	9.000
94.000	5.000
95.000	4.000
96.000	5.000
97.000	5.000
98.000	6.000
99.000	9.000
100.000	11.000
101.000	6.000
102.000	7.000
103.000	8.000
104.000	8.000
105.000	5.000
106.000	8.000
107.000	6.000
108.000	3.000
109.000	5.000
110.000	6.000
111.000	5.000
112.000	4.000
113.000	4.000
114.000	8.000
115.000	3.000
116.000	4.000
117.000	6.000
118.000	6.000
119.000	3.000
120.000	1.000
121.000	4.000
122.000	2.000
123.000	3.000
124.000	5.000
125.000	2.000
126.000	6.000
127.000	8.000
128.000	8.000
129.000	5.000
130.000	9.000
131.000	8.000
132.000	1.000
133.000	6.000
134.000	5.000
135.000	5.000
136.000	4.000
137.000	3.000
138.000	11.000
139.000	1.000
140.000	3.000
141.000	7.000
142.000	1.000
143.000	5.000
144.000	1.000
145.000	3.000
146.000	3.000
147.000	3.000
148.000	4.000
149.000	2.000
150.000	3.000
151.000	2.000
152.000	7.000
153.000	3.000
154.000	3.000
155.000	5.000
156.000	4.000
157.000	5.000
158.000	0.000
159.000	10.000
160.000	7.000
161.000	11.000
162.000	12.000
163.000	13.000
164.000	14.000
165.000	9.000
166.000	9.000
167.000	7.000
168.000	5.000
169.000	1.000
170.000	6.000
171.000	2.000
172.000	10.000
173.000	6.000
174.000	3.000
175.000	3.000
176.000	0.000
177.000	6.000
178.000	4.000
179.000	1.000
180.000	5.000
181.000	7.000
182.000	4.000
183.000	0.000
184.000	4.000
185.000	4.000
186.000	3.000
187.000	4.000
188.000	4.000
189.000	3.000
190.000	1.000
191.000	2.000
192.000	4.000
193.000	3.000
194.000	2.000
195.000	2.000
196.000	1.000
197.000	1.000
198.000	5.000
199.000	9.000
200.000	4.000
201.000	11.000
202.000	4.000
203.000	8.000
204.000	8.000
205.000	4.000
206.000	4.000
207.000	6.000
208.000	2.000
209.000	3.000
210.000	2.000
211.000	4.000
212.000	3.000
213.000	4.000
214.000	3.000
215.000	1.000
216.000	3.000
217.000	2.000
218.000	4.000
219.000	1.000
220.000	3.000
221.000	5.000
222.000	3.000
223.000	5.000
224.000	4.000
225.000	1.000
226.000	3.000
227.000	2.000
228.000	2.000
229.000	1.000
230.000	1.000
231.000	1.000
232.000	2.000
233.000	2.000
234.000	2.000
235.000	5.000
236.000	3.000
237.000	1.000
238.000	2.000
239.000	1.000
240.000	4.000
241.000	5.000
242.000	3.000
243.000	7.000
244.000	5.000
245.000	2.000
246.000	4.000
247.000	7.000
248.000	3.000
249.000	3.000
250.000	5.000
251.000	6.000
252.000	3.000
253.000	1.000
254.000	3.000
255.000	9.000
256.000	2.000
257.000	2.000
258.000	6.000
259.000	2.000
260.000	3.000
261.000	4.000
262.000	4.000
263.000	3.000
264.000	1.000
265.000	3.000
266.000	2.000
267.000	2.000
268.000	2.000
269.000	1.000
270.000	5.000
271.000	4.000
272.000	4.000
273.000	3.000
274.000	4.000
275.000	3.000
276.000	4.000
277.000	6.000
278.000	1.000
279.000	2.000
280.000	1.000
281.000	6.000
282.000	3.000
283.000	3.000
284.000	3.000
285.000	4.000
286.000	5.000
287.000	1.000
288.000	0.000
289.000	3.000
290.000	3.000
291.000	6.000
292.000	3.000
293.000	5.000
294.000	2.000
295.000	5.000
296.000	2.000
297.000	5.000
298.000	7.000
299.000	4.000
300.000	3.000
301.000	5.000
302.000	3.000
303.000	3.000
304.000	8.000
305.000	2.000
306.000	2.000
307.000	4.000
308.000	3.000
309.000	2.000
310.000	3.000
311.000	1.000
312.000	2.000
313.000	1.000
314.000	4.000
315.000	3.000
316.000	7.000
317.000	6.000
318.000	9.000
319.000	6.000
320.000	8.000
321.000	17.000
322.000	10.000
323.000	10.000
324.000	15.000
325.000	8.000
326.000	8.000
327.000	10.000
328.000	6.000
329.000	5.000
330.000	5.000
331.000	6.000
332.000	3.000
333.000	2.000
334.000	3.000
335.000	2.000
336.000	4.000
337.000	4.000
338.000	4.000
339.000	7.000
340.000	10.000
341.000	18.000
342.000	31.000
343.000	41.000
344.000	61.000
345.000	74.000
346.000	105.000
347.000	195.000
348.000	244.000
349.000	246.000
350.000	303.000
351.000	314.000
352.000	262.000
353.000	234.000
354.000	180.000
355.000	141.000
356.000	107.000
357.000	79.000
358.000	51.000
359.000	33.000
360.000	18.000
361.000	10.000
362.000	6.000
363.000	8.000
364.000	3.000
365.000	8.000
366.000	3.000
367.000	4.000
368.000	1.000
369.000	4.000
370.000	8.000
371.000	10.000
372.000	5.000
373.000	9.000
374.000	4.000
375.000	13.000
376.000	5.000
377.000	9.000
378.000	13.000
379.000	13.000
380.000	22.000
381.000	26.000
382.000	33.000
383.000	46.000
384.000	47.000
385.000	59.000
386.000	60.000
387.000	71.000
388.000	48.000
389.000	53.000
390.000	47.000
391.000	30.000
392.000	29.000
393.000	18.000
394.000	14.000
395.000	12.000
396.000	6.000
397.000	11.000
398.000	5.000
399.000	8.000
400.000	3.000
401.000	9.000
402.000	8.000
403.000	7.000
404.000	7.000
405.000	11.000
406.000	10.000
407.000	10.000
408.000	11.000
409.000	10.000
410.000	6.000
411.000	6.000
412.000	14.000
413.000	6.000
414.000	9.000
415.000	11.000
416.000	8.000
417.000	2.000
418.000	15.000
419.000	8.000
420.000	18.000
421.000	19.000
422.000	9.000
423.000	11.000
424.000	11.000
425.000	11.000
426.000	11.000
427.000	9.000
428.000	12.000
429.000	11.000
430.000	9.000
431.000	11.000
432.000	9.000
433.000	11.000
434.000	12.000
435.000	18.000
436.000	12.000
437.000	14.000
438.000	10.000
439.000	21.000
440.000	14.000
441.000	19.000
442.000	17.000
443.000	10.000
444.000	11.000
445.000	12.000
446.000	10.000
447.000	19.000
448.000	19.000
449.000	16.000
450.000	12.000
451.000	16.000
452.000	18.000
453.000	13.000
454.000	16.000
455.000	21.000
456.000	15.000
457.000	14.000
458.000	25.000
459.000	23.000
460.000	19.000
461.000	12.000
462.000	23.000
463.000	18.000
464.000	17.000
465.000	25.000
466.000	14.000
467.000	17.000
468.000	21.000
469.000	21.000
470.000	17.000
471.000	32.000
472.000	13.000
473.000	10.000
474.000	22.000
475.000	15.000
476.000	22.000
477.000	21.000
478.000	22.000
479.000	16.000
480.000	21.000
481.000	27.000
482.000	17.000
483.000	24.000
484.000	23.000
485.000	21.000
486.000	23.000
487.000	17.000
488.000	19.000
489.000	33.000
490.000	23.000
491.000	18.000
492.000	23.000
493.000	36.000
494.000	20.000
495.000	19.000
496.000	23.000
497.000	32.000
498.000	25.000
499.000	29.000
500.000	37.000
501.000	30.000
502.000	31.000
503.000	34.000
504.000	34.000
505.000	33.000
506.000	34.000
507.000	44.000
508.000	38.000
509.000	24.000
510.000	30.000
511.000	36.000
512.000	36.000
513.000	30.000
514.000	24.000
515.000	29.000
516.000	32.000
517.000	47.000
518.000	43.000
519.000	35.000
520.000	30.000
521.000	37.000
522.000	32.000
523.000	39.000
524.000	45.000
525.000	40.000
526.000	41.000
527.000	42.000
528.000	40.000
529.000	26.000
530.000	42.000
531.000	42.000
532.000	46.000
533.000	54.000
534.000	49.000
535.000	40.000
536.000	46.000
537.000	29.000
538.000	30.000
539.000	47.000
540.000	47.000
541.000	42.000
542.000	43.000
543.000	49.000
544.000	39.000
545.000	33.000
546.000	43.000
547.000	52.000
548.000	42.000
549.000	50.000
550.000	63.000
551.000	49.000
552.000	52.000
553.000	58.000
554.000	54.000
555.000	58.000
556.000	53.000
557.000	53.000
558.000	51.000
559.000	45.000
560.000	66.000
561.000	60.000
562.000	52.000
563.000	44.000
564.000	65.000
565.000	63.000
566.000	60.000
567.000	57.000
568.000	60.000
569.000	49.000
570.000	68.000
571.000	42.000
572.000	71.000
573.000	60.000
574.000	60.000
575.000	59.000
576.000	56.000
577.000	60.000
578.000	62.000
579.000	69.000
580.000	68.000
581.000	70.000
582.000	64.000
583.000	65.000
584.000	73.000
585.000	62.000
586.000	85.000
587.000	55.000
588.000	70.000
589.000	73.000
590.000	72.000
591.000	76.000
592.000	61.000
593.000	59.000
594.000	73.000
595.000	73.000
596.000	82.000
597.000	84.000
598.000	75.000
599.000	78.000
600.000	83.000
601.000	99.000
602.000	80.000
603.000	74.000
604.000	102.000
605.000	81.000
606.000	86.000
607.000	85.000
608.000	80.000
609.000	96.000
610.000	96.000
611.000	87.000
612.000	97.000
613.000	91.000
614.000	95.000
615.000	91.000
616.000	93.000
617.000	72.000
618.000	93.000
619.000	80.000
620.000	94.000
621.000	95.000
622.000	108.000
623.000	109.000
624.000	98.000
625.000	87.000
626.000	87.000
627.000	101.000
628.000	106.000
629.000	105.000
630.000	114.000
631.000	83.000
632.000	119.000
633.000	119.000
634.000	123.000
635.000	112.000
636.000	102.000
637.000	117.000
638.000	114.000
639.000	113.000
640.000	115.000
641.000	107.000
642.000	107.000
643.000	116.000
644.000	109.000
645.000	128.000
646.000	132.000
647.000	128.000
648.000	116.000
649.000	104.000
650.000	116.000
651.000	121.000
652.000	110.000
653.000	97.000
654.000	120.000
655.000	117.000
656.000	124.000
657.000	128.000
658.000	121.000
659.000	130.000
660.000	124.000
661.000	125.000
662.000	118.000
663.000	112.000
664.000	119.000
665.000	146.000
666.000	121.000
667.000	123.000
668.000	147.000
669.000	146.000
670.000	115.000
671.000	153.000
672.000	138.000
673.000	152.000
674.000	132.000
675.000	144.000
676.000	123.000
677.000	134.000
678.000	127.000
679.000	140.000
680.000	122.000
681.000	128.000
682.000	140.000
683.000	121.000
684.000	135.000
685.000	134.000
686.000	112.000
687.000	138.000
688.000	154.000
689.000	152.000
690.000	148.000
691.000	151.000
692.000	157.000
693.000	142.000
694.000	164.000
695.000	130.000
696.000	151.000
697.000	175.000
698.000	154.000
699.000	171.000
700.000	153.000
701.000	161.000
702.000	145.000
703.000	160.000
704.000	144.000
705.000	160.000
706.000	176.000
707.000	142.000
708.000	173.000
709.000	146.000
710.000	162.000
711.000	163.000
712.000	175.000
713.000	135.000
714.000	165.000
715.000	187.000
716.000	176.000
717.000	159.000
718.000	164.000
719.000	168.000
720.000	167.000
721.000	178.000
722.000	186.000
723.000	177.000
724.000	168.000
725.000	160.000
726.000	176.000
727.000	152.000
728.000	162.000
729.000	191.000
730.000	183.000
731.000	184.000
732.000	197.000
733.000	157.000
734.000	183.000
735.000	174.000
736.000	169.000
737.000	208.000
738.000	198.000
739.000	164.000
740.000	179.000
741.000	158.000
742.000	196.000
743.000	168.000
744.000	177.000
745.000	183.000
746.000	189.000
747.000	196.000
748.000	211.000
749.000	197.000
750.000	189.000
751.000	179.000
752.000	191.000
753.000	218.000
754.000	202.000
755.000	206.000
756.000	200.000
757.000	203.000
758.000	178.000
759.000	161.000
760.000	191.000
761.000	185.000
762.000	234.000
763.000	213.000
764.000	206.000
765.000	193.000
766.000	179.000
767.000	231.000
768.000	233.000
769.000	249.000
770.000	240.000
771.000	260.000
772.000	250.000
773.000	227.000
774.000	216.000
775.000	242.000
776.000	208.000
777.000	238.000
778.000	228.000
779.000	226.000
780.000	219.000
781.000	188.000
782.000	212.000
783.000	204.000
784.000	198.000
785.000	200.000
786.000	215.000
787.000	251.000
788.000	210.000
789.000	215.000
790.000	211.000
791.000	207.000
792.000	217.000
793.000	231.000
794.000	197.000
795.000	247.000
796.000	224.000
797.000	193.000
798.000	205.000
799.000	230.000
800.000	220.000
801.000	236.000
802.000	218.000
803.000	208.000
804.000	216.000
805.000	253.000
806.000	229.000
807.000	195.000
808.000	221.000
809.000	227.000
810.000	207.000
811.000	216.000
812.000	222.000
813.000	231.000
814.000	217.000
815.000	239.000
816.000	245.000
817.000	227.000
818.000	214.000
819.000	234.000
820.000	231.000
821.000	228.000
822.000	246.000
823.000	242.000
824.000	230.000
825.000	224.000
826.000	229.000
827.000	226.000
828.000	231.000
829.000	227.000
830.000	239.000
831.000	227.000
832.000	264.000
833.000	228.000
834.000	218.000
835.000	269.000
836.000	271.000
837.000	258.000
838.000	259.000
839.000	286.000
840.000	256.000
841.000	275.000
842.000	258.000
843.000	275.000
844.000	258.000
845.000	237.000
846.000	271.000
847.000	285.000
848.000	287.000
849.000	309.000
850.000	251.000
851.000	278.000
852.000	268.000
853.000	316.000
854.000	305.000
855.000	331.000
856.000	298.000
857.000	291.000
858.000	287.000
859.000	287.000
860.000	329.000
861.000	320.000
862.000	323.000
863.000	349.000
864.000	362.000
865.000	325.000
866.000	318.000
867.000	347.000
868.000	348.000
869.000	362.000
870.000	357.000
871.000	389.000
872.000	374.000
873.000	370.000
874.000	379.000
875.000	449.000
876.000	454.000
877.000	500.000
878.000	454.000
879.000	500.000
880.000	500.000
881.000	561.000
882.000	602.000
883.000	674.000
884.000	657.000
885.000	679.000
886.000	744.000
887.000	814.000
888.000	876.000
889.000	893.000
890.000	965.000
891.000	959.000
892.000	1042.000
893.000	1048.000
894.000	1182.000
895.000	1190.000
896.000	1138.000
897.000	1235.000
898.000	1194.000
899.000	1199.000
900.000	1251.000
901.000	1242.000
902.000	1261.000
903.000	1281.000
904.000	1214.000
905.000	1216.000
906.000	1105.000
907.000	1067.000
908.000	1076.000
909.000	1021.000
910.000	964.000
911.000	929.000
912.000	874.000
913.000	854.000
914.000	768.000
915.000	734.000
916.000	707.000
917.000	673.000
918.000	598.000
919.000	574.000
920.000	526.000
921.000	531.000
922.000	474.000
923.000	445.000
924.000	401.000
925.000	427.000
926.000	413.000
927.000	392.000
928.000	376.000
929.000	350.000
930.000	329.000
931.000	325.000
932.000	328.000
933.000	339.000
934.000	295.000
935.000	286.000
936.000	289.000
937.000	320.000
938.000	305.000
939.000	328.000
940.000	292.000
941.000	315.000
942.000	343.000
943.000	376.000
944.000	404.000
945.000	430.000
946.000	519.000
947.000	515.000
948.000	579.000
949.000	661.000
950.000	623.000
951.000	648.000
952.000	624.000
953.000	693.000
954.000	680.000
955.000	663.000
956.000	669.000
957.000	626.000
958.000	584.000
959.000	516.000
960.000	475.000
961.000	438.000
962.000	394.000
963.000	326.000
964.000	296.000
965.000	297.000
966.000	279.000
967.000	265.000
968.000	273.000
969.000	262.000
970.000	274.000
971.000	243.000
972.000	250.000
973.000	247.000
974.000	258.000
975.000	250.000
976.000	230.000
977.000	237.000
978.000	264.000
979.000	275.000
980.000	259.000
981.000	244.000
982.000	295.000
983.000	279.000
984.000	278.000
985.000	289.000
986.000	297.000
987.000	286.000
988.000	267.000
989.000	340.000
990.000	317.000
991.000	347.000
992.000	306.000
993.000	354.000
994.000	318.000
995.000	335.000
996.000	336.000
997.000	382.000
998.000	366.000
999.000	360.000
1000.000	364.000
1001.000	389.000
1002.000	369.000
1003.000	392.000
1004.000	386.000
1005.000	395.000
1006.000	402.000
1007.000	368.000
1008.000	361.000
1009.000	404.000
1010.000	301.000
1011.000	346.000
1012.000	341.000
1013.000	360.000
1014.000	334.000
1015.000	310.000
1016.000	321.000
1017.000	294.000
1018.000	307.000
1019.000	252.000
1020.000	271.000
1021.000	246.000
1022.000	228.000
1023.000	263.000
1024.000	234.000
