Date:	8/19/2008		Time:	8:49 AM		Version no:	0.00		Project name:	55		Sample name:	222		Section name:	section		Position	154.039995	mm	E0	0.000000	keV	E1	1.000000	keV/channel	sample surface	7.576837	cm	Tube anode:	Mo		Tube voltage:	30	kV	Tube current:	50	mA	gain	20		std. database			resultfile	result		matrix element	11		sample thickness	1.000000		air passage	0.560000	cm	comments	not in position		peaking_time	3.000000	m-sec	trigger_threshold	1229.166667	V	mca_bin_width	22.090000	no:	number_mca_channels	1024.000000	no:	gap_time	0.400000	m-sec	trigger_peaking_time	0.150000	m-sec	GAINDAC	9455		HIGHGAIN	1		TAURC	0		RCTAU	53		RCTAUFRAC	32768		livetime	9.684458	seconds	runtime	10.000502	seconds	input_count_rate	30.062293	cps	output_count_rate	22.628563	cps	triggers	291137	seconds	events_in_run	226297	seconds	channel	content		1.000	0.000
2.000	0.000
3.000	0.000
4.000	0.000
5.000	0.000
6.000	0.000
7.000	0.000
8.000	0.000
9.000	0.000
10.000	0.000
11.000	0.000
12.000	0.000
13.000	0.000
14.000	0.000
15.000	0.000
16.000	0.000
17.000	0.000
18.000	0.000
19.000	0.000
20.000	0.000
21.000	0.000
22.000	0.000
23.000	0.000
24.000	0.000
25.000	0.000
26.000	0.000
27.000	0.000
28.000	0.000
29.000	0.000
30.000	0.000
31.000	1.000
32.000	1.000
33.000	2.000
34.000	2.000
35.000	0.000
36.000	2.000
37.000	1.000
38.000	2.000
39.000	2.000
40.000	2.000
41.000	4.000
42.000	3.000
43.000	3.000
44.000	7.000
45.000	8.000
46.000	11.000
47.000	8.000
48.000	6.000
49.000	6.000
50.000	5.000
51.000	7.000
52.000	11.000
53.000	15.000
54.000	9.000
55.000	7.000
56.000	15.000
57.000	18.000
58.000	7.000
59.000	9.000
60.000	9.000
61.000	11.000
62.000	14.000
63.000	14.000
64.000	8.000
65.000	9.000
66.000	11.000
67.000	3.000
68.000	11.000
69.000	6.000
70.000	11.000
71.000	9.000
72.000	9.000
73.000	15.000
74.000	8.000
75.000	8.000
76.000	10.000
77.000	11.000
78.000	13.000
79.000	8.000
80.000	6.000
81.000	7.000
82.000	10.000
83.000	9.000
84.000	15.000
85.000	8.000
86.000	6.000
87.000	8.000
88.000	6.000
89.000	5.000
90.000	6.000
91.000	2.000
92.000	13.000
93.000	13.000
94.000	6.000
95.000	5.000
96.000	11.000
97.000	7.000
98.000	8.000
99.000	5.000
100.000	9.000
101.000	8.000
102.000	6.000
103.000	7.000
104.000	8.000
105.000	7.000
106.000	10.000
107.000	11.000
108.000	9.000
109.000	11.000
110.000	10.000
111.000	7.000
112.000	9.000
113.000	7.000
114.000	6.000
115.000	5.000
116.000	6.000
117.000	4.000
118.000	9.000
119.000	7.000
120.000	7.000
121.000	5.000
122.000	4.000
123.000	7.000
124.000	6.000
125.000	10.000
126.000	9.000
127.000	4.000
128.000	9.000
129.000	9.000
130.000	4.000
131.000	11.000
132.000	7.000
133.000	7.000
134.000	1.000
135.000	6.000
136.000	6.000
137.000	3.000
138.000	6.000
139.000	4.000
140.000	10.000
141.000	2.000
142.000	2.000
143.000	5.000
144.000	2.000
145.000	3.000
146.000	3.000
147.000	3.000
148.000	4.000
149.000	4.000
150.000	4.000
151.000	5.000
152.000	5.000
153.000	2.000
154.000	4.000
155.000	9.000
156.000	3.000
157.000	6.000
158.000	6.000
159.000	8.000
160.000	6.000
161.000	7.000
162.000	11.000
163.000	9.000
164.000	8.000
165.000	14.000
166.000	7.000
167.000	2.000
168.000	6.000
169.000	3.000
170.000	2.000
171.000	2.000
172.000	7.000
173.000	5.000
174.000	8.000
175.000	6.000
176.000	2.000
177.000	5.000
178.000	6.000
179.000	7.000
180.000	15.000
181.000	9.000
182.000	12.000
183.000	8.000
184.000	7.000
185.000	6.000
186.000	5.000
187.000	3.000
188.000	1.000
189.000	5.000
190.000	2.000
191.000	1.000
192.000	6.000
193.000	7.000
194.000	8.000
195.000	6.000
196.000	5.000
197.000	15.000
198.000	8.000
199.000	21.000
200.000	19.000
201.000	24.000
202.000	24.000
203.000	33.000
204.000	27.000
205.000	15.000
206.000	20.000
207.000	9.000
208.000	5.000
209.000	9.000
210.000	1.000
211.000	3.000
212.000	6.000
213.000	5.000
214.000	6.000
215.000	5.000
216.000	3.000
217.000	5.000
218.000	6.000
219.000	5.000
220.000	3.000
221.000	6.000
222.000	9.000
223.000	8.000
224.000	6.000
225.000	10.000
226.000	0.000
227.000	4.000
228.000	5.000
229.000	2.000
230.000	0.000
231.000	4.000
232.000	5.000
233.000	1.000
234.000	4.000
235.000	2.000
236.000	4.000
237.000	1.000
238.000	5.000
239.000	5.000
240.000	5.000
241.000	1.000
242.000	3.000
243.000	6.000
244.000	12.000
245.000	10.000
246.000	10.000
247.000	12.000
248.000	12.000
249.000	17.000
250.000	12.000
251.000	8.000
252.000	11.000
253.000	10.000
254.000	7.000
255.000	6.000
256.000	5.000
257.000	6.000
258.000	3.000
259.000	6.000
260.000	6.000
261.000	5.000
262.000	5.000
263.000	4.000
264.000	4.000
265.000	4.000
266.000	2.000
267.000	6.000
268.000	5.000
269.000	5.000
270.000	7.000
271.000	8.000
272.000	6.000
273.000	7.000
274.000	3.000
275.000	5.000
276.000	3.000
277.000	4.000
278.000	8.000
279.000	9.000
280.000	4.000
281.000	4.000
282.000	15.000
283.000	4.000
284.000	5.000
285.000	10.000
286.000	5.000
287.000	4.000
288.000	6.000
289.000	8.000
290.000	6.000
291.000	9.000
292.000	7.000
293.000	10.000
294.000	6.000
295.000	4.000
296.000	2.000
297.000	4.000
298.000	11.000
299.000	8.000
300.000	12.000
301.000	12.000
302.000	4.000
303.000	4.000
304.000	9.000
305.000	6.000
306.000	10.000
307.000	3.000
308.000	7.000
309.000	5.000
310.000	11.000
311.000	10.000
312.000	12.000
313.000	8.000
314.000	8.000
315.000	11.000
316.000	8.000
317.000	12.000
318.000	22.000
319.000	33.000
320.000	30.000
321.000	53.000
322.000	35.000
323.000	59.000
324.000	63.000
325.000	46.000
326.000	46.000
327.000	28.000
328.000	21.000
329.000	19.000
330.000	23.000
331.000	9.000
332.000	7.000
333.000	14.000
334.000	9.000
335.000	12.000
336.000	12.000
337.000	11.000
338.000	17.000
339.000	30.000
340.000	21.000
341.000	31.000
342.000	55.000
343.000	106.000
344.000	151.000
345.000	235.000
346.000	382.000
347.000	570.000
348.000	640.000
349.000	753.000
350.000	853.000
351.000	854.000
352.000	749.000
353.000	663.000
354.000	597.000
355.000	403.000
356.000	258.000
357.000	169.000
358.000	107.000
359.000	60.000
360.000	35.000
361.000	33.000
362.000	22.000
363.000	14.000
364.000	19.000
365.000	21.000
366.000	15.000
367.000	23.000
368.000	21.000
369.000	20.000
370.000	14.000
371.000	26.000
372.000	20.000
373.000	16.000
374.000	14.000
375.000	19.000
376.000	37.000
377.000	31.000
378.000	30.000
379.000	37.000
380.000	55.000
381.000	78.000
382.000	92.000
383.000	101.000
384.000	132.000
385.000	136.000
386.000	185.000
387.000	165.000
388.000	119.000
389.000	161.000
390.000	111.000
391.000	80.000
392.000	68.000
393.000	53.000
394.000	38.000
395.000	31.000
396.000	22.000
397.000	28.000
398.000	19.000
399.000	15.000
400.000	20.000
401.000	17.000
402.000	25.000
403.000	31.000
404.000	24.000
405.000	27.000
406.000	29.000
407.000	25.000
408.000	21.000
409.000	37.000
410.000	23.000
411.000	27.000
412.000	28.000
413.000	24.000
414.000	31.000
415.000	34.000
416.000	25.000
417.000	22.000
418.000	24.000
419.000	27.000
420.000	28.000
421.000	25.000
422.000	22.000
423.000	36.000
424.000	23.000
425.000	30.000
426.000	38.000
427.000	25.000
428.000	22.000
429.000	31.000
430.000	30.000
431.000	28.000
432.000	40.000
433.000	36.000
434.000	19.000
435.000	37.000
436.000	43.000
437.000	37.000
438.000	47.000
439.000	34.000
440.000	36.000
441.000	38.000
442.000	50.000
443.000	50.000
444.000	48.000
445.000	37.000
446.000	41.000
447.000	48.000
448.000	46.000
449.000	37.000
450.000	50.000
451.000	50.000
452.000	48.000
453.000	37.000
454.000	60.000
455.000	58.000
456.000	34.000
457.000	40.000
458.000	44.000
459.000	35.000
460.000	56.000
461.000	54.000
462.000	48.000
463.000	41.000
464.000	49.000
465.000	40.000
466.000	51.000
467.000	45.000
468.000	40.000
469.000	58.000
470.000	42.000
471.000	63.000
472.000	49.000
473.000	52.000
474.000	63.000
475.000	58.000
476.000	53.000
477.000	65.000
478.000	55.000
479.000	52.000
480.000	52.000
481.000	54.000
482.000	66.000
483.000	47.000
484.000	57.000
485.000	52.000
486.000	49.000
487.000	50.000
488.000	66.000
489.000	55.000
490.000	64.000
491.000	60.000
492.000	62.000
493.000	58.000
494.000	54.000
495.000	68.000
496.000	61.000
497.000	62.000
498.000	70.000
499.000	58.000
500.000	61.000
501.000	55.000
502.000	61.000
503.000	77.000
504.000	62.000
505.000	60.000
506.000	76.000
507.000	76.000
508.000	72.000
509.000	90.000
510.000	71.000
511.000	70.000
512.000	75.000
513.000	77.000
514.000	83.000
515.000	71.000
516.000	73.000
517.000	89.000
518.000	91.000
519.000	79.000
520.000	81.000
521.000	80.000
522.000	84.000
523.000	93.000
524.000	82.000
525.000	86.000
526.000	96.000
527.000	80.000
528.000	70.000
529.000	87.000
530.000	87.000
531.000	88.000
532.000	106.000
533.000	93.000
534.000	88.000
535.000	83.000
536.000	90.000
537.000	71.000
538.000	88.000
539.000	99.000
540.000	104.000
541.000	74.000
542.000	88.000
543.000	115.000
544.000	106.000
545.000	93.000
546.000	104.000
547.000	84.000
548.000	108.000
549.000	85.000
550.000	107.000
551.000	96.000
552.000	93.000
553.000	98.000
554.000	96.000
555.000	77.000
556.000	107.000
557.000	99.000
558.000	115.000
559.000	109.000
560.000	112.000
561.000	128.000
562.000	103.000
563.000	103.000
564.000	102.000
565.000	105.000
566.000	101.000
567.000	100.000
568.000	103.000
569.000	117.000
570.000	117.000
571.000	109.000
572.000	120.000
573.000	106.000
574.000	118.000
575.000	133.000
576.000	130.000
577.000	110.000
578.000	124.000
579.000	121.000
580.000	129.000
581.000	122.000
582.000	115.000
583.000	126.000
584.000	146.000
585.000	135.000
586.000	133.000
587.000	134.000
588.000	127.000
589.000	136.000
590.000	135.000
591.000	137.000
592.000	137.000
593.000	129.000
594.000	151.000
595.000	131.000
596.000	126.000
597.000	129.000
598.000	122.000
599.000	155.000
600.000	138.000
601.000	136.000
602.000	140.000
603.000	135.000
604.000	139.000
605.000	168.000
606.000	132.000
607.000	152.000
608.000	154.000
609.000	140.000
610.000	150.000
611.000	147.000
612.000	145.000
613.000	162.000
614.000	139.000
615.000	162.000
616.000	152.000
617.000	159.000
618.000	168.000
619.000	148.000
620.000	146.000
621.000	131.000
622.000	166.000
623.000	164.000
624.000	156.000
625.000	177.000
626.000	167.000
627.000	167.000
628.000	163.000
629.000	173.000
630.000	146.000
631.000	146.000
632.000	176.000
633.000	176.000
634.000	166.000
635.000	170.000
636.000	186.000
637.000	139.000
638.000	160.000
639.000	189.000
640.000	181.000
641.000	186.000
642.000	162.000
643.000	170.000
644.000	190.000
645.000	168.000
646.000	149.000
647.000	175.000
648.000	199.000
649.000	188.000
650.000	195.000
651.000	208.000
652.000	187.000
653.000	183.000
654.000	183.000
655.000	175.000
656.000	192.000
657.000	196.000
658.000	197.000
659.000	198.000
660.000	182.000
661.000	177.000
662.000	187.000
663.000	196.000
664.000	224.000
665.000	190.000
666.000	186.000
667.000	182.000
668.000	201.000
669.000	186.000
670.000	198.000
671.000	216.000
672.000	200.000
673.000	221.000
674.000	204.000
675.000	211.000
676.000	219.000
677.000	192.000
678.000	189.000
679.000	193.000
680.000	197.000
681.000	201.000
682.000	210.000
683.000	213.000
684.000	206.000
685.000	231.000
686.000	214.000
687.000	225.000
688.000	190.000
689.000	236.000
690.000	205.000
691.000	205.000
692.000	234.000
693.000	215.000
694.000	214.000
695.000	231.000
696.000	212.000
697.000	212.000
698.000	188.000
699.000	238.000
700.000	231.000
701.000	222.000
702.000	237.000
703.000	237.000
704.000	230.000
705.000	237.000
706.000	237.000
707.000	234.000
708.000	229.000
709.000	231.000
710.000	244.000
711.000	225.000
712.000	220.000
713.000	225.000
714.000	259.000
715.000	232.000
716.000	227.000
717.000	243.000
718.000	214.000
719.000	224.000
720.000	237.000
721.000	230.000
722.000	235.000
723.000	247.000
724.000	238.000
725.000	244.000
726.000	220.000
727.000	251.000
728.000	281.000
729.000	258.000
730.000	256.000
731.000	275.000
732.000	251.000
733.000	260.000
734.000	237.000
735.000	249.000
736.000	244.000
737.000	250.000
738.000	259.000
739.000	240.000
740.000	264.000
741.000	241.000
742.000	280.000
743.000	220.000
744.000	278.000
745.000	262.000
746.000	278.000
747.000	242.000
748.000	257.000
749.000	270.000
750.000	263.000
751.000	252.000
752.000	281.000
753.000	262.000
754.000	255.000
755.000	252.000
756.000	288.000
757.000	301.000
758.000	273.000
759.000	264.000
760.000	279.000
761.000	291.000
762.000	297.000
763.000	265.000
764.000	269.000
765.000	283.000
766.000	267.000
767.000	284.000
768.000	271.000
769.000	287.000
770.000	261.000
771.000	301.000
772.000	288.000
773.000	310.000
774.000	281.000
775.000	302.000
776.000	315.000
777.000	306.000
778.000	315.000
779.000	269.000
780.000	275.000
781.000	248.000
782.000	273.000
783.000	258.000
784.000	228.000
785.000	262.000
786.000	252.000
787.000	278.000
788.000	295.000
789.000	276.000
790.000	276.000
791.000	282.000
792.000	303.000
793.000	279.000
794.000	291.000
795.000	243.000
796.000	297.000
797.000	294.000
798.000	297.000
799.000	276.000
800.000	273.000
801.000	281.000
802.000	267.000
803.000	288.000
804.000	270.000
805.000	292.000
806.000	256.000
807.000	301.000
808.000	292.000
809.000	295.000
810.000	292.000
811.000	277.000
812.000	293.000
813.000	315.000
814.000	293.000
815.000	299.000
816.000	316.000
817.000	320.000
818.000	304.000
819.000	297.000
820.000	308.000
821.000	295.000
822.000	319.000
823.000	316.000
824.000	306.000
825.000	299.000
826.000	323.000
827.000	334.000
828.000	282.000
829.000	314.000
830.000	310.000
831.000	293.000
832.000	306.000
833.000	316.000
834.000	312.000
835.000	324.000
836.000	314.000
837.000	304.000
838.000	308.000
839.000	345.000
840.000	305.000
841.000	347.000
842.000	333.000
843.000	333.000
844.000	325.000
845.000	319.000
846.000	350.000
847.000	348.000
848.000	356.000
849.000	343.000
850.000	362.000
851.000	338.000
852.000	374.000
853.000	384.000
854.000	369.000
855.000	356.000
856.000	381.000
857.000	401.000
858.000	362.000
859.000	377.000
860.000	388.000
861.000	385.000
862.000	408.000
863.000	404.000
864.000	395.000
865.000	417.000
866.000	421.000
867.000	427.000
868.000	437.000
869.000	459.000
870.000	455.000
871.000	447.000
872.000	463.000
873.000	526.000
874.000	529.000
875.000	571.000
876.000	513.000
877.000	595.000
878.000	573.000
879.000	648.000
880.000	610.000
881.000	685.000
882.000	781.000
883.000	831.000
884.000	883.000
885.000	874.000
886.000	931.000
887.000	994.000
888.000	1045.000
889.000	1076.000
890.000	1197.000
891.000	1212.000
892.000	1299.000
893.000	1285.000
894.000	1353.000
895.000	1404.000
896.000	1471.000
897.000	1469.000
898.000	1495.000
899.000	1534.000
900.000	1557.000
901.000	1498.000
902.000	1598.000
903.000	1496.000
904.000	1398.000
905.000	1419.000
906.000	1381.000
907.000	1396.000
908.000	1280.000
909.000	1265.000
910.000	1221.000
911.000	1146.000
912.000	1090.000
913.000	995.000
914.000	880.000
915.000	912.000
916.000	859.000
917.000	798.000
918.000	737.000
919.000	668.000
920.000	703.000
921.000	667.000
922.000	612.000
923.000	553.000
924.000	520.000
925.000	520.000
926.000	450.000
927.000	487.000
928.000	437.000
929.000	416.000
930.000	378.000
931.000	396.000
932.000	368.000
933.000	397.000
934.000	365.000
935.000	363.000
936.000	365.000
937.000	349.000
938.000	398.000
939.000	382.000
940.000	365.000
941.000	425.000
942.000	424.000
943.000	406.000
944.000	467.000
945.000	509.000
946.000	554.000
947.000	659.000
948.000	636.000
949.000	691.000
950.000	773.000
951.000	759.000
952.000	794.000
953.000	800.000
954.000	849.000
955.000	815.000
956.000	758.000
957.000	712.000
958.000	652.000
959.000	601.000
960.000	530.000
961.000	492.000
962.000	488.000
963.000	433.000
964.000	449.000
965.000	330.000
966.000	311.000
967.000	329.000
968.000	307.000
969.000	302.000
970.000	319.000
971.000	277.000
972.000	281.000
973.000	310.000
974.000	306.000
975.000	319.000
976.000	292.000
977.000	279.000
978.000	273.000
979.000	312.000
980.000	330.000
981.000	330.000
982.000	333.000
983.000	332.000
984.000	326.000
985.000	315.000
986.000	345.000
987.000	340.000
988.000	373.000
989.000	359.000
990.000	355.000
991.000	368.000
992.000	372.000
993.000	453.000
994.000	432.000
995.000	417.000
996.000	457.000
997.000	417.000
998.000	451.000
999.000	388.000
1000.000	443.000
1001.000	466.000
1002.000	449.000
1003.000	463.000
1004.000	427.000
1005.000	453.000
1006.000	434.000
1007.000	448.000
1008.000	434.000
1009.000	440.000
1010.000	394.000
1011.000	461.000
1012.000	411.000
1013.000	363.000
1014.000	416.000
1015.000	361.000
1016.000	385.000
1017.000	374.000
1018.000	352.000
1019.000	337.000
1020.000	325.000
1021.000	326.000
1022.000	299.000
1023.000	282.000
1024.000	295.000
