Date:	8/19/2008		Time:	8:58 AM		Version no:	0.00		Project name:	55		Sample name:	222		Section name:	section		Position	242.039995	mm	E0	0.000000	keV	E1	1.000000	keV/channel	sample surface	7.442542	cm	Tube anode:	Mo		Tube voltage:	30	kV	Tube current:	50	mA	gain	20		std. database			resultfile	result		matrix element	11		sample thickness	1.000000		air passage	0.560000	cm	comments	not in position		peaking_time	3.000000	m-sec	trigger_threshold	1229.166667	V	mca_bin_width	22.090000	no:	number_mca_channels	1024.000000	no:	gap_time	0.400000	m-sec	trigger_peaking_time	0.150000	m-sec	GAINDAC	9455		HIGHGAIN	1		TAURC	0		RCTAU	53		RCTAUFRAC	32768		livetime	9.753693	seconds	runtime	10.000502	seconds	input_count_rate	24.296746	cps	output_count_rate	19.138040	cps	triggers	236983	seconds	events_in_run	191390	seconds	channel	content		1.000	0.000
2.000	0.000
3.000	0.000
4.000	0.000
5.000	0.000
6.000	0.000
7.000	0.000
8.000	0.000
9.000	0.000
10.000	0.000
11.000	0.000
12.000	0.000
13.000	0.000
14.000	0.000
15.000	0.000
16.000	0.000
17.000	0.000
18.000	0.000
19.000	0.000
20.000	0.000
21.000	0.000
22.000	0.000
23.000	0.000
24.000	0.000
25.000	0.000
26.000	0.000
27.000	0.000
28.000	0.000
29.000	0.000
30.000	0.000
31.000	0.000
32.000	3.000
33.000	0.000
34.000	0.000
35.000	0.000
36.000	4.000
37.000	1.000
38.000	2.000
39.000	1.000
40.000	6.000
41.000	5.000
42.000	1.000
43.000	6.000
44.000	5.000
45.000	2.000
46.000	8.000
47.000	7.000
48.000	7.000
49.000	4.000
50.000	5.000
51.000	6.000
52.000	10.000
53.000	11.000
54.000	12.000
55.000	8.000
56.000	8.000
57.000	9.000
58.000	9.000
59.000	9.000
60.000	6.000
61.000	13.000
62.000	7.000
63.000	14.000
64.000	6.000
65.000	5.000
66.000	7.000
67.000	8.000
68.000	8.000
69.000	12.000
70.000	3.000
71.000	8.000
72.000	10.000
73.000	6.000
74.000	5.000
75.000	10.000
76.000	4.000
77.000	12.000
78.000	9.000
79.000	7.000
80.000	6.000
81.000	7.000
82.000	7.000
83.000	11.000
84.000	12.000
85.000	6.000
86.000	5.000
87.000	7.000
88.000	6.000
89.000	5.000
90.000	7.000
91.000	5.000
92.000	5.000
93.000	9.000
94.000	8.000
95.000	6.000
96.000	5.000
97.000	3.000
98.000	10.000
99.000	4.000
100.000	9.000
101.000	8.000
102.000	3.000
103.000	8.000
104.000	7.000
105.000	9.000
106.000	6.000
107.000	6.000
108.000	4.000
109.000	4.000
110.000	7.000
111.000	5.000
112.000	6.000
113.000	8.000
114.000	5.000
115.000	5.000
116.000	7.000
117.000	5.000
118.000	2.000
119.000	7.000
120.000	9.000
121.000	5.000
122.000	8.000
123.000	6.000
124.000	10.000
125.000	10.000
126.000	12.000
127.000	5.000
128.000	8.000
129.000	6.000
130.000	5.000
131.000	9.000
132.000	1.000
133.000	5.000
134.000	8.000
135.000	8.000
136.000	2.000
137.000	6.000
138.000	3.000
139.000	4.000
140.000	5.000
141.000	4.000
142.000	7.000
143.000	8.000
144.000	1.000
145.000	4.000
146.000	2.000
147.000	3.000
148.000	7.000
149.000	2.000
150.000	5.000
151.000	1.000
152.000	5.000
153.000	4.000
154.000	2.000
155.000	4.000
156.000	3.000
157.000	4.000
158.000	3.000
159.000	1.000
160.000	4.000
161.000	9.000
162.000	11.000
163.000	11.000
164.000	14.000
165.000	8.000
166.000	5.000
167.000	4.000
168.000	7.000
169.000	2.000
170.000	5.000
171.000	3.000
172.000	6.000
173.000	4.000
174.000	3.000
175.000	1.000
176.000	5.000
177.000	1.000
178.000	5.000
179.000	4.000
180.000	7.000
181.000	8.000
182.000	7.000
183.000	6.000
184.000	6.000
185.000	10.000
186.000	7.000
187.000	6.000
188.000	0.000
189.000	3.000
190.000	5.000
191.000	7.000
192.000	10.000
193.000	3.000
194.000	5.000
195.000	5.000
196.000	4.000
197.000	3.000
198.000	5.000
199.000	18.000
200.000	18.000
201.000	19.000
202.000	19.000
203.000	22.000
204.000	17.000
205.000	8.000
206.000	18.000
207.000	12.000
208.000	4.000
209.000	9.000
210.000	6.000
211.000	1.000
212.000	2.000
213.000	4.000
214.000	2.000
215.000	3.000
216.000	2.000
217.000	3.000
218.000	2.000
219.000	5.000
220.000	4.000
221.000	5.000
222.000	6.000
223.000	3.000
224.000	3.000
225.000	1.000
226.000	1.000
227.000	1.000
228.000	3.000
229.000	3.000
230.000	0.000
231.000	1.000
232.000	1.000
233.000	2.000
234.000	3.000
235.000	1.000
236.000	3.000
237.000	7.000
238.000	2.000
239.000	5.000
240.000	2.000
241.000	1.000
242.000	1.000
243.000	2.000
244.000	6.000
245.000	8.000
246.000	10.000
247.000	9.000
248.000	7.000
249.000	7.000
250.000	6.000
251.000	7.000
252.000	10.000
253.000	6.000
254.000	3.000
255.000	6.000
256.000	3.000
257.000	4.000
258.000	3.000
259.000	6.000
260.000	1.000
261.000	3.000
262.000	2.000
263.000	4.000
264.000	4.000
265.000	3.000
266.000	3.000
267.000	5.000
268.000	6.000
269.000	6.000
270.000	4.000
271.000	2.000
272.000	8.000
273.000	5.000
274.000	4.000
275.000	5.000
276.000	4.000
277.000	5.000
278.000	5.000
279.000	5.000
280.000	7.000
281.000	4.000
282.000	0.000
283.000	2.000
284.000	3.000
285.000	6.000
286.000	2.000
287.000	6.000
288.000	3.000
289.000	4.000
290.000	5.000
291.000	8.000
292.000	13.000
293.000	6.000
294.000	5.000
295.000	8.000
296.000	4.000
297.000	7.000
298.000	8.000
299.000	2.000
300.000	5.000
301.000	3.000
302.000	3.000
303.000	4.000
304.000	7.000
305.000	3.000
306.000	8.000
307.000	5.000
308.000	3.000
309.000	5.000
310.000	4.000
311.000	3.000
312.000	3.000
313.000	6.000
314.000	4.000
315.000	14.000
316.000	8.000
317.000	11.000
318.000	17.000
319.000	21.000
320.000	30.000
321.000	26.000
322.000	36.000
323.000	40.000
324.000	32.000
325.000	25.000
326.000	31.000
327.000	19.000
328.000	12.000
329.000	9.000
330.000	19.000
331.000	9.000
332.000	11.000
333.000	11.000
334.000	8.000
335.000	8.000
336.000	15.000
337.000	13.000
338.000	7.000
339.000	7.000
340.000	18.000
341.000	27.000
342.000	46.000
343.000	66.000
344.000	115.000
345.000	168.000
346.000	273.000
347.000	342.000
348.000	452.000
349.000	503.000
350.000	625.000
351.000	588.000
352.000	560.000
353.000	445.000
354.000	409.000
355.000	264.000
356.000	166.000
357.000	140.000
358.000	72.000
359.000	60.000
360.000	33.000
361.000	14.000
362.000	14.000
363.000	19.000
364.000	10.000
365.000	12.000
366.000	8.000
367.000	11.000
368.000	15.000
369.000	8.000
370.000	14.000
371.000	16.000
372.000	18.000
373.000	16.000
374.000	17.000
375.000	23.000
376.000	27.000
377.000	22.000
378.000	15.000
379.000	24.000
380.000	39.000
381.000	47.000
382.000	76.000
383.000	79.000
384.000	81.000
385.000	103.000
386.000	93.000
387.000	115.000
388.000	104.000
389.000	92.000
390.000	68.000
391.000	50.000
392.000	39.000
393.000	46.000
394.000	17.000
395.000	19.000
396.000	19.000
397.000	15.000
398.000	17.000
399.000	13.000
400.000	13.000
401.000	15.000
402.000	14.000
403.000	11.000
404.000	10.000
405.000	22.000
406.000	12.000
407.000	12.000
408.000	11.000
409.000	18.000
410.000	14.000
411.000	20.000
412.000	16.000
413.000	18.000
414.000	24.000
415.000	24.000
416.000	22.000
417.000	21.000
418.000	17.000
419.000	24.000
420.000	23.000
421.000	17.000
422.000	17.000
423.000	13.000
424.000	19.000
425.000	23.000
426.000	21.000
427.000	17.000
428.000	16.000
429.000	20.000
430.000	15.000
431.000	21.000
432.000	32.000
433.000	16.000
434.000	22.000
435.000	19.000
436.000	21.000
437.000	23.000
438.000	32.000
439.000	26.000
440.000	27.000
441.000	25.000
442.000	22.000
443.000	31.000
444.000	25.000
445.000	22.000
446.000	24.000
447.000	28.000
448.000	24.000
449.000	37.000
450.000	29.000
451.000	35.000
452.000	23.000
453.000	31.000
454.000	31.000
455.000	41.000
456.000	42.000
457.000	33.000
458.000	28.000
459.000	28.000
460.000	38.000
461.000	35.000
462.000	26.000
463.000	31.000
464.000	39.000
465.000	22.000
466.000	20.000
467.000	25.000
468.000	46.000
469.000	40.000
470.000	39.000
471.000	38.000
472.000	44.000
473.000	35.000
474.000	41.000
475.000	38.000
476.000	41.000
477.000	32.000
478.000	40.000
479.000	32.000
480.000	38.000
481.000	35.000
482.000	38.000
483.000	51.000
484.000	35.000
485.000	42.000
486.000	45.000
487.000	33.000
488.000	37.000
489.000	36.000
490.000	41.000
491.000	43.000
492.000	45.000
493.000	51.000
494.000	41.000
495.000	42.000
496.000	42.000
497.000	58.000
498.000	44.000
499.000	39.000
500.000	37.000
501.000	41.000
502.000	39.000
503.000	39.000
504.000	34.000
505.000	69.000
506.000	48.000
507.000	53.000
508.000	35.000
509.000	46.000
510.000	54.000
511.000	44.000
512.000	47.000
513.000	60.000
514.000	64.000
515.000	56.000
516.000	61.000
517.000	50.000
518.000	46.000
519.000	71.000
520.000	50.000
521.000	62.000
522.000	63.000
523.000	56.000
524.000	57.000
525.000	64.000
526.000	61.000
527.000	63.000
528.000	69.000
529.000	51.000
530.000	78.000
531.000	79.000
532.000	57.000
533.000	79.000
534.000	56.000
535.000	61.000
536.000	63.000
537.000	75.000
538.000	72.000
539.000	52.000
540.000	72.000
541.000	69.000
542.000	84.000
543.000	73.000
544.000	71.000
545.000	68.000
546.000	70.000
547.000	65.000
548.000	73.000
549.000	77.000
550.000	70.000
551.000	71.000
552.000	76.000
553.000	72.000
554.000	67.000
555.000	83.000
556.000	83.000
557.000	76.000
558.000	75.000
559.000	94.000
560.000	90.000
561.000	75.000
562.000	75.000
563.000	91.000
564.000	85.000
565.000	79.000
566.000	96.000
567.000	80.000
568.000	84.000
569.000	84.000
570.000	81.000
571.000	83.000
572.000	84.000
573.000	73.000
574.000	87.000
575.000	100.000
576.000	83.000
577.000	88.000
578.000	71.000
579.000	83.000
580.000	95.000
581.000	88.000
582.000	109.000
583.000	87.000
584.000	83.000
585.000	97.000
586.000	82.000
587.000	93.000
588.000	98.000
589.000	116.000
590.000	104.000
591.000	114.000
592.000	97.000
593.000	106.000
594.000	99.000
595.000	109.000
596.000	99.000
597.000	108.000
598.000	108.000
599.000	103.000
600.000	102.000
601.000	102.000
602.000	114.000
603.000	112.000
604.000	108.000
605.000	102.000
606.000	113.000
607.000	119.000
608.000	113.000
609.000	104.000
610.000	130.000
611.000	113.000
612.000	114.000
613.000	122.000
614.000	131.000
615.000	116.000
616.000	100.000
617.000	115.000
618.000	137.000
619.000	104.000
620.000	113.000
621.000	133.000
622.000	108.000
623.000	134.000
624.000	144.000
625.000	110.000
626.000	140.000
627.000	132.000
628.000	110.000
629.000	119.000
630.000	107.000
631.000	105.000
632.000	140.000
633.000	137.000
634.000	130.000
635.000	129.000
636.000	134.000
637.000	137.000
638.000	108.000
639.000	148.000
640.000	148.000
641.000	153.000
642.000	148.000
643.000	128.000
644.000	155.000
645.000	167.000
646.000	143.000
647.000	173.000
648.000	144.000
649.000	118.000
650.000	131.000
651.000	128.000
652.000	158.000
653.000	141.000
654.000	155.000
655.000	182.000
656.000	157.000
657.000	146.000
658.000	130.000
659.000	136.000
660.000	167.000
661.000	134.000
662.000	156.000
663.000	141.000
664.000	154.000
665.000	164.000
666.000	133.000
667.000	164.000
668.000	151.000
669.000	163.000
670.000	164.000
671.000	151.000
672.000	152.000
673.000	160.000
674.000	149.000
675.000	155.000
676.000	172.000
677.000	165.000
678.000	156.000
679.000	159.000
680.000	166.000
681.000	158.000
682.000	162.000
683.000	157.000
684.000	166.000
685.000	181.000
686.000	173.000
687.000	145.000
688.000	190.000
689.000	212.000
690.000	189.000
691.000	204.000
692.000	179.000
693.000	172.000
694.000	177.000
695.000	157.000
696.000	177.000
697.000	192.000
698.000	183.000
699.000	183.000
700.000	156.000
701.000	172.000
702.000	159.000
703.000	196.000
704.000	179.000
705.000	192.000
706.000	196.000
707.000	160.000
708.000	214.000
709.000	194.000
710.000	227.000
711.000	185.000
712.000	201.000
713.000	192.000
714.000	171.000
715.000	193.000
716.000	184.000
717.000	179.000
718.000	221.000
719.000	194.000
720.000	231.000
721.000	176.000
722.000	214.000
723.000	183.000
724.000	201.000
725.000	210.000
726.000	213.000
727.000	222.000
728.000	200.000
729.000	221.000
730.000	206.000
731.000	218.000
732.000	230.000
733.000	206.000
734.000	200.000
735.000	219.000
736.000	213.000
737.000	221.000
738.000	214.000
739.000	221.000
740.000	211.000
741.000	210.000
742.000	203.000
743.000	219.000
744.000	229.000
745.000	220.000
746.000	214.000
747.000	200.000
748.000	213.000
749.000	213.000
750.000	216.000
751.000	206.000
752.000	226.000
753.000	209.000
754.000	202.000
755.000	257.000
756.000	221.000
757.000	198.000
758.000	198.000
759.000	189.000
760.000	217.000
761.000	234.000
762.000	215.000
763.000	221.000
764.000	232.000
765.000	218.000
766.000	233.000
767.000	254.000
768.000	233.000
769.000	279.000
770.000	233.000
771.000	241.000
772.000	252.000
773.000	269.000
774.000	247.000
775.000	251.000
776.000	253.000
777.000	253.000
778.000	263.000
779.000	246.000
780.000	261.000
781.000	263.000
782.000	233.000
783.000	238.000
784.000	227.000
785.000	236.000
786.000	240.000
787.000	246.000
788.000	224.000
789.000	219.000
790.000	281.000
791.000	228.000
792.000	249.000
793.000	244.000
794.000	256.000
795.000	256.000
796.000	232.000
797.000	243.000
798.000	263.000
799.000	234.000
800.000	272.000
801.000	234.000
802.000	230.000
803.000	241.000
804.000	244.000
805.000	255.000
806.000	246.000
807.000	262.000
808.000	271.000
809.000	245.000
810.000	254.000
811.000	248.000
812.000	259.000
813.000	263.000
814.000	257.000
815.000	263.000
816.000	262.000
817.000	280.000
818.000	293.000
819.000	247.000
820.000	257.000
821.000	276.000
822.000	270.000
823.000	250.000
824.000	255.000
825.000	254.000
826.000	264.000
827.000	259.000
828.000	239.000
829.000	235.000
830.000	257.000
831.000	278.000
832.000	250.000
833.000	280.000
834.000	290.000
835.000	286.000
836.000	291.000
837.000	260.000
838.000	287.000
839.000	282.000
840.000	282.000
841.000	268.000
842.000	285.000
843.000	270.000
844.000	293.000
845.000	288.000
846.000	302.000
847.000	267.000
848.000	294.000
849.000	263.000
850.000	272.000
851.000	323.000
852.000	312.000
853.000	341.000
854.000	339.000
855.000	334.000
856.000	330.000
857.000	323.000
858.000	322.000
859.000	325.000
860.000	348.000
861.000	351.000
862.000	356.000
863.000	398.000
864.000	375.000
865.000	358.000
866.000	347.000
867.000	399.000
868.000	392.000
869.000	419.000
870.000	410.000
871.000	431.000
872.000	424.000
873.000	416.000
874.000	428.000
875.000	429.000
876.000	520.000
877.000	455.000
878.000	511.000
879.000	557.000
880.000	603.000
881.000	626.000
882.000	607.000
883.000	707.000
884.000	752.000
885.000	783.000
886.000	819.000
887.000	856.000
888.000	933.000
889.000	900.000
890.000	1015.000
891.000	1073.000
892.000	1178.000
893.000	1104.000
894.000	1237.000
895.000	1301.000
896.000	1315.000
897.000	1285.000
898.000	1356.000
899.000	1440.000
900.000	1328.000
901.000	1319.000
902.000	1314.000
903.000	1344.000
904.000	1245.000
905.000	1236.000
906.000	1205.000
907.000	1182.000
908.000	1130.000
909.000	1090.000
910.000	1086.000
911.000	1016.000
912.000	907.000
913.000	884.000
914.000	853.000
915.000	729.000
916.000	742.000
917.000	727.000
918.000	710.000
919.000	628.000
920.000	566.000
921.000	563.000
922.000	529.000
923.000	529.000
924.000	449.000
925.000	419.000
926.000	429.000
927.000	421.000
928.000	395.000
929.000	410.000
930.000	363.000
931.000	347.000
932.000	330.000
933.000	349.000
934.000	272.000
935.000	319.000
936.000	319.000
937.000	352.000
938.000	344.000
939.000	311.000
940.000	345.000
941.000	368.000
942.000	369.000
943.000	378.000
944.000	436.000
945.000	472.000
946.000	481.000
947.000	568.000
948.000	592.000
949.000	594.000
950.000	636.000
951.000	721.000
952.000	736.000
953.000	763.000
954.000	701.000
955.000	695.000
956.000	676.000
957.000	594.000
958.000	590.000
959.000	536.000
960.000	491.000
961.000	427.000
962.000	434.000
963.000	374.000
964.000	349.000
965.000	333.000
966.000	286.000
967.000	288.000
968.000	247.000
969.000	257.000
970.000	270.000
971.000	263.000
972.000	258.000
973.000	269.000
974.000	240.000
975.000	269.000
976.000	251.000
977.000	279.000
978.000	281.000
979.000	281.000
980.000	266.000
981.000	315.000
982.000	253.000
983.000	288.000
984.000	288.000
985.000	336.000
986.000	289.000
987.000	326.000
988.000	328.000
989.000	337.000
990.000	330.000
991.000	347.000
992.000	358.000
993.000	335.000
994.000	366.000
995.000	379.000
996.000	362.000
997.000	402.000
998.000	387.000
999.000	394.000
1000.000	389.000
1001.000	408.000
1002.000	426.000
1003.000	426.000
1004.000	378.000
1005.000	394.000
1006.000	422.000
1007.000	399.000
1008.000	365.000
1009.000	380.000
1010.000	352.000
1011.000	374.000
1012.000	380.000
1013.000	328.000
1014.000	330.000
1015.000	338.000
1016.000	318.000
1017.000	315.000
1018.000	289.000
1019.000	306.000
1020.000	307.000
1021.000	285.000
1022.000	263.000
1023.000	247.000
1024.000	270.000
