Date:	8/19/2008		Time:	9:43 AM		Version no:	0.00		Project name:	55		Sample name:	222		Section name:	section		Position	720.039995	mm	E0	0.000000	keV	E1	1.000000	keV/channel	sample surface	7.593033	cm	Tube anode:	Mo		Tube voltage:	30	kV	Tube current:	50	mA	gain	20		std. database			resultfile	result		matrix element	11		sample thickness	1.000000		air passage	0.560000	cm	comments	not in position		peaking_time	3.000000	m-sec	trigger_threshold	1229.166667	V	mca_bin_width	22.090000	no:	number_mca_channels	1024.000000	no:	gap_time	0.400000	m-sec	trigger_peaking_time	0.150000	m-sec	GAINDAC	9455		HIGHGAIN	1		TAURC	0		RCTAU	53		RCTAUFRAC	32768		livetime	9.692641	seconds	runtime	10.000502	seconds	input_count_rate	28.949180	cps	output_count_rate	21.999497	cps	triggers	280594	seconds	events_in_run	220006	seconds	channel	content		1.000	0.000
2.000	0.000
3.000	0.000
4.000	0.000
5.000	0.000
6.000	0.000
7.000	0.000
8.000	0.000
9.000	0.000
10.000	0.000
11.000	0.000
12.000	0.000
13.000	0.000
14.000	0.000
15.000	0.000
16.000	0.000
17.000	0.000
18.000	0.000
19.000	0.000
20.000	0.000
21.000	0.000
22.000	0.000
23.000	0.000
24.000	0.000
25.000	0.000
26.000	0.000
27.000	0.000
28.000	0.000
29.000	0.000
30.000	0.000
31.000	0.000
32.000	1.000
33.000	1.000
34.000	2.000
35.000	0.000
36.000	3.000
37.000	0.000
38.000	1.000
39.000	7.000
40.000	3.000
41.000	5.000
42.000	3.000
43.000	5.000
44.000	9.000
45.000	7.000
46.000	7.000
47.000	3.000
48.000	10.000
49.000	9.000
50.000	15.000
51.000	7.000
52.000	10.000
53.000	7.000
54.000	7.000
55.000	9.000
56.000	11.000
57.000	10.000
58.000	7.000
59.000	11.000
60.000	4.000
61.000	12.000
62.000	12.000
63.000	14.000
64.000	8.000
65.000	11.000
66.000	7.000
67.000	10.000
68.000	11.000
69.000	9.000
70.000	10.000
71.000	14.000
72.000	13.000
73.000	10.000
74.000	8.000
75.000	10.000
76.000	7.000
77.000	7.000
78.000	13.000
79.000	12.000
80.000	12.000
81.000	9.000
82.000	5.000
83.000	9.000
84.000	8.000
85.000	8.000
86.000	9.000
87.000	9.000
88.000	13.000
89.000	4.000
90.000	11.000
91.000	7.000
92.000	8.000
93.000	10.000
94.000	11.000
95.000	9.000
96.000	11.000
97.000	11.000
98.000	2.000
99.000	6.000
100.000	7.000
101.000	11.000
102.000	6.000
103.000	9.000
104.000	7.000
105.000	8.000
106.000	5.000
107.000	12.000
108.000	7.000
109.000	6.000
110.000	9.000
111.000	10.000
112.000	8.000
113.000	8.000
114.000	2.000
115.000	3.000
116.000	7.000
117.000	3.000
118.000	10.000
119.000	7.000
120.000	5.000
121.000	8.000
122.000	5.000
123.000	11.000
124.000	15.000
125.000	10.000
126.000	12.000
127.000	11.000
128.000	11.000
129.000	10.000
130.000	5.000
131.000	7.000
132.000	7.000
133.000	5.000
134.000	5.000
135.000	7.000
136.000	8.000
137.000	6.000
138.000	5.000
139.000	7.000
140.000	4.000
141.000	6.000
142.000	6.000
143.000	4.000
144.000	4.000
145.000	7.000
146.000	8.000
147.000	2.000
148.000	5.000
149.000	5.000
150.000	4.000
151.000	5.000
152.000	5.000
153.000	3.000
154.000	2.000
155.000	5.000
156.000	5.000
157.000	2.000
158.000	3.000
159.000	6.000
160.000	14.000
161.000	15.000
162.000	10.000
163.000	6.000
164.000	7.000
165.000	13.000
166.000	7.000
167.000	0.000
168.000	5.000
169.000	6.000
170.000	5.000
171.000	8.000
172.000	5.000
173.000	1.000
174.000	11.000
175.000	5.000
176.000	4.000
177.000	5.000
178.000	6.000
179.000	11.000
180.000	8.000
181.000	11.000
182.000	12.000
183.000	6.000
184.000	11.000
185.000	6.000
186.000	5.000
187.000	6.000
188.000	2.000
189.000	7.000
190.000	3.000
191.000	3.000
192.000	4.000
193.000	3.000
194.000	4.000
195.000	7.000
196.000	8.000
197.000	15.000
198.000	8.000
199.000	15.000
200.000	12.000
201.000	27.000
202.000	28.000
203.000	31.000
204.000	39.000
205.000	18.000
206.000	28.000
207.000	16.000
208.000	8.000
209.000	5.000
210.000	3.000
211.000	4.000
212.000	1.000
213.000	3.000
214.000	2.000
215.000	3.000
216.000	8.000
217.000	9.000
218.000	9.000
219.000	6.000
220.000	12.000
221.000	9.000
222.000	7.000
223.000	6.000
224.000	10.000
225.000	7.000
226.000	2.000
227.000	4.000
228.000	4.000
229.000	1.000
230.000	4.000
231.000	2.000
232.000	2.000
233.000	3.000
234.000	4.000
235.000	4.000
236.000	5.000
237.000	6.000
238.000	6.000
239.000	5.000
240.000	4.000
241.000	6.000
242.000	10.000
243.000	4.000
244.000	7.000
245.000	8.000
246.000	14.000
247.000	14.000
248.000	6.000
249.000	13.000
250.000	12.000
251.000	5.000
252.000	12.000
253.000	8.000
254.000	3.000
255.000	8.000
256.000	10.000
257.000	4.000
258.000	4.000
259.000	9.000
260.000	9.000
261.000	3.000
262.000	9.000
263.000	5.000
264.000	6.000
265.000	4.000
266.000	4.000
267.000	4.000
268.000	7.000
269.000	10.000
270.000	4.000
271.000	5.000
272.000	6.000
273.000	6.000
274.000	2.000
275.000	5.000
276.000	4.000
277.000	4.000
278.000	3.000
279.000	7.000
280.000	6.000
281.000	8.000
282.000	3.000
283.000	4.000
284.000	4.000
285.000	2.000
286.000	9.000
287.000	8.000
288.000	4.000
289.000	6.000
290.000	8.000
291.000	6.000
292.000	6.000
293.000	9.000
294.000	11.000
295.000	4.000
296.000	8.000
297.000	8.000
298.000	10.000
299.000	7.000
300.000	2.000
301.000	7.000
302.000	8.000
303.000	4.000
304.000	9.000
305.000	7.000
306.000	8.000
307.000	5.000
308.000	6.000
309.000	6.000
310.000	4.000
311.000	3.000
312.000	11.000
313.000	8.000
314.000	5.000
315.000	9.000
316.000	5.000
317.000	20.000
318.000	19.000
319.000	28.000
320.000	41.000
321.000	46.000
322.000	57.000
323.000	61.000
324.000	42.000
325.000	46.000
326.000	29.000
327.000	27.000
328.000	21.000
329.000	16.000
330.000	21.000
331.000	18.000
332.000	9.000
333.000	10.000
334.000	8.000
335.000	9.000
336.000	14.000
337.000	16.000
338.000	10.000
339.000	20.000
340.000	24.000
341.000	26.000
342.000	55.000
343.000	71.000
344.000	149.000
345.000	229.000
346.000	268.000
347.000	439.000
348.000	505.000
349.000	593.000
350.000	712.000
351.000	734.000
352.000	614.000
353.000	586.000
354.000	463.000
355.000	316.000
356.000	226.000
357.000	151.000
358.000	94.000
359.000	54.000
360.000	33.000
361.000	30.000
362.000	16.000
363.000	16.000
364.000	18.000
365.000	17.000
366.000	14.000
367.000	10.000
368.000	15.000
369.000	17.000
370.000	15.000
371.000	13.000
372.000	10.000
373.000	12.000
374.000	17.000
375.000	19.000
376.000	31.000
377.000	21.000
378.000	28.000
379.000	35.000
380.000	41.000
381.000	40.000
382.000	66.000
383.000	86.000
384.000	121.000
385.000	121.000
386.000	117.000
387.000	141.000
388.000	107.000
389.000	100.000
390.000	81.000
391.000	77.000
392.000	56.000
393.000	43.000
394.000	46.000
395.000	26.000
396.000	32.000
397.000	18.000
398.000	17.000
399.000	27.000
400.000	20.000
401.000	20.000
402.000	23.000
403.000	21.000
404.000	15.000
405.000	27.000
406.000	20.000
407.000	17.000
408.000	23.000
409.000	23.000
410.000	23.000
411.000	26.000
412.000	23.000
413.000	22.000
414.000	13.000
415.000	23.000
416.000	21.000
417.000	35.000
418.000	28.000
419.000	29.000
420.000	24.000
421.000	26.000
422.000	23.000
423.000	21.000
424.000	29.000
425.000	25.000
426.000	28.000
427.000	33.000
428.000	34.000
429.000	32.000
430.000	43.000
431.000	35.000
432.000	33.000
433.000	30.000
434.000	23.000
435.000	36.000
436.000	44.000
437.000	28.000
438.000	32.000
439.000	31.000
440.000	33.000
441.000	41.000
442.000	34.000
443.000	42.000
444.000	33.000
445.000	39.000
446.000	48.000
447.000	35.000
448.000	41.000
449.000	44.000
450.000	45.000
451.000	40.000
452.000	37.000
453.000	47.000
454.000	38.000
455.000	40.000
456.000	36.000
457.000	49.000
458.000	29.000
459.000	43.000
460.000	44.000
461.000	47.000
462.000	42.000
463.000	41.000
464.000	47.000
465.000	48.000
466.000	49.000
467.000	40.000
468.000	39.000
469.000	53.000
470.000	43.000
471.000	56.000
472.000	52.000
473.000	39.000
474.000	49.000
475.000	40.000
476.000	46.000
477.000	48.000
478.000	42.000
479.000	57.000
480.000	56.000
481.000	53.000
482.000	40.000
483.000	51.000
484.000	39.000
485.000	56.000
486.000	52.000
487.000	46.000
488.000	51.000
489.000	65.000
490.000	50.000
491.000	44.000
492.000	50.000
493.000	65.000
494.000	56.000
495.000	63.000
496.000	56.000
497.000	65.000
498.000	54.000
499.000	54.000
500.000	49.000
501.000	50.000
502.000	57.000
503.000	51.000
504.000	64.000
505.000	63.000
506.000	66.000
507.000	60.000
508.000	60.000
509.000	79.000
510.000	61.000
511.000	70.000
512.000	66.000
513.000	66.000
514.000	67.000
515.000	57.000
516.000	57.000
517.000	84.000
518.000	64.000
519.000	79.000
520.000	58.000
521.000	77.000
522.000	73.000
523.000	70.000
524.000	83.000
525.000	99.000
526.000	89.000
527.000	89.000
528.000	88.000
529.000	83.000
530.000	90.000
531.000	76.000
532.000	70.000
533.000	73.000
534.000	70.000
535.000	89.000
536.000	94.000
537.000	68.000
538.000	83.000
539.000	100.000
540.000	79.000
541.000	78.000
542.000	74.000
543.000	80.000
544.000	102.000
545.000	88.000
546.000	100.000
547.000	94.000
548.000	87.000
549.000	97.000
550.000	83.000
551.000	79.000
552.000	82.000
553.000	79.000
554.000	97.000
555.000	88.000
556.000	108.000
557.000	100.000
558.000	123.000
559.000	101.000
560.000	130.000
561.000	112.000
562.000	92.000
563.000	115.000
564.000	107.000
565.000	98.000
566.000	97.000
567.000	102.000
568.000	115.000
569.000	107.000
570.000	98.000
571.000	121.000
572.000	120.000
573.000	104.000
574.000	100.000
575.000	114.000
576.000	109.000
577.000	115.000
578.000	117.000
579.000	106.000
580.000	99.000
581.000	110.000
582.000	112.000
583.000	122.000
584.000	115.000
585.000	119.000
586.000	108.000
587.000	125.000
588.000	109.000
589.000	124.000
590.000	117.000
591.000	139.000
592.000	112.000
593.000	127.000
594.000	133.000
595.000	112.000
596.000	130.000
597.000	111.000
598.000	125.000
599.000	141.000
600.000	121.000
601.000	143.000
602.000	114.000
603.000	128.000
604.000	142.000
605.000	117.000
606.000	136.000
607.000	132.000
608.000	114.000
609.000	109.000
610.000	137.000
611.000	143.000
612.000	142.000
613.000	162.000
614.000	140.000
615.000	141.000
616.000	168.000
617.000	138.000
618.000	137.000
619.000	138.000
620.000	160.000
621.000	143.000
622.000	173.000
623.000	135.000
624.000	147.000
625.000	151.000
626.000	171.000
627.000	156.000
628.000	168.000
629.000	145.000
630.000	178.000
631.000	161.000
632.000	154.000
633.000	161.000
634.000	153.000
635.000	152.000
636.000	134.000
637.000	186.000
638.000	157.000
639.000	158.000
640.000	150.000
641.000	156.000
642.000	162.000
643.000	200.000
644.000	164.000
645.000	177.000
646.000	154.000
647.000	167.000
648.000	194.000
649.000	188.000
650.000	186.000
651.000	181.000
652.000	194.000
653.000	184.000
654.000	193.000
655.000	172.000
656.000	176.000
657.000	166.000
658.000	189.000
659.000	174.000
660.000	194.000
661.000	169.000
662.000	171.000
663.000	181.000
664.000	195.000
665.000	188.000
666.000	181.000
667.000	198.000
668.000	186.000
669.000	184.000
670.000	193.000
671.000	196.000
672.000	190.000
673.000	192.000
674.000	186.000
675.000	195.000
676.000	203.000
677.000	204.000
678.000	205.000
679.000	176.000
680.000	175.000
681.000	197.000
682.000	214.000
683.000	194.000
684.000	220.000
685.000	221.000
686.000	221.000
687.000	181.000
688.000	190.000
689.000	199.000
690.000	221.000
691.000	212.000
692.000	204.000
693.000	202.000
694.000	210.000
695.000	225.000
696.000	244.000
697.000	195.000
698.000	205.000
699.000	213.000
700.000	197.000
701.000	212.000
702.000	252.000
703.000	185.000
704.000	240.000
705.000	224.000
706.000	203.000
707.000	221.000
708.000	259.000
709.000	218.000
710.000	199.000
711.000	228.000
712.000	226.000
713.000	225.000
714.000	233.000
715.000	192.000
716.000	221.000
717.000	226.000
718.000	237.000
719.000	209.000
720.000	250.000
721.000	248.000
722.000	211.000
723.000	225.000
724.000	223.000
725.000	247.000
726.000	255.000
727.000	235.000
728.000	260.000
729.000	253.000
730.000	255.000
731.000	273.000
732.000	256.000
733.000	249.000
734.000	259.000
735.000	215.000
736.000	230.000
737.000	251.000
738.000	254.000
739.000	248.000
740.000	251.000
741.000	219.000
742.000	234.000
743.000	269.000
744.000	237.000
745.000	269.000
746.000	243.000
747.000	263.000
748.000	275.000
749.000	251.000
750.000	231.000
751.000	270.000
752.000	269.000
753.000	281.000
754.000	251.000
755.000	242.000
756.000	260.000
757.000	273.000
758.000	255.000
759.000	255.000
760.000	274.000
761.000	251.000
762.000	247.000
763.000	256.000
764.000	245.000
765.000	260.000
766.000	283.000
767.000	275.000
768.000	279.000
769.000	273.000
770.000	266.000
771.000	305.000
772.000	302.000
773.000	278.000
774.000	283.000
775.000	301.000
776.000	302.000
777.000	280.000
778.000	266.000
779.000	293.000
780.000	297.000
781.000	317.000
782.000	291.000
783.000	269.000
784.000	259.000
785.000	302.000
786.000	297.000
787.000	277.000
788.000	289.000
789.000	281.000
790.000	281.000
791.000	261.000
792.000	265.000
793.000	265.000
794.000	260.000
795.000	273.000
796.000	271.000
797.000	273.000
798.000	256.000
799.000	252.000
800.000	256.000
801.000	284.000
802.000	279.000
803.000	281.000
804.000	285.000
805.000	284.000
806.000	291.000
807.000	277.000
808.000	299.000
809.000	309.000
810.000	313.000
811.000	301.000
812.000	266.000
813.000	295.000
814.000	309.000
815.000	288.000
816.000	307.000
817.000	309.000
818.000	311.000
819.000	299.000
820.000	314.000
821.000	292.000
822.000	303.000
823.000	300.000
824.000	315.000
825.000	283.000
826.000	329.000
827.000	287.000
828.000	331.000
829.000	307.000
830.000	308.000
831.000	279.000
832.000	294.000
833.000	292.000
834.000	301.000
835.000	316.000
836.000	292.000
837.000	313.000
838.000	350.000
839.000	333.000
840.000	321.000
841.000	295.000
842.000	318.000
843.000	296.000
844.000	342.000
845.000	320.000
846.000	339.000
847.000	336.000
848.000	321.000
849.000	300.000
850.000	336.000
851.000	329.000
852.000	369.000
853.000	305.000
854.000	358.000
855.000	363.000
856.000	368.000
857.000	372.000
858.000	389.000
859.000	347.000
860.000	369.000
861.000	397.000
862.000	387.000
863.000	391.000
864.000	413.000
865.000	405.000
866.000	405.000
867.000	400.000
868.000	411.000
869.000	400.000
870.000	480.000
871.000	441.000
872.000	453.000
873.000	468.000
874.000	436.000
875.000	520.000
876.000	559.000
877.000	552.000
878.000	619.000
879.000	610.000
880.000	717.000
881.000	693.000
882.000	730.000
883.000	735.000
884.000	790.000
885.000	883.000
886.000	890.000
887.000	1037.000
888.000	1039.000
889.000	1111.000
890.000	1079.000
891.000	1186.000
892.000	1224.000
893.000	1341.000
894.000	1401.000
895.000	1364.000
896.000	1395.000
897.000	1465.000
898.000	1435.000
899.000	1528.000
900.000	1533.000
901.000	1474.000
902.000	1484.000
903.000	1473.000
904.000	1430.000
905.000	1383.000
906.000	1408.000
907.000	1334.000
908.000	1244.000
909.000	1234.000
910.000	1189.000
911.000	1113.000
912.000	1077.000
913.000	1033.000
914.000	921.000
915.000	856.000
916.000	822.000
917.000	771.000
918.000	754.000
919.000	729.000
920.000	658.000
921.000	588.000
922.000	573.000
923.000	548.000
924.000	564.000
925.000	508.000
926.000	478.000
927.000	436.000
928.000	472.000
929.000	449.000
930.000	425.000
931.000	399.000
932.000	327.000
933.000	375.000
934.000	405.000
935.000	365.000
936.000	389.000
937.000	390.000
938.000	370.000
939.000	350.000
940.000	369.000
941.000	415.000
942.000	424.000
943.000	421.000
944.000	484.000
945.000	535.000
946.000	542.000
947.000	600.000
948.000	690.000
949.000	682.000
950.000	783.000
951.000	789.000
952.000	776.000
953.000	841.000
954.000	813.000
955.000	778.000
956.000	774.000
957.000	701.000
958.000	666.000
959.000	623.000
960.000	565.000
961.000	528.000
962.000	486.000
963.000	403.000
964.000	383.000
965.000	361.000
966.000	332.000
967.000	294.000
968.000	335.000
969.000	295.000
970.000	284.000
971.000	315.000
972.000	263.000
973.000	302.000
974.000	285.000
975.000	286.000
976.000	277.000
977.000	270.000
978.000	317.000
979.000	279.000
980.000	300.000
981.000	309.000
982.000	316.000
983.000	298.000
984.000	318.000
985.000	349.000
986.000	392.000
987.000	341.000
988.000	407.000
989.000	341.000
990.000	362.000
991.000	384.000
992.000	433.000
993.000	372.000
994.000	406.000
995.000	405.000
996.000	394.000
997.000	421.000
998.000	432.000
999.000	405.000
1000.000	416.000
1001.000	404.000
1002.000	449.000
1003.000	465.000
1004.000	478.000
1005.000	434.000
1006.000	439.000
1007.000	449.000
1008.000	403.000
1009.000	396.000
1010.000	432.000
1011.000	385.000
1012.000	426.000
1013.000	403.000
1014.000	383.000
1015.000	344.000
1016.000	352.000
1017.000	323.000
1018.000	373.000
1019.000	335.000
1020.000	334.000
1021.000	304.000
1022.000	297.000
1023.000	275.000
1024.000	257.000
