Date:	8/19/2008		Time:	8:56 AM		Version no:	0.00		Project name:	55		Sample name:	222		Section name:	section		Position	226.039995	mm	E0	0.000000	keV	E1	1.000000	keV/channel	sample surface	7.583102	cm	Tube anode:	Mo		Tube voltage:	30	kV	Tube current:	50	mA	gain	20		std. database			resultfile	result		matrix element	11		sample thickness	1.000000		air passage	0.560000	cm	comments	not in position		peaking_time	3.000000	m-sec	trigger_threshold	1229.166667	V	mca_bin_width	22.090000	no:	number_mca_channels	1024.000000	no:	gap_time	0.400000	m-sec	trigger_peaking_time	0.150000	m-sec	GAINDAC	9455		HIGHGAIN	1		TAURC	0		RCTAU	53		RCTAUFRAC	32768		livetime	9.707595	seconds	runtime	10.000503	seconds	input_count_rate	27.612194	cps	output_count_rate	21.187234	cps	triggers	268048	seconds	events_in_run	211883	seconds	channel	content		1.000	0.000
2.000	0.000
3.000	0.000
4.000	0.000
5.000	0.000
6.000	0.000
7.000	0.000
8.000	0.000
9.000	0.000
10.000	0.000
11.000	0.000
12.000	0.000
13.000	0.000
14.000	0.000
15.000	0.000
16.000	0.000
17.000	0.000
18.000	0.000
19.000	0.000
20.000	0.000
21.000	0.000
22.000	0.000
23.000	0.000
24.000	0.000
25.000	0.000
26.000	0.000
27.000	0.000
28.000	0.000
29.000	0.000
30.000	0.000
31.000	0.000
32.000	1.000
33.000	0.000
34.000	0.000
35.000	0.000
36.000	4.000
37.000	2.000
38.000	0.000
39.000	4.000
40.000	4.000
41.000	1.000
42.000	0.000
43.000	4.000
44.000	6.000
45.000	5.000
46.000	6.000
47.000	5.000
48.000	3.000
49.000	5.000
50.000	9.000
51.000	6.000
52.000	9.000
53.000	13.000
54.000	3.000
55.000	8.000
56.000	7.000
57.000	10.000
58.000	10.000
59.000	8.000
60.000	19.000
61.000	16.000
62.000	8.000
63.000	12.000
64.000	3.000
65.000	9.000
66.000	11.000
67.000	11.000
68.000	8.000
69.000	11.000
70.000	7.000
71.000	5.000
72.000	14.000
73.000	12.000
74.000	6.000
75.000	5.000
76.000	14.000
77.000	13.000
78.000	9.000
79.000	14.000
80.000	15.000
81.000	9.000
82.000	15.000
83.000	7.000
84.000	13.000
85.000	7.000
86.000	9.000
87.000	7.000
88.000	11.000
89.000	7.000
90.000	7.000
91.000	8.000
92.000	10.000
93.000	6.000
94.000	15.000
95.000	5.000
96.000	9.000
97.000	7.000
98.000	6.000
99.000	10.000
100.000	16.000
101.000	11.000
102.000	6.000
103.000	6.000
104.000	5.000
105.000	4.000
106.000	11.000
107.000	10.000
108.000	7.000
109.000	5.000
110.000	7.000
111.000	12.000
112.000	14.000
113.000	7.000
114.000	11.000
115.000	5.000
116.000	8.000
117.000	9.000
118.000	8.000
119.000	3.000
120.000	5.000
121.000	5.000
122.000	6.000
123.000	4.000
124.000	12.000
125.000	6.000
126.000	7.000
127.000	8.000
128.000	8.000
129.000	8.000
130.000	5.000
131.000	9.000
132.000	6.000
133.000	2.000
134.000	5.000
135.000	4.000
136.000	6.000
137.000	4.000
138.000	5.000
139.000	6.000
140.000	7.000
141.000	4.000
142.000	4.000
143.000	5.000
144.000	0.000
145.000	3.000
146.000	7.000
147.000	3.000
148.000	4.000
149.000	4.000
150.000	6.000
151.000	5.000
152.000	3.000
153.000	0.000
154.000	4.000
155.000	6.000
156.000	4.000
157.000	7.000
158.000	5.000
159.000	4.000
160.000	14.000
161.000	10.000
162.000	13.000
163.000	10.000
164.000	12.000
165.000	8.000
166.000	10.000
167.000	4.000
168.000	5.000
169.000	0.000
170.000	5.000
171.000	3.000
172.000	6.000
173.000	1.000
174.000	2.000
175.000	6.000
176.000	6.000
177.000	8.000
178.000	3.000
179.000	8.000
180.000	8.000
181.000	10.000
182.000	8.000
183.000	4.000
184.000	9.000
185.000	3.000
186.000	5.000
187.000	4.000
188.000	0.000
189.000	5.000
190.000	3.000
191.000	7.000
192.000	4.000
193.000	2.000
194.000	1.000
195.000	4.000
196.000	4.000
197.000	5.000
198.000	11.000
199.000	18.000
200.000	10.000
201.000	13.000
202.000	14.000
203.000	25.000
204.000	16.000
205.000	18.000
206.000	10.000
207.000	9.000
208.000	7.000
209.000	3.000
210.000	2.000
211.000	2.000
212.000	4.000
213.000	4.000
214.000	5.000
215.000	4.000
216.000	7.000
217.000	5.000
218.000	5.000
219.000	7.000
220.000	8.000
221.000	4.000
222.000	4.000
223.000	4.000
224.000	7.000
225.000	2.000
226.000	4.000
227.000	0.000
228.000	5.000
229.000	4.000
230.000	4.000
231.000	3.000
232.000	4.000
233.000	3.000
234.000	5.000
235.000	7.000
236.000	5.000
237.000	5.000
238.000	6.000
239.000	1.000
240.000	3.000
241.000	5.000
242.000	5.000
243.000	8.000
244.000	7.000
245.000	9.000
246.000	7.000
247.000	7.000
248.000	5.000
249.000	9.000
250.000	5.000
251.000	7.000
252.000	5.000
253.000	7.000
254.000	5.000
255.000	4.000
256.000	4.000
257.000	4.000
258.000	4.000
259.000	2.000
260.000	2.000
261.000	7.000
262.000	4.000
263.000	3.000
264.000	3.000
265.000	5.000
266.000	4.000
267.000	6.000
268.000	3.000
269.000	3.000
270.000	12.000
271.000	4.000
272.000	11.000
273.000	2.000
274.000	6.000
275.000	1.000
276.000	3.000
277.000	4.000
278.000	3.000
279.000	4.000
280.000	3.000
281.000	5.000
282.000	3.000
283.000	7.000
284.000	1.000
285.000	5.000
286.000	7.000
287.000	5.000
288.000	5.000
289.000	9.000
290.000	10.000
291.000	7.000
292.000	9.000
293.000	7.000
294.000	8.000
295.000	8.000
296.000	6.000
297.000	9.000
298.000	6.000
299.000	6.000
300.000	9.000
301.000	6.000
302.000	7.000
303.000	3.000
304.000	6.000
305.000	7.000
306.000	2.000
307.000	9.000
308.000	5.000
309.000	1.000
310.000	6.000
311.000	7.000
312.000	5.000
313.000	5.000
314.000	2.000
315.000	3.000
316.000	14.000
317.000	11.000
318.000	20.000
319.000	18.000
320.000	20.000
321.000	36.000
322.000	40.000
323.000	33.000
324.000	34.000
325.000	36.000
326.000	33.000
327.000	25.000
328.000	16.000
329.000	16.000
330.000	8.000
331.000	15.000
332.000	11.000
333.000	11.000
334.000	12.000
335.000	10.000
336.000	6.000
337.000	15.000
338.000	9.000
339.000	10.000
340.000	11.000
341.000	23.000
342.000	37.000
343.000	53.000
344.000	97.000
345.000	143.000
346.000	185.000
347.000	258.000
348.000	361.000
349.000	396.000
350.000	493.000
351.000	449.000
352.000	419.000
353.000	359.000
354.000	271.000
355.000	197.000
356.000	163.000
357.000	94.000
358.000	58.000
359.000	28.000
360.000	23.000
361.000	15.000
362.000	17.000
363.000	8.000
364.000	9.000
365.000	16.000
366.000	10.000
367.000	13.000
368.000	12.000
369.000	8.000
370.000	14.000
371.000	18.000
372.000	15.000
373.000	19.000
374.000	13.000
375.000	16.000
376.000	15.000
377.000	22.000
378.000	11.000
379.000	13.000
380.000	21.000
381.000	52.000
382.000	47.000
383.000	59.000
384.000	78.000
385.000	82.000
386.000	79.000
387.000	93.000
388.000	91.000
389.000	51.000
390.000	71.000
391.000	34.000
392.000	29.000
393.000	20.000
394.000	24.000
395.000	23.000
396.000	16.000
397.000	13.000
398.000	15.000
399.000	17.000
400.000	19.000
401.000	14.000
402.000	9.000
403.000	9.000
404.000	20.000
405.000	18.000
406.000	18.000
407.000	14.000
408.000	14.000
409.000	30.000
410.000	16.000
411.000	24.000
412.000	25.000
413.000	14.000
414.000	27.000
415.000	19.000
416.000	16.000
417.000	24.000
418.000	21.000
419.000	20.000
420.000	26.000
421.000	20.000
422.000	19.000
423.000	21.000
424.000	17.000
425.000	27.000
426.000	20.000
427.000	18.000
428.000	23.000
429.000	28.000
430.000	21.000
431.000	26.000
432.000	27.000
433.000	19.000
434.000	34.000
435.000	27.000
436.000	25.000
437.000	34.000
438.000	27.000
439.000	22.000
440.000	24.000
441.000	31.000
442.000	30.000
443.000	34.000
444.000	22.000
445.000	25.000
446.000	27.000
447.000	30.000
448.000	32.000
449.000	33.000
450.000	35.000
451.000	39.000
452.000	30.000
453.000	26.000
454.000	27.000
455.000	31.000
456.000	37.000
457.000	36.000
458.000	34.000
459.000	38.000
460.000	41.000
461.000	30.000
462.000	43.000
463.000	27.000
464.000	35.000
465.000	38.000
466.000	34.000
467.000	27.000
468.000	38.000
469.000	35.000
470.000	33.000
471.000	39.000
472.000	34.000
473.000	44.000
474.000	31.000
475.000	37.000
476.000	29.000
477.000	33.000
478.000	37.000
479.000	48.000
480.000	35.000
481.000	36.000
482.000	39.000
483.000	44.000
484.000	50.000
485.000	41.000
486.000	33.000
487.000	40.000
488.000	56.000
489.000	45.000
490.000	39.000
491.000	42.000
492.000	44.000
493.000	44.000
494.000	41.000
495.000	38.000
496.000	43.000
497.000	44.000
498.000	50.000
499.000	57.000
500.000	51.000
501.000	58.000
502.000	46.000
503.000	66.000
504.000	63.000
505.000	53.000
506.000	54.000
507.000	57.000
508.000	49.000
509.000	72.000
510.000	67.000
511.000	67.000
512.000	57.000
513.000	60.000
514.000	65.000
515.000	61.000
516.000	70.000
517.000	63.000
518.000	61.000
519.000	69.000
520.000	50.000
521.000	61.000
522.000	52.000
523.000	67.000
524.000	63.000
525.000	71.000
526.000	67.000
527.000	58.000
528.000	72.000
529.000	74.000
530.000	85.000
531.000	68.000
532.000	80.000
533.000	68.000
534.000	61.000
535.000	81.000
536.000	77.000
537.000	54.000
538.000	77.000
539.000	71.000
540.000	74.000
541.000	64.000
542.000	78.000
543.000	83.000
544.000	80.000
545.000	69.000
546.000	75.000
547.000	90.000
548.000	74.000
549.000	73.000
550.000	86.000
551.000	77.000
552.000	75.000
553.000	73.000
554.000	83.000
555.000	84.000
556.000	81.000
557.000	77.000
558.000	74.000
559.000	79.000
560.000	90.000
561.000	97.000
562.000	83.000
563.000	81.000
564.000	89.000
565.000	78.000
566.000	86.000
567.000	89.000
568.000	81.000
569.000	93.000
570.000	100.000
571.000	93.000
572.000	104.000
573.000	89.000
574.000	102.000
575.000	105.000
576.000	84.000
577.000	87.000
578.000	96.000
579.000	84.000
580.000	100.000
581.000	108.000
582.000	112.000
583.000	107.000
584.000	117.000
585.000	104.000
586.000	111.000
587.000	119.000
588.000	104.000
589.000	124.000
590.000	102.000
591.000	132.000
592.000	96.000
593.000	116.000
594.000	93.000
595.000	112.000
596.000	128.000
597.000	105.000
598.000	99.000
599.000	132.000
600.000	105.000
601.000	134.000
602.000	133.000
603.000	127.000
604.000	114.000
605.000	114.000
606.000	136.000
607.000	131.000
608.000	115.000
609.000	101.000
610.000	141.000
611.000	117.000
612.000	123.000
613.000	109.000
614.000	146.000
615.000	129.000
616.000	136.000
617.000	151.000
618.000	111.000
619.000	124.000
620.000	142.000
621.000	129.000
622.000	140.000
623.000	169.000
624.000	143.000
625.000	155.000
626.000	150.000
627.000	133.000
628.000	130.000
629.000	130.000
630.000	146.000
631.000	154.000
632.000	141.000
633.000	150.000
634.000	142.000
635.000	149.000
636.000	163.000
637.000	144.000
638.000	142.000
639.000	134.000
640.000	140.000
641.000	150.000
642.000	159.000
643.000	149.000
644.000	143.000
645.000	142.000
646.000	172.000
647.000	161.000
648.000	140.000
649.000	160.000
650.000	166.000
651.000	185.000
652.000	187.000
653.000	179.000
654.000	206.000
655.000	139.000
656.000	194.000
657.000	173.000
658.000	170.000
659.000	168.000
660.000	164.000
661.000	178.000
662.000	158.000
663.000	161.000
664.000	160.000
665.000	162.000
666.000	167.000
667.000	179.000
668.000	176.000
669.000	168.000
670.000	167.000
671.000	180.000
672.000	180.000
673.000	194.000
674.000	150.000
675.000	184.000
676.000	169.000
677.000	179.000
678.000	190.000
679.000	177.000
680.000	204.000
681.000	186.000
682.000	221.000
683.000	175.000
684.000	207.000
685.000	162.000
686.000	169.000
687.000	202.000
688.000	193.000
689.000	203.000
690.000	184.000
691.000	197.000
692.000	180.000
693.000	215.000
694.000	194.000
695.000	205.000
696.000	217.000
697.000	209.000
698.000	179.000
699.000	223.000
700.000	215.000
701.000	199.000
702.000	204.000
703.000	195.000
704.000	195.000
705.000	193.000
706.000	210.000
707.000	221.000
708.000	199.000
709.000	199.000
710.000	225.000
711.000	212.000
712.000	211.000
713.000	213.000
714.000	207.000
715.000	208.000
716.000	209.000
717.000	209.000
718.000	229.000
719.000	205.000
720.000	213.000
721.000	215.000
722.000	196.000
723.000	227.000
724.000	235.000
725.000	199.000
726.000	243.000
727.000	230.000
728.000	207.000
729.000	220.000
730.000	257.000
731.000	226.000
732.000	224.000
733.000	239.000
734.000	245.000
735.000	248.000
736.000	252.000
737.000	230.000
738.000	237.000
739.000	249.000
740.000	253.000
741.000	231.000
742.000	231.000
743.000	264.000
744.000	239.000
745.000	275.000
746.000	230.000
747.000	256.000
748.000	234.000
749.000	253.000
750.000	245.000
751.000	278.000
752.000	236.000
753.000	231.000
754.000	245.000
755.000	262.000
756.000	256.000
757.000	213.000
758.000	240.000
759.000	240.000
760.000	230.000
761.000	252.000
762.000	272.000
763.000	239.000
764.000	241.000
765.000	273.000
766.000	281.000
767.000	272.000
768.000	255.000
769.000	275.000
770.000	284.000
771.000	283.000
772.000	264.000
773.000	284.000
774.000	286.000
775.000	300.000
776.000	305.000
777.000	253.000
778.000	269.000
779.000	261.000
780.000	253.000
781.000	254.000
782.000	274.000
783.000	272.000
784.000	290.000
785.000	248.000
786.000	241.000
787.000	252.000
788.000	306.000
789.000	274.000
790.000	272.000
791.000	293.000
792.000	250.000
793.000	291.000
794.000	305.000
795.000	322.000
796.000	265.000
797.000	281.000
798.000	254.000
799.000	263.000
800.000	264.000
801.000	300.000
802.000	249.000
803.000	291.000
804.000	261.000
805.000	283.000
806.000	280.000
807.000	295.000
808.000	290.000
809.000	294.000
810.000	256.000
811.000	256.000
812.000	273.000
813.000	297.000
814.000	272.000
815.000	310.000
816.000	288.000
817.000	290.000
818.000	286.000
819.000	256.000
820.000	283.000
821.000	290.000
822.000	315.000
823.000	308.000
824.000	273.000
825.000	299.000
826.000	301.000
827.000	295.000
828.000	295.000
829.000	302.000
830.000	334.000
831.000	328.000
832.000	271.000
833.000	283.000
834.000	289.000
835.000	344.000
836.000	305.000
837.000	316.000
838.000	302.000
839.000	310.000
840.000	318.000
841.000	304.000
842.000	295.000
843.000	298.000
844.000	320.000
845.000	280.000
846.000	336.000
847.000	315.000
848.000	348.000
849.000	304.000
850.000	345.000
851.000	334.000
852.000	354.000
853.000	374.000
854.000	306.000
855.000	377.000
856.000	344.000
857.000	344.000
858.000	334.000
859.000	355.000
860.000	427.000
861.000	342.000
862.000	359.000
863.000	380.000
864.000	394.000
865.000	398.000
866.000	433.000
867.000	412.000
868.000	438.000
869.000	453.000
870.000	383.000
871.000	489.000
872.000	470.000
873.000	451.000
874.000	500.000
875.000	527.000
876.000	547.000
877.000	566.000
878.000	570.000
879.000	611.000
880.000	668.000
881.000	694.000
882.000	684.000
883.000	784.000
884.000	799.000
885.000	892.000
886.000	917.000
887.000	1022.000
888.000	1033.000
889.000	1038.000
890.000	1083.000
891.000	1196.000
892.000	1237.000
893.000	1354.000
894.000	1297.000
895.000	1381.000
896.000	1416.000
897.000	1494.000
898.000	1511.000
899.000	1527.000
900.000	1473.000
901.000	1565.000
902.000	1533.000
903.000	1475.000
904.000	1461.000
905.000	1352.000
906.000	1379.000
907.000	1373.000
908.000	1301.000
909.000	1194.000
910.000	1199.000
911.000	1115.000
912.000	1038.000
913.000	960.000
914.000	918.000
915.000	923.000
916.000	834.000
917.000	791.000
918.000	726.000
919.000	703.000
920.000	650.000
921.000	595.000
922.000	554.000
923.000	554.000
924.000	580.000
925.000	491.000
926.000	483.000
927.000	433.000
928.000	442.000
929.000	436.000
930.000	408.000
931.000	418.000
932.000	389.000
933.000	390.000
934.000	372.000
935.000	358.000
936.000	362.000
937.000	362.000
938.000	394.000
939.000	384.000
940.000	356.000
941.000	413.000
942.000	408.000
943.000	444.000
944.000	494.000
945.000	482.000
946.000	550.000
947.000	631.000
948.000	622.000
949.000	743.000
950.000	735.000
951.000	763.000
952.000	813.000
953.000	826.000
954.000	782.000
955.000	789.000
956.000	721.000
957.000	687.000
958.000	665.000
959.000	576.000
960.000	562.000
961.000	462.000
962.000	426.000
963.000	417.000
964.000	387.000
965.000	348.000
966.000	337.000
967.000	313.000
968.000	298.000
969.000	300.000
970.000	292.000
971.000	311.000
972.000	295.000
973.000	277.000
974.000	298.000
975.000	270.000
976.000	304.000
977.000	304.000
978.000	266.000
979.000	288.000
980.000	280.000
981.000	358.000
982.000	360.000
983.000	347.000
984.000	326.000
985.000	330.000
986.000	336.000
987.000	349.000
988.000	355.000
989.000	347.000
990.000	380.000
991.000	379.000
992.000	430.000
993.000	406.000
994.000	395.000
995.000	392.000
996.000	407.000
997.000	465.000
998.000	406.000
999.000	456.000
1000.000	418.000
1001.000	448.000
1002.000	498.000
1003.000	437.000
1004.000	474.000
1005.000	457.000
1006.000	465.000
1007.000	391.000
1008.000	442.000
1009.000	446.000
1010.000	433.000
1011.000	429.000
1012.000	386.000
1013.000	407.000
1014.000	389.000
1015.000	402.000
1016.000	364.000
1017.000	334.000
1018.000	330.000
1019.000	347.000
1020.000	337.000
1021.000	331.000
1022.000	297.000
1023.000	309.000
1024.000	274.000
