Date:	8/19/2008		Time:	10:03 AM		Version no:	0.00		Project name:	55		Sample name:	222		Section name:	section		Position	932.039995	mm	E0	0.000000	keV	E1	1.000000	keV/channel	sample surface	7.800537	cm	Tube anode:	Mo		Tube voltage:	30	kV	Tube current:	50	mA	gain	20		std. database			resultfile	result		matrix element	11		sample thickness	1.000000		air passage	0.560000	cm	comments	in position		peaking_time	3.000000	m-sec	trigger_threshold	1229.166667	V	mca_bin_width	22.090000	no:	number_mca_channels	1024.000000	no:	gap_time	0.400000	m-sec	trigger_peaking_time	0.150000	m-sec	GAINDAC	9455		HIGHGAIN	1		TAURC	0		RCTAU	53		RCTAUFRAC	32768		livetime	9.717554	seconds	runtime	10.000502	seconds	input_count_rate	26.692313	cps	output_count_rate	20.595565	cps	triggers	259384	seconds	events_in_run	205966	seconds	channel	content		1.000	0.000
2.000	0.000
3.000	0.000
4.000	0.000
5.000	0.000
6.000	0.000
7.000	0.000
8.000	0.000
9.000	0.000
10.000	0.000
11.000	0.000
12.000	0.000
13.000	0.000
14.000	0.000
15.000	0.000
16.000	0.000
17.000	0.000
18.000	0.000
19.000	0.000
20.000	0.000
21.000	0.000
22.000	0.000
23.000	0.000
24.000	0.000
25.000	0.000
26.000	0.000
27.000	0.000
28.000	0.000
29.000	0.000
30.000	0.000
31.000	1.000
32.000	0.000
33.000	1.000
34.000	0.000
35.000	1.000
36.000	0.000
37.000	0.000
38.000	4.000
39.000	2.000
40.000	3.000
41.000	4.000
42.000	3.000
43.000	5.000
44.000	8.000
45.000	2.000
46.000	4.000
47.000	8.000
48.000	7.000
49.000	6.000
50.000	10.000
51.000	8.000
52.000	11.000
53.000	7.000
54.000	9.000
55.000	12.000
56.000	13.000
57.000	14.000
58.000	8.000
59.000	11.000
60.000	11.000
61.000	9.000
62.000	11.000
63.000	10.000
64.000	6.000
65.000	10.000
66.000	10.000
67.000	9.000
68.000	10.000
69.000	6.000
70.000	8.000
71.000	7.000
72.000	7.000
73.000	5.000
74.000	12.000
75.000	12.000
76.000	9.000
77.000	9.000
78.000	11.000
79.000	2.000
80.000	9.000
81.000	6.000
82.000	9.000
83.000	9.000
84.000	5.000
85.000	8.000
86.000	5.000
87.000	5.000
88.000	4.000
89.000	5.000
90.000	7.000
91.000	4.000
92.000	7.000
93.000	9.000
94.000	7.000
95.000	7.000
96.000	10.000
97.000	11.000
98.000	11.000
99.000	4.000
100.000	5.000
101.000	9.000
102.000	2.000
103.000	9.000
104.000	7.000
105.000	5.000
106.000	9.000
107.000	4.000
108.000	5.000
109.000	5.000
110.000	10.000
111.000	4.000
112.000	8.000
113.000	8.000
114.000	10.000
115.000	6.000
116.000	8.000
117.000	7.000
118.000	9.000
119.000	4.000
120.000	7.000
121.000	9.000
122.000	9.000
123.000	7.000
124.000	7.000
125.000	6.000
126.000	11.000
127.000	7.000
128.000	6.000
129.000	10.000
130.000	8.000
131.000	9.000
132.000	7.000
133.000	4.000
134.000	4.000
135.000	8.000
136.000	4.000
137.000	4.000
138.000	5.000
139.000	6.000
140.000	3.000
141.000	3.000
142.000	3.000
143.000	2.000
144.000	3.000
145.000	5.000
146.000	7.000
147.000	6.000
148.000	3.000
149.000	4.000
150.000	4.000
151.000	3.000
152.000	3.000
153.000	3.000
154.000	1.000
155.000	4.000
156.000	6.000
157.000	3.000
158.000	5.000
159.000	6.000
160.000	6.000
161.000	10.000
162.000	16.000
163.000	14.000
164.000	15.000
165.000	10.000
166.000	9.000
167.000	6.000
168.000	5.000
169.000	12.000
170.000	4.000
171.000	3.000
172.000	4.000
173.000	6.000
174.000	3.000
175.000	5.000
176.000	3.000
177.000	6.000
178.000	7.000
179.000	12.000
180.000	11.000
181.000	7.000
182.000	10.000
183.000	11.000
184.000	13.000
185.000	7.000
186.000	2.000
187.000	7.000
188.000	5.000
189.000	3.000
190.000	5.000
191.000	3.000
192.000	2.000
193.000	3.000
194.000	6.000
195.000	5.000
196.000	5.000
197.000	10.000
198.000	11.000
199.000	20.000
200.000	19.000
201.000	25.000
202.000	30.000
203.000	24.000
204.000	28.000
205.000	18.000
206.000	14.000
207.000	9.000
208.000	17.000
209.000	6.000
210.000	9.000
211.000	4.000
212.000	6.000
213.000	3.000
214.000	2.000
215.000	2.000
216.000	7.000
217.000	6.000
218.000	8.000
219.000	13.000
220.000	12.000
221.000	3.000
222.000	10.000
223.000	8.000
224.000	7.000
225.000	7.000
226.000	1.000
227.000	6.000
228.000	0.000
229.000	2.000
230.000	3.000
231.000	5.000
232.000	3.000
233.000	5.000
234.000	2.000
235.000	3.000
236.000	2.000
237.000	4.000
238.000	4.000
239.000	1.000
240.000	3.000
241.000	6.000
242.000	9.000
243.000	11.000
244.000	10.000
245.000	9.000
246.000	15.000
247.000	16.000
248.000	18.000
249.000	18.000
250.000	17.000
251.000	16.000
252.000	9.000
253.000	11.000
254.000	7.000
255.000	5.000
256.000	6.000
257.000	6.000
258.000	5.000
259.000	9.000
260.000	2.000
261.000	6.000
262.000	5.000
263.000	4.000
264.000	4.000
265.000	2.000
266.000	10.000
267.000	6.000
268.000	6.000
269.000	5.000
270.000	6.000
271.000	5.000
272.000	6.000
273.000	6.000
274.000	3.000
275.000	6.000
276.000	1.000
277.000	3.000
278.000	7.000
279.000	2.000
280.000	2.000
281.000	1.000
282.000	3.000
283.000	2.000
284.000	5.000
285.000	6.000
286.000	9.000
287.000	5.000
288.000	6.000
289.000	3.000
290.000	10.000
291.000	5.000
292.000	8.000
293.000	6.000
294.000	6.000
295.000	9.000
296.000	14.000
297.000	8.000
298.000	6.000
299.000	2.000
300.000	2.000
301.000	3.000
302.000	7.000
303.000	3.000
304.000	5.000
305.000	5.000
306.000	7.000
307.000	8.000
308.000	9.000
309.000	8.000
310.000	3.000
311.000	6.000
312.000	6.000
313.000	8.000
314.000	4.000
315.000	9.000
316.000	13.000
317.000	13.000
318.000	10.000
319.000	30.000
320.000	36.000
321.000	27.000
322.000	30.000
323.000	53.000
324.000	50.000
325.000	38.000
326.000	31.000
327.000	28.000
328.000	26.000
329.000	15.000
330.000	13.000
331.000	15.000
332.000	13.000
333.000	9.000
334.000	9.000
335.000	9.000
336.000	9.000
337.000	16.000
338.000	12.000
339.000	12.000
340.000	19.000
341.000	21.000
342.000	54.000
343.000	77.000
344.000	95.000
345.000	183.000
346.000	272.000
347.000	352.000
348.000	450.000
349.000	546.000
350.000	597.000
351.000	571.000
352.000	534.000
353.000	472.000
354.000	378.000
355.000	269.000
356.000	192.000
357.000	125.000
358.000	80.000
359.000	53.000
360.000	23.000
361.000	14.000
362.000	20.000
363.000	16.000
364.000	18.000
365.000	11.000
366.000	12.000
367.000	17.000
368.000	15.000
369.000	7.000
370.000	13.000
371.000	11.000
372.000	23.000
373.000	17.000
374.000	18.000
375.000	15.000
376.000	18.000
377.000	23.000
378.000	18.000
379.000	26.000
380.000	36.000
381.000	50.000
382.000	57.000
383.000	80.000
384.000	71.000
385.000	112.000
386.000	135.000
387.000	122.000
388.000	100.000
389.000	90.000
390.000	85.000
391.000	73.000
392.000	47.000
393.000	40.000
394.000	21.000
395.000	30.000
396.000	18.000
397.000	13.000
398.000	16.000
399.000	24.000
400.000	20.000
401.000	21.000
402.000	18.000
403.000	19.000
404.000	17.000
405.000	27.000
406.000	21.000
407.000	25.000
408.000	17.000
409.000	19.000
410.000	20.000
411.000	19.000
412.000	28.000
413.000	26.000
414.000	12.000
415.000	23.000
416.000	18.000
417.000	14.000
418.000	24.000
419.000	21.000
420.000	24.000
421.000	23.000
422.000	17.000
423.000	24.000
424.000	20.000
425.000	25.000
426.000	21.000
427.000	26.000
428.000	26.000
429.000	29.000
430.000	22.000
431.000	30.000
432.000	23.000
433.000	25.000
434.000	19.000
435.000	28.000
436.000	35.000
437.000	27.000
438.000	25.000
439.000	27.000
440.000	35.000
441.000	27.000
442.000	31.000
443.000	26.000
444.000	36.000
445.000	30.000
446.000	25.000
447.000	44.000
448.000	30.000
449.000	30.000
450.000	35.000
451.000	35.000
452.000	34.000
453.000	42.000
454.000	29.000
455.000	41.000
456.000	52.000
457.000	27.000
458.000	43.000
459.000	36.000
460.000	40.000
461.000	31.000
462.000	39.000
463.000	30.000
464.000	34.000
465.000	24.000
466.000	48.000
467.000	33.000
468.000	45.000
469.000	48.000
470.000	45.000
471.000	45.000
472.000	38.000
473.000	42.000
474.000	43.000
475.000	39.000
476.000	45.000
477.000	61.000
478.000	49.000
479.000	35.000
480.000	48.000
481.000	35.000
482.000	44.000
483.000	45.000
484.000	48.000
485.000	45.000
486.000	38.000
487.000	43.000
488.000	38.000
489.000	33.000
490.000	47.000
491.000	53.000
492.000	48.000
493.000	42.000
494.000	44.000
495.000	57.000
496.000	43.000
497.000	44.000
498.000	50.000
499.000	70.000
500.000	59.000
501.000	66.000
502.000	54.000
503.000	56.000
504.000	49.000
505.000	49.000
506.000	57.000
507.000	56.000
508.000	61.000
509.000	53.000
510.000	62.000
511.000	57.000
512.000	81.000
513.000	69.000
514.000	47.000
515.000	70.000
516.000	55.000
517.000	64.000
518.000	42.000
519.000	64.000
520.000	73.000
521.000	66.000
522.000	61.000
523.000	66.000
524.000	65.000
525.000	67.000
526.000	54.000
527.000	75.000
528.000	75.000
529.000	65.000
530.000	65.000
531.000	75.000
532.000	76.000
533.000	74.000
534.000	73.000
535.000	76.000
536.000	73.000
537.000	59.000
538.000	90.000
539.000	51.000
540.000	80.000
541.000	78.000
542.000	64.000
543.000	62.000
544.000	68.000
545.000	86.000
546.000	71.000
547.000	79.000
548.000	65.000
549.000	79.000
550.000	79.000
551.000	74.000
552.000	89.000
553.000	76.000
554.000	80.000
555.000	78.000
556.000	76.000
557.000	97.000
558.000	69.000
559.000	75.000
560.000	86.000
561.000	84.000
562.000	78.000
563.000	88.000
564.000	70.000
565.000	98.000
566.000	93.000
567.000	97.000
568.000	103.000
569.000	90.000
570.000	84.000
571.000	96.000
572.000	86.000
573.000	89.000
574.000	84.000
575.000	117.000
576.000	104.000
577.000	94.000
578.000	86.000
579.000	101.000
580.000	87.000
581.000	99.000
582.000	108.000
583.000	90.000
584.000	108.000
585.000	105.000
586.000	120.000
587.000	112.000
588.000	113.000
589.000	83.000
590.000	112.000
591.000	94.000
592.000	106.000
593.000	111.000
594.000	94.000
595.000	79.000
596.000	108.000
597.000	123.000
598.000	112.000
599.000	93.000
600.000	141.000
601.000	105.000
602.000	122.000
603.000	126.000
604.000	120.000
605.000	133.000
606.000	122.000
607.000	144.000
608.000	123.000
609.000	139.000
610.000	134.000
611.000	116.000
612.000	119.000
613.000	126.000
614.000	110.000
615.000	130.000
616.000	121.000
617.000	129.000
618.000	126.000
619.000	138.000
620.000	119.000
621.000	128.000
622.000	118.000
623.000	135.000
624.000	163.000
625.000	125.000
626.000	145.000
627.000	138.000
628.000	124.000
629.000	147.000
630.000	146.000
631.000	131.000
632.000	138.000
633.000	154.000
634.000	129.000
635.000	148.000
636.000	133.000
637.000	176.000
638.000	139.000
639.000	158.000
640.000	152.000
641.000	151.000
642.000	161.000
643.000	160.000
644.000	145.000
645.000	181.000
646.000	155.000
647.000	169.000
648.000	153.000
649.000	188.000
650.000	167.000
651.000	162.000
652.000	170.000
653.000	179.000
654.000	156.000
655.000	138.000
656.000	166.000
657.000	152.000
658.000	181.000
659.000	178.000
660.000	159.000
661.000	162.000
662.000	152.000
663.000	161.000
664.000	191.000
665.000	162.000
666.000	156.000
667.000	155.000
668.000	162.000
669.000	157.000
670.000	179.000
671.000	171.000
672.000	217.000
673.000	174.000
674.000	185.000
675.000	196.000
676.000	169.000
677.000	193.000
678.000	178.000
679.000	163.000
680.000	163.000
681.000	189.000
682.000	188.000
683.000	174.000
684.000	186.000
685.000	161.000
686.000	192.000
687.000	213.000
688.000	197.000
689.000	196.000
690.000	192.000
691.000	167.000
692.000	192.000
693.000	182.000
694.000	181.000
695.000	180.000
696.000	204.000
697.000	177.000
698.000	201.000
699.000	188.000
700.000	195.000
701.000	209.000
702.000	216.000
703.000	203.000
704.000	196.000
705.000	209.000
706.000	170.000
707.000	210.000
708.000	201.000
709.000	176.000
710.000	190.000
711.000	221.000
712.000	193.000
713.000	213.000
714.000	227.000
715.000	187.000
716.000	218.000
717.000	232.000
718.000	207.000
719.000	206.000
720.000	201.000
721.000	226.000
722.000	214.000
723.000	181.000
724.000	204.000
725.000	225.000
726.000	233.000
727.000	234.000
728.000	238.000
729.000	225.000
730.000	218.000
731.000	213.000
732.000	247.000
733.000	224.000
734.000	221.000
735.000	227.000
736.000	245.000
737.000	227.000
738.000	242.000
739.000	215.000
740.000	229.000
741.000	242.000
742.000	233.000
743.000	214.000
744.000	261.000
745.000	206.000
746.000	239.000
747.000	241.000
748.000	221.000
749.000	242.000
750.000	228.000
751.000	205.000
752.000	256.000
753.000	243.000
754.000	219.000
755.000	211.000
756.000	237.000
757.000	259.000
758.000	216.000
759.000	253.000
760.000	235.000
761.000	250.000
762.000	231.000
763.000	226.000
764.000	250.000
765.000	273.000
766.000	248.000
767.000	266.000
768.000	249.000
769.000	278.000
770.000	256.000
771.000	299.000
772.000	279.000
773.000	307.000
774.000	274.000
775.000	265.000
776.000	284.000
777.000	246.000
778.000	260.000
779.000	258.000
780.000	271.000
781.000	268.000
782.000	240.000
783.000	262.000
784.000	234.000
785.000	259.000
786.000	260.000
787.000	255.000
788.000	229.000
789.000	238.000
790.000	280.000
791.000	241.000
792.000	264.000
793.000	252.000
794.000	261.000
795.000	259.000
796.000	256.000
797.000	273.000
798.000	262.000
799.000	249.000
800.000	266.000
801.000	255.000
802.000	248.000
803.000	242.000
804.000	297.000
805.000	260.000
806.000	254.000
807.000	257.000
808.000	244.000
809.000	270.000
810.000	268.000
811.000	276.000
812.000	276.000
813.000	300.000
814.000	258.000
815.000	250.000
816.000	261.000
817.000	278.000
818.000	286.000
819.000	297.000
820.000	274.000
821.000	270.000
822.000	276.000
823.000	262.000
824.000	282.000
825.000	263.000
826.000	260.000
827.000	280.000
828.000	286.000
829.000	266.000
830.000	280.000
831.000	289.000
832.000	295.000
833.000	296.000
834.000	310.000
835.000	305.000
836.000	288.000
837.000	295.000
838.000	311.000
839.000	273.000
840.000	314.000
841.000	307.000
842.000	290.000
843.000	302.000
844.000	316.000
845.000	301.000
846.000	289.000
847.000	335.000
848.000	283.000
849.000	280.000
850.000	335.000
851.000	330.000
852.000	304.000
853.000	328.000
854.000	312.000
855.000	331.000
856.000	368.000
857.000	363.000
858.000	350.000
859.000	368.000
860.000	346.000
861.000	356.000
862.000	336.000
863.000	357.000
864.000	359.000
865.000	413.000
866.000	404.000
867.000	391.000
868.000	418.000
869.000	435.000
870.000	427.000
871.000	391.000
872.000	451.000
873.000	460.000
874.000	479.000
875.000	497.000
876.000	509.000
877.000	541.000
878.000	552.000
879.000	553.000
880.000	614.000
881.000	649.000
882.000	710.000
883.000	783.000
884.000	749.000
885.000	828.000
886.000	911.000
887.000	936.000
888.000	993.000
889.000	1029.000
890.000	1074.000
891.000	1138.000
892.000	1110.000
893.000	1223.000
894.000	1250.000
895.000	1310.000
896.000	1346.000
897.000	1430.000
898.000	1404.000
899.000	1439.000
900.000	1352.000
901.000	1409.000
902.000	1429.000
903.000	1364.000
904.000	1370.000
905.000	1373.000
906.000	1311.000
907.000	1144.000
908.000	1201.000
909.000	1119.000
910.000	1142.000
911.000	1041.000
912.000	1118.000
913.000	874.000
914.000	896.000
915.000	854.000
916.000	816.000
917.000	728.000
918.000	748.000
919.000	697.000
920.000	637.000
921.000	555.000
922.000	532.000
923.000	530.000
924.000	460.000
925.000	484.000
926.000	445.000
927.000	442.000
928.000	417.000
929.000	405.000
930.000	385.000
931.000	389.000
932.000	407.000
933.000	381.000
934.000	368.000
935.000	327.000
936.000	346.000
937.000	343.000
938.000	351.000
939.000	379.000
940.000	352.000
941.000	369.000
942.000	396.000
943.000	447.000
944.000	485.000
945.000	468.000
946.000	504.000
947.000	576.000
948.000	610.000
949.000	657.000
950.000	695.000
951.000	757.000
952.000	804.000
953.000	758.000
954.000	780.000
955.000	737.000
956.000	754.000
957.000	668.000
958.000	627.000
959.000	582.000
960.000	524.000
961.000	490.000
962.000	457.000
963.000	413.000
964.000	376.000
965.000	345.000
966.000	304.000
967.000	278.000
968.000	294.000
969.000	291.000
970.000	269.000
971.000	269.000
972.000	288.000
973.000	303.000
974.000	306.000
975.000	283.000
976.000	273.000
977.000	289.000
978.000	281.000
979.000	250.000
980.000	304.000
981.000	268.000
982.000	297.000
983.000	307.000
984.000	344.000
985.000	315.000
986.000	359.000
987.000	336.000
988.000	323.000
989.000	357.000
990.000	365.000
991.000	330.000
992.000	386.000
993.000	373.000
994.000	377.000
995.000	369.000
996.000	404.000
997.000	403.000
998.000	401.000
999.000	439.000
1000.000	432.000
1001.000	451.000
1002.000	434.000
1003.000	418.000
1004.000	418.000
1005.000	447.000
1006.000	449.000
1007.000	448.000
1008.000	378.000
1009.000	366.000
1010.000	409.000
1011.000	410.000
1012.000	385.000
1013.000	393.000
1014.000	390.000
1015.000	340.000
1016.000	349.000
1017.000	323.000
1018.000	363.000
1019.000	339.000
1020.000	305.000
1021.000	288.000
1022.000	277.000
1023.000	273.000
1024.000	263.000
