Date:	8/19/2008		Time:	9:16 AM		Version no:	0.00		Project name:	55		Sample name:	222		Section name:	section		Position	432.039995	mm	E0	0.000000	keV	E1	1.000000	keV/channel	sample surface	7.658314	cm	Tube anode:	Mo		Tube voltage:	30	kV	Tube current:	50	mA	gain	20		std. database			resultfile	result		matrix element	11		sample thickness	1.000000		air passage	0.560000	cm	comments	not in position		peaking_time	3.000000	m-sec	trigger_threshold	1229.166667	V	mca_bin_width	22.090000	no:	number_mca_channels	1024.000000	no:	gap_time	0.400000	m-sec	trigger_peaking_time	0.150000	m-sec	GAINDAC	9455		HIGHGAIN	1		TAURC	0		RCTAU	53		RCTAUFRAC	32768		livetime	9.693122	seconds	runtime	10.000502	seconds	input_count_rate	29.141074	cps	output_count_rate	22.094592	cps	triggers	282468	seconds	events_in_run	220957	seconds	channel	content		1.000	0.000
2.000	0.000
3.000	0.000
4.000	0.000
5.000	0.000
6.000	0.000
7.000	0.000
8.000	0.000
9.000	0.000
10.000	0.000
11.000	0.000
12.000	0.000
13.000	0.000
14.000	0.000
15.000	0.000
16.000	0.000
17.000	0.000
18.000	0.000
19.000	0.000
20.000	0.000
21.000	0.000
22.000	0.000
23.000	0.000
24.000	0.000
25.000	0.000
26.000	0.000
27.000	0.000
28.000	0.000
29.000	0.000
30.000	0.000
31.000	0.000
32.000	0.000
33.000	1.000
34.000	1.000
35.000	0.000
36.000	1.000
37.000	3.000
38.000	2.000
39.000	3.000
40.000	5.000
41.000	4.000
42.000	4.000
43.000	9.000
44.000	4.000
45.000	5.000
46.000	8.000
47.000	6.000
48.000	6.000
49.000	7.000
50.000	7.000
51.000	4.000
52.000	9.000
53.000	11.000
54.000	10.000
55.000	7.000
56.000	14.000
57.000	7.000
58.000	8.000
59.000	7.000
60.000	12.000
61.000	9.000
62.000	11.000
63.000	15.000
64.000	7.000
65.000	6.000
66.000	5.000
67.000	8.000
68.000	10.000
69.000	12.000
70.000	11.000
71.000	13.000
72.000	12.000
73.000	10.000
74.000	15.000
75.000	11.000
76.000	11.000
77.000	16.000
78.000	13.000
79.000	7.000
80.000	11.000
81.000	10.000
82.000	5.000
83.000	9.000
84.000	12.000
85.000	9.000
86.000	4.000
87.000	10.000
88.000	7.000
89.000	6.000
90.000	9.000
91.000	12.000
92.000	9.000
93.000	14.000
94.000	9.000
95.000	4.000
96.000	7.000
97.000	9.000
98.000	9.000
99.000	8.000
100.000	5.000
101.000	4.000
102.000	5.000
103.000	7.000
104.000	7.000
105.000	7.000
106.000	8.000
107.000	5.000
108.000	8.000
109.000	6.000
110.000	5.000
111.000	11.000
112.000	7.000
113.000	8.000
114.000	8.000
115.000	8.000
116.000	5.000
117.000	6.000
118.000	10.000
119.000	3.000
120.000	7.000
121.000	6.000
122.000	5.000
123.000	4.000
124.000	7.000
125.000	7.000
126.000	10.000
127.000	5.000
128.000	8.000
129.000	11.000
130.000	5.000
131.000	9.000
132.000	8.000
133.000	8.000
134.000	7.000
135.000	8.000
136.000	5.000
137.000	4.000
138.000	9.000
139.000	3.000
140.000	10.000
141.000	5.000
142.000	2.000
143.000	5.000
144.000	7.000
145.000	4.000
146.000	1.000
147.000	4.000
148.000	2.000
149.000	4.000
150.000	7.000
151.000	2.000
152.000	4.000
153.000	3.000
154.000	1.000
155.000	3.000
156.000	4.000
157.000	2.000
158.000	7.000
159.000	7.000
160.000	10.000
161.000	5.000
162.000	11.000
163.000	21.000
164.000	14.000
165.000	4.000
166.000	6.000
167.000	4.000
168.000	6.000
169.000	3.000
170.000	3.000
171.000	3.000
172.000	5.000
173.000	3.000
174.000	7.000
175.000	10.000
176.000	7.000
177.000	6.000
178.000	3.000
179.000	7.000
180.000	4.000
181.000	3.000
182.000	12.000
183.000	5.000
184.000	3.000
185.000	6.000
186.000	7.000
187.000	6.000
188.000	2.000
189.000	5.000
190.000	6.000
191.000	6.000
192.000	3.000
193.000	5.000
194.000	6.000
195.000	4.000
196.000	11.000
197.000	4.000
198.000	11.000
199.000	12.000
200.000	12.000
201.000	25.000
202.000	25.000
203.000	27.000
204.000	30.000
205.000	16.000
206.000	15.000
207.000	5.000
208.000	9.000
209.000	5.000
210.000	1.000
211.000	4.000
212.000	5.000
213.000	3.000
214.000	5.000
215.000	3.000
216.000	4.000
217.000	5.000
218.000	8.000
219.000	6.000
220.000	3.000
221.000	5.000
222.000	5.000
223.000	4.000
224.000	6.000
225.000	8.000
226.000	3.000
227.000	3.000
228.000	3.000
229.000	1.000
230.000	5.000
231.000	4.000
232.000	2.000
233.000	5.000
234.000	3.000
235.000	4.000
236.000	4.000
237.000	3.000
238.000	2.000
239.000	5.000
240.000	5.000
241.000	4.000
242.000	8.000
243.000	4.000
244.000	7.000
245.000	8.000
246.000	10.000
247.000	2.000
248.000	9.000
249.000	6.000
250.000	7.000
251.000	7.000
252.000	6.000
253.000	11.000
254.000	5.000
255.000	9.000
256.000	4.000
257.000	5.000
258.000	3.000
259.000	5.000
260.000	1.000
261.000	7.000
262.000	4.000
263.000	5.000
264.000	5.000
265.000	6.000
266.000	6.000
267.000	6.000
268.000	2.000
269.000	3.000
270.000	10.000
271.000	4.000
272.000	2.000
273.000	8.000
274.000	7.000
275.000	1.000
276.000	1.000
277.000	7.000
278.000	4.000
279.000	6.000
280.000	3.000
281.000	4.000
282.000	2.000
283.000	2.000
284.000	2.000
285.000	10.000
286.000	6.000
287.000	7.000
288.000	6.000
289.000	4.000
290.000	2.000
291.000	10.000
292.000	3.000
293.000	4.000
294.000	7.000
295.000	13.000
296.000	5.000
297.000	7.000
298.000	11.000
299.000	5.000
300.000	5.000
301.000	6.000
302.000	11.000
303.000	3.000
304.000	5.000
305.000	5.000
306.000	12.000
307.000	6.000
308.000	4.000
309.000	10.000
310.000	8.000
311.000	5.000
312.000	7.000
313.000	12.000
314.000	10.000
315.000	12.000
316.000	7.000
317.000	15.000
318.000	20.000
319.000	20.000
320.000	31.000
321.000	37.000
322.000	43.000
323.000	38.000
324.000	62.000
325.000	41.000
326.000	32.000
327.000	36.000
328.000	26.000
329.000	20.000
330.000	20.000
331.000	12.000
332.000	9.000
333.000	11.000
334.000	11.000
335.000	17.000
336.000	13.000
337.000	9.000
338.000	7.000
339.000	16.000
340.000	26.000
341.000	21.000
342.000	51.000
343.000	80.000
344.000	131.000
345.000	213.000
346.000	303.000
347.000	416.000
348.000	532.000
349.000	592.000
350.000	683.000
351.000	627.000
352.000	652.000
353.000	521.000
354.000	407.000
355.000	329.000
356.000	231.000
357.000	150.000
358.000	103.000
359.000	43.000
360.000	43.000
361.000	26.000
362.000	24.000
363.000	26.000
364.000	20.000
365.000	13.000
366.000	11.000
367.000	17.000
368.000	15.000
369.000	11.000
370.000	12.000
371.000	9.000
372.000	14.000
373.000	18.000
374.000	12.000
375.000	22.000
376.000	17.000
377.000	24.000
378.000	33.000
379.000	24.000
380.000	34.000
381.000	57.000
382.000	76.000
383.000	100.000
384.000	97.000
385.000	119.000
386.000	149.000
387.000	123.000
388.000	110.000
389.000	92.000
390.000	86.000
391.000	79.000
392.000	51.000
393.000	43.000
394.000	27.000
395.000	25.000
396.000	22.000
397.000	29.000
398.000	20.000
399.000	24.000
400.000	31.000
401.000	32.000
402.000	23.000
403.000	14.000
404.000	15.000
405.000	22.000
406.000	27.000
407.000	22.000
408.000	27.000
409.000	20.000
410.000	29.000
411.000	34.000
412.000	23.000
413.000	21.000
414.000	26.000
415.000	27.000
416.000	26.000
417.000	19.000
418.000	33.000
419.000	31.000
420.000	21.000
421.000	26.000
422.000	23.000
423.000	27.000
424.000	28.000
425.000	23.000
426.000	21.000
427.000	30.000
428.000	26.000
429.000	22.000
430.000	22.000
431.000	32.000
432.000	29.000
433.000	34.000
434.000	29.000
435.000	42.000
436.000	50.000
437.000	39.000
438.000	39.000
439.000	31.000
440.000	31.000
441.000	33.000
442.000	23.000
443.000	32.000
444.000	36.000
445.000	46.000
446.000	40.000
447.000	38.000
448.000	28.000
449.000	46.000
450.000	36.000
451.000	47.000
452.000	23.000
453.000	36.000
454.000	56.000
455.000	40.000
456.000	42.000
457.000	55.000
458.000	47.000
459.000	38.000
460.000	45.000
461.000	56.000
462.000	42.000
463.000	46.000
464.000	41.000
465.000	35.000
466.000	55.000
467.000	45.000
468.000	47.000
469.000	45.000
470.000	47.000
471.000	44.000
472.000	49.000
473.000	65.000
474.000	60.000
475.000	53.000
476.000	55.000
477.000	51.000
478.000	53.000
479.000	47.000
480.000	60.000
481.000	42.000
482.000	57.000
483.000	47.000
484.000	50.000
485.000	47.000
486.000	50.000
487.000	50.000
488.000	43.000
489.000	63.000
490.000	60.000
491.000	39.000
492.000	63.000
493.000	51.000
494.000	66.000
495.000	66.000
496.000	53.000
497.000	68.000
498.000	67.000
499.000	57.000
500.000	67.000
501.000	88.000
502.000	63.000
503.000	77.000
504.000	76.000
505.000	65.000
506.000	64.000
507.000	72.000
508.000	69.000
509.000	70.000
510.000	68.000
511.000	77.000
512.000	83.000
513.000	70.000
514.000	69.000
515.000	72.000
516.000	61.000
517.000	84.000
518.000	81.000
519.000	78.000
520.000	69.000
521.000	80.000
522.000	72.000
523.000	93.000
524.000	70.000
525.000	78.000
526.000	79.000
527.000	81.000
528.000	73.000
529.000	83.000
530.000	78.000
531.000	93.000
532.000	83.000
533.000	103.000
534.000	89.000
535.000	83.000
536.000	87.000
537.000	90.000
538.000	102.000
539.000	93.000
540.000	89.000
541.000	99.000
542.000	82.000
543.000	74.000
544.000	101.000
545.000	124.000
546.000	91.000
547.000	100.000
548.000	100.000
549.000	104.000
550.000	105.000
551.000	76.000
552.000	82.000
553.000	107.000
554.000	89.000
555.000	86.000
556.000	102.000
557.000	112.000
558.000	100.000
559.000	98.000
560.000	112.000
561.000	108.000
562.000	110.000
563.000	106.000
564.000	106.000
565.000	106.000
566.000	94.000
567.000	93.000
568.000	110.000
569.000	99.000
570.000	114.000
571.000	114.000
572.000	127.000
573.000	124.000
574.000	119.000
575.000	103.000
576.000	108.000
577.000	107.000
578.000	118.000
579.000	116.000
580.000	138.000
581.000	109.000
582.000	125.000
583.000	114.000
584.000	115.000
585.000	138.000
586.000	151.000
587.000	139.000
588.000	122.000
589.000	114.000
590.000	128.000
591.000	129.000
592.000	125.000
593.000	112.000
594.000	121.000
595.000	139.000
596.000	142.000
597.000	135.000
598.000	146.000
599.000	132.000
600.000	154.000
601.000	137.000
602.000	111.000
603.000	124.000
604.000	147.000
605.000	155.000
606.000	120.000
607.000	140.000
608.000	149.000
609.000	145.000
610.000	165.000
611.000	158.000
612.000	161.000
613.000	139.000
614.000	166.000
615.000	158.000
616.000	130.000
617.000	144.000
618.000	148.000
619.000	176.000
620.000	148.000
621.000	154.000
622.000	156.000
623.000	162.000
624.000	168.000
625.000	161.000
626.000	153.000
627.000	151.000
628.000	153.000
629.000	150.000
630.000	158.000
631.000	148.000
632.000	170.000
633.000	165.000
634.000	165.000
635.000	164.000
636.000	161.000
637.000	157.000
638.000	175.000
639.000	161.000
640.000	176.000
641.000	163.000
642.000	186.000
643.000	187.000
644.000	184.000
645.000	201.000
646.000	162.000
647.000	170.000
648.000	178.000
649.000	189.000
650.000	195.000
651.000	207.000
652.000	199.000
653.000	149.000
654.000	209.000
655.000	208.000
656.000	201.000
657.000	191.000
658.000	188.000
659.000	209.000
660.000	185.000
661.000	194.000
662.000	167.000
663.000	176.000
664.000	190.000
665.000	200.000
666.000	179.000
667.000	204.000
668.000	176.000
669.000	196.000
670.000	207.000
671.000	207.000
672.000	181.000
673.000	178.000
674.000	223.000
675.000	195.000
676.000	193.000
677.000	183.000
678.000	215.000
679.000	196.000
680.000	222.000
681.000	213.000
682.000	212.000
683.000	222.000
684.000	202.000
685.000	208.000
686.000	203.000
687.000	220.000
688.000	210.000
689.000	190.000
690.000	199.000
691.000	222.000
692.000	243.000
693.000	216.000
694.000	226.000
695.000	223.000
696.000	237.000
697.000	211.000
698.000	228.000
699.000	221.000
700.000	229.000
701.000	203.000
702.000	202.000
703.000	245.000
704.000	235.000
705.000	223.000
706.000	234.000
707.000	221.000
708.000	240.000
709.000	188.000
710.000	253.000
711.000	245.000
712.000	233.000
713.000	240.000
714.000	237.000
715.000	246.000
716.000	252.000
717.000	211.000
718.000	220.000
719.000	234.000
720.000	242.000
721.000	223.000
722.000	247.000
723.000	236.000
724.000	216.000
725.000	244.000
726.000	237.000
727.000	230.000
728.000	243.000
729.000	243.000
730.000	233.000
731.000	245.000
732.000	224.000
733.000	274.000
734.000	245.000
735.000	243.000
736.000	285.000
737.000	262.000
738.000	258.000
739.000	270.000
740.000	258.000
741.000	233.000
742.000	238.000
743.000	251.000
744.000	262.000
745.000	244.000
746.000	262.000
747.000	251.000
748.000	257.000
749.000	219.000
750.000	242.000
751.000	268.000
752.000	246.000
753.000	254.000
754.000	253.000
755.000	250.000
756.000	254.000
757.000	264.000
758.000	245.000
759.000	295.000
760.000	253.000
761.000	264.000
762.000	259.000
763.000	273.000
764.000	278.000
765.000	283.000
766.000	259.000
767.000	253.000
768.000	296.000
769.000	265.000
770.000	309.000
771.000	277.000
772.000	277.000
773.000	277.000
774.000	321.000
775.000	319.000
776.000	284.000
777.000	260.000
778.000	277.000
779.000	258.000
780.000	296.000
781.000	308.000
782.000	288.000
783.000	258.000
784.000	262.000
785.000	240.000
786.000	276.000
787.000	297.000
788.000	271.000
789.000	298.000
790.000	309.000
791.000	308.000
792.000	290.000
793.000	248.000
794.000	262.000
795.000	286.000
796.000	279.000
797.000	284.000
798.000	280.000
799.000	286.000
800.000	271.000
801.000	327.000
802.000	281.000
803.000	282.000
804.000	279.000
805.000	308.000
806.000	301.000
807.000	269.000
808.000	285.000
809.000	272.000
810.000	266.000
811.000	293.000
812.000	282.000
813.000	294.000
814.000	301.000
815.000	275.000
816.000	320.000
817.000	285.000
818.000	291.000
819.000	313.000
820.000	295.000
821.000	302.000
822.000	294.000
823.000	295.000
824.000	307.000
825.000	341.000
826.000	312.000
827.000	302.000
828.000	326.000
829.000	300.000
830.000	333.000
831.000	311.000
832.000	315.000
833.000	300.000
834.000	305.000
835.000	283.000
836.000	326.000
837.000	318.000
838.000	314.000
839.000	325.000
840.000	317.000
841.000	308.000
842.000	300.000
843.000	327.000
844.000	358.000
845.000	321.000
846.000	332.000
847.000	320.000
848.000	351.000
849.000	335.000
850.000	354.000
851.000	373.000
852.000	325.000
853.000	367.000
854.000	395.000
855.000	338.000
856.000	380.000
857.000	363.000
858.000	379.000
859.000	334.000
860.000	390.000
861.000	359.000
862.000	379.000
863.000	392.000
864.000	424.000
865.000	429.000
866.000	397.000
867.000	412.000
868.000	437.000
869.000	437.000
870.000	435.000
871.000	491.000
872.000	510.000
873.000	467.000
874.000	473.000
875.000	485.000
876.000	546.000
877.000	534.000
878.000	552.000
879.000	652.000
880.000	646.000
881.000	674.000
882.000	698.000
883.000	809.000
884.000	778.000
885.000	847.000
886.000	936.000
887.000	978.000
888.000	1002.000
889.000	1103.000
890.000	1146.000
891.000	1168.000
892.000	1277.000
893.000	1349.000
894.000	1379.000
895.000	1405.000
896.000	1438.000
897.000	1460.000
898.000	1420.000
899.000	1520.000
900.000	1512.000
901.000	1510.000
902.000	1506.000
903.000	1456.000
904.000	1461.000
905.000	1371.000
906.000	1451.000
907.000	1294.000
908.000	1323.000
909.000	1210.000
910.000	1107.000
911.000	1116.000
912.000	1014.000
913.000	939.000
914.000	979.000
915.000	908.000
916.000	830.000
917.000	765.000
918.000	690.000
919.000	696.000
920.000	648.000
921.000	632.000
922.000	540.000
923.000	547.000
924.000	538.000
925.000	466.000
926.000	469.000
927.000	434.000
928.000	433.000
929.000	426.000
930.000	414.000
931.000	377.000
932.000	389.000
933.000	356.000
934.000	383.000
935.000	359.000
936.000	368.000
937.000	350.000
938.000	351.000
939.000	396.000
940.000	394.000
941.000	385.000
942.000	426.000
943.000	476.000
944.000	504.000
945.000	544.000
946.000	564.000
947.000	669.000
948.000	663.000
949.000	721.000
950.000	752.000
951.000	781.000
952.000	776.000
953.000	817.000
954.000	893.000
955.000	810.000
956.000	813.000
957.000	771.000
958.000	691.000
959.000	588.000
960.000	567.000
961.000	517.000
962.000	476.000
963.000	401.000
964.000	377.000
965.000	351.000
966.000	330.000
967.000	300.000
968.000	280.000
969.000	282.000
970.000	297.000
971.000	289.000
972.000	260.000
973.000	300.000
974.000	296.000
975.000	267.000
976.000	280.000
977.000	299.000
978.000	260.000
979.000	287.000
980.000	284.000
981.000	306.000
982.000	300.000
983.000	311.000
984.000	311.000
985.000	321.000
986.000	343.000
987.000	347.000
988.000	369.000
989.000	355.000
990.000	385.000
991.000	398.000
992.000	372.000
993.000	395.000
994.000	403.000
995.000	367.000
996.000	421.000
997.000	423.000
998.000	391.000
999.000	413.000
1000.000	453.000
1001.000	439.000
1002.000	439.000
1003.000	467.000
1004.000	436.000
1005.000	448.000
1006.000	452.000
1007.000	424.000
1008.000	457.000
1009.000	455.000
1010.000	396.000
1011.000	420.000
1012.000	398.000
1013.000	432.000
1014.000	403.000
1015.000	360.000
1016.000	352.000
1017.000	356.000
1018.000	320.000
1019.000	344.000
1020.000	296.000
1021.000	342.000
1022.000	260.000
1023.000	269.000
1024.000	285.000
