Date:	8/19/2008		Time:	9:07 AM		Version no:	0.00		Project name:	55		Sample name:	222		Section name:	section		Position	338.039995	mm	E0	0.000000	keV	E1	1.000000	keV/channel	sample surface	7.567573	cm	Tube anode:	Mo		Tube voltage:	30	kV	Tube current:	50	mA	gain	20		std. database			resultfile	result		matrix element	11		sample thickness	1.000000		air passage	0.560000	cm	comments	in position		peaking_time	3.000000	m-sec	trigger_threshold	1229.166667	V	mca_bin_width	22.090000	no:	number_mca_channels	1024.000000	no:	gap_time	0.400000	m-sec	trigger_peaking_time	0.150000	m-sec	GAINDAC	9455		HIGHGAIN	1		TAURC	0		RCTAU	53		RCTAUFRAC	32768		livetime	9.702107	seconds	runtime	10.000503	seconds	input_count_rate	28.258810	cps	output_count_rate	21.597413	cps	triggers	274170	seconds	events_in_run	215985	seconds	channel	content		1.000	0.000
2.000	0.000
3.000	0.000
4.000	0.000
5.000	0.000
6.000	0.000
7.000	0.000
8.000	0.000
9.000	0.000
10.000	0.000
11.000	0.000
12.000	0.000
13.000	0.000
14.000	0.000
15.000	0.000
16.000	0.000
17.000	0.000
18.000	0.000
19.000	0.000
20.000	0.000
21.000	0.000
22.000	0.000
23.000	0.000
24.000	0.000
25.000	0.000
26.000	0.000
27.000	0.000
28.000	0.000
29.000	0.000
30.000	0.000
31.000	1.000
32.000	0.000
33.000	1.000
34.000	0.000
35.000	2.000
36.000	1.000
37.000	3.000
38.000	1.000
39.000	4.000
40.000	4.000
41.000	1.000
42.000	2.000
43.000	4.000
44.000	3.000
45.000	1.000
46.000	5.000
47.000	5.000
48.000	7.000
49.000	12.000
50.000	8.000
51.000	13.000
52.000	11.000
53.000	6.000
54.000	6.000
55.000	6.000
56.000	14.000
57.000	6.000
58.000	12.000
59.000	5.000
60.000	13.000
61.000	9.000
62.000	5.000
63.000	7.000
64.000	10.000
65.000	14.000
66.000	10.000
67.000	11.000
68.000	10.000
69.000	11.000
70.000	9.000
71.000	10.000
72.000	9.000
73.000	10.000
74.000	8.000
75.000	5.000
76.000	7.000
77.000	8.000
78.000	11.000
79.000	4.000
80.000	12.000
81.000	11.000
82.000	11.000
83.000	5.000
84.000	6.000
85.000	6.000
86.000	5.000
87.000	13.000
88.000	10.000
89.000	7.000
90.000	13.000
91.000	13.000
92.000	4.000
93.000	10.000
94.000	7.000
95.000	6.000
96.000	9.000
97.000	12.000
98.000	11.000
99.000	14.000
100.000	9.000
101.000	7.000
102.000	4.000
103.000	7.000
104.000	7.000
105.000	9.000
106.000	7.000
107.000	8.000
108.000	5.000
109.000	14.000
110.000	5.000
111.000	11.000
112.000	3.000
113.000	3.000
114.000	9.000
115.000	5.000
116.000	6.000
117.000	3.000
118.000	9.000
119.000	8.000
120.000	4.000
121.000	2.000
122.000	9.000
123.000	7.000
124.000	9.000
125.000	4.000
126.000	9.000
127.000	16.000
128.000	12.000
129.000	6.000
130.000	5.000
131.000	6.000
132.000	10.000
133.000	9.000
134.000	7.000
135.000	4.000
136.000	3.000
137.000	5.000
138.000	2.000
139.000	3.000
140.000	3.000
141.000	7.000
142.000	2.000
143.000	4.000
144.000	2.000
145.000	7.000
146.000	2.000
147.000	5.000
148.000	2.000
149.000	3.000
150.000	1.000
151.000	3.000
152.000	5.000
153.000	3.000
154.000	5.000
155.000	6.000
156.000	9.000
157.000	1.000
158.000	4.000
159.000	12.000
160.000	7.000
161.000	17.000
162.000	11.000
163.000	3.000
164.000	11.000
165.000	8.000
166.000	9.000
167.000	4.000
168.000	4.000
169.000	4.000
170.000	2.000
171.000	6.000
172.000	6.000
173.000	6.000
174.000	4.000
175.000	5.000
176.000	2.000
177.000	3.000
178.000	3.000
179.000	8.000
180.000	12.000
181.000	6.000
182.000	9.000
183.000	3.000
184.000	3.000
185.000	4.000
186.000	7.000
187.000	6.000
188.000	5.000
189.000	2.000
190.000	2.000
191.000	3.000
192.000	2.000
193.000	6.000
194.000	5.000
195.000	3.000
196.000	8.000
197.000	11.000
198.000	8.000
199.000	9.000
200.000	19.000
201.000	20.000
202.000	30.000
203.000	22.000
204.000	18.000
205.000	22.000
206.000	11.000
207.000	10.000
208.000	3.000
209.000	6.000
210.000	8.000
211.000	4.000
212.000	3.000
213.000	4.000
214.000	1.000
215.000	4.000
216.000	6.000
217.000	5.000
218.000	4.000
219.000	5.000
220.000	7.000
221.000	7.000
222.000	7.000
223.000	11.000
224.000	4.000
225.000	4.000
226.000	4.000
227.000	3.000
228.000	3.000
229.000	5.000
230.000	1.000
231.000	6.000
232.000	0.000
233.000	7.000
234.000	4.000
235.000	3.000
236.000	3.000
237.000	5.000
238.000	1.000
239.000	1.000
240.000	1.000
241.000	6.000
242.000	3.000
243.000	8.000
244.000	6.000
245.000	10.000
246.000	7.000
247.000	9.000
248.000	13.000
249.000	9.000
250.000	9.000
251.000	11.000
252.000	1.000
253.000	5.000
254.000	6.000
255.000	5.000
256.000	3.000
257.000	4.000
258.000	6.000
259.000	9.000
260.000	7.000
261.000	2.000
262.000	4.000
263.000	4.000
264.000	5.000
265.000	8.000
266.000	3.000
267.000	11.000
268.000	8.000
269.000	7.000
270.000	3.000
271.000	8.000
272.000	6.000
273.000	1.000
274.000	4.000
275.000	4.000
276.000	10.000
277.000	7.000
278.000	4.000
279.000	2.000
280.000	7.000
281.000	6.000
282.000	4.000
283.000	9.000
284.000	3.000
285.000	2.000
286.000	9.000
287.000	7.000
288.000	5.000
289.000	7.000
290.000	3.000
291.000	8.000
292.000	13.000
293.000	8.000
294.000	14.000
295.000	6.000
296.000	7.000
297.000	5.000
298.000	0.000
299.000	15.000
300.000	15.000
301.000	6.000
302.000	7.000
303.000	7.000
304.000	11.000
305.000	6.000
306.000	7.000
307.000	7.000
308.000	4.000
309.000	6.000
310.000	5.000
311.000	6.000
312.000	9.000
313.000	7.000
314.000	6.000
315.000	12.000
316.000	21.000
317.000	18.000
318.000	20.000
319.000	29.000
320.000	32.000
321.000	46.000
322.000	41.000
323.000	53.000
324.000	45.000
325.000	44.000
326.000	31.000
327.000	21.000
328.000	27.000
329.000	15.000
330.000	16.000
331.000	7.000
332.000	8.000
333.000	8.000
334.000	5.000
335.000	15.000
336.000	17.000
337.000	14.000
338.000	13.000
339.000	17.000
340.000	16.000
341.000	26.000
342.000	41.000
343.000	78.000
344.000	131.000
345.000	179.000
346.000	306.000
347.000	394.000
348.000	520.000
349.000	596.000
350.000	638.000
351.000	673.000
352.000	533.000
353.000	532.000
354.000	401.000
355.000	315.000
356.000	212.000
357.000	120.000
358.000	91.000
359.000	49.000
360.000	34.000
361.000	21.000
362.000	22.000
363.000	17.000
364.000	24.000
365.000	17.000
366.000	13.000
367.000	16.000
368.000	16.000
369.000	12.000
370.000	19.000
371.000	17.000
372.000	13.000
373.000	11.000
374.000	16.000
375.000	23.000
376.000	28.000
377.000	24.000
378.000	32.000
379.000	34.000
380.000	45.000
381.000	66.000
382.000	67.000
383.000	73.000
384.000	100.000
385.000	103.000
386.000	124.000
387.000	118.000
388.000	127.000
389.000	91.000
390.000	77.000
391.000	68.000
392.000	63.000
393.000	34.000
394.000	29.000
395.000	23.000
396.000	18.000
397.000	26.000
398.000	22.000
399.000	18.000
400.000	22.000
401.000	10.000
402.000	17.000
403.000	21.000
404.000	15.000
405.000	22.000
406.000	25.000
407.000	22.000
408.000	24.000
409.000	29.000
410.000	22.000
411.000	12.000
412.000	21.000
413.000	20.000
414.000	21.000
415.000	21.000
416.000	23.000
417.000	29.000
418.000	24.000
419.000	25.000
420.000	27.000
421.000	25.000
422.000	34.000
423.000	36.000
424.000	17.000
425.000	21.000
426.000	28.000
427.000	24.000
428.000	24.000
429.000	32.000
430.000	32.000
431.000	39.000
432.000	17.000
433.000	29.000
434.000	24.000
435.000	27.000
436.000	33.000
437.000	39.000
438.000	24.000
439.000	37.000
440.000	21.000
441.000	28.000
442.000	44.000
443.000	38.000
444.000	49.000
445.000	31.000
446.000	41.000
447.000	36.000
448.000	26.000
449.000	41.000
450.000	43.000
451.000	38.000
452.000	35.000
453.000	45.000
454.000	47.000
455.000	45.000
456.000	45.000
457.000	43.000
458.000	51.000
459.000	42.000
460.000	45.000
461.000	59.000
462.000	39.000
463.000	47.000
464.000	47.000
465.000	51.000
466.000	38.000
467.000	51.000
468.000	52.000
469.000	29.000
470.000	49.000
471.000	41.000
472.000	52.000
473.000	38.000
474.000	51.000
475.000	64.000
476.000	49.000
477.000	41.000
478.000	52.000
479.000	60.000
480.000	53.000
481.000	36.000
482.000	59.000
483.000	40.000
484.000	68.000
485.000	56.000
486.000	62.000
487.000	56.000
488.000	51.000
489.000	53.000
490.000	50.000
491.000	56.000
492.000	45.000
493.000	52.000
494.000	53.000
495.000	58.000
496.000	45.000
497.000	66.000
498.000	51.000
499.000	51.000
500.000	52.000
501.000	39.000
502.000	68.000
503.000	54.000
504.000	71.000
505.000	72.000
506.000	67.000
507.000	48.000
508.000	63.000
509.000	77.000
510.000	90.000
511.000	60.000
512.000	65.000
513.000	74.000
514.000	68.000
515.000	59.000
516.000	73.000
517.000	71.000
518.000	65.000
519.000	68.000
520.000	83.000
521.000	73.000
522.000	77.000
523.000	76.000
524.000	80.000
525.000	83.000
526.000	81.000
527.000	77.000
528.000	83.000
529.000	79.000
530.000	89.000
531.000	79.000
532.000	80.000
533.000	87.000
534.000	91.000
535.000	90.000
536.000	68.000
537.000	78.000
538.000	68.000
539.000	78.000
540.000	82.000
541.000	82.000
542.000	95.000
543.000	94.000
544.000	95.000
545.000	96.000
546.000	69.000
547.000	85.000
548.000	97.000
549.000	90.000
550.000	93.000
551.000	78.000
552.000	78.000
553.000	81.000
554.000	98.000
555.000	94.000
556.000	97.000
557.000	96.000
558.000	102.000
559.000	100.000
560.000	97.000
561.000	110.000
562.000	101.000
563.000	103.000
564.000	100.000
565.000	102.000
566.000	137.000
567.000	108.000
568.000	102.000
569.000	105.000
570.000	94.000
571.000	98.000
572.000	100.000
573.000	115.000
574.000	104.000
575.000	94.000
576.000	109.000
577.000	108.000
578.000	116.000
579.000	96.000
580.000	109.000
581.000	126.000
582.000	109.000
583.000	95.000
584.000	110.000
585.000	115.000
586.000	113.000
587.000	125.000
588.000	105.000
589.000	116.000
590.000	111.000
591.000	113.000
592.000	114.000
593.000	113.000
594.000	115.000
595.000	139.000
596.000	120.000
597.000	117.000
598.000	139.000
599.000	149.000
600.000	139.000
601.000	124.000
602.000	116.000
603.000	121.000
604.000	138.000
605.000	144.000
606.000	128.000
607.000	130.000
608.000	140.000
609.000	145.000
610.000	120.000
611.000	137.000
612.000	130.000
613.000	131.000
614.000	134.000
615.000	134.000
616.000	136.000
617.000	142.000
618.000	155.000
619.000	114.000
620.000	154.000
621.000	142.000
622.000	141.000
623.000	130.000
624.000	163.000
625.000	120.000
626.000	147.000
627.000	145.000
628.000	148.000
629.000	136.000
630.000	132.000
631.000	149.000
632.000	167.000
633.000	158.000
634.000	167.000
635.000	163.000
636.000	142.000
637.000	173.000
638.000	147.000
639.000	173.000
640.000	152.000
641.000	155.000
642.000	172.000
643.000	169.000
644.000	169.000
645.000	195.000
646.000	149.000
647.000	169.000
648.000	165.000
649.000	178.000
650.000	162.000
651.000	169.000
652.000	183.000
653.000	184.000
654.000	166.000
655.000	187.000
656.000	182.000
657.000	176.000
658.000	178.000
659.000	173.000
660.000	179.000
661.000	174.000
662.000	197.000
663.000	160.000
664.000	179.000
665.000	188.000
666.000	195.000
667.000	177.000
668.000	189.000
669.000	174.000
670.000	178.000
671.000	191.000
672.000	180.000
673.000	213.000
674.000	172.000
675.000	200.000
676.000	183.000
677.000	205.000
678.000	191.000
679.000	183.000
680.000	178.000
681.000	198.000
682.000	199.000
683.000	214.000
684.000	207.000
685.000	192.000
686.000	214.000
687.000	202.000
688.000	217.000
689.000	168.000
690.000	210.000
691.000	216.000
692.000	210.000
693.000	206.000
694.000	198.000
695.000	205.000
696.000	183.000
697.000	215.000
698.000	229.000
699.000	223.000
700.000	219.000
701.000	218.000
702.000	220.000
703.000	221.000
704.000	205.000
705.000	245.000
706.000	215.000
707.000	232.000
708.000	235.000
709.000	230.000
710.000	195.000
711.000	213.000
712.000	231.000
713.000	215.000
714.000	208.000
715.000	222.000
716.000	231.000
717.000	209.000
718.000	227.000
719.000	231.000
720.000	213.000
721.000	229.000
722.000	205.000
723.000	250.000
724.000	231.000
725.000	220.000
726.000	261.000
727.000	221.000
728.000	243.000
729.000	241.000
730.000	209.000
731.000	235.000
732.000	235.000
733.000	249.000
734.000	250.000
735.000	241.000
736.000	237.000
737.000	220.000
738.000	246.000
739.000	223.000
740.000	251.000
741.000	221.000
742.000	251.000
743.000	241.000
744.000	221.000
745.000	234.000
746.000	232.000
747.000	230.000
748.000	238.000
749.000	237.000
750.000	267.000
751.000	245.000
752.000	242.000
753.000	288.000
754.000	237.000
755.000	254.000
756.000	238.000
757.000	250.000
758.000	241.000
759.000	221.000
760.000	213.000
761.000	254.000
762.000	228.000
763.000	273.000
764.000	247.000
765.000	268.000
766.000	228.000
767.000	254.000
768.000	271.000
769.000	272.000
770.000	270.000
771.000	285.000
772.000	253.000
773.000	302.000
774.000	308.000
775.000	275.000
776.000	294.000
777.000	306.000
778.000	316.000
779.000	267.000
780.000	289.000
781.000	242.000
782.000	310.000
783.000	267.000
784.000	287.000
785.000	285.000
786.000	268.000
787.000	280.000
788.000	263.000
789.000	235.000
790.000	262.000
791.000	277.000
792.000	254.000
793.000	271.000
794.000	263.000
795.000	275.000
796.000	267.000
797.000	252.000
798.000	277.000
799.000	263.000
800.000	273.000
801.000	256.000
802.000	297.000
803.000	282.000
804.000	258.000
805.000	278.000
806.000	261.000
807.000	271.000
808.000	277.000
809.000	295.000
810.000	287.000
811.000	291.000
812.000	267.000
813.000	297.000
814.000	251.000
815.000	295.000
816.000	313.000
817.000	287.000
818.000	292.000
819.000	318.000
820.000	286.000
821.000	278.000
822.000	292.000
823.000	286.000
824.000	278.000
825.000	297.000
826.000	316.000
827.000	305.000
828.000	292.000
829.000	318.000
830.000	291.000
831.000	305.000
832.000	281.000
833.000	304.000
834.000	316.000
835.000	310.000
836.000	335.000
837.000	317.000
838.000	317.000
839.000	295.000
840.000	318.000
841.000	306.000
842.000	300.000
843.000	334.000
844.000	328.000
845.000	313.000
846.000	310.000
847.000	350.000
848.000	327.000
849.000	320.000
850.000	342.000
851.000	342.000
852.000	371.000
853.000	347.000
854.000	309.000
855.000	371.000
856.000	337.000
857.000	365.000
858.000	364.000
859.000	377.000
860.000	344.000
861.000	357.000
862.000	376.000
863.000	414.000
864.000	404.000
865.000	434.000
866.000	414.000
867.000	400.000
868.000	409.000
869.000	424.000
870.000	475.000
871.000	446.000
872.000	481.000
873.000	453.000
874.000	485.000
875.000	563.000
876.000	537.000
877.000	552.000
878.000	598.000
879.000	592.000
880.000	635.000
881.000	666.000
882.000	696.000
883.000	764.000
884.000	814.000
885.000	848.000
886.000	883.000
887.000	927.000
888.000	973.000
889.000	1063.000
890.000	1207.000
891.000	1132.000
892.000	1216.000
893.000	1335.000
894.000	1446.000
895.000	1450.000
896.000	1366.000
897.000	1512.000
898.000	1453.000
899.000	1479.000
900.000	1535.000
901.000	1437.000
902.000	1454.000
903.000	1507.000
904.000	1404.000
905.000	1407.000
906.000	1340.000
907.000	1261.000
908.000	1254.000
909.000	1210.000
910.000	1181.000
911.000	1103.000
912.000	1035.000
913.000	989.000
914.000	929.000
915.000	903.000
916.000	860.000
917.000	753.000
918.000	729.000
919.000	710.000
920.000	641.000
921.000	624.000
922.000	562.000
923.000	550.000
924.000	525.000
925.000	506.000
926.000	470.000
927.000	438.000
928.000	448.000
929.000	415.000
930.000	408.000
931.000	407.000
932.000	376.000
933.000	347.000
934.000	371.000
935.000	360.000
936.000	360.000
937.000	371.000
938.000	347.000
939.000	380.000
940.000	411.000
941.000	387.000
942.000	416.000
943.000	442.000
944.000	480.000
945.000	532.000
946.000	582.000
947.000	592.000
948.000	649.000
949.000	726.000
950.000	778.000
951.000	767.000
952.000	789.000
953.000	816.000
954.000	787.000
955.000	797.000
956.000	769.000
957.000	702.000
958.000	654.000
959.000	618.000
960.000	556.000
961.000	519.000
962.000	467.000
963.000	424.000
964.000	377.000
965.000	335.000
966.000	329.000
967.000	324.000
968.000	314.000
969.000	268.000
970.000	271.000
971.000	244.000
972.000	282.000
973.000	308.000
974.000	267.000
975.000	283.000
976.000	324.000
977.000	294.000
978.000	288.000
979.000	298.000
980.000	298.000
981.000	295.000
982.000	321.000
983.000	322.000
984.000	318.000
985.000	303.000
986.000	330.000
987.000	352.000
988.000	337.000
989.000	351.000
990.000	364.000
991.000	367.000
992.000	357.000
993.000	371.000
994.000	407.000
995.000	406.000
996.000	411.000
997.000	398.000
998.000	433.000
999.000	416.000
1000.000	382.000
1001.000	450.000
1002.000	458.000
1003.000	414.000
1004.000	437.000
1005.000	436.000
1006.000	392.000
1007.000	469.000
1008.000	406.000
1009.000	413.000
1010.000	404.000
1011.000	395.000
1012.000	393.000
1013.000	374.000
1014.000	372.000
1015.000	373.000
1016.000	366.000
1017.000	359.000
1018.000	333.000
1019.000	329.000
1020.000	307.000
1021.000	349.000
1022.000	299.000
1023.000	279.000
1024.000	281.000
