Date:	8/19/2008		Time:	8:51 AM		Version no:	0.00		Project name:	55		Sample name:	222		Section name:	section		Position	168.039995	mm	E0	0.000000	keV	E1	1.000000	keV/channel	sample surface	7.599282	cm	Tube anode:	Mo		Tube voltage:	30	kV	Tube current:	50	mA	gain	20		std. database			resultfile	result		matrix element	11		sample thickness	1.000000		air passage	0.560000	cm	comments	in position		peaking_time	3.000000	m-sec	trigger_threshold	1229.166667	V	mca_bin_width	22.090000	no:	number_mca_channels	1024.000000	no:	gap_time	0.400000	m-sec	trigger_peaking_time	0.150000	m-sec	GAINDAC	9455		HIGHGAIN	1		TAURC	0		RCTAU	53		RCTAUFRAC	32768		livetime	9.690168	seconds	runtime	10.000502	seconds	input_count_rate	29.286076	cps	output_count_rate	22.190885	cps	triggers	283787	seconds	events_in_run	221920	seconds	channel	content		1.000	0.000
2.000	0.000
3.000	0.000
4.000	0.000
5.000	0.000
6.000	0.000
7.000	0.000
8.000	0.000
9.000	0.000
10.000	0.000
11.000	0.000
12.000	0.000
13.000	0.000
14.000	0.000
15.000	0.000
16.000	0.000
17.000	0.000
18.000	0.000
19.000	0.000
20.000	0.000
21.000	0.000
22.000	0.000
23.000	0.000
24.000	0.000
25.000	0.000
26.000	0.000
27.000	0.000
28.000	0.000
29.000	0.000
30.000	0.000
31.000	0.000
32.000	0.000
33.000	2.000
34.000	0.000
35.000	0.000
36.000	0.000
37.000	2.000
38.000	4.000
39.000	2.000
40.000	1.000
41.000	4.000
42.000	4.000
43.000	4.000
44.000	6.000
45.000	4.000
46.000	8.000
47.000	4.000
48.000	6.000
49.000	9.000
50.000	15.000
51.000	9.000
52.000	5.000
53.000	6.000
54.000	17.000
55.000	18.000
56.000	11.000
57.000	9.000
58.000	9.000
59.000	14.000
60.000	13.000
61.000	13.000
62.000	13.000
63.000	10.000
64.000	7.000
65.000	10.000
66.000	9.000
67.000	14.000
68.000	11.000
69.000	7.000
70.000	13.000
71.000	13.000
72.000	11.000
73.000	10.000
74.000	8.000
75.000	7.000
76.000	14.000
77.000	8.000
78.000	7.000
79.000	11.000
80.000	14.000
81.000	12.000
82.000	10.000
83.000	4.000
84.000	9.000
85.000	6.000
86.000	13.000
87.000	8.000
88.000	6.000
89.000	8.000
90.000	8.000
91.000	11.000
92.000	11.000
93.000	10.000
94.000	13.000
95.000	11.000
96.000	8.000
97.000	12.000
98.000	6.000
99.000	6.000
100.000	10.000
101.000	5.000
102.000	6.000
103.000	8.000
104.000	8.000
105.000	7.000
106.000	7.000
107.000	5.000
108.000	9.000
109.000	4.000
110.000	8.000
111.000	10.000
112.000	8.000
113.000	7.000
114.000	8.000
115.000	11.000
116.000	11.000
117.000	8.000
118.000	5.000
119.000	12.000
120.000	7.000
121.000	7.000
122.000	4.000
123.000	7.000
124.000	11.000
125.000	9.000
126.000	12.000
127.000	10.000
128.000	9.000
129.000	4.000
130.000	3.000
131.000	7.000
132.000	8.000
133.000	4.000
134.000	11.000
135.000	4.000
136.000	4.000
137.000	3.000
138.000	3.000
139.000	7.000
140.000	4.000
141.000	5.000
142.000	4.000
143.000	8.000
144.000	4.000
145.000	6.000
146.000	2.000
147.000	4.000
148.000	4.000
149.000	6.000
150.000	2.000
151.000	3.000
152.000	8.000
153.000	3.000
154.000	1.000
155.000	2.000
156.000	2.000
157.000	4.000
158.000	6.000
159.000	9.000
160.000	7.000
161.000	10.000
162.000	7.000
163.000	12.000
164.000	7.000
165.000	7.000
166.000	4.000
167.000	3.000
168.000	4.000
169.000	4.000
170.000	4.000
171.000	5.000
172.000	5.000
173.000	5.000
174.000	9.000
175.000	7.000
176.000	8.000
177.000	5.000
178.000	3.000
179.000	7.000
180.000	9.000
181.000	6.000
182.000	8.000
183.000	7.000
184.000	15.000
185.000	12.000
186.000	6.000
187.000	3.000
188.000	2.000
189.000	7.000
190.000	3.000
191.000	6.000
192.000	4.000
193.000	1.000
194.000	3.000
195.000	8.000
196.000	7.000
197.000	6.000
198.000	10.000
199.000	14.000
200.000	24.000
201.000	26.000
202.000	20.000
203.000	23.000
204.000	17.000
205.000	20.000
206.000	11.000
207.000	12.000
208.000	7.000
209.000	10.000
210.000	5.000
211.000	3.000
212.000	3.000
213.000	4.000
214.000	1.000
215.000	5.000
216.000	4.000
217.000	5.000
218.000	8.000
219.000	5.000
220.000	9.000
221.000	10.000
222.000	4.000
223.000	7.000
224.000	4.000
225.000	7.000
226.000	4.000
227.000	2.000
228.000	2.000
229.000	5.000
230.000	5.000
231.000	2.000
232.000	2.000
233.000	6.000
234.000	5.000
235.000	4.000
236.000	2.000
237.000	8.000
238.000	6.000
239.000	3.000
240.000	3.000
241.000	5.000
242.000	5.000
243.000	6.000
244.000	6.000
245.000	12.000
246.000	8.000
247.000	7.000
248.000	14.000
249.000	13.000
250.000	12.000
251.000	10.000
252.000	7.000
253.000	10.000
254.000	7.000
255.000	11.000
256.000	2.000
257.000	8.000
258.000	4.000
259.000	1.000
260.000	6.000
261.000	4.000
262.000	7.000
263.000	8.000
264.000	3.000
265.000	2.000
266.000	5.000
267.000	9.000
268.000	5.000
269.000	1.000
270.000	8.000
271.000	3.000
272.000	5.000
273.000	5.000
274.000	8.000
275.000	6.000
276.000	5.000
277.000	5.000
278.000	4.000
279.000	4.000
280.000	4.000
281.000	5.000
282.000	4.000
283.000	6.000
284.000	2.000
285.000	4.000
286.000	7.000
287.000	9.000
288.000	1.000
289.000	5.000
290.000	2.000
291.000	4.000
292.000	8.000
293.000	9.000
294.000	9.000
295.000	8.000
296.000	4.000
297.000	12.000
298.000	7.000
299.000	2.000
300.000	8.000
301.000	11.000
302.000	10.000
303.000	14.000
304.000	4.000
305.000	6.000
306.000	11.000
307.000	6.000
308.000	7.000
309.000	5.000
310.000	13.000
311.000	10.000
312.000	4.000
313.000	10.000
314.000	9.000
315.000	9.000
316.000	10.000
317.000	16.000
318.000	20.000
319.000	30.000
320.000	37.000
321.000	29.000
322.000	49.000
323.000	59.000
324.000	46.000
325.000	43.000
326.000	30.000
327.000	37.000
328.000	24.000
329.000	22.000
330.000	16.000
331.000	12.000
332.000	19.000
333.000	11.000
334.000	9.000
335.000	8.000
336.000	12.000
337.000	8.000
338.000	12.000
339.000	25.000
340.000	14.000
341.000	29.000
342.000	56.000
343.000	81.000
344.000	114.000
345.000	208.000
346.000	288.000
347.000	438.000
348.000	535.000
349.000	634.000
350.000	736.000
351.000	708.000
352.000	644.000
353.000	563.000
354.000	459.000
355.000	342.000
356.000	245.000
357.000	129.000
358.000	95.000
359.000	60.000
360.000	34.000
361.000	22.000
362.000	21.000
363.000	19.000
364.000	18.000
365.000	10.000
366.000	19.000
367.000	17.000
368.000	15.000
369.000	25.000
370.000	18.000
371.000	23.000
372.000	26.000
373.000	24.000
374.000	21.000
375.000	16.000
376.000	19.000
377.000	27.000
378.000	30.000
379.000	45.000
380.000	34.000
381.000	59.000
382.000	93.000
383.000	108.000
384.000	126.000
385.000	143.000
386.000	129.000
387.000	133.000
388.000	141.000
389.000	111.000
390.000	94.000
391.000	76.000
392.000	57.000
393.000	38.000
394.000	31.000
395.000	22.000
396.000	30.000
397.000	22.000
398.000	24.000
399.000	26.000
400.000	24.000
401.000	17.000
402.000	27.000
403.000	26.000
404.000	24.000
405.000	22.000
406.000	27.000
407.000	20.000
408.000	24.000
409.000	31.000
410.000	20.000
411.000	26.000
412.000	24.000
413.000	34.000
414.000	22.000
415.000	31.000
416.000	15.000
417.000	28.000
418.000	23.000
419.000	21.000
420.000	33.000
421.000	28.000
422.000	26.000
423.000	27.000
424.000	33.000
425.000	29.000
426.000	22.000
427.000	23.000
428.000	20.000
429.000	46.000
430.000	22.000
431.000	28.000
432.000	27.000
433.000	30.000
434.000	22.000
435.000	29.000
436.000	37.000
437.000	41.000
438.000	34.000
439.000	34.000
440.000	36.000
441.000	40.000
442.000	30.000
443.000	33.000
444.000	40.000
445.000	49.000
446.000	43.000
447.000	34.000
448.000	33.000
449.000	52.000
450.000	51.000
451.000	37.000
452.000	46.000
453.000	41.000
454.000	55.000
455.000	35.000
456.000	46.000
457.000	38.000
458.000	49.000
459.000	54.000
460.000	34.000
461.000	38.000
462.000	43.000
463.000	42.000
464.000	43.000
465.000	50.000
466.000	31.000
467.000	42.000
468.000	45.000
469.000	47.000
470.000	45.000
471.000	55.000
472.000	49.000
473.000	53.000
474.000	50.000
475.000	57.000
476.000	54.000
477.000	60.000
478.000	53.000
479.000	48.000
480.000	55.000
481.000	56.000
482.000	44.000
483.000	39.000
484.000	38.000
485.000	67.000
486.000	71.000
487.000	54.000
488.000	48.000
489.000	54.000
490.000	60.000
491.000	57.000
492.000	66.000
493.000	58.000
494.000	57.000
495.000	45.000
496.000	66.000
497.000	49.000
498.000	63.000
499.000	48.000
500.000	62.000
501.000	78.000
502.000	72.000
503.000	58.000
504.000	63.000
505.000	79.000
506.000	68.000
507.000	60.000
508.000	60.000
509.000	83.000
510.000	82.000
511.000	76.000
512.000	79.000
513.000	91.000
514.000	74.000
515.000	80.000
516.000	89.000
517.000	77.000
518.000	79.000
519.000	71.000
520.000	80.000
521.000	89.000
522.000	82.000
523.000	84.000
524.000	93.000
525.000	88.000
526.000	80.000
527.000	77.000
528.000	78.000
529.000	84.000
530.000	64.000
531.000	86.000
532.000	77.000
533.000	89.000
534.000	105.000
535.000	102.000
536.000	88.000
537.000	92.000
538.000	103.000
539.000	85.000
540.000	90.000
541.000	94.000
542.000	79.000
543.000	97.000
544.000	83.000
545.000	91.000
546.000	81.000
547.000	109.000
548.000	92.000
549.000	94.000
550.000	100.000
551.000	98.000
552.000	114.000
553.000	104.000
554.000	77.000
555.000	96.000
556.000	101.000
557.000	118.000
558.000	95.000
559.000	101.000
560.000	98.000
561.000	110.000
562.000	105.000
563.000	109.000
564.000	120.000
565.000	101.000
566.000	107.000
567.000	116.000
568.000	115.000
569.000	120.000
570.000	118.000
571.000	112.000
572.000	119.000
573.000	123.000
574.000	115.000
575.000	114.000
576.000	130.000
577.000	139.000
578.000	120.000
579.000	109.000
580.000	120.000
581.000	120.000
582.000	114.000
583.000	113.000
584.000	133.000
585.000	120.000
586.000	120.000
587.000	128.000
588.000	120.000
589.000	127.000
590.000	133.000
591.000	126.000
592.000	135.000
593.000	104.000
594.000	143.000
595.000	118.000
596.000	142.000
597.000	99.000
598.000	150.000
599.000	135.000
600.000	149.000
601.000	139.000
602.000	136.000
603.000	147.000
604.000	142.000
605.000	139.000
606.000	136.000
607.000	158.000
608.000	129.000
609.000	142.000
610.000	145.000
611.000	147.000
612.000	139.000
613.000	152.000
614.000	143.000
615.000	148.000
616.000	140.000
617.000	134.000
618.000	139.000
619.000	158.000
620.000	159.000
621.000	141.000
622.000	163.000
623.000	160.000
624.000	157.000
625.000	160.000
626.000	155.000
627.000	174.000
628.000	144.000
629.000	175.000
630.000	157.000
631.000	167.000
632.000	164.000
633.000	170.000
634.000	163.000
635.000	168.000
636.000	170.000
637.000	170.000
638.000	172.000
639.000	164.000
640.000	144.000
641.000	179.000
642.000	171.000
643.000	160.000
644.000	166.000
645.000	176.000
646.000	185.000
647.000	168.000
648.000	179.000
649.000	152.000
650.000	200.000
651.000	180.000
652.000	184.000
653.000	179.000
654.000	174.000
655.000	188.000
656.000	187.000
657.000	209.000
658.000	186.000
659.000	199.000
660.000	185.000
661.000	195.000
662.000	206.000
663.000	198.000
664.000	173.000
665.000	176.000
666.000	185.000
667.000	192.000
668.000	185.000
669.000	190.000
670.000	209.000
671.000	174.000
672.000	213.000
673.000	209.000
674.000	181.000
675.000	196.000
676.000	201.000
677.000	206.000
678.000	200.000
679.000	198.000
680.000	200.000
681.000	216.000
682.000	208.000
683.000	176.000
684.000	225.000
685.000	207.000
686.000	223.000
687.000	206.000
688.000	221.000
689.000	235.000
690.000	232.000
691.000	218.000
692.000	204.000
693.000	209.000
694.000	229.000
695.000	212.000
696.000	209.000
697.000	196.000
698.000	209.000
699.000	208.000
700.000	228.000
701.000	220.000
702.000	218.000
703.000	219.000
704.000	209.000
705.000	199.000
706.000	207.000
707.000	259.000
708.000	206.000
709.000	228.000
710.000	228.000
711.000	255.000
712.000	232.000
713.000	233.000
714.000	235.000
715.000	223.000
716.000	216.000
717.000	231.000
718.000	247.000
719.000	218.000
720.000	240.000
721.000	254.000
722.000	256.000
723.000	262.000
724.000	243.000
725.000	236.000
726.000	230.000
727.000	258.000
728.000	237.000
729.000	237.000
730.000	258.000
731.000	275.000
732.000	224.000
733.000	247.000
734.000	251.000
735.000	252.000
736.000	262.000
737.000	277.000
738.000	260.000
739.000	250.000
740.000	240.000
741.000	253.000
742.000	229.000
743.000	255.000
744.000	258.000
745.000	246.000
746.000	248.000
747.000	258.000
748.000	238.000
749.000	259.000
750.000	233.000
751.000	247.000
752.000	227.000
753.000	245.000
754.000	248.000
755.000	281.000
756.000	263.000
757.000	253.000
758.000	238.000
759.000	236.000
760.000	270.000
761.000	259.000
762.000	240.000
763.000	276.000
764.000	304.000
765.000	259.000
766.000	279.000
767.000	290.000
768.000	300.000
769.000	285.000
770.000	248.000
771.000	299.000
772.000	304.000
773.000	306.000
774.000	266.000
775.000	281.000
776.000	292.000
777.000	264.000
778.000	281.000
779.000	290.000
780.000	274.000
781.000	281.000
782.000	273.000
783.000	275.000
784.000	261.000
785.000	295.000
786.000	283.000
787.000	315.000
788.000	284.000
789.000	286.000
790.000	309.000
791.000	266.000
792.000	279.000
793.000	291.000
794.000	259.000
795.000	270.000
796.000	279.000
797.000	321.000
798.000	284.000
799.000	308.000
800.000	292.000
801.000	269.000
802.000	271.000
803.000	299.000
804.000	304.000
805.000	299.000
806.000	279.000
807.000	318.000
808.000	277.000
809.000	341.000
810.000	304.000
811.000	295.000
812.000	309.000
813.000	281.000
814.000	294.000
815.000	317.000
816.000	301.000
817.000	282.000
818.000	289.000
819.000	315.000
820.000	290.000
821.000	321.000
822.000	308.000
823.000	291.000
824.000	321.000
825.000	303.000
826.000	321.000
827.000	296.000
828.000	347.000
829.000	339.000
830.000	336.000
831.000	306.000
832.000	319.000
833.000	305.000
834.000	304.000
835.000	315.000
836.000	287.000
837.000	291.000
838.000	348.000
839.000	317.000
840.000	287.000
841.000	312.000
842.000	331.000
843.000	314.000
844.000	339.000
845.000	336.000
846.000	324.000
847.000	336.000
848.000	331.000
849.000	345.000
850.000	330.000
851.000	357.000
852.000	347.000
853.000	373.000
854.000	341.000
855.000	381.000
856.000	381.000
857.000	337.000
858.000	357.000
859.000	393.000
860.000	397.000
861.000	409.000
862.000	398.000
863.000	417.000
864.000	440.000
865.000	420.000
866.000	383.000
867.000	434.000
868.000	446.000
869.000	418.000
870.000	460.000
871.000	499.000
872.000	504.000
873.000	446.000
874.000	508.000
875.000	515.000
876.000	585.000
877.000	577.000
878.000	573.000
879.000	635.000
880.000	678.000
881.000	701.000
882.000	722.000
883.000	802.000
884.000	850.000
885.000	846.000
886.000	898.000
887.000	973.000
888.000	1018.000
889.000	1096.000
890.000	1136.000
891.000	1207.000
892.000	1310.000
893.000	1341.000
894.000	1362.000
895.000	1472.000
896.000	1464.000
897.000	1477.000
898.000	1527.000
899.000	1502.000
900.000	1503.000
901.000	1559.000
902.000	1505.000
903.000	1444.000
904.000	1454.000
905.000	1384.000
906.000	1353.000
907.000	1350.000
908.000	1250.000
909.000	1254.000
910.000	1138.000
911.000	1125.000
912.000	1016.000
913.000	1016.000
914.000	922.000
915.000	885.000
916.000	812.000
917.000	823.000
918.000	726.000
919.000	699.000
920.000	683.000
921.000	633.000
922.000	607.000
923.000	572.000
924.000	485.000
925.000	504.000
926.000	463.000
927.000	466.000
928.000	433.000
929.000	428.000
930.000	396.000
931.000	409.000
932.000	386.000
933.000	366.000
934.000	373.000
935.000	363.000
936.000	361.000
937.000	358.000
938.000	376.000
939.000	343.000
940.000	358.000
941.000	398.000
942.000	423.000
943.000	441.000
944.000	465.000
945.000	523.000
946.000	542.000
947.000	564.000
948.000	631.000
949.000	640.000
950.000	753.000
951.000	720.000
952.000	792.000
953.000	792.000
954.000	776.000
955.000	771.000
956.000	750.000
957.000	722.000
958.000	663.000
959.000	617.000
960.000	536.000
961.000	492.000
962.000	477.000
963.000	377.000
964.000	375.000
965.000	349.000
966.000	334.000
967.000	303.000
968.000	338.000
969.000	292.000
970.000	296.000
971.000	280.000
972.000	275.000
973.000	265.000
974.000	296.000
975.000	264.000
976.000	298.000
977.000	300.000
978.000	323.000
979.000	286.000
980.000	344.000
981.000	301.000
982.000	319.000
983.000	310.000
984.000	308.000
985.000	324.000
986.000	322.000
987.000	325.000
988.000	342.000
989.000	345.000
990.000	350.000
991.000	376.000
992.000	382.000
993.000	396.000
994.000	407.000
995.000	430.000
996.000	413.000
997.000	443.000
998.000	447.000
999.000	413.000
1000.000	416.000
1001.000	441.000
1002.000	464.000
1003.000	482.000
1004.000	436.000
1005.000	481.000
1006.000	443.000
1007.000	470.000
1008.000	461.000
1009.000	427.000
1010.000	451.000
1011.000	412.000
1012.000	399.000
1013.000	378.000
1014.000	404.000
1015.000	392.000
1016.000	336.000
1017.000	367.000
1018.000	342.000
1019.000	315.000
1020.000	326.000
1021.000	329.000
1022.000	284.000
1023.000	270.000
1024.000	262.000
