Date:	8/19/2008		Time:	9:01 AM		Version no:	0.00		Project name:	55		Sample name:	222		Section name:	section		Position	276.039995	mm	E0	0.000000	keV	E1	1.000000	keV/channel	sample surface	7.487774	cm	Tube anode:	Mo		Tube voltage:	30	kV	Tube current:	50	mA	gain	20		std. database			resultfile	result		matrix element	11		sample thickness	1.000000		air passage	0.560000	cm	comments	not in position		peaking_time	3.000000	m-sec	trigger_threshold	1229.166667	V	mca_bin_width	22.090000	no:	number_mca_channels	1024.000000	no:	gap_time	0.400000	m-sec	trigger_peaking_time	0.150000	m-sec	GAINDAC	9455		HIGHGAIN	1		TAURC	0		RCTAU	53		RCTAUFRAC	32768		livetime	9.723711	seconds	runtime	10.000502	seconds	input_count_rate	26.398049	cps	output_count_rate	20.418074	cps	triggers	256687	seconds	events_in_run	204191	seconds	channel	content		1.000	0.000
2.000	0.000
3.000	0.000
4.000	0.000
5.000	0.000
6.000	0.000
7.000	0.000
8.000	0.000
9.000	0.000
10.000	0.000
11.000	0.000
12.000	0.000
13.000	0.000
14.000	0.000
15.000	0.000
16.000	0.000
17.000	0.000
18.000	0.000
19.000	0.000
20.000	0.000
21.000	0.000
22.000	0.000
23.000	0.000
24.000	0.000
25.000	0.000
26.000	0.000
27.000	0.000
28.000	0.000
29.000	0.000
30.000	0.000
31.000	0.000
32.000	0.000
33.000	0.000
34.000	2.000
35.000	2.000
36.000	0.000
37.000	2.000
38.000	2.000
39.000	2.000
40.000	3.000
41.000	3.000
42.000	2.000
43.000	3.000
44.000	12.000
45.000	2.000
46.000	4.000
47.000	5.000
48.000	10.000
49.000	8.000
50.000	7.000
51.000	11.000
52.000	10.000
53.000	10.000
54.000	14.000
55.000	7.000
56.000	13.000
57.000	6.000
58.000	19.000
59.000	12.000
60.000	14.000
61.000	10.000
62.000	9.000
63.000	10.000
64.000	8.000
65.000	6.000
66.000	9.000
67.000	11.000
68.000	7.000
69.000	6.000
70.000	12.000
71.000	13.000
72.000	5.000
73.000	6.000
74.000	10.000
75.000	9.000
76.000	11.000
77.000	10.000
78.000	14.000
79.000	12.000
80.000	10.000
81.000	10.000
82.000	10.000
83.000	12.000
84.000	7.000
85.000	8.000
86.000	8.000
87.000	5.000
88.000	10.000
89.000	6.000
90.000	3.000
91.000	6.000
92.000	7.000
93.000	4.000
94.000	10.000
95.000	5.000
96.000	6.000
97.000	9.000
98.000	12.000
99.000	6.000
100.000	6.000
101.000	12.000
102.000	6.000
103.000	10.000
104.000	5.000
105.000	11.000
106.000	11.000
107.000	5.000
108.000	7.000
109.000	4.000
110.000	6.000
111.000	8.000
112.000	8.000
113.000	7.000
114.000	7.000
115.000	4.000
116.000	6.000
117.000	9.000
118.000	7.000
119.000	8.000
120.000	7.000
121.000	5.000
122.000	3.000
123.000	4.000
124.000	9.000
125.000	10.000
126.000	5.000
127.000	6.000
128.000	9.000
129.000	7.000
130.000	8.000
131.000	5.000
132.000	6.000
133.000	6.000
134.000	5.000
135.000	5.000
136.000	5.000
137.000	6.000
138.000	5.000
139.000	7.000
140.000	4.000
141.000	4.000
142.000	6.000
143.000	8.000
144.000	2.000
145.000	7.000
146.000	3.000
147.000	4.000
148.000	3.000
149.000	3.000
150.000	2.000
151.000	2.000
152.000	8.000
153.000	9.000
154.000	4.000
155.000	4.000
156.000	6.000
157.000	6.000
158.000	8.000
159.000	6.000
160.000	15.000
161.000	13.000
162.000	13.000
163.000	8.000
164.000	9.000
165.000	5.000
166.000	6.000
167.000	5.000
168.000	6.000
169.000	6.000
170.000	0.000
171.000	5.000
172.000	7.000
173.000	9.000
174.000	1.000
175.000	1.000
176.000	2.000
177.000	5.000
178.000	2.000
179.000	2.000
180.000	4.000
181.000	11.000
182.000	9.000
183.000	7.000
184.000	5.000
185.000	5.000
186.000	2.000
187.000	7.000
188.000	2.000
189.000	6.000
190.000	3.000
191.000	2.000
192.000	2.000
193.000	3.000
194.000	5.000
195.000	3.000
196.000	2.000
197.000	6.000
198.000	4.000
199.000	6.000
200.000	12.000
201.000	10.000
202.000	19.000
203.000	13.000
204.000	12.000
205.000	7.000
206.000	10.000
207.000	8.000
208.000	6.000
209.000	4.000
210.000	4.000
211.000	3.000
212.000	4.000
213.000	5.000
214.000	3.000
215.000	2.000
216.000	5.000
217.000	3.000
218.000	2.000
219.000	4.000
220.000	7.000
221.000	2.000
222.000	5.000
223.000	2.000
224.000	5.000
225.000	6.000
226.000	5.000
227.000	1.000
228.000	4.000
229.000	2.000
230.000	9.000
231.000	2.000
232.000	3.000
233.000	0.000
234.000	2.000
235.000	2.000
236.000	2.000
237.000	1.000
238.000	4.000
239.000	3.000
240.000	1.000
241.000	3.000
242.000	4.000
243.000	5.000
244.000	4.000
245.000	6.000
246.000	12.000
247.000	3.000
248.000	6.000
249.000	3.000
250.000	4.000
251.000	3.000
252.000	4.000
253.000	9.000
254.000	6.000
255.000	5.000
256.000	4.000
257.000	7.000
258.000	2.000
259.000	7.000
260.000	4.000
261.000	5.000
262.000	1.000
263.000	2.000
264.000	4.000
265.000	4.000
266.000	5.000
267.000	10.000
268.000	2.000
269.000	2.000
270.000	9.000
271.000	4.000
272.000	3.000
273.000	4.000
274.000	3.000
275.000	3.000
276.000	4.000
277.000	7.000
278.000	5.000
279.000	1.000
280.000	3.000
281.000	8.000
282.000	3.000
283.000	6.000
284.000	2.000
285.000	4.000
286.000	2.000
287.000	3.000
288.000	6.000
289.000	5.000
290.000	4.000
291.000	3.000
292.000	4.000
293.000	5.000
294.000	6.000
295.000	6.000
296.000	10.000
297.000	3.000
298.000	9.000
299.000	3.000
300.000	9.000
301.000	8.000
302.000	6.000
303.000	7.000
304.000	5.000
305.000	6.000
306.000	3.000
307.000	8.000
308.000	5.000
309.000	4.000
310.000	6.000
311.000	2.000
312.000	6.000
313.000	3.000
314.000	5.000
315.000	11.000
316.000	11.000
317.000	9.000
318.000	17.000
319.000	28.000
320.000	17.000
321.000	24.000
322.000	33.000
323.000	22.000
324.000	23.000
325.000	32.000
326.000	19.000
327.000	22.000
328.000	12.000
329.000	16.000
330.000	3.000
331.000	6.000
332.000	5.000
333.000	6.000
334.000	8.000
335.000	8.000
336.000	7.000
337.000	14.000
338.000	8.000
339.000	6.000
340.000	21.000
341.000	29.000
342.000	33.000
343.000	49.000
344.000	73.000
345.000	126.000
346.000	198.000
347.000	246.000
348.000	324.000
349.000	368.000
350.000	402.000
351.000	401.000
352.000	386.000
353.000	328.000
354.000	253.000
355.000	213.000
356.000	130.000
357.000	85.000
358.000	73.000
359.000	40.000
360.000	23.000
361.000	11.000
362.000	13.000
363.000	5.000
364.000	8.000
365.000	12.000
366.000	10.000
367.000	9.000
368.000	4.000
369.000	11.000
370.000	12.000
371.000	9.000
372.000	14.000
373.000	6.000
374.000	6.000
375.000	6.000
376.000	17.000
377.000	20.000
378.000	19.000
379.000	20.000
380.000	34.000
381.000	41.000
382.000	43.000
383.000	60.000
384.000	54.000
385.000	87.000
386.000	72.000
387.000	88.000
388.000	71.000
389.000	65.000
390.000	50.000
391.000	39.000
392.000	29.000
393.000	23.000
394.000	20.000
395.000	23.000
396.000	14.000
397.000	12.000
398.000	10.000
399.000	8.000
400.000	13.000
401.000	16.000
402.000	12.000
403.000	17.000
404.000	13.000
405.000	16.000
406.000	12.000
407.000	10.000
408.000	12.000
409.000	12.000
410.000	15.000
411.000	17.000
412.000	18.000
413.000	11.000
414.000	20.000
415.000	21.000
416.000	17.000
417.000	20.000
418.000	17.000
419.000	15.000
420.000	24.000
421.000	21.000
422.000	12.000
423.000	15.000
424.000	18.000
425.000	21.000
426.000	26.000
427.000	20.000
428.000	12.000
429.000	25.000
430.000	17.000
431.000	15.000
432.000	23.000
433.000	15.000
434.000	23.000
435.000	28.000
436.000	17.000
437.000	26.000
438.000	20.000
439.000	28.000
440.000	26.000
441.000	32.000
442.000	23.000
443.000	34.000
444.000	25.000
445.000	27.000
446.000	25.000
447.000	25.000
448.000	23.000
449.000	29.000
450.000	30.000
451.000	25.000
452.000	28.000
453.000	24.000
454.000	29.000
455.000	30.000
456.000	23.000
457.000	26.000
458.000	27.000
459.000	26.000
460.000	29.000
461.000	21.000
462.000	21.000
463.000	27.000
464.000	25.000
465.000	25.000
466.000	28.000
467.000	29.000
468.000	22.000
469.000	31.000
470.000	39.000
471.000	34.000
472.000	23.000
473.000	30.000
474.000	36.000
475.000	36.000
476.000	36.000
477.000	23.000
478.000	38.000
479.000	30.000
480.000	40.000
481.000	33.000
482.000	30.000
483.000	32.000
484.000	45.000
485.000	28.000
486.000	32.000
487.000	36.000
488.000	40.000
489.000	31.000
490.000	43.000
491.000	29.000
492.000	44.000
493.000	32.000
494.000	32.000
495.000	40.000
496.000	44.000
497.000	47.000
498.000	39.000
499.000	43.000
500.000	38.000
501.000	49.000
502.000	47.000
503.000	50.000
504.000	42.000
505.000	38.000
506.000	45.000
507.000	40.000
508.000	64.000
509.000	47.000
510.000	47.000
511.000	36.000
512.000	52.000
513.000	63.000
514.000	60.000
515.000	51.000
516.000	62.000
517.000	47.000
518.000	53.000
519.000	43.000
520.000	40.000
521.000	65.000
522.000	62.000
523.000	54.000
524.000	59.000
525.000	58.000
526.000	48.000
527.000	50.000
528.000	56.000
529.000	57.000
530.000	62.000
531.000	58.000
532.000	51.000
533.000	54.000
534.000	54.000
535.000	60.000
536.000	69.000
537.000	61.000
538.000	57.000
539.000	54.000
540.000	71.000
541.000	72.000
542.000	62.000
543.000	59.000
544.000	53.000
545.000	78.000
546.000	65.000
547.000	83.000
548.000	55.000
549.000	73.000
550.000	65.000
551.000	63.000
552.000	76.000
553.000	76.000
554.000	74.000
555.000	70.000
556.000	75.000
557.000	83.000
558.000	64.000
559.000	59.000
560.000	91.000
561.000	73.000
562.000	65.000
563.000	70.000
564.000	83.000
565.000	82.000
566.000	67.000
567.000	87.000
568.000	74.000
569.000	71.000
570.000	96.000
571.000	71.000
572.000	91.000
573.000	89.000
574.000	93.000
575.000	88.000
576.000	80.000
577.000	78.000
578.000	91.000
579.000	93.000
580.000	100.000
581.000	91.000
582.000	81.000
583.000	96.000
584.000	92.000
585.000	97.000
586.000	91.000
587.000	83.000
588.000	102.000
589.000	84.000
590.000	115.000
591.000	104.000
592.000	100.000
593.000	92.000
594.000	116.000
595.000	115.000
596.000	104.000
597.000	104.000
598.000	103.000
599.000	113.000
600.000	123.000
601.000	104.000
602.000	113.000
603.000	106.000
604.000	113.000
605.000	114.000
606.000	107.000
607.000	101.000
608.000	118.000
609.000	118.000
610.000	108.000
611.000	142.000
612.000	130.000
613.000	124.000
614.000	121.000
615.000	104.000
616.000	114.000
617.000	130.000
618.000	100.000
619.000	120.000
620.000	111.000
621.000	109.000
622.000	119.000
623.000	136.000
624.000	139.000
625.000	112.000
626.000	122.000
627.000	132.000
628.000	122.000
629.000	144.000
630.000	124.000
631.000	135.000
632.000	151.000
633.000	135.000
634.000	145.000
635.000	136.000
636.000	133.000
637.000	133.000
638.000	140.000
639.000	141.000
640.000	130.000
641.000	151.000
642.000	154.000
643.000	161.000
644.000	127.000
645.000	137.000
646.000	141.000
647.000	168.000
648.000	147.000
649.000	152.000
650.000	166.000
651.000	147.000
652.000	139.000
653.000	156.000
654.000	158.000
655.000	171.000
656.000	148.000
657.000	156.000
658.000	156.000
659.000	137.000
660.000	139.000
661.000	176.000
662.000	144.000
663.000	142.000
664.000	146.000
665.000	144.000
666.000	143.000
667.000	155.000
668.000	170.000
669.000	176.000
670.000	167.000
671.000	170.000
672.000	162.000
673.000	190.000
674.000	176.000
675.000	145.000
676.000	164.000
677.000	183.000
678.000	174.000
679.000	186.000
680.000	182.000
681.000	170.000
682.000	160.000
683.000	183.000
684.000	170.000
685.000	150.000
686.000	195.000
687.000	163.000
688.000	179.000
689.000	178.000
690.000	184.000
691.000	203.000
692.000	204.000
693.000	171.000
694.000	205.000
695.000	192.000
696.000	203.000
697.000	195.000
698.000	211.000
699.000	187.000
700.000	164.000
701.000	198.000
702.000	193.000
703.000	212.000
704.000	184.000
705.000	184.000
706.000	213.000
707.000	202.000
708.000	186.000
709.000	196.000
710.000	221.000
711.000	217.000
712.000	205.000
713.000	204.000
714.000	234.000
715.000	211.000
716.000	208.000
717.000	220.000
718.000	205.000
719.000	206.000
720.000	202.000
721.000	228.000
722.000	226.000
723.000	203.000
724.000	215.000
725.000	250.000
726.000	217.000
727.000	221.000
728.000	241.000
729.000	195.000
730.000	249.000
731.000	248.000
732.000	251.000
733.000	218.000
734.000	220.000
735.000	241.000
736.000	209.000
737.000	212.000
738.000	208.000
739.000	225.000
740.000	264.000
741.000	226.000
742.000	236.000
743.000	217.000
744.000	244.000
745.000	203.000
746.000	242.000
747.000	215.000
748.000	238.000
749.000	252.000
750.000	241.000
751.000	225.000
752.000	235.000
753.000	212.000
754.000	218.000
755.000	238.000
756.000	240.000
757.000	225.000
758.000	224.000
759.000	225.000
760.000	229.000
761.000	244.000
762.000	266.000
763.000	218.000
764.000	256.000
765.000	244.000
766.000	229.000
767.000	237.000
768.000	257.000
769.000	228.000
770.000	270.000
771.000	256.000
772.000	263.000
773.000	297.000
774.000	252.000
775.000	261.000
776.000	280.000
777.000	251.000
778.000	309.000
779.000	264.000
780.000	269.000
781.000	252.000
782.000	255.000
783.000	248.000
784.000	261.000
785.000	273.000
786.000	275.000
787.000	259.000
788.000	256.000
789.000	245.000
790.000	270.000
791.000	245.000
792.000	259.000
793.000	280.000
794.000	262.000
795.000	249.000
796.000	262.000
797.000	263.000
798.000	259.000
799.000	242.000
800.000	227.000
801.000	275.000
802.000	260.000
803.000	270.000
804.000	266.000
805.000	272.000
806.000	275.000
807.000	289.000
808.000	262.000
809.000	279.000
810.000	282.000
811.000	268.000
812.000	277.000
813.000	275.000
814.000	265.000
815.000	275.000
816.000	260.000
817.000	253.000
818.000	296.000
819.000	277.000
820.000	307.000
821.000	306.000
822.000	275.000
823.000	324.000
824.000	256.000
825.000	287.000
826.000	257.000
827.000	301.000
828.000	321.000
829.000	326.000
830.000	283.000
831.000	285.000
832.000	286.000
833.000	313.000
834.000	300.000
835.000	294.000
836.000	270.000
837.000	324.000
838.000	302.000
839.000	324.000
840.000	288.000
841.000	300.000
842.000	298.000
843.000	266.000
844.000	278.000
845.000	312.000
846.000	276.000
847.000	285.000
848.000	320.000
849.000	314.000
850.000	309.000
851.000	318.000
852.000	338.000
853.000	348.000
854.000	314.000
855.000	345.000
856.000	357.000
857.000	329.000
858.000	349.000
859.000	316.000
860.000	324.000
861.000	350.000
862.000	370.000
863.000	396.000
864.000	414.000
865.000	346.000
866.000	448.000
867.000	413.000
868.000	409.000
869.000	412.000
870.000	487.000
871.000	477.000
872.000	519.000
873.000	468.000
874.000	506.000
875.000	581.000
876.000	528.000
877.000	529.000
878.000	557.000
879.000	577.000
880.000	597.000
881.000	671.000
882.000	661.000
883.000	704.000
884.000	762.000
885.000	799.000
886.000	886.000
887.000	964.000
888.000	1026.000
889.000	1058.000
890.000	1053.000
891.000	1123.000
892.000	1247.000
893.000	1302.000
894.000	1315.000
895.000	1384.000
896.000	1362.000
897.000	1472.000
898.000	1493.000
899.000	1435.000
900.000	1471.000
901.000	1506.000
902.000	1451.000
903.000	1420.000
904.000	1346.000
905.000	1370.000
906.000	1371.000
907.000	1266.000
908.000	1231.000
909.000	1254.000
910.000	1143.000
911.000	1096.000
912.000	1050.000
913.000	993.000
914.000	933.000
915.000	854.000
916.000	825.000
917.000	757.000
918.000	704.000
919.000	652.000
920.000	630.000
921.000	583.000
922.000	619.000
923.000	506.000
924.000	523.000
925.000	465.000
926.000	445.000
927.000	409.000
928.000	439.000
929.000	404.000
930.000	380.000
931.000	369.000
932.000	385.000
933.000	389.000
934.000	361.000
935.000	362.000
936.000	382.000
937.000	369.000
938.000	381.000
939.000	381.000
940.000	381.000
941.000	390.000
942.000	446.000
943.000	427.000
944.000	454.000
945.000	509.000
946.000	538.000
947.000	600.000
948.000	697.000
949.000	698.000
950.000	763.000
951.000	716.000
952.000	798.000
953.000	779.000
954.000	775.000
955.000	787.000
956.000	731.000
957.000	741.000
958.000	602.000
959.000	604.000
960.000	524.000
961.000	522.000
962.000	420.000
963.000	380.000
964.000	375.000
965.000	307.000
966.000	314.000
967.000	293.000
968.000	311.000
969.000	293.000
970.000	310.000
971.000	292.000
972.000	289.000
973.000	278.000
974.000	286.000
975.000	260.000
976.000	273.000
977.000	289.000
978.000	291.000
979.000	286.000
980.000	316.000
981.000	323.000
982.000	315.000
983.000	314.000
984.000	292.000
985.000	317.000
986.000	298.000
987.000	349.000
988.000	349.000
989.000	336.000
990.000	358.000
991.000	399.000
992.000	393.000
993.000	386.000
994.000	379.000
995.000	437.000
996.000	385.000
997.000	428.000
998.000	439.000
999.000	442.000
1000.000	411.000
1001.000	424.000
1002.000	427.000
1003.000	424.000
1004.000	460.000
1005.000	447.000
1006.000	444.000
1007.000	437.000
1008.000	436.000
1009.000	434.000
1010.000	434.000
1011.000	428.000
1012.000	400.000
1013.000	391.000
1014.000	384.000
1015.000	366.000
1016.000	349.000
1017.000	366.000
1018.000	316.000
1019.000	345.000
1020.000	302.000
1021.000	316.000
1022.000	303.000
1023.000	292.000
1024.000	263.000
