Date:	8/19/2008		Time:	9:06 AM		Version no:	0.00		Project name:	55		Sample name:	222		Section name:	section		Position	330.039995	mm	E0	0.000000	keV	E1	1.000000	keV/channel	sample surface	7.542357	cm	Tube anode:	Mo		Tube voltage:	30	kV	Tube current:	50	mA	gain	20		std. database			resultfile	result		matrix element	11		sample thickness	1.000000		air passage	0.560000	cm	comments	not in position		peaking_time	3.000000	m-sec	trigger_threshold	1229.166667	V	mca_bin_width	22.090000	no:	number_mca_channels	1024.000000	no:	gap_time	0.400000	m-sec	trigger_peaking_time	0.150000	m-sec	GAINDAC	9455		HIGHGAIN	1		TAURC	0		RCTAU	53		RCTAUFRAC	32768		livetime	9.719844	seconds	runtime	10.000502	seconds	input_count_rate	27.222865	cps	output_count_rate	20.974746	cps	triggers	264602	seconds	events_in_run	209758	seconds	channel	content		1.000	0.000
2.000	0.000
3.000	0.000
4.000	0.000
5.000	0.000
6.000	0.000
7.000	0.000
8.000	0.000
9.000	0.000
10.000	0.000
11.000	0.000
12.000	0.000
13.000	0.000
14.000	0.000
15.000	0.000
16.000	0.000
17.000	0.000
18.000	0.000
19.000	0.000
20.000	0.000
21.000	0.000
22.000	0.000
23.000	0.000
24.000	0.000
25.000	0.000
26.000	0.000
27.000	0.000
28.000	0.000
29.000	0.000
30.000	0.000
31.000	0.000
32.000	2.000
33.000	0.000
34.000	0.000
35.000	3.000
36.000	1.000
37.000	2.000
38.000	2.000
39.000	4.000
40.000	2.000
41.000	0.000
42.000	4.000
43.000	8.000
44.000	3.000
45.000	6.000
46.000	9.000
47.000	8.000
48.000	4.000
49.000	5.000
50.000	5.000
51.000	6.000
52.000	7.000
53.000	8.000
54.000	8.000
55.000	5.000
56.000	8.000
57.000	14.000
58.000	8.000
59.000	10.000
60.000	4.000
61.000	10.000
62.000	6.000
63.000	5.000
64.000	6.000
65.000	8.000
66.000	13.000
67.000	7.000
68.000	11.000
69.000	5.000
70.000	3.000
71.000	8.000
72.000	9.000
73.000	7.000
74.000	9.000
75.000	10.000
76.000	11.000
77.000	13.000
78.000	9.000
79.000	10.000
80.000	10.000
81.000	12.000
82.000	11.000
83.000	12.000
84.000	8.000
85.000	15.000
86.000	7.000
87.000	7.000
88.000	9.000
89.000	5.000
90.000	6.000
91.000	6.000
92.000	7.000
93.000	8.000
94.000	6.000
95.000	6.000
96.000	6.000
97.000	8.000
98.000	8.000
99.000	8.000
100.000	6.000
101.000	10.000
102.000	6.000
103.000	8.000
104.000	7.000
105.000	2.000
106.000	4.000
107.000	2.000
108.000	7.000
109.000	5.000
110.000	8.000
111.000	5.000
112.000	2.000
113.000	6.000
114.000	7.000
115.000	11.000
116.000	10.000
117.000	6.000
118.000	5.000
119.000	10.000
120.000	6.000
121.000	8.000
122.000	9.000
123.000	5.000
124.000	9.000
125.000	8.000
126.000	8.000
127.000	10.000
128.000	8.000
129.000	9.000
130.000	14.000
131.000	10.000
132.000	4.000
133.000	6.000
134.000	8.000
135.000	5.000
136.000	6.000
137.000	6.000
138.000	6.000
139.000	5.000
140.000	5.000
141.000	4.000
142.000	5.000
143.000	3.000
144.000	0.000
145.000	5.000
146.000	7.000
147.000	3.000
148.000	3.000
149.000	4.000
150.000	4.000
151.000	6.000
152.000	5.000
153.000	2.000
154.000	8.000
155.000	6.000
156.000	4.000
157.000	6.000
158.000	3.000
159.000	11.000
160.000	9.000
161.000	12.000
162.000	10.000
163.000	12.000
164.000	16.000
165.000	8.000
166.000	3.000
167.000	7.000
168.000	5.000
169.000	4.000
170.000	5.000
171.000	4.000
172.000	5.000
173.000	3.000
174.000	4.000
175.000	3.000
176.000	5.000
177.000	2.000
178.000	7.000
179.000	8.000
180.000	7.000
181.000	10.000
182.000	14.000
183.000	7.000
184.000	9.000
185.000	6.000
186.000	10.000
187.000	2.000
188.000	4.000
189.000	3.000
190.000	2.000
191.000	4.000
192.000	6.000
193.000	4.000
194.000	3.000
195.000	8.000
196.000	8.000
197.000	5.000
198.000	13.000
199.000	17.000
200.000	21.000
201.000	20.000
202.000	27.000
203.000	23.000
204.000	25.000
205.000	15.000
206.000	13.000
207.000	8.000
208.000	6.000
209.000	4.000
210.000	5.000
211.000	0.000
212.000	5.000
213.000	2.000
214.000	4.000
215.000	2.000
216.000	5.000
217.000	2.000
218.000	9.000
219.000	13.000
220.000	2.000
221.000	1.000
222.000	2.000
223.000	4.000
224.000	1.000
225.000	5.000
226.000	4.000
227.000	4.000
228.000	3.000
229.000	2.000
230.000	4.000
231.000	4.000
232.000	2.000
233.000	2.000
234.000	7.000
235.000	3.000
236.000	1.000
237.000	3.000
238.000	2.000
239.000	3.000
240.000	6.000
241.000	3.000
242.000	9.000
243.000	3.000
244.000	8.000
245.000	11.000
246.000	9.000
247.000	11.000
248.000	11.000
249.000	10.000
250.000	9.000
251.000	4.000
252.000	4.000
253.000	3.000
254.000	4.000
255.000	10.000
256.000	6.000
257.000	8.000
258.000	9.000
259.000	7.000
260.000	12.000
261.000	3.000
262.000	6.000
263.000	3.000
264.000	2.000
265.000	6.000
266.000	2.000
267.000	4.000
268.000	4.000
269.000	6.000
270.000	9.000
271.000	8.000
272.000	4.000
273.000	5.000
274.000	2.000
275.000	7.000
276.000	5.000
277.000	5.000
278.000	5.000
279.000	7.000
280.000	4.000
281.000	4.000
282.000	8.000
283.000	4.000
284.000	3.000
285.000	7.000
286.000	10.000
287.000	9.000
288.000	7.000
289.000	10.000
290.000	9.000
291.000	9.000
292.000	7.000
293.000	3.000
294.000	8.000
295.000	17.000
296.000	7.000
297.000	8.000
298.000	6.000
299.000	10.000
300.000	6.000
301.000	3.000
302.000	4.000
303.000	5.000
304.000	10.000
305.000	6.000
306.000	6.000
307.000	10.000
308.000	7.000
309.000	4.000
310.000	11.000
311.000	8.000
312.000	8.000
313.000	11.000
314.000	5.000
315.000	2.000
316.000	11.000
317.000	17.000
318.000	25.000
319.000	31.000
320.000	51.000
321.000	39.000
322.000	56.000
323.000	59.000
324.000	44.000
325.000	46.000
326.000	55.000
327.000	34.000
328.000	28.000
329.000	18.000
330.000	19.000
331.000	14.000
332.000	8.000
333.000	10.000
334.000	7.000
335.000	14.000
336.000	9.000
337.000	10.000
338.000	13.000
339.000	15.000
340.000	28.000
341.000	32.000
342.000	56.000
343.000	86.000
344.000	138.000
345.000	226.000
346.000	320.000
347.000	421.000
348.000	594.000
349.000	719.000
350.000	711.000
351.000	718.000
352.000	701.000
353.000	576.000
354.000	484.000
355.000	369.000
356.000	261.000
357.000	154.000
358.000	103.000
359.000	66.000
360.000	40.000
361.000	23.000
362.000	21.000
363.000	20.000
364.000	13.000
365.000	20.000
366.000	16.000
367.000	19.000
368.000	16.000
369.000	19.000
370.000	15.000
371.000	11.000
372.000	19.000
373.000	15.000
374.000	19.000
375.000	14.000
376.000	19.000
377.000	16.000
378.000	35.000
379.000	33.000
380.000	53.000
381.000	66.000
382.000	92.000
383.000	109.000
384.000	130.000
385.000	121.000
386.000	145.000
387.000	149.000
388.000	133.000
389.000	119.000
390.000	107.000
391.000	70.000
392.000	54.000
393.000	48.000
394.000	29.000
395.000	31.000
396.000	28.000
397.000	24.000
398.000	19.000
399.000	24.000
400.000	17.000
401.000	21.000
402.000	20.000
403.000	24.000
404.000	13.000
405.000	30.000
406.000	29.000
407.000	23.000
408.000	20.000
409.000	29.000
410.000	20.000
411.000	23.000
412.000	28.000
413.000	21.000
414.000	17.000
415.000	21.000
416.000	36.000
417.000	23.000
418.000	18.000
419.000	31.000
420.000	28.000
421.000	20.000
422.000	24.000
423.000	18.000
424.000	30.000
425.000	31.000
426.000	20.000
427.000	27.000
428.000	33.000
429.000	26.000
430.000	22.000
431.000	27.000
432.000	37.000
433.000	32.000
434.000	38.000
435.000	41.000
436.000	30.000
437.000	39.000
438.000	37.000
439.000	37.000
440.000	34.000
441.000	44.000
442.000	32.000
443.000	39.000
444.000	35.000
445.000	26.000
446.000	40.000
447.000	37.000
448.000	37.000
449.000	41.000
450.000	38.000
451.000	37.000
452.000	42.000
453.000	42.000
454.000	43.000
455.000	37.000
456.000	50.000
457.000	44.000
458.000	48.000
459.000	41.000
460.000	38.000
461.000	47.000
462.000	35.000
463.000	48.000
464.000	62.000
465.000	46.000
466.000	42.000
467.000	43.000
468.000	53.000
469.000	60.000
470.000	43.000
471.000	56.000
472.000	50.000
473.000	54.000
474.000	54.000
475.000	40.000
476.000	54.000
477.000	52.000
478.000	64.000
479.000	40.000
480.000	45.000
481.000	56.000
482.000	50.000
483.000	54.000
484.000	65.000
485.000	57.000
486.000	58.000
487.000	44.000
488.000	42.000
489.000	56.000
490.000	54.000
491.000	43.000
492.000	53.000
493.000	50.000
494.000	63.000
495.000	61.000
496.000	58.000
497.000	57.000
498.000	61.000
499.000	65.000
500.000	79.000
501.000	72.000
502.000	62.000
503.000	55.000
504.000	61.000
505.000	75.000
506.000	61.000
507.000	66.000
508.000	59.000
509.000	74.000
510.000	67.000
511.000	72.000
512.000	92.000
513.000	75.000
514.000	75.000
515.000	76.000
516.000	88.000
517.000	85.000
518.000	59.000
519.000	85.000
520.000	70.000
521.000	72.000
522.000	67.000
523.000	79.000
524.000	82.000
525.000	90.000
526.000	68.000
527.000	100.000
528.000	88.000
529.000	101.000
530.000	79.000
531.000	98.000
532.000	78.000
533.000	88.000
534.000	101.000
535.000	87.000
536.000	94.000
537.000	93.000
538.000	92.000
539.000	94.000
540.000	77.000
541.000	103.000
542.000	82.000
543.000	105.000
544.000	106.000
545.000	79.000
546.000	93.000
547.000	91.000
548.000	94.000
549.000	99.000
550.000	91.000
551.000	94.000
552.000	117.000
553.000	104.000
554.000	96.000
555.000	100.000
556.000	96.000
557.000	101.000
558.000	95.000
559.000	116.000
560.000	117.000
561.000	106.000
562.000	104.000
563.000	102.000
564.000	104.000
565.000	109.000
566.000	102.000
567.000	103.000
568.000	101.000
569.000	99.000
570.000	117.000
571.000	105.000
572.000	109.000
573.000	117.000
574.000	114.000
575.000	110.000
576.000	131.000
577.000	119.000
578.000	132.000
579.000	102.000
580.000	117.000
581.000	131.000
582.000	128.000
583.000	128.000
584.000	118.000
585.000	124.000
586.000	135.000
587.000	113.000
588.000	123.000
589.000	121.000
590.000	122.000
591.000	133.000
592.000	142.000
593.000	121.000
594.000	127.000
595.000	138.000
596.000	134.000
597.000	140.000
598.000	123.000
599.000	129.000
600.000	138.000
601.000	130.000
602.000	130.000
603.000	133.000
604.000	128.000
605.000	127.000
606.000	135.000
607.000	117.000
608.000	147.000
609.000	148.000
610.000	117.000
611.000	129.000
612.000	144.000
613.000	169.000
614.000	153.000
615.000	158.000
616.000	130.000
617.000	131.000
618.000	149.000
619.000	148.000
620.000	154.000
621.000	158.000
622.000	168.000
623.000	157.000
624.000	148.000
625.000	128.000
626.000	137.000
627.000	118.000
628.000	145.000
629.000	153.000
630.000	157.000
631.000	144.000
632.000	161.000
633.000	152.000
634.000	156.000
635.000	144.000
636.000	159.000
637.000	168.000
638.000	158.000
639.000	149.000
640.000	181.000
641.000	157.000
642.000	163.000
643.000	180.000
644.000	174.000
645.000	187.000
646.000	183.000
647.000	173.000
648.000	184.000
649.000	195.000
650.000	189.000
651.000	183.000
652.000	152.000
653.000	188.000
654.000	192.000
655.000	176.000
656.000	159.000
657.000	195.000
658.000	186.000
659.000	174.000
660.000	167.000
661.000	174.000
662.000	200.000
663.000	173.000
664.000	205.000
665.000	178.000
666.000	186.000
667.000	165.000
668.000	184.000
669.000	166.000
670.000	177.000
671.000	202.000
672.000	170.000
673.000	178.000
674.000	165.000
675.000	197.000
676.000	178.000
677.000	186.000
678.000	196.000
679.000	180.000
680.000	188.000
681.000	189.000
682.000	198.000
683.000	183.000
684.000	177.000
685.000	207.000
686.000	186.000
687.000	206.000
688.000	191.000
689.000	205.000
690.000	200.000
691.000	204.000
692.000	189.000
693.000	210.000
694.000	202.000
695.000	214.000
696.000	178.000
697.000	211.000
698.000	228.000
699.000	218.000
700.000	191.000
701.000	232.000
702.000	207.000
703.000	197.000
704.000	211.000
705.000	188.000
706.000	219.000
707.000	240.000
708.000	229.000
709.000	193.000
710.000	216.000
711.000	213.000
712.000	231.000
713.000	238.000
714.000	215.000
715.000	205.000
716.000	190.000
717.000	201.000
718.000	228.000
719.000	211.000
720.000	223.000
721.000	246.000
722.000	205.000
723.000	206.000
724.000	227.000
725.000	246.000
726.000	231.000
727.000	215.000
728.000	248.000
729.000	234.000
730.000	235.000
731.000	229.000
732.000	222.000
733.000	231.000
734.000	232.000
735.000	227.000
736.000	239.000
737.000	247.000
738.000	256.000
739.000	230.000
740.000	252.000
741.000	215.000
742.000	202.000
743.000	223.000
744.000	246.000
745.000	261.000
746.000	201.000
747.000	249.000
748.000	216.000
749.000	246.000
750.000	249.000
751.000	235.000
752.000	256.000
753.000	236.000
754.000	237.000
755.000	243.000
756.000	229.000
757.000	261.000
758.000	261.000
759.000	215.000
760.000	262.000
761.000	243.000
762.000	257.000
763.000	255.000
764.000	255.000
765.000	246.000
766.000	250.000
767.000	254.000
768.000	241.000
769.000	278.000
770.000	259.000
771.000	270.000
772.000	283.000
773.000	286.000
774.000	264.000
775.000	274.000
776.000	279.000
777.000	284.000
778.000	271.000
779.000	284.000
780.000	282.000
781.000	272.000
782.000	284.000
783.000	235.000
784.000	250.000
785.000	237.000
786.000	257.000
787.000	260.000
788.000	250.000
789.000	235.000
790.000	263.000
791.000	268.000
792.000	267.000
793.000	258.000
794.000	268.000
795.000	274.000
796.000	269.000
797.000	262.000
798.000	260.000
799.000	281.000
800.000	287.000
801.000	256.000
802.000	277.000
803.000	257.000
804.000	274.000
805.000	273.000
806.000	281.000
807.000	272.000
808.000	270.000
809.000	253.000
810.000	277.000
811.000	271.000
812.000	283.000
813.000	280.000
814.000	288.000
815.000	281.000
816.000	267.000
817.000	264.000
818.000	288.000
819.000	287.000
820.000	290.000
821.000	258.000
822.000	254.000
823.000	246.000
824.000	292.000
825.000	271.000
826.000	273.000
827.000	243.000
828.000	268.000
829.000	310.000
830.000	296.000
831.000	298.000
832.000	299.000
833.000	308.000
834.000	284.000
835.000	292.000
836.000	287.000
837.000	293.000
838.000	271.000
839.000	298.000
840.000	322.000
841.000	289.000
842.000	317.000
843.000	301.000
844.000	292.000
845.000	286.000
846.000	317.000
847.000	324.000
848.000	290.000
849.000	307.000
850.000	311.000
851.000	322.000
852.000	289.000
853.000	340.000
854.000	331.000
855.000	301.000
856.000	319.000
857.000	310.000
858.000	341.000
859.000	360.000
860.000	380.000
861.000	342.000
862.000	365.000
863.000	329.000
864.000	356.000
865.000	403.000
866.000	351.000
867.000	389.000
868.000	396.000
869.000	444.000
870.000	391.000
871.000	404.000
872.000	440.000
873.000	462.000
874.000	489.000
875.000	485.000
876.000	488.000
877.000	518.000
878.000	555.000
879.000	611.000
880.000	645.000
881.000	682.000
882.000	634.000
883.000	711.000
884.000	801.000
885.000	779.000
886.000	893.000
887.000	910.000
888.000	963.000
889.000	994.000
890.000	1068.000
891.000	1183.000
892.000	1131.000
893.000	1265.000
894.000	1289.000
895.000	1281.000
896.000	1335.000
897.000	1371.000
898.000	1479.000
899.000	1409.000
900.000	1380.000
901.000	1405.000
902.000	1428.000
903.000	1416.000
904.000	1363.000
905.000	1382.000
906.000	1322.000
907.000	1206.000
908.000	1208.000
909.000	1158.000
910.000	1082.000
911.000	1030.000
912.000	975.000
913.000	946.000
914.000	886.000
915.000	804.000
916.000	780.000
917.000	769.000
918.000	686.000
919.000	644.000
920.000	623.000
921.000	603.000
922.000	558.000
923.000	503.000
924.000	498.000
925.000	477.000
926.000	469.000
927.000	405.000
928.000	398.000
929.000	396.000
930.000	395.000
931.000	338.000
932.000	347.000
933.000	300.000
934.000	350.000
935.000	340.000
936.000	344.000
937.000	343.000
938.000	339.000
939.000	319.000
940.000	351.000
941.000	385.000
942.000	360.000
943.000	418.000
944.000	445.000
945.000	505.000
946.000	525.000
947.000	569.000
948.000	615.000
949.000	639.000
950.000	706.000
951.000	785.000
952.000	752.000
953.000	766.000
954.000	773.000
955.000	745.000
956.000	690.000
957.000	679.000
958.000	595.000
959.000	601.000
960.000	490.000
961.000	463.000
962.000	391.000
963.000	370.000
964.000	335.000
965.000	297.000
966.000	292.000
967.000	259.000
968.000	281.000
969.000	294.000
970.000	281.000
971.000	257.000
972.000	274.000
973.000	316.000
974.000	249.000
975.000	276.000
976.000	287.000
977.000	272.000
978.000	255.000
979.000	280.000
980.000	292.000
981.000	318.000
982.000	303.000
983.000	323.000
984.000	319.000
985.000	290.000
986.000	314.000
987.000	334.000
988.000	371.000
989.000	348.000
990.000	346.000
991.000	328.000
992.000	365.000
993.000	354.000
994.000	360.000
995.000	380.000
996.000	406.000
997.000	426.000
998.000	410.000
999.000	389.000
1000.000	396.000
1001.000	401.000
1002.000	403.000
1003.000	462.000
1004.000	441.000
1005.000	434.000
1006.000	441.000
1007.000	419.000
1008.000	397.000
1009.000	397.000
1010.000	411.000
1011.000	376.000
1012.000	396.000
1013.000	403.000
1014.000	347.000
1015.000	341.000
1016.000	363.000
1017.000	331.000
1018.000	330.000
1019.000	323.000
1020.000	295.000
1021.000	296.000
1022.000	273.000
1023.000	275.000
1024.000	239.000
