Date:	8/19/2008		Time:	9:55 AM		Version no:	0.00		Project name:	55		Sample name:	222		Section name:	section		Position	850.039995	mm	E0	0.000000	keV	E1	1.000000	keV/channel	sample surface	7.779843	cm	Tube anode:	Mo		Tube voltage:	30	kV	Tube current:	50	mA	gain	20		std. database			resultfile	result		matrix element	11		sample thickness	1.000000		air passage	0.560000	cm	comments	not in position		peaking_time	3.000000	m-sec	trigger_threshold	1229.166667	V	mca_bin_width	22.090000	no:	number_mca_channels	1024.000000	no:	gap_time	0.400000	m-sec	trigger_peaking_time	0.150000	m-sec	GAINDAC	9455		HIGHGAIN	1		TAURC	0		RCTAU	53		RCTAUFRAC	32768		livetime	9.708650	seconds	runtime	10.000502	seconds	input_count_rate	28.260674	cps	output_count_rate	21.570116	cps	triggers	274373	seconds	events_in_run	215712	seconds	channel	content		1.000	0.000
2.000	0.000
3.000	0.000
4.000	0.000
5.000	0.000
6.000	0.000
7.000	0.000
8.000	0.000
9.000	0.000
10.000	0.000
11.000	0.000
12.000	0.000
13.000	0.000
14.000	0.000
15.000	0.000
16.000	0.000
17.000	0.000
18.000	0.000
19.000	0.000
20.000	0.000
21.000	0.000
22.000	0.000
23.000	0.000
24.000	0.000
25.000	0.000
26.000	0.000
27.000	0.000
28.000	0.000
29.000	0.000
30.000	0.000
31.000	0.000
32.000	1.000
33.000	0.000
34.000	0.000
35.000	3.000
36.000	2.000
37.000	0.000
38.000	2.000
39.000	0.000
40.000	3.000
41.000	8.000
42.000	9.000
43.000	2.000
44.000	2.000
45.000	9.000
46.000	8.000
47.000	8.000
48.000	10.000
49.000	8.000
50.000	4.000
51.000	8.000
52.000	12.000
53.000	10.000
54.000	11.000
55.000	9.000
56.000	6.000
57.000	13.000
58.000	9.000
59.000	6.000
60.000	8.000
61.000	10.000
62.000	8.000
63.000	9.000
64.000	15.000
65.000	6.000
66.000	6.000
67.000	10.000
68.000	7.000
69.000	16.000
70.000	10.000
71.000	14.000
72.000	16.000
73.000	12.000
74.000	7.000
75.000	7.000
76.000	14.000
77.000	8.000
78.000	11.000
79.000	7.000
80.000	7.000
81.000	8.000
82.000	12.000
83.000	12.000
84.000	7.000
85.000	6.000
86.000	9.000
87.000	9.000
88.000	10.000
89.000	3.000
90.000	5.000
91.000	4.000
92.000	6.000
93.000	8.000
94.000	4.000
95.000	8.000
96.000	14.000
97.000	6.000
98.000	8.000
99.000	10.000
100.000	9.000
101.000	8.000
102.000	4.000
103.000	7.000
104.000	9.000
105.000	8.000
106.000	11.000
107.000	10.000
108.000	12.000
109.000	5.000
110.000	5.000
111.000	7.000
112.000	6.000
113.000	6.000
114.000	4.000
115.000	3.000
116.000	6.000
117.000	5.000
118.000	6.000
119.000	6.000
120.000	7.000
121.000	3.000
122.000	9.000
123.000	5.000
124.000	9.000
125.000	9.000
126.000	9.000
127.000	7.000
128.000	5.000
129.000	6.000
130.000	5.000
131.000	5.000
132.000	7.000
133.000	8.000
134.000	5.000
135.000	8.000
136.000	9.000
137.000	5.000
138.000	3.000
139.000	7.000
140.000	5.000
141.000	4.000
142.000	4.000
143.000	7.000
144.000	8.000
145.000	5.000
146.000	7.000
147.000	3.000
148.000	5.000
149.000	2.000
150.000	5.000
151.000	5.000
152.000	5.000
153.000	5.000
154.000	6.000
155.000	7.000
156.000	4.000
157.000	3.000
158.000	3.000
159.000	5.000
160.000	10.000
161.000	7.000
162.000	12.000
163.000	7.000
164.000	7.000
165.000	8.000
166.000	1.000
167.000	9.000
168.000	5.000
169.000	5.000
170.000	4.000
171.000	3.000
172.000	4.000
173.000	1.000
174.000	10.000
175.000	3.000
176.000	5.000
177.000	9.000
178.000	11.000
179.000	5.000
180.000	9.000
181.000	13.000
182.000	7.000
183.000	8.000
184.000	15.000
185.000	8.000
186.000	7.000
187.000	5.000
188.000	2.000
189.000	0.000
190.000	5.000
191.000	2.000
192.000	6.000
193.000	6.000
194.000	4.000
195.000	2.000
196.000	5.000
197.000	8.000
198.000	8.000
199.000	12.000
200.000	19.000
201.000	28.000
202.000	32.000
203.000	40.000
204.000	24.000
205.000	17.000
206.000	14.000
207.000	22.000
208.000	8.000
209.000	7.000
210.000	3.000
211.000	3.000
212.000	0.000
213.000	2.000
214.000	2.000
215.000	4.000
216.000	3.000
217.000	14.000
218.000	4.000
219.000	5.000
220.000	9.000
221.000	10.000
222.000	7.000
223.000	4.000
224.000	3.000
225.000	5.000
226.000	4.000
227.000	3.000
228.000	4.000
229.000	5.000
230.000	5.000
231.000	2.000
232.000	2.000
233.000	2.000
234.000	7.000
235.000	4.000
236.000	0.000
237.000	4.000
238.000	4.000
239.000	1.000
240.000	1.000
241.000	6.000
242.000	9.000
243.000	12.000
244.000	7.000
245.000	13.000
246.000	16.000
247.000	12.000
248.000	13.000
249.000	11.000
250.000	13.000
251.000	12.000
252.000	9.000
253.000	13.000
254.000	10.000
255.000	9.000
256.000	8.000
257.000	9.000
258.000	9.000
259.000	9.000
260.000	3.000
261.000	7.000
262.000	7.000
263.000	6.000
264.000	2.000
265.000	8.000
266.000	3.000
267.000	7.000
268.000	5.000
269.000	5.000
270.000	9.000
271.000	11.000
272.000	16.000
273.000	5.000
274.000	7.000
275.000	6.000
276.000	7.000
277.000	6.000
278.000	6.000
279.000	6.000
280.000	11.000
281.000	4.000
282.000	3.000
283.000	5.000
284.000	3.000
285.000	5.000
286.000	8.000
287.000	11.000
288.000	7.000
289.000	3.000
290.000	8.000
291.000	12.000
292.000	10.000
293.000	15.000
294.000	4.000
295.000	6.000
296.000	8.000
297.000	6.000
298.000	7.000
299.000	11.000
300.000	11.000
301.000	8.000
302.000	8.000
303.000	13.000
304.000	5.000
305.000	6.000
306.000	9.000
307.000	6.000
308.000	6.000
309.000	3.000
310.000	5.000
311.000	12.000
312.000	11.000
313.000	4.000
314.000	9.000
315.000	12.000
316.000	17.000
317.000	13.000
318.000	26.000
319.000	20.000
320.000	36.000
321.000	56.000
322.000	61.000
323.000	60.000
324.000	68.000
325.000	36.000
326.000	36.000
327.000	37.000
328.000	28.000
329.000	26.000
330.000	14.000
331.000	12.000
332.000	10.000
333.000	15.000
334.000	15.000
335.000	10.000
336.000	16.000
337.000	12.000
338.000	12.000
339.000	19.000
340.000	17.000
341.000	37.000
342.000	52.000
343.000	100.000
344.000	147.000
345.000	246.000
346.000	398.000
347.000	482.000
348.000	651.000
349.000	810.000
350.000	904.000
351.000	879.000
352.000	811.000
353.000	700.000
354.000	588.000
355.000	420.000
356.000	317.000
357.000	168.000
358.000	112.000
359.000	67.000
360.000	33.000
361.000	33.000
362.000	24.000
363.000	17.000
364.000	22.000
365.000	20.000
366.000	12.000
367.000	18.000
368.000	15.000
369.000	17.000
370.000	15.000
371.000	18.000
372.000	22.000
373.000	33.000
374.000	27.000
375.000	16.000
376.000	34.000
377.000	24.000
378.000	30.000
379.000	37.000
380.000	63.000
381.000	88.000
382.000	78.000
383.000	103.000
384.000	147.000
385.000	179.000
386.000	160.000
387.000	158.000
388.000	171.000
389.000	127.000
390.000	128.000
391.000	99.000
392.000	61.000
393.000	36.000
394.000	42.000
395.000	34.000
396.000	27.000
397.000	30.000
398.000	17.000
399.000	34.000
400.000	20.000
401.000	20.000
402.000	26.000
403.000	24.000
404.000	27.000
405.000	22.000
406.000	21.000
407.000	38.000
408.000	31.000
409.000	43.000
410.000	28.000
411.000	21.000
412.000	20.000
413.000	35.000
414.000	27.000
415.000	28.000
416.000	27.000
417.000	26.000
418.000	26.000
419.000	33.000
420.000	31.000
421.000	30.000
422.000	31.000
423.000	30.000
424.000	38.000
425.000	34.000
426.000	43.000
427.000	19.000
428.000	26.000
429.000	28.000
430.000	39.000
431.000	33.000
432.000	37.000
433.000	43.000
434.000	38.000
435.000	33.000
436.000	38.000
437.000	43.000
438.000	30.000
439.000	41.000
440.000	40.000
441.000	46.000
442.000	43.000
443.000	47.000
444.000	51.000
445.000	37.000
446.000	46.000
447.000	50.000
448.000	51.000
449.000	35.000
450.000	31.000
451.000	47.000
452.000	46.000
453.000	43.000
454.000	54.000
455.000	48.000
456.000	56.000
457.000	55.000
458.000	45.000
459.000	51.000
460.000	52.000
461.000	60.000
462.000	56.000
463.000	49.000
464.000	52.000
465.000	50.000
466.000	65.000
467.000	54.000
468.000	54.000
469.000	71.000
470.000	57.000
471.000	56.000
472.000	72.000
473.000	59.000
474.000	57.000
475.000	62.000
476.000	53.000
477.000	68.000
478.000	67.000
479.000	55.000
480.000	55.000
481.000	57.000
482.000	58.000
483.000	56.000
484.000	65.000
485.000	61.000
486.000	59.000
487.000	58.000
488.000	58.000
489.000	91.000
490.000	61.000
491.000	71.000
492.000	73.000
493.000	70.000
494.000	61.000
495.000	70.000
496.000	51.000
497.000	68.000
498.000	74.000
499.000	70.000
500.000	69.000
501.000	75.000
502.000	78.000
503.000	68.000
504.000	73.000
505.000	81.000
506.000	82.000
507.000	54.000
508.000	84.000
509.000	77.000
510.000	79.000
511.000	80.000
512.000	91.000
513.000	88.000
514.000	89.000
515.000	72.000
516.000	89.000
517.000	84.000
518.000	89.000
519.000	89.000
520.000	94.000
521.000	86.000
522.000	89.000
523.000	111.000
524.000	90.000
525.000	116.000
526.000	96.000
527.000	103.000
528.000	93.000
529.000	90.000
530.000	101.000
531.000	94.000
532.000	98.000
533.000	85.000
534.000	110.000
535.000	93.000
536.000	91.000
537.000	93.000
538.000	94.000
539.000	97.000
540.000	103.000
541.000	83.000
542.000	117.000
543.000	104.000
544.000	111.000
545.000	115.000
546.000	114.000
547.000	97.000
548.000	108.000
549.000	101.000
550.000	103.000
551.000	105.000
552.000	103.000
553.000	105.000
554.000	96.000
555.000	105.000
556.000	112.000
557.000	116.000
558.000	94.000
559.000	105.000
560.000	88.000
561.000	116.000
562.000	117.000
563.000	110.000
564.000	103.000
565.000	123.000
566.000	114.000
567.000	107.000
568.000	123.000
569.000	109.000
570.000	113.000
571.000	110.000
572.000	113.000
573.000	150.000
574.000	117.000
575.000	147.000
576.000	120.000
577.000	120.000
578.000	152.000
579.000	120.000
580.000	125.000
581.000	118.000
582.000	106.000
583.000	125.000
584.000	138.000
585.000	138.000
586.000	141.000
587.000	132.000
588.000	125.000
589.000	142.000
590.000	132.000
591.000	143.000
592.000	144.000
593.000	136.000
594.000	151.000
595.000	154.000
596.000	144.000
597.000	150.000
598.000	135.000
599.000	145.000
600.000	140.000
601.000	129.000
602.000	144.000
603.000	133.000
604.000	151.000
605.000	151.000
606.000	170.000
607.000	153.000
608.000	163.000
609.000	138.000
610.000	173.000
611.000	159.000
612.000	159.000
613.000	149.000
614.000	161.000
615.000	159.000
616.000	149.000
617.000	155.000
618.000	153.000
619.000	193.000
620.000	162.000
621.000	158.000
622.000	167.000
623.000	173.000
624.000	160.000
625.000	153.000
626.000	178.000
627.000	154.000
628.000	162.000
629.000	195.000
630.000	182.000
631.000	175.000
632.000	162.000
633.000	179.000
634.000	168.000
635.000	176.000
636.000	179.000
637.000	189.000
638.000	171.000
639.000	185.000
640.000	186.000
641.000	158.000
642.000	173.000
643.000	190.000
644.000	175.000
645.000	188.000
646.000	196.000
647.000	178.000
648.000	199.000
649.000	199.000
650.000	195.000
651.000	195.000
652.000	182.000
653.000	192.000
654.000	186.000
655.000	180.000
656.000	184.000
657.000	192.000
658.000	206.000
659.000	188.000
660.000	192.000
661.000	195.000
662.000	186.000
663.000	192.000
664.000	194.000
665.000	178.000
666.000	201.000
667.000	183.000
668.000	189.000
669.000	204.000
670.000	182.000
671.000	173.000
672.000	199.000
673.000	176.000
674.000	213.000
675.000	208.000
676.000	192.000
677.000	194.000
678.000	200.000
679.000	194.000
680.000	196.000
681.000	194.000
682.000	187.000
683.000	196.000
684.000	191.000
685.000	214.000
686.000	217.000
687.000	224.000
688.000	217.000
689.000	198.000
690.000	200.000
691.000	196.000
692.000	250.000
693.000	226.000
694.000	220.000
695.000	209.000
696.000	200.000
697.000	216.000
698.000	216.000
699.000	188.000
700.000	223.000
701.000	224.000
702.000	226.000
703.000	219.000
704.000	254.000
705.000	235.000
706.000	211.000
707.000	216.000
708.000	218.000
709.000	192.000
710.000	235.000
711.000	228.000
712.000	221.000
713.000	222.000
714.000	201.000
715.000	188.000
716.000	228.000
717.000	238.000
718.000	223.000
719.000	221.000
720.000	225.000
721.000	235.000
722.000	242.000
723.000	232.000
724.000	218.000
725.000	260.000
726.000	228.000
727.000	244.000
728.000	261.000
729.000	276.000
730.000	238.000
731.000	253.000
732.000	273.000
733.000	236.000
734.000	240.000
735.000	241.000
736.000	221.000
737.000	251.000
738.000	252.000
739.000	245.000
740.000	252.000
741.000	225.000
742.000	225.000
743.000	252.000
744.000	264.000
745.000	244.000
746.000	231.000
747.000	259.000
748.000	255.000
749.000	232.000
750.000	239.000
751.000	244.000
752.000	241.000
753.000	248.000
754.000	258.000
755.000	233.000
756.000	225.000
757.000	229.000
758.000	237.000
759.000	233.000
760.000	241.000
761.000	266.000
762.000	267.000
763.000	257.000
764.000	285.000
765.000	284.000
766.000	240.000
767.000	271.000
768.000	276.000
769.000	271.000
770.000	304.000
771.000	293.000
772.000	278.000
773.000	285.000
774.000	276.000
775.000	273.000
776.000	262.000
777.000	305.000
778.000	285.000
779.000	271.000
780.000	270.000
781.000	283.000
782.000	269.000
783.000	282.000
784.000	227.000
785.000	246.000
786.000	268.000
787.000	273.000
788.000	280.000
789.000	264.000
790.000	311.000
791.000	266.000
792.000	268.000
793.000	247.000
794.000	259.000
795.000	281.000
796.000	244.000
797.000	271.000
798.000	286.000
799.000	252.000
800.000	256.000
801.000	307.000
802.000	262.000
803.000	268.000
804.000	266.000
805.000	280.000
806.000	296.000
807.000	264.000
808.000	274.000
809.000	259.000
810.000	306.000
811.000	248.000
812.000	295.000
813.000	255.000
814.000	294.000
815.000	282.000
816.000	253.000
817.000	295.000
818.000	302.000
819.000	301.000
820.000	284.000
821.000	275.000
822.000	316.000
823.000	293.000
824.000	290.000
825.000	290.000
826.000	277.000
827.000	288.000
828.000	287.000
829.000	296.000
830.000	278.000
831.000	325.000
832.000	293.000
833.000	285.000
834.000	289.000
835.000	267.000
836.000	283.000
837.000	292.000
838.000	319.000
839.000	327.000
840.000	289.000
841.000	300.000
842.000	325.000
843.000	283.000
844.000	305.000
845.000	293.000
846.000	349.000
847.000	313.000
848.000	340.000
849.000	292.000
850.000	316.000
851.000	297.000
852.000	327.000
853.000	350.000
854.000	326.000
855.000	371.000
856.000	347.000
857.000	362.000
858.000	353.000
859.000	339.000
860.000	377.000
861.000	333.000
862.000	369.000
863.000	389.000
864.000	408.000
865.000	402.000
866.000	379.000
867.000	384.000
868.000	380.000
869.000	459.000
870.000	413.000
871.000	440.000
872.000	454.000
873.000	454.000
874.000	500.000
875.000	500.000
876.000	502.000
877.000	524.000
878.000	565.000
879.000	556.000
880.000	589.000
881.000	653.000
882.000	651.000
883.000	722.000
884.000	798.000
885.000	756.000
886.000	846.000
887.000	963.000
888.000	970.000
889.000	992.000
890.000	1064.000
891.000	1146.000
892.000	1166.000
893.000	1194.000
894.000	1373.000
895.000	1321.000
896.000	1369.000
897.000	1429.000
898.000	1405.000
899.000	1406.000
900.000	1395.000
901.000	1395.000
902.000	1374.000
903.000	1427.000
904.000	1318.000
905.000	1337.000
906.000	1295.000
907.000	1273.000
908.000	1198.000
909.000	1181.000
910.000	1174.000
911.000	1000.000
912.000	986.000
913.000	915.000
914.000	893.000
915.000	807.000
916.000	756.000
917.000	725.000
918.000	731.000
919.000	618.000
920.000	639.000
921.000	602.000
922.000	529.000
923.000	505.000
924.000	478.000
925.000	472.000
926.000	500.000
927.000	420.000
928.000	400.000
929.000	383.000
930.000	354.000
931.000	374.000
932.000	348.000
933.000	365.000
934.000	330.000
935.000	334.000
936.000	345.000
937.000	350.000
938.000	386.000
939.000	358.000
940.000	369.000
941.000	381.000
942.000	374.000
943.000	426.000
944.000	428.000
945.000	458.000
946.000	543.000
947.000	555.000
948.000	643.000
949.000	627.000
950.000	680.000
951.000	748.000
952.000	722.000
953.000	768.000
954.000	800.000
955.000	741.000
956.000	738.000
957.000	667.000
958.000	632.000
959.000	603.000
960.000	542.000
961.000	476.000
962.000	417.000
963.000	390.000
964.000	339.000
965.000	307.000
966.000	301.000
967.000	302.000
968.000	277.000
969.000	285.000
970.000	289.000
971.000	288.000
972.000	300.000
973.000	257.000
974.000	228.000
975.000	282.000
976.000	246.000
977.000	261.000
978.000	254.000
979.000	259.000
980.000	291.000
981.000	297.000
982.000	312.000
983.000	309.000
984.000	257.000
985.000	280.000
986.000	314.000
987.000	315.000
988.000	340.000
989.000	339.000
990.000	344.000
991.000	362.000
992.000	377.000
993.000	347.000
994.000	363.000
995.000	410.000
996.000	381.000
997.000	400.000
998.000	387.000
999.000	432.000
1000.000	399.000
1001.000	392.000
1002.000	404.000
1003.000	404.000
1004.000	435.000
1005.000	377.000
1006.000	427.000
1007.000	417.000
1008.000	377.000
1009.000	386.000
1010.000	433.000
1011.000	392.000
1012.000	383.000
1013.000	354.000
1014.000	376.000
1015.000	327.000
1016.000	323.000
1017.000	317.000
1018.000	317.000
1019.000	291.000
1020.000	312.000
1021.000	287.000
1022.000	295.000
1023.000	261.000
1024.000	268.000
