Date:	8/19/2008		Time:	9:24 AM		Version no:	0.00		Project name:	55		Sample name:	222		Section name:	section		Position	524.039995	mm	E0	0.000000	keV	E1	1.000000	keV/channel	sample surface	7.678940	cm	Tube anode:	Mo		Tube voltage:	30	kV	Tube current:	50	mA	gain	20		std. database			resultfile	result		matrix element	11		sample thickness	1.000000		air passage	0.560000	cm	comments	not in position		peaking_time	3.000000	m-sec	trigger_threshold	1229.166667	V	mca_bin_width	22.090000	no:	number_mca_channels	1024.000000	no:	gap_time	0.400000	m-sec	trigger_peaking_time	0.150000	m-sec	GAINDAC	9455		HIGHGAIN	1		TAURC	0		RCTAU	53		RCTAUFRAC	32768		livetime	9.702105	seconds	runtime	10.000503	seconds	input_count_rate	28.145748	cps	output_count_rate	21.469520	cps	triggers	273073	seconds	events_in_run	214706	seconds	channel	content		1.000	0.000
2.000	0.000
3.000	0.000
4.000	0.000
5.000	0.000
6.000	0.000
7.000	0.000
8.000	0.000
9.000	0.000
10.000	0.000
11.000	0.000
12.000	0.000
13.000	0.000
14.000	0.000
15.000	0.000
16.000	0.000
17.000	0.000
18.000	0.000
19.000	0.000
20.000	0.000
21.000	0.000
22.000	0.000
23.000	0.000
24.000	0.000
25.000	0.000
26.000	0.000
27.000	0.000
28.000	0.000
29.000	0.000
30.000	0.000
31.000	1.000
32.000	2.000
33.000	0.000
34.000	0.000
35.000	1.000
36.000	2.000
37.000	0.000
38.000	0.000
39.000	3.000
40.000	5.000
41.000	3.000
42.000	3.000
43.000	6.000
44.000	4.000
45.000	6.000
46.000	5.000
47.000	8.000
48.000	2.000
49.000	6.000
50.000	5.000
51.000	11.000
52.000	11.000
53.000	7.000
54.000	13.000
55.000	11.000
56.000	7.000
57.000	2.000
58.000	9.000
59.000	7.000
60.000	9.000
61.000	8.000
62.000	9.000
63.000	10.000
64.000	8.000
65.000	9.000
66.000	12.000
67.000	13.000
68.000	13.000
69.000	11.000
70.000	10.000
71.000	9.000
72.000	7.000
73.000	11.000
74.000	9.000
75.000	12.000
76.000	6.000
77.000	15.000
78.000	8.000
79.000	8.000
80.000	7.000
81.000	7.000
82.000	6.000
83.000	5.000
84.000	6.000
85.000	4.000
86.000	8.000
87.000	13.000
88.000	10.000
89.000	6.000
90.000	12.000
91.000	11.000
92.000	7.000
93.000	9.000
94.000	7.000
95.000	6.000
96.000	8.000
97.000	6.000
98.000	4.000
99.000	10.000
100.000	7.000
101.000	13.000
102.000	13.000
103.000	6.000
104.000	10.000
105.000	9.000
106.000	9.000
107.000	12.000
108.000	6.000
109.000	8.000
110.000	6.000
111.000	7.000
112.000	7.000
113.000	3.000
114.000	5.000
115.000	4.000
116.000	5.000
117.000	4.000
118.000	14.000
119.000	7.000
120.000	12.000
121.000	5.000
122.000	8.000
123.000	8.000
124.000	6.000
125.000	12.000
126.000	14.000
127.000	8.000
128.000	10.000
129.000	10.000
130.000	10.000
131.000	9.000
132.000	4.000
133.000	8.000
134.000	6.000
135.000	5.000
136.000	4.000
137.000	5.000
138.000	3.000
139.000	5.000
140.000	4.000
141.000	5.000
142.000	3.000
143.000	7.000
144.000	9.000
145.000	5.000
146.000	1.000
147.000	5.000
148.000	4.000
149.000	6.000
150.000	2.000
151.000	3.000
152.000	8.000
153.000	2.000
154.000	2.000
155.000	5.000
156.000	4.000
157.000	2.000
158.000	4.000
159.000	5.000
160.000	6.000
161.000	12.000
162.000	9.000
163.000	16.000
164.000	10.000
165.000	6.000
166.000	7.000
167.000	7.000
168.000	2.000
169.000	3.000
170.000	3.000
171.000	3.000
172.000	10.000
173.000	7.000
174.000	6.000
175.000	3.000
176.000	5.000
177.000	2.000
178.000	9.000
179.000	3.000
180.000	5.000
181.000	8.000
182.000	5.000
183.000	5.000
184.000	3.000
185.000	5.000
186.000	2.000
187.000	6.000
188.000	1.000
189.000	3.000
190.000	6.000
191.000	5.000
192.000	3.000
193.000	7.000
194.000	3.000
195.000	3.000
196.000	2.000
197.000	2.000
198.000	14.000
199.000	19.000
200.000	18.000
201.000	23.000
202.000	33.000
203.000	45.000
204.000	22.000
205.000	25.000
206.000	16.000
207.000	14.000
208.000	14.000
209.000	8.000
210.000	6.000
211.000	6.000
212.000	4.000
213.000	1.000
214.000	3.000
215.000	1.000
216.000	4.000
217.000	7.000
218.000	10.000
219.000	7.000
220.000	9.000
221.000	9.000
222.000	10.000
223.000	8.000
224.000	11.000
225.000	4.000
226.000	7.000
227.000	5.000
228.000	4.000
229.000	1.000
230.000	4.000
231.000	3.000
232.000	1.000
233.000	3.000
234.000	4.000
235.000	3.000
236.000	4.000
237.000	3.000
238.000	3.000
239.000	7.000
240.000	2.000
241.000	3.000
242.000	3.000
243.000	5.000
244.000	3.000
245.000	2.000
246.000	7.000
247.000	8.000
248.000	3.000
249.000	10.000
250.000	12.000
251.000	9.000
252.000	4.000
253.000	9.000
254.000	6.000
255.000	7.000
256.000	4.000
257.000	5.000
258.000	3.000
259.000	4.000
260.000	1.000
261.000	4.000
262.000	4.000
263.000	2.000
264.000	2.000
265.000	4.000
266.000	4.000
267.000	10.000
268.000	3.000
269.000	4.000
270.000	6.000
271.000	4.000
272.000	7.000
273.000	5.000
274.000	2.000
275.000	5.000
276.000	4.000
277.000	2.000
278.000	4.000
279.000	2.000
280.000	3.000
281.000	2.000
282.000	0.000
283.000	7.000
284.000	6.000
285.000	6.000
286.000	5.000
287.000	4.000
288.000	8.000
289.000	2.000
290.000	3.000
291.000	8.000
292.000	8.000
293.000	7.000
294.000	8.000
295.000	4.000
296.000	8.000
297.000	5.000
298.000	9.000
299.000	9.000
300.000	3.000
301.000	6.000
302.000	4.000
303.000	8.000
304.000	5.000
305.000	5.000
306.000	9.000
307.000	5.000
308.000	10.000
309.000	6.000
310.000	8.000
311.000	4.000
312.000	5.000
313.000	4.000
314.000	8.000
315.000	6.000
316.000	10.000
317.000	18.000
318.000	23.000
319.000	25.000
320.000	30.000
321.000	33.000
322.000	42.000
323.000	37.000
324.000	50.000
325.000	32.000
326.000	27.000
327.000	27.000
328.000	18.000
329.000	13.000
330.000	15.000
331.000	7.000
332.000	8.000
333.000	14.000
334.000	13.000
335.000	8.000
336.000	11.000
337.000	10.000
338.000	15.000
339.000	13.000
340.000	23.000
341.000	26.000
342.000	50.000
343.000	66.000
344.000	104.000
345.000	181.000
346.000	254.000
347.000	368.000
348.000	475.000
349.000	580.000
350.000	670.000
351.000	665.000
352.000	599.000
353.000	538.000
354.000	425.000
355.000	313.000
356.000	202.000
357.000	148.000
358.000	61.000
359.000	47.000
360.000	36.000
361.000	12.000
362.000	12.000
363.000	14.000
364.000	18.000
365.000	15.000
366.000	13.000
367.000	17.000
368.000	12.000
369.000	18.000
370.000	11.000
371.000	18.000
372.000	10.000
373.000	18.000
374.000	12.000
375.000	17.000
376.000	15.000
377.000	21.000
378.000	17.000
379.000	33.000
380.000	56.000
381.000	66.000
382.000	68.000
383.000	91.000
384.000	103.000
385.000	126.000
386.000	137.000
387.000	112.000
388.000	137.000
389.000	102.000
390.000	93.000
391.000	67.000
392.000	54.000
393.000	28.000
394.000	21.000
395.000	24.000
396.000	20.000
397.000	21.000
398.000	13.000
399.000	14.000
400.000	22.000
401.000	13.000
402.000	11.000
403.000	11.000
404.000	15.000
405.000	15.000
406.000	25.000
407.000	25.000
408.000	8.000
409.000	22.000
410.000	21.000
411.000	25.000
412.000	20.000
413.000	15.000
414.000	25.000
415.000	25.000
416.000	17.000
417.000	17.000
418.000	18.000
419.000	11.000
420.000	17.000
421.000	24.000
422.000	19.000
423.000	25.000
424.000	18.000
425.000	18.000
426.000	24.000
427.000	22.000
428.000	17.000
429.000	25.000
430.000	30.000
431.000	23.000
432.000	31.000
433.000	28.000
434.000	24.000
435.000	24.000
436.000	18.000
437.000	19.000
438.000	35.000
439.000	21.000
440.000	33.000
441.000	30.000
442.000	22.000
443.000	28.000
444.000	33.000
445.000	27.000
446.000	32.000
447.000	24.000
448.000	33.000
449.000	31.000
450.000	33.000
451.000	22.000
452.000	51.000
453.000	32.000
454.000	32.000
455.000	30.000
456.000	30.000
457.000	32.000
458.000	38.000
459.000	24.000
460.000	30.000
461.000	30.000
462.000	27.000
463.000	33.000
464.000	54.000
465.000	31.000
466.000	31.000
467.000	41.000
468.000	41.000
469.000	45.000
470.000	39.000
471.000	37.000
472.000	50.000
473.000	33.000
474.000	47.000
475.000	42.000
476.000	44.000
477.000	37.000
478.000	44.000
479.000	53.000
480.000	42.000
481.000	33.000
482.000	31.000
483.000	30.000
484.000	30.000
485.000	40.000
486.000	40.000
487.000	40.000
488.000	43.000
489.000	28.000
490.000	60.000
491.000	40.000
492.000	39.000
493.000	46.000
494.000	51.000
495.000	39.000
496.000	41.000
497.000	45.000
498.000	55.000
499.000	46.000
500.000	50.000
501.000	45.000
502.000	50.000
503.000	56.000
504.000	48.000
505.000	57.000
506.000	56.000
507.000	53.000
508.000	68.000
509.000	57.000
510.000	61.000
511.000	69.000
512.000	58.000
513.000	54.000
514.000	65.000
515.000	61.000
516.000	58.000
517.000	66.000
518.000	59.000
519.000	64.000
520.000	71.000
521.000	63.000
522.000	72.000
523.000	82.000
524.000	63.000
525.000	56.000
526.000	82.000
527.000	75.000
528.000	75.000
529.000	76.000
530.000	83.000
531.000	74.000
532.000	74.000
533.000	82.000
534.000	69.000
535.000	65.000
536.000	73.000
537.000	68.000
538.000	74.000
539.000	64.000
540.000	83.000
541.000	74.000
542.000	74.000
543.000	78.000
544.000	81.000
545.000	81.000
546.000	63.000
547.000	65.000
548.000	74.000
549.000	82.000
550.000	74.000
551.000	81.000
552.000	97.000
553.000	76.000
554.000	90.000
555.000	95.000
556.000	90.000
557.000	98.000
558.000	67.000
559.000	105.000
560.000	70.000
561.000	102.000
562.000	98.000
563.000	78.000
564.000	95.000
565.000	109.000
566.000	92.000
567.000	98.000
568.000	111.000
569.000	96.000
570.000	87.000
571.000	92.000
572.000	115.000
573.000	109.000
574.000	90.000
575.000	113.000
576.000	107.000
577.000	99.000
578.000	106.000
579.000	123.000
580.000	123.000
581.000	100.000
582.000	110.000
583.000	112.000
584.000	108.000
585.000	109.000
586.000	107.000
587.000	104.000
588.000	116.000
589.000	121.000
590.000	116.000
591.000	126.000
592.000	117.000
593.000	95.000
594.000	118.000
595.000	115.000
596.000	124.000
597.000	127.000
598.000	123.000
599.000	121.000
600.000	107.000
601.000	130.000
602.000	117.000
603.000	109.000
604.000	115.000
605.000	106.000
606.000	132.000
607.000	113.000
608.000	137.000
609.000	126.000
610.000	124.000
611.000	128.000
612.000	134.000
613.000	138.000
614.000	120.000
615.000	135.000
616.000	129.000
617.000	119.000
618.000	136.000
619.000	133.000
620.000	141.000
621.000	147.000
622.000	125.000
623.000	144.000
624.000	153.000
625.000	171.000
626.000	139.000
627.000	165.000
628.000	157.000
629.000	123.000
630.000	139.000
631.000	140.000
632.000	168.000
633.000	151.000
634.000	134.000
635.000	128.000
636.000	143.000
637.000	128.000
638.000	175.000
639.000	159.000
640.000	139.000
641.000	160.000
642.000	161.000
643.000	157.000
644.000	157.000
645.000	162.000
646.000	167.000
647.000	154.000
648.000	190.000
649.000	164.000
650.000	175.000
651.000	167.000
652.000	166.000
653.000	186.000
654.000	166.000
655.000	180.000
656.000	190.000
657.000	196.000
658.000	160.000
659.000	168.000
660.000	180.000
661.000	185.000
662.000	191.000
663.000	154.000
664.000	193.000
665.000	189.000
666.000	172.000
667.000	195.000
668.000	198.000
669.000	178.000
670.000	164.000
671.000	169.000
672.000	188.000
673.000	167.000
674.000	191.000
675.000	185.000
676.000	178.000
677.000	178.000
678.000	221.000
679.000	210.000
680.000	194.000
681.000	208.000
682.000	204.000
683.000	199.000
684.000	184.000
685.000	202.000
686.000	188.000
687.000	193.000
688.000	196.000
689.000	226.000
690.000	224.000
691.000	196.000
692.000	179.000
693.000	217.000
694.000	200.000
695.000	183.000
696.000	191.000
697.000	208.000
698.000	228.000
699.000	209.000
700.000	228.000
701.000	210.000
702.000	211.000
703.000	191.000
704.000	233.000
705.000	233.000
706.000	213.000
707.000	206.000
708.000	188.000
709.000	203.000
710.000	230.000
711.000	205.000
712.000	207.000
713.000	217.000
714.000	212.000
715.000	215.000
716.000	217.000
717.000	229.000
718.000	235.000
719.000	212.000
720.000	227.000
721.000	240.000
722.000	203.000
723.000	217.000
724.000	243.000
725.000	231.000
726.000	267.000
727.000	263.000
728.000	242.000
729.000	237.000
730.000	213.000
731.000	230.000
732.000	254.000
733.000	222.000
734.000	249.000
735.000	228.000
736.000	228.000
737.000	248.000
738.000	217.000
739.000	279.000
740.000	218.000
741.000	215.000
742.000	268.000
743.000	255.000
744.000	223.000
745.000	227.000
746.000	234.000
747.000	250.000
748.000	241.000
749.000	239.000
750.000	231.000
751.000	224.000
752.000	256.000
753.000	244.000
754.000	240.000
755.000	264.000
756.000	269.000
757.000	250.000
758.000	234.000
759.000	272.000
760.000	240.000
761.000	287.000
762.000	235.000
763.000	262.000
764.000	263.000
765.000	302.000
766.000	252.000
767.000	264.000
768.000	257.000
769.000	288.000
770.000	290.000
771.000	259.000
772.000	256.000
773.000	262.000
774.000	273.000
775.000	254.000
776.000	258.000
777.000	284.000
778.000	295.000
779.000	301.000
780.000	268.000
781.000	281.000
782.000	252.000
783.000	246.000
784.000	243.000
785.000	275.000
786.000	258.000
787.000	256.000
788.000	292.000
789.000	237.000
790.000	280.000
791.000	284.000
792.000	270.000
793.000	239.000
794.000	293.000
795.000	293.000
796.000	267.000
797.000	280.000
798.000	275.000
799.000	287.000
800.000	279.000
801.000	246.000
802.000	318.000
803.000	286.000
804.000	296.000
805.000	256.000
806.000	273.000
807.000	298.000
808.000	286.000
809.000	302.000
810.000	281.000
811.000	289.000
812.000	269.000
813.000	304.000
814.000	272.000
815.000	291.000
816.000	286.000
817.000	295.000
818.000	293.000
819.000	283.000
820.000	296.000
821.000	287.000
822.000	293.000
823.000	300.000
824.000	314.000
825.000	324.000
826.000	329.000
827.000	326.000
828.000	310.000
829.000	291.000
830.000	317.000
831.000	298.000
832.000	339.000
833.000	291.000
834.000	314.000
835.000	303.000
836.000	293.000
837.000	327.000
838.000	337.000
839.000	316.000
840.000	334.000
841.000	288.000
842.000	334.000
843.000	293.000
844.000	314.000
845.000	335.000
846.000	311.000
847.000	303.000
848.000	331.000
849.000	341.000
850.000	335.000
851.000	323.000
852.000	330.000
853.000	327.000
854.000	342.000
855.000	356.000
856.000	347.000
857.000	410.000
858.000	396.000
859.000	413.000
860.000	359.000
861.000	366.000
862.000	377.000
863.000	403.000
864.000	403.000
865.000	426.000
866.000	404.000
867.000	438.000
868.000	384.000
869.000	475.000
870.000	449.000
871.000	389.000
872.000	418.000
873.000	492.000
874.000	458.000
875.000	498.000
876.000	506.000
877.000	533.000
878.000	578.000
879.000	612.000
880.000	654.000
881.000	637.000
882.000	711.000
883.000	756.000
884.000	766.000
885.000	835.000
886.000	897.000
887.000	1014.000
888.000	1020.000
889.000	1086.000
890.000	1116.000
891.000	1147.000
892.000	1196.000
893.000	1311.000
894.000	1317.000
895.000	1420.000
896.000	1388.000
897.000	1458.000
898.000	1476.000
899.000	1523.000
900.000	1510.000
901.000	1534.000
902.000	1439.000
903.000	1408.000
904.000	1369.000
905.000	1412.000
906.000	1361.000
907.000	1317.000
908.000	1301.000
909.000	1224.000
910.000	1145.000
911.000	1153.000
912.000	1095.000
913.000	1025.000
914.000	963.000
915.000	915.000
916.000	895.000
917.000	779.000
918.000	824.000
919.000	676.000
920.000	690.000
921.000	641.000
922.000	550.000
923.000	524.000
924.000	565.000
925.000	465.000
926.000	477.000
927.000	455.000
928.000	438.000
929.000	407.000
930.000	396.000
931.000	383.000
932.000	403.000
933.000	362.000
934.000	361.000
935.000	366.000
936.000	357.000
937.000	374.000
938.000	341.000
939.000	363.000
940.000	355.000
941.000	423.000
942.000	428.000
943.000	444.000
944.000	452.000
945.000	486.000
946.000	584.000
947.000	621.000
948.000	622.000
949.000	693.000
950.000	732.000
951.000	759.000
952.000	824.000
953.000	827.000
954.000	802.000
955.000	776.000
956.000	791.000
957.000	665.000
958.000	630.000
959.000	602.000
960.000	540.000
961.000	515.000
962.000	446.000
963.000	424.000
964.000	376.000
965.000	346.000
966.000	324.000
967.000	341.000
968.000	300.000
969.000	324.000
970.000	286.000
971.000	308.000
972.000	313.000
973.000	261.000
974.000	288.000
975.000	305.000
976.000	287.000
977.000	287.000
978.000	308.000
979.000	321.000
980.000	327.000
981.000	309.000
982.000	308.000
983.000	284.000
984.000	336.000
985.000	325.000
986.000	304.000
987.000	340.000
988.000	340.000
989.000	381.000
990.000	350.000
991.000	354.000
992.000	362.000
993.000	377.000
994.000	403.000
995.000	381.000
996.000	405.000
997.000	417.000
998.000	413.000
999.000	437.000
1000.000	436.000
1001.000	422.000
1002.000	439.000
1003.000	453.000
1004.000	481.000
1005.000	453.000
1006.000	491.000
1007.000	438.000
1008.000	438.000
1009.000	428.000
1010.000	443.000
1011.000	426.000
1012.000	434.000
1013.000	399.000
1014.000	401.000
1015.000	364.000
1016.000	351.000
1017.000	339.000
1018.000	356.000
1019.000	311.000
1020.000	324.000
1021.000	289.000
1022.000	315.000
1023.000	303.000
1024.000	297.000
