Date:	8/19/2008		Time:	9:26 AM		Version no:	0.00		Project name:	55		Sample name:	222		Section name:	section		Position	542.039995	mm	E0	0.000000	keV	E1	1.000000	keV/channel	sample surface	7.642417	cm	Tube anode:	Mo		Tube voltage:	30	kV	Tube current:	50	mA	gain	20		std. database			resultfile	result		matrix element	11		sample thickness	1.000000		air passage	0.560000	cm	comments	not in position		peaking_time	3.000000	m-sec	trigger_threshold	1229.166667	V	mca_bin_width	22.090000	no:	number_mca_channels	1024.000000	no:	gap_time	0.400000	m-sec	trigger_peaking_time	0.150000	m-sec	GAINDAC	9455		HIGHGAIN	1		TAURC	0		RCTAU	53		RCTAUFRAC	32768		livetime	9.689217	seconds	runtime	10.000502	seconds	input_count_rate	29.192246	cps	output_count_rate	22.138588	cps	triggers	282850	seconds	events_in_run	221397	seconds	channel	content		1.000	0.000
2.000	0.000
3.000	0.000
4.000	0.000
5.000	0.000
6.000	0.000
7.000	0.000
8.000	0.000
9.000	0.000
10.000	0.000
11.000	0.000
12.000	0.000
13.000	0.000
14.000	0.000
15.000	0.000
16.000	0.000
17.000	0.000
18.000	0.000
19.000	0.000
20.000	0.000
21.000	0.000
22.000	0.000
23.000	0.000
24.000	0.000
25.000	0.000
26.000	0.000
27.000	0.000
28.000	0.000
29.000	0.000
30.000	0.000
31.000	1.000
32.000	0.000
33.000	2.000
34.000	0.000
35.000	1.000
36.000	1.000
37.000	0.000
38.000	3.000
39.000	2.000
40.000	5.000
41.000	3.000
42.000	6.000
43.000	3.000
44.000	5.000
45.000	3.000
46.000	8.000
47.000	11.000
48.000	9.000
49.000	7.000
50.000	10.000
51.000	7.000
52.000	7.000
53.000	14.000
54.000	9.000
55.000	14.000
56.000	10.000
57.000	9.000
58.000	15.000
59.000	15.000
60.000	9.000
61.000	11.000
62.000	2.000
63.000	8.000
64.000	12.000
65.000	17.000
66.000	14.000
67.000	8.000
68.000	12.000
69.000	5.000
70.000	15.000
71.000	6.000
72.000	14.000
73.000	8.000
74.000	7.000
75.000	8.000
76.000	7.000
77.000	10.000
78.000	9.000
79.000	5.000
80.000	10.000
81.000	16.000
82.000	10.000
83.000	11.000
84.000	11.000
85.000	9.000
86.000	6.000
87.000	11.000
88.000	12.000
89.000	5.000
90.000	12.000
91.000	9.000
92.000	12.000
93.000	5.000
94.000	12.000
95.000	8.000
96.000	15.000
97.000	8.000
98.000	5.000
99.000	6.000
100.000	3.000
101.000	12.000
102.000	8.000
103.000	6.000
104.000	9.000
105.000	8.000
106.000	9.000
107.000	7.000
108.000	9.000
109.000	7.000
110.000	4.000
111.000	11.000
112.000	6.000
113.000	5.000
114.000	5.000
115.000	6.000
116.000	8.000
117.000	9.000
118.000	8.000
119.000	4.000
120.000	10.000
121.000	7.000
122.000	4.000
123.000	7.000
124.000	7.000
125.000	12.000
126.000	10.000
127.000	12.000
128.000	14.000
129.000	7.000
130.000	10.000
131.000	9.000
132.000	7.000
133.000	7.000
134.000	7.000
135.000	5.000
136.000	12.000
137.000	5.000
138.000	3.000
139.000	7.000
140.000	0.000
141.000	7.000
142.000	10.000
143.000	4.000
144.000	3.000
145.000	5.000
146.000	7.000
147.000	6.000
148.000	3.000
149.000	6.000
150.000	3.000
151.000	4.000
152.000	8.000
153.000	6.000
154.000	3.000
155.000	6.000
156.000	5.000
157.000	4.000
158.000	8.000
159.000	11.000
160.000	6.000
161.000	4.000
162.000	8.000
163.000	11.000
164.000	5.000
165.000	2.000
166.000	4.000
167.000	5.000
168.000	8.000
169.000	7.000
170.000	5.000
171.000	8.000
172.000	5.000
173.000	5.000
174.000	7.000
175.000	8.000
176.000	3.000
177.000	7.000
178.000	3.000
179.000	3.000
180.000	6.000
181.000	3.000
182.000	4.000
183.000	6.000
184.000	3.000
185.000	8.000
186.000	9.000
187.000	1.000
188.000	2.000
189.000	4.000
190.000	3.000
191.000	7.000
192.000	8.000
193.000	1.000
194.000	2.000
195.000	7.000
196.000	3.000
197.000	13.000
198.000	13.000
199.000	9.000
200.000	14.000
201.000	15.000
202.000	20.000
203.000	21.000
204.000	24.000
205.000	24.000
206.000	12.000
207.000	11.000
208.000	3.000
209.000	4.000
210.000	5.000
211.000	4.000
212.000	5.000
213.000	2.000
214.000	1.000
215.000	4.000
216.000	4.000
217.000	1.000
218.000	8.000
219.000	9.000
220.000	3.000
221.000	6.000
222.000	10.000
223.000	3.000
224.000	1.000
225.000	8.000
226.000	5.000
227.000	5.000
228.000	4.000
229.000	3.000
230.000	6.000
231.000	6.000
232.000	5.000
233.000	1.000
234.000	4.000
235.000	3.000
236.000	5.000
237.000	3.000
238.000	4.000
239.000	5.000
240.000	5.000
241.000	5.000
242.000	4.000
243.000	5.000
244.000	8.000
245.000	7.000
246.000	8.000
247.000	8.000
248.000	8.000
249.000	10.000
250.000	5.000
251.000	5.000
252.000	7.000
253.000	5.000
254.000	4.000
255.000	4.000
256.000	6.000
257.000	10.000
258.000	6.000
259.000	4.000
260.000	5.000
261.000	3.000
262.000	4.000
263.000	1.000
264.000	3.000
265.000	2.000
266.000	8.000
267.000	4.000
268.000	4.000
269.000	3.000
270.000	3.000
271.000	4.000
272.000	2.000
273.000	4.000
274.000	5.000
275.000	3.000
276.000	5.000
277.000	5.000
278.000	8.000
279.000	4.000
280.000	5.000
281.000	10.000
282.000	5.000
283.000	2.000
284.000	6.000
285.000	3.000
286.000	3.000
287.000	3.000
288.000	9.000
289.000	6.000
290.000	5.000
291.000	3.000
292.000	4.000
293.000	5.000
294.000	10.000
295.000	7.000
296.000	3.000
297.000	8.000
298.000	5.000
299.000	4.000
300.000	9.000
301.000	5.000
302.000	5.000
303.000	8.000
304.000	5.000
305.000	6.000
306.000	11.000
307.000	4.000
308.000	5.000
309.000	10.000
310.000	5.000
311.000	3.000
312.000	2.000
313.000	5.000
314.000	4.000
315.000	11.000
316.000	11.000
317.000	16.000
318.000	21.000
319.000	28.000
320.000	29.000
321.000	44.000
322.000	42.000
323.000	55.000
324.000	42.000
325.000	40.000
326.000	31.000
327.000	30.000
328.000	21.000
329.000	17.000
330.000	11.000
331.000	8.000
332.000	14.000
333.000	9.000
334.000	6.000
335.000	8.000
336.000	9.000
337.000	11.000
338.000	7.000
339.000	14.000
340.000	24.000
341.000	23.000
342.000	41.000
343.000	61.000
344.000	101.000
345.000	181.000
346.000	239.000
347.000	345.000
348.000	449.000
349.000	552.000
350.000	611.000
351.000	591.000
352.000	552.000
353.000	485.000
354.000	355.000
355.000	271.000
356.000	184.000
357.000	120.000
358.000	73.000
359.000	53.000
360.000	33.000
361.000	13.000
362.000	14.000
363.000	8.000
364.000	9.000
365.000	8.000
366.000	14.000
367.000	8.000
368.000	5.000
369.000	16.000
370.000	9.000
371.000	11.000
372.000	15.000
373.000	8.000
374.000	18.000
375.000	18.000
376.000	14.000
377.000	13.000
378.000	22.000
379.000	32.000
380.000	34.000
381.000	54.000
382.000	73.000
383.000	86.000
384.000	102.000
385.000	134.000
386.000	121.000
387.000	109.000
388.000	130.000
389.000	109.000
390.000	87.000
391.000	61.000
392.000	47.000
393.000	25.000
394.000	24.000
395.000	15.000
396.000	26.000
397.000	21.000
398.000	21.000
399.000	13.000
400.000	21.000
401.000	14.000
402.000	19.000
403.000	13.000
404.000	10.000
405.000	18.000
406.000	9.000
407.000	16.000
408.000	16.000
409.000	13.000
410.000	19.000
411.000	24.000
412.000	17.000
413.000	25.000
414.000	22.000
415.000	21.000
416.000	18.000
417.000	15.000
418.000	25.000
419.000	19.000
420.000	22.000
421.000	19.000
422.000	16.000
423.000	16.000
424.000	14.000
425.000	14.000
426.000	8.000
427.000	29.000
428.000	17.000
429.000	20.000
430.000	21.000
431.000	23.000
432.000	26.000
433.000	23.000
434.000	22.000
435.000	22.000
436.000	34.000
437.000	19.000
438.000	29.000
439.000	28.000
440.000	27.000
441.000	35.000
442.000	40.000
443.000	30.000
444.000	17.000
445.000	31.000
446.000	26.000
447.000	30.000
448.000	26.000
449.000	30.000
450.000	32.000
451.000	40.000
452.000	40.000
453.000	25.000
454.000	37.000
455.000	37.000
456.000	37.000
457.000	31.000
458.000	42.000
459.000	52.000
460.000	35.000
461.000	29.000
462.000	36.000
463.000	34.000
464.000	40.000
465.000	41.000
466.000	27.000
467.000	44.000
468.000	28.000
469.000	45.000
470.000	41.000
471.000	44.000
472.000	40.000
473.000	46.000
474.000	42.000
475.000	44.000
476.000	56.000
477.000	46.000
478.000	41.000
479.000	37.000
480.000	50.000
481.000	26.000
482.000	47.000
483.000	48.000
484.000	37.000
485.000	42.000
486.000	44.000
487.000	44.000
488.000	53.000
489.000	34.000
490.000	38.000
491.000	52.000
492.000	45.000
493.000	46.000
494.000	49.000
495.000	62.000
496.000	44.000
497.000	58.000
498.000	60.000
499.000	51.000
500.000	59.000
501.000	49.000
502.000	51.000
503.000	53.000
504.000	53.000
505.000	55.000
506.000	55.000
507.000	66.000
508.000	42.000
509.000	61.000
510.000	46.000
511.000	57.000
512.000	67.000
513.000	65.000
514.000	59.000
515.000	52.000
516.000	67.000
517.000	59.000
518.000	55.000
519.000	74.000
520.000	70.000
521.000	77.000
522.000	63.000
523.000	66.000
524.000	62.000
525.000	76.000
526.000	73.000
527.000	78.000
528.000	89.000
529.000	98.000
530.000	70.000
531.000	87.000
532.000	73.000
533.000	73.000
534.000	65.000
535.000	84.000
536.000	85.000
537.000	73.000
538.000	71.000
539.000	86.000
540.000	76.000
541.000	72.000
542.000	73.000
543.000	83.000
544.000	87.000
545.000	97.000
546.000	95.000
547.000	91.000
548.000	85.000
549.000	79.000
550.000	77.000
551.000	90.000
552.000	82.000
553.000	95.000
554.000	104.000
555.000	79.000
556.000	96.000
557.000	86.000
558.000	95.000
559.000	108.000
560.000	94.000
561.000	116.000
562.000	100.000
563.000	95.000
564.000	82.000
565.000	90.000
566.000	95.000
567.000	100.000
568.000	117.000
569.000	108.000
570.000	100.000
571.000	97.000
572.000	127.000
573.000	87.000
574.000	120.000
575.000	116.000
576.000	108.000
577.000	110.000
578.000	116.000
579.000	111.000
580.000	111.000
581.000	122.000
582.000	114.000
583.000	111.000
584.000	106.000
585.000	113.000
586.000	140.000
587.000	116.000
588.000	130.000
589.000	118.000
590.000	117.000
591.000	136.000
592.000	127.000
593.000	124.000
594.000	147.000
595.000	117.000
596.000	118.000
597.000	129.000
598.000	134.000
599.000	124.000
600.000	148.000
601.000	119.000
602.000	132.000
603.000	128.000
604.000	137.000
605.000	131.000
606.000	121.000
607.000	130.000
608.000	128.000
609.000	142.000
610.000	130.000
611.000	147.000
612.000	123.000
613.000	124.000
614.000	165.000
615.000	149.000
616.000	130.000
617.000	139.000
618.000	144.000
619.000	156.000
620.000	144.000
621.000	147.000
622.000	161.000
623.000	174.000
624.000	149.000
625.000	152.000
626.000	152.000
627.000	145.000
628.000	168.000
629.000	180.000
630.000	146.000
631.000	163.000
632.000	170.000
633.000	144.000
634.000	172.000
635.000	177.000
636.000	158.000
637.000	191.000
638.000	171.000
639.000	170.000
640.000	157.000
641.000	175.000
642.000	171.000
643.000	160.000
644.000	187.000
645.000	176.000
646.000	189.000
647.000	171.000
648.000	172.000
649.000	183.000
650.000	213.000
651.000	187.000
652.000	205.000
653.000	201.000
654.000	190.000
655.000	178.000
656.000	201.000
657.000	198.000
658.000	193.000
659.000	168.000
660.000	185.000
661.000	180.000
662.000	195.000
663.000	186.000
664.000	181.000
665.000	167.000
666.000	197.000
667.000	196.000
668.000	163.000
669.000	232.000
670.000	199.000
671.000	196.000
672.000	204.000
673.000	182.000
674.000	187.000
675.000	196.000
676.000	190.000
677.000	193.000
678.000	207.000
679.000	194.000
680.000	204.000
681.000	193.000
682.000	191.000
683.000	201.000
684.000	210.000
685.000	194.000
686.000	219.000
687.000	195.000
688.000	199.000
689.000	203.000
690.000	206.000
691.000	210.000
692.000	182.000
693.000	216.000
694.000	204.000
695.000	224.000
696.000	201.000
697.000	220.000
698.000	212.000
699.000	212.000
700.000	191.000
701.000	223.000
702.000	224.000
703.000	254.000
704.000	234.000
705.000	218.000
706.000	228.000
707.000	219.000
708.000	238.000
709.000	221.000
710.000	202.000
711.000	233.000
712.000	256.000
713.000	222.000
714.000	240.000
715.000	250.000
716.000	232.000
717.000	214.000
718.000	233.000
719.000	229.000
720.000	223.000
721.000	232.000
722.000	233.000
723.000	235.000
724.000	240.000
725.000	275.000
726.000	283.000
727.000	263.000
728.000	277.000
729.000	252.000
730.000	255.000
731.000	242.000
732.000	258.000
733.000	239.000
734.000	239.000
735.000	258.000
736.000	236.000
737.000	259.000
738.000	247.000
739.000	263.000
740.000	234.000
741.000	251.000
742.000	293.000
743.000	249.000
744.000	277.000
745.000	285.000
746.000	270.000
747.000	263.000
748.000	249.000
749.000	270.000
750.000	284.000
751.000	245.000
752.000	257.000
753.000	284.000
754.000	262.000
755.000	256.000
756.000	266.000
757.000	260.000
758.000	254.000
759.000	282.000
760.000	294.000
761.000	293.000
762.000	287.000
763.000	257.000
764.000	256.000
765.000	264.000
766.000	257.000
767.000	285.000
768.000	285.000
769.000	290.000
770.000	274.000
771.000	323.000
772.000	298.000
773.000	280.000
774.000	255.000
775.000	296.000
776.000	305.000
777.000	290.000
778.000	269.000
779.000	272.000
780.000	285.000
781.000	304.000
782.000	285.000
783.000	297.000
784.000	288.000
785.000	280.000
786.000	265.000
787.000	264.000
788.000	271.000
789.000	269.000
790.000	302.000
791.000	284.000
792.000	314.000
793.000	265.000
794.000	256.000
795.000	300.000
796.000	312.000
797.000	293.000
798.000	283.000
799.000	316.000
800.000	265.000
801.000	270.000
802.000	300.000
803.000	258.000
804.000	321.000
805.000	265.000
806.000	265.000
807.000	308.000
808.000	305.000
809.000	278.000
810.000	293.000
811.000	277.000
812.000	303.000
813.000	295.000
814.000	293.000
815.000	317.000
816.000	304.000
817.000	292.000
818.000	306.000
819.000	304.000
820.000	297.000
821.000	302.000
822.000	297.000
823.000	303.000
824.000	317.000
825.000	311.000
826.000	355.000
827.000	308.000
828.000	316.000
829.000	350.000
830.000	344.000
831.000	306.000
832.000	297.000
833.000	294.000
834.000	303.000
835.000	341.000
836.000	333.000
837.000	319.000
838.000	326.000
839.000	344.000
840.000	345.000
841.000	324.000
842.000	316.000
843.000	302.000
844.000	342.000
845.000	324.000
846.000	329.000
847.000	321.000
848.000	374.000
849.000	341.000
850.000	344.000
851.000	370.000
852.000	336.000
853.000	361.000
854.000	358.000
855.000	345.000
856.000	350.000
857.000	383.000
858.000	357.000
859.000	402.000
860.000	384.000
861.000	411.000
862.000	400.000
863.000	372.000
864.000	365.000
865.000	427.000
866.000	421.000
867.000	411.000
868.000	406.000
869.000	388.000
870.000	448.000
871.000	463.000
872.000	436.000
873.000	496.000
874.000	461.000
875.000	537.000
876.000	573.000
877.000	593.000
878.000	596.000
879.000	622.000
880.000	668.000
881.000	691.000
882.000	680.000
883.000	762.000
884.000	791.000
885.000	864.000
886.000	893.000
887.000	949.000
888.000	1052.000
889.000	1070.000
890.000	1140.000
891.000	1198.000
892.000	1226.000
893.000	1377.000
894.000	1358.000
895.000	1319.000
896.000	1499.000
897.000	1471.000
898.000	1498.000
899.000	1529.000
900.000	1597.000
901.000	1539.000
902.000	1516.000
903.000	1523.000
904.000	1515.000
905.000	1481.000
906.000	1437.000
907.000	1398.000
908.000	1381.000
909.000	1345.000
910.000	1216.000
911.000	1198.000
912.000	1125.000
913.000	1027.000
914.000	963.000
915.000	932.000
916.000	882.000
917.000	807.000
918.000	793.000
919.000	735.000
920.000	719.000
921.000	664.000
922.000	607.000
923.000	622.000
924.000	544.000
925.000	544.000
926.000	512.000
927.000	456.000
928.000	447.000
929.000	442.000
930.000	438.000
931.000	424.000
932.000	388.000
933.000	391.000
934.000	408.000
935.000	375.000
936.000	385.000
937.000	383.000
938.000	385.000
939.000	406.000
940.000	385.000
941.000	408.000
942.000	456.000
943.000	485.000
944.000	470.000
945.000	505.000
946.000	580.000
947.000	623.000
948.000	670.000
949.000	737.000
950.000	770.000
951.000	804.000
952.000	782.000
953.000	806.000
954.000	821.000
955.000	830.000
956.000	799.000
957.000	719.000
958.000	685.000
959.000	609.000
960.000	593.000
961.000	495.000
962.000	454.000
963.000	426.000
964.000	357.000
965.000	365.000
966.000	300.000
967.000	315.000
968.000	317.000
969.000	304.000
970.000	302.000
971.000	290.000
972.000	327.000
973.000	293.000
974.000	281.000
975.000	296.000
976.000	306.000
977.000	283.000
978.000	306.000
979.000	313.000
980.000	309.000
981.000	321.000
982.000	286.000
983.000	314.000
984.000	322.000
985.000	325.000
986.000	324.000
987.000	340.000
988.000	379.000
989.000	382.000
990.000	393.000
991.000	331.000
992.000	358.000
993.000	391.000
994.000	371.000
995.000	412.000
996.000	418.000
997.000	449.000
998.000	415.000
999.000	431.000
1000.000	449.000
1001.000	446.000
1002.000	466.000
1003.000	427.000
1004.000	502.000
1005.000	443.000
1006.000	474.000
1007.000	461.000
1008.000	423.000
1009.000	451.000
1010.000	426.000
1011.000	453.000
1012.000	392.000
1013.000	374.000
1014.000	406.000
1015.000	352.000
1016.000	372.000
1017.000	350.000
1018.000	407.000
1019.000	366.000
1020.000	343.000
1021.000	323.000
1022.000	304.000
1023.000	281.000
1024.000	266.000
