Date:	8/19/2008		Time:	9:35 AM		Version no:	0.00		Project name:	55		Sample name:	222		Section name:	section		Position	636.039995	mm	E0	0.000000	keV	E1	1.000000	keV/channel	sample surface	7.563774	cm	Tube anode:	Mo		Tube voltage:	30	kV	Tube current:	50	mA	gain	20		std. database			resultfile	result		matrix element	11		sample thickness	1.000000		air passage	0.560000	cm	comments	not in position		peaking_time	3.000000	m-sec	trigger_threshold	1229.166667	V	mca_bin_width	22.090000	no:	number_mca_channels	1024.000000	no:	gap_time	0.400000	m-sec	trigger_peaking_time	0.150000	m-sec	GAINDAC	9455		HIGHGAIN	1		TAURC	0		RCTAU	53		RCTAUFRAC	32768		livetime	9.699771	seconds	runtime	10.000502	seconds	input_count_rate	28.283863	cps	output_count_rate	21.588415	cps	triggers	274347	seconds	events_in_run	215895	seconds	channel	content		1.000	0.000
2.000	0.000
3.000	0.000
4.000	0.000
5.000	0.000
6.000	0.000
7.000	0.000
8.000	0.000
9.000	0.000
10.000	0.000
11.000	0.000
12.000	0.000
13.000	0.000
14.000	0.000
15.000	0.000
16.000	0.000
17.000	0.000
18.000	0.000
19.000	0.000
20.000	0.000
21.000	0.000
22.000	0.000
23.000	0.000
24.000	0.000
25.000	0.000
26.000	0.000
27.000	0.000
28.000	0.000
29.000	0.000
30.000	0.000
31.000	0.000
32.000	2.000
33.000	1.000
34.000	1.000
35.000	1.000
36.000	3.000
37.000	4.000
38.000	2.000
39.000	3.000
40.000	5.000
41.000	4.000
42.000	9.000
43.000	6.000
44.000	6.000
45.000	5.000
46.000	7.000
47.000	5.000
48.000	6.000
49.000	11.000
50.000	9.000
51.000	6.000
52.000	10.000
53.000	10.000
54.000	9.000
55.000	10.000
56.000	3.000
57.000	13.000
58.000	14.000
59.000	8.000
60.000	10.000
61.000	12.000
62.000	9.000
63.000	8.000
64.000	9.000
65.000	11.000
66.000	17.000
67.000	10.000
68.000	8.000
69.000	12.000
70.000	9.000
71.000	15.000
72.000	11.000
73.000	8.000
74.000	12.000
75.000	8.000
76.000	12.000
77.000	8.000
78.000	14.000
79.000	11.000
80.000	9.000
81.000	6.000
82.000	8.000
83.000	5.000
84.000	11.000
85.000	11.000
86.000	12.000
87.000	6.000
88.000	11.000
89.000	12.000
90.000	5.000
91.000	15.000
92.000	10.000
93.000	8.000
94.000	8.000
95.000	10.000
96.000	11.000
97.000	9.000
98.000	3.000
99.000	5.000
100.000	8.000
101.000	9.000
102.000	7.000
103.000	5.000
104.000	14.000
105.000	5.000
106.000	8.000
107.000	12.000
108.000	9.000
109.000	7.000
110.000	6.000
111.000	13.000
112.000	3.000
113.000	8.000
114.000	4.000
115.000	7.000
116.000	8.000
117.000	7.000
118.000	1.000
119.000	4.000
120.000	10.000
121.000	3.000
122.000	8.000
123.000	11.000
124.000	11.000
125.000	5.000
126.000	12.000
127.000	14.000
128.000	3.000
129.000	10.000
130.000	8.000
131.000	9.000
132.000	6.000
133.000	4.000
134.000	2.000
135.000	8.000
136.000	14.000
137.000	2.000
138.000	0.000
139.000	3.000
140.000	6.000
141.000	4.000
142.000	3.000
143.000	3.000
144.000	5.000
145.000	4.000
146.000	6.000
147.000	9.000
148.000	5.000
149.000	6.000
150.000	2.000
151.000	3.000
152.000	10.000
153.000	5.000
154.000	6.000
155.000	4.000
156.000	3.000
157.000	2.000
158.000	7.000
159.000	3.000
160.000	12.000
161.000	11.000
162.000	5.000
163.000	7.000
164.000	12.000
165.000	7.000
166.000	3.000
167.000	11.000
168.000	4.000
169.000	4.000
170.000	5.000
171.000	6.000
172.000	4.000
173.000	7.000
174.000	4.000
175.000	6.000
176.000	3.000
177.000	6.000
178.000	8.000
179.000	5.000
180.000	4.000
181.000	5.000
182.000	8.000
183.000	8.000
184.000	3.000
185.000	4.000
186.000	2.000
187.000	4.000
188.000	4.000
189.000	5.000
190.000	0.000
191.000	5.000
192.000	4.000
193.000	2.000
194.000	7.000
195.000	2.000
196.000	10.000
197.000	7.000
198.000	9.000
199.000	15.000
200.000	14.000
201.000	20.000
202.000	22.000
203.000	24.000
204.000	28.000
205.000	13.000
206.000	12.000
207.000	11.000
208.000	10.000
209.000	10.000
210.000	4.000
211.000	3.000
212.000	4.000
213.000	1.000
214.000	7.000
215.000	6.000
216.000	4.000
217.000	7.000
218.000	2.000
219.000	0.000
220.000	8.000
221.000	12.000
222.000	3.000
223.000	3.000
224.000	6.000
225.000	2.000
226.000	5.000
227.000	5.000
228.000	3.000
229.000	2.000
230.000	5.000
231.000	4.000
232.000	1.000
233.000	3.000
234.000	4.000
235.000	2.000
236.000	1.000
237.000	4.000
238.000	6.000
239.000	3.000
240.000	7.000
241.000	5.000
242.000	4.000
243.000	3.000
244.000	5.000
245.000	12.000
246.000	7.000
247.000	6.000
248.000	10.000
249.000	9.000
250.000	10.000
251.000	8.000
252.000	8.000
253.000	5.000
254.000	7.000
255.000	6.000
256.000	4.000
257.000	6.000
258.000	7.000
259.000	5.000
260.000	4.000
261.000	1.000
262.000	5.000
263.000	4.000
264.000	2.000
265.000	2.000
266.000	5.000
267.000	1.000
268.000	10.000
269.000	5.000
270.000	8.000
271.000	4.000
272.000	6.000
273.000	8.000
274.000	10.000
275.000	10.000
276.000	9.000
277.000	12.000
278.000	6.000
279.000	5.000
280.000	5.000
281.000	3.000
282.000	2.000
283.000	2.000
284.000	7.000
285.000	4.000
286.000	8.000
287.000	7.000
288.000	6.000
289.000	3.000
290.000	9.000
291.000	9.000
292.000	10.000
293.000	8.000
294.000	7.000
295.000	8.000
296.000	4.000
297.000	4.000
298.000	8.000
299.000	10.000
300.000	9.000
301.000	6.000
302.000	8.000
303.000	7.000
304.000	7.000
305.000	5.000
306.000	9.000
307.000	6.000
308.000	8.000
309.000	5.000
310.000	3.000
311.000	5.000
312.000	12.000
313.000	8.000
314.000	3.000
315.000	7.000
316.000	8.000
317.000	10.000
318.000	21.000
319.000	35.000
320.000	30.000
321.000	41.000
322.000	62.000
323.000	53.000
324.000	47.000
325.000	36.000
326.000	37.000
327.000	32.000
328.000	20.000
329.000	19.000
330.000	14.000
331.000	10.000
332.000	10.000
333.000	8.000
334.000	15.000
335.000	8.000
336.000	8.000
337.000	15.000
338.000	15.000
339.000	12.000
340.000	27.000
341.000	35.000
342.000	45.000
343.000	60.000
344.000	122.000
345.000	202.000
346.000	269.000
347.000	343.000
348.000	441.000
349.000	512.000
350.000	615.000
351.000	575.000
352.000	599.000
353.000	472.000
354.000	352.000
355.000	274.000
356.000	178.000
357.000	130.000
358.000	77.000
359.000	45.000
360.000	40.000
361.000	26.000
362.000	20.000
363.000	16.000
364.000	17.000
365.000	19.000
366.000	18.000
367.000	19.000
368.000	16.000
369.000	17.000
370.000	15.000
371.000	21.000
372.000	25.000
373.000	20.000
374.000	17.000
375.000	28.000
376.000	15.000
377.000	18.000
378.000	25.000
379.000	30.000
380.000	44.000
381.000	52.000
382.000	70.000
383.000	68.000
384.000	89.000
385.000	114.000
386.000	112.000
387.000	97.000
388.000	104.000
389.000	81.000
390.000	74.000
391.000	51.000
392.000	44.000
393.000	34.000
394.000	31.000
395.000	15.000
396.000	17.000
397.000	26.000
398.000	15.000
399.000	24.000
400.000	17.000
401.000	23.000
402.000	15.000
403.000	21.000
404.000	20.000
405.000	19.000
406.000	14.000
407.000	28.000
408.000	29.000
409.000	23.000
410.000	19.000
411.000	23.000
412.000	28.000
413.000	20.000
414.000	35.000
415.000	29.000
416.000	24.000
417.000	26.000
418.000	26.000
419.000	30.000
420.000	20.000
421.000	29.000
422.000	24.000
423.000	24.000
424.000	31.000
425.000	30.000
426.000	28.000
427.000	33.000
428.000	32.000
429.000	33.000
430.000	24.000
431.000	32.000
432.000	31.000
433.000	28.000
434.000	36.000
435.000	32.000
436.000	25.000
437.000	37.000
438.000	30.000
439.000	38.000
440.000	25.000
441.000	36.000
442.000	44.000
443.000	39.000
444.000	45.000
445.000	26.000
446.000	29.000
447.000	31.000
448.000	40.000
449.000	34.000
450.000	36.000
451.000	39.000
452.000	40.000
453.000	34.000
454.000	40.000
455.000	30.000
456.000	43.000
457.000	40.000
458.000	40.000
459.000	31.000
460.000	51.000
461.000	49.000
462.000	39.000
463.000	40.000
464.000	45.000
465.000	41.000
466.000	49.000
467.000	35.000
468.000	51.000
469.000	54.000
470.000	48.000
471.000	41.000
472.000	63.000
473.000	35.000
474.000	52.000
475.000	51.000
476.000	42.000
477.000	43.000
478.000	59.000
479.000	57.000
480.000	49.000
481.000	56.000
482.000	52.000
483.000	55.000
484.000	52.000
485.000	51.000
486.000	56.000
487.000	42.000
488.000	54.000
489.000	47.000
490.000	45.000
491.000	36.000
492.000	54.000
493.000	53.000
494.000	59.000
495.000	46.000
496.000	75.000
497.000	54.000
498.000	58.000
499.000	55.000
500.000	47.000
501.000	41.000
502.000	47.000
503.000	63.000
504.000	59.000
505.000	59.000
506.000	54.000
507.000	67.000
508.000	55.000
509.000	65.000
510.000	58.000
511.000	55.000
512.000	61.000
513.000	74.000
514.000	77.000
515.000	88.000
516.000	68.000
517.000	74.000
518.000	73.000
519.000	64.000
520.000	64.000
521.000	71.000
522.000	51.000
523.000	66.000
524.000	101.000
525.000	82.000
526.000	67.000
527.000	64.000
528.000	56.000
529.000	76.000
530.000	89.000
531.000	89.000
532.000	83.000
533.000	72.000
534.000	74.000
535.000	88.000
536.000	97.000
537.000	83.000
538.000	111.000
539.000	93.000
540.000	95.000
541.000	77.000
542.000	64.000
543.000	87.000
544.000	87.000
545.000	74.000
546.000	101.000
547.000	71.000
548.000	88.000
549.000	74.000
550.000	88.000
551.000	93.000
552.000	81.000
553.000	89.000
554.000	81.000
555.000	117.000
556.000	71.000
557.000	100.000
558.000	96.000
559.000	104.000
560.000	103.000
561.000	103.000
562.000	90.000
563.000	93.000
564.000	120.000
565.000	95.000
566.000	100.000
567.000	115.000
568.000	94.000
569.000	92.000
570.000	101.000
571.000	109.000
572.000	90.000
573.000	116.000
574.000	122.000
575.000	103.000
576.000	109.000
577.000	105.000
578.000	105.000
579.000	123.000
580.000	118.000
581.000	124.000
582.000	122.000
583.000	106.000
584.000	114.000
585.000	130.000
586.000	121.000
587.000	131.000
588.000	123.000
589.000	126.000
590.000	121.000
591.000	95.000
592.000	113.000
593.000	131.000
594.000	127.000
595.000	118.000
596.000	130.000
597.000	125.000
598.000	127.000
599.000	140.000
600.000	131.000
601.000	112.000
602.000	121.000
603.000	125.000
604.000	130.000
605.000	124.000
606.000	135.000
607.000	136.000
608.000	122.000
609.000	146.000
610.000	122.000
611.000	142.000
612.000	129.000
613.000	143.000
614.000	139.000
615.000	134.000
616.000	144.000
617.000	137.000
618.000	141.000
619.000	139.000
620.000	141.000
621.000	106.000
622.000	145.000
623.000	132.000
624.000	139.000
625.000	131.000
626.000	140.000
627.000	160.000
628.000	158.000
629.000	160.000
630.000	163.000
631.000	140.000
632.000	137.000
633.000	150.000
634.000	166.000
635.000	168.000
636.000	167.000
637.000	185.000
638.000	158.000
639.000	148.000
640.000	170.000
641.000	173.000
642.000	142.000
643.000	184.000
644.000	160.000
645.000	144.000
646.000	168.000
647.000	180.000
648.000	193.000
649.000	170.000
650.000	170.000
651.000	199.000
652.000	186.000
653.000	200.000
654.000	189.000
655.000	178.000
656.000	191.000
657.000	203.000
658.000	156.000
659.000	177.000
660.000	195.000
661.000	192.000
662.000	162.000
663.000	164.000
664.000	197.000
665.000	186.000
666.000	186.000
667.000	192.000
668.000	156.000
669.000	162.000
670.000	196.000
671.000	164.000
672.000	193.000
673.000	174.000
674.000	195.000
675.000	212.000
676.000	185.000
677.000	208.000
678.000	207.000
679.000	213.000
680.000	196.000
681.000	171.000
682.000	164.000
683.000	206.000
684.000	220.000
685.000	192.000
686.000	193.000
687.000	188.000
688.000	191.000
689.000	194.000
690.000	209.000
691.000	202.000
692.000	206.000
693.000	214.000
694.000	220.000
695.000	224.000
696.000	215.000
697.000	205.000
698.000	212.000
699.000	188.000
700.000	191.000
701.000	193.000
702.000	223.000
703.000	203.000
704.000	195.000
705.000	219.000
706.000	233.000
707.000	233.000
708.000	203.000
709.000	210.000
710.000	220.000
711.000	228.000
712.000	217.000
713.000	242.000
714.000	220.000
715.000	201.000
716.000	223.000
717.000	210.000
718.000	221.000
719.000	235.000
720.000	227.000
721.000	206.000
722.000	214.000
723.000	228.000
724.000	220.000
725.000	238.000
726.000	226.000
727.000	240.000
728.000	255.000
729.000	244.000
730.000	209.000
731.000	222.000
732.000	214.000
733.000	225.000
734.000	265.000
735.000	241.000
736.000	256.000
737.000	257.000
738.000	213.000
739.000	258.000
740.000	228.000
741.000	244.000
742.000	264.000
743.000	243.000
744.000	236.000
745.000	220.000
746.000	255.000
747.000	251.000
748.000	271.000
749.000	248.000
750.000	234.000
751.000	248.000
752.000	239.000
753.000	233.000
754.000	247.000
755.000	245.000
756.000	242.000
757.000	255.000
758.000	238.000
759.000	263.000
760.000	256.000
761.000	256.000
762.000	232.000
763.000	251.000
764.000	285.000
765.000	277.000
766.000	267.000
767.000	275.000
768.000	277.000
769.000	263.000
770.000	281.000
771.000	283.000
772.000	270.000
773.000	286.000
774.000	276.000
775.000	259.000
776.000	283.000
777.000	252.000
778.000	258.000
779.000	294.000
780.000	290.000
781.000	251.000
782.000	265.000
783.000	282.000
784.000	274.000
785.000	262.000
786.000	229.000
787.000	271.000
788.000	273.000
789.000	249.000
790.000	262.000
791.000	263.000
792.000	275.000
793.000	262.000
794.000	298.000
795.000	235.000
796.000	294.000
797.000	262.000
798.000	270.000
799.000	297.000
800.000	257.000
801.000	281.000
802.000	286.000
803.000	301.000
804.000	251.000
805.000	296.000
806.000	309.000
807.000	286.000
808.000	315.000
809.000	299.000
810.000	270.000
811.000	272.000
812.000	297.000
813.000	274.000
814.000	304.000
815.000	294.000
816.000	314.000
817.000	272.000
818.000	297.000
819.000	284.000
820.000	296.000
821.000	299.000
822.000	306.000
823.000	324.000
824.000	284.000
825.000	327.000
826.000	278.000
827.000	269.000
828.000	306.000
829.000	307.000
830.000	300.000
831.000	284.000
832.000	295.000
833.000	304.000
834.000	312.000
835.000	292.000
836.000	283.000
837.000	307.000
838.000	271.000
839.000	316.000
840.000	321.000
841.000	300.000
842.000	326.000
843.000	342.000
844.000	333.000
845.000	318.000
846.000	312.000
847.000	322.000
848.000	345.000
849.000	320.000
850.000	283.000
851.000	324.000
852.000	322.000
853.000	342.000
854.000	353.000
855.000	342.000
856.000	352.000
857.000	373.000
858.000	390.000
859.000	380.000
860.000	388.000
861.000	377.000
862.000	373.000
863.000	422.000
864.000	396.000
865.000	376.000
866.000	410.000
867.000	430.000
868.000	455.000
869.000	406.000
870.000	427.000
871.000	450.000
872.000	461.000
873.000	454.000
874.000	502.000
875.000	497.000
876.000	547.000
877.000	563.000
878.000	569.000
879.000	574.000
880.000	661.000
881.000	688.000
882.000	714.000
883.000	787.000
884.000	802.000
885.000	832.000
886.000	936.000
887.000	910.000
888.000	1057.000
889.000	1091.000
890.000	1174.000
891.000	1144.000
892.000	1247.000
893.000	1279.000
894.000	1429.000
895.000	1448.000
896.000	1538.000
897.000	1484.000
898.000	1528.000
899.000	1485.000
900.000	1494.000
901.000	1528.000
902.000	1425.000
903.000	1473.000
904.000	1416.000
905.000	1320.000
906.000	1327.000
907.000	1320.000
908.000	1253.000
909.000	1228.000
910.000	1171.000
911.000	1148.000
912.000	1046.000
913.000	975.000
914.000	1004.000
915.000	915.000
916.000	869.000
917.000	770.000
918.000	737.000
919.000	727.000
920.000	632.000
921.000	651.000
922.000	565.000
923.000	571.000
924.000	573.000
925.000	507.000
926.000	460.000
927.000	468.000
928.000	430.000
929.000	405.000
930.000	393.000
931.000	399.000
932.000	379.000
933.000	317.000
934.000	348.000
935.000	362.000
936.000	368.000
937.000	371.000
938.000	368.000
939.000	362.000
940.000	393.000
941.000	425.000
942.000	426.000
943.000	441.000
944.000	448.000
945.000	524.000
946.000	555.000
947.000	660.000
948.000	646.000
949.000	681.000
950.000	683.000
951.000	742.000
952.000	805.000
953.000	817.000
954.000	854.000
955.000	795.000
956.000	746.000
957.000	736.000
958.000	652.000
959.000	605.000
960.000	548.000
961.000	502.000
962.000	415.000
963.000	429.000
964.000	368.000
965.000	379.000
966.000	322.000
967.000	318.000
968.000	290.000
969.000	291.000
970.000	292.000
971.000	274.000
972.000	297.000
973.000	275.000
974.000	278.000
975.000	307.000
976.000	288.000
977.000	296.000
978.000	314.000
979.000	301.000
980.000	310.000
981.000	301.000
982.000	329.000
983.000	307.000
984.000	338.000
985.000	355.000
986.000	334.000
987.000	326.000
988.000	316.000
989.000	372.000
990.000	336.000
991.000	362.000
992.000	368.000
993.000	395.000
994.000	426.000
995.000	393.000
996.000	407.000
997.000	408.000
998.000	403.000
999.000	428.000
1000.000	434.000
1001.000	384.000
1002.000	432.000
1003.000	468.000
1004.000	412.000
1005.000	462.000
1006.000	469.000
1007.000	444.000
1008.000	429.000
1009.000	401.000
1010.000	408.000
1011.000	436.000
1012.000	401.000
1013.000	384.000
1014.000	365.000
1015.000	353.000
1016.000	342.000
1017.000	350.000
1018.000	358.000
1019.000	337.000
1020.000	320.000
1021.000	294.000
1022.000	284.000
1023.000	306.000
1024.000	263.000
