Date:	8/19/2008		Time:	9:16 AM		Version no:	0.00		Project name:	55		Sample name:	222		Section name:	section		Position	430.039995	mm	E0	0.000000	keV	E1	1.000000	keV/channel	sample surface	7.658314	cm	Tube anode:	Mo		Tube voltage:	30	kV	Tube current:	50	mA	gain	20		std. database			resultfile	result		matrix element	11		sample thickness	1.000000		air passage	0.560000	cm	comments	not in position		peaking_time	3.000000	m-sec	trigger_threshold	1229.166667	V	mca_bin_width	22.090000	no:	number_mca_channels	1024.000000	no:	gap_time	0.400000	m-sec	trigger_peaking_time	0.150000	m-sec	GAINDAC	9455		HIGHGAIN	1		TAURC	0		RCTAU	53		RCTAUFRAC	32768		livetime	9.704042	seconds	runtime	10.000502	seconds	input_count_rate	28.289759	cps	output_count_rate	21.648812	cps	triggers	274525	seconds	events_in_run	216499	seconds	channel	content		1.000	0.000
2.000	0.000
3.000	0.000
4.000	0.000
5.000	0.000
6.000	0.000
7.000	0.000
8.000	0.000
9.000	0.000
10.000	0.000
11.000	0.000
12.000	0.000
13.000	0.000
14.000	0.000
15.000	0.000
16.000	0.000
17.000	0.000
18.000	0.000
19.000	0.000
20.000	0.000
21.000	0.000
22.000	0.000
23.000	0.000
24.000	0.000
25.000	0.000
26.000	0.000
27.000	0.000
28.000	0.000
29.000	0.000
30.000	0.000
31.000	1.000
32.000	1.000
33.000	0.000
34.000	1.000
35.000	2.000
36.000	1.000
37.000	0.000
38.000	1.000
39.000	2.000
40.000	2.000
41.000	2.000
42.000	3.000
43.000	8.000
44.000	4.000
45.000	6.000
46.000	9.000
47.000	5.000
48.000	5.000
49.000	14.000
50.000	6.000
51.000	10.000
52.000	6.000
53.000	7.000
54.000	12.000
55.000	7.000
56.000	9.000
57.000	12.000
58.000	11.000
59.000	12.000
60.000	10.000
61.000	6.000
62.000	10.000
63.000	15.000
64.000	14.000
65.000	9.000
66.000	6.000
67.000	9.000
68.000	7.000
69.000	11.000
70.000	7.000
71.000	15.000
72.000	12.000
73.000	9.000
74.000	10.000
75.000	9.000
76.000	6.000
77.000	6.000
78.000	4.000
79.000	10.000
80.000	15.000
81.000	6.000
82.000	9.000
83.000	7.000
84.000	9.000
85.000	9.000
86.000	9.000
87.000	7.000
88.000	10.000
89.000	9.000
90.000	6.000
91.000	7.000
92.000	10.000
93.000	8.000
94.000	4.000
95.000	4.000
96.000	6.000
97.000	7.000
98.000	6.000
99.000	4.000
100.000	7.000
101.000	6.000
102.000	6.000
103.000	8.000
104.000	6.000
105.000	8.000
106.000	10.000
107.000	5.000
108.000	3.000
109.000	9.000
110.000	6.000
111.000	12.000
112.000	3.000
113.000	10.000
114.000	12.000
115.000	3.000
116.000	4.000
117.000	7.000
118.000	8.000
119.000	5.000
120.000	3.000
121.000	8.000
122.000	7.000
123.000	3.000
124.000	6.000
125.000	6.000
126.000	12.000
127.000	8.000
128.000	15.000
129.000	9.000
130.000	6.000
131.000	5.000
132.000	6.000
133.000	9.000
134.000	5.000
135.000	10.000
136.000	2.000
137.000	4.000
138.000	3.000
139.000	5.000
140.000	5.000
141.000	4.000
142.000	4.000
143.000	5.000
144.000	7.000
145.000	5.000
146.000	4.000
147.000	1.000
148.000	4.000
149.000	4.000
150.000	5.000
151.000	6.000
152.000	2.000
153.000	4.000
154.000	8.000
155.000	5.000
156.000	5.000
157.000	4.000
158.000	4.000
159.000	5.000
160.000	9.000
161.000	7.000
162.000	13.000
163.000	15.000
164.000	12.000
165.000	9.000
166.000	10.000
167.000	2.000
168.000	1.000
169.000	1.000
170.000	5.000
171.000	5.000
172.000	4.000
173.000	6.000
174.000	7.000
175.000	3.000
176.000	7.000
177.000	4.000
178.000	8.000
179.000	2.000
180.000	4.000
181.000	8.000
182.000	10.000
183.000	9.000
184.000	8.000
185.000	5.000
186.000	4.000
187.000	2.000
188.000	3.000
189.000	6.000
190.000	8.000
191.000	2.000
192.000	1.000
193.000	0.000
194.000	6.000
195.000	4.000
196.000	11.000
197.000	8.000
198.000	14.000
199.000	13.000
200.000	23.000
201.000	22.000
202.000	32.000
203.000	32.000
204.000	26.000
205.000	18.000
206.000	19.000
207.000	9.000
208.000	11.000
209.000	6.000
210.000	7.000
211.000	2.000
212.000	4.000
213.000	1.000
214.000	1.000
215.000	7.000
216.000	2.000
217.000	4.000
218.000	8.000
219.000	7.000
220.000	9.000
221.000	10.000
222.000	13.000
223.000	3.000
224.000	3.000
225.000	10.000
226.000	2.000
227.000	5.000
228.000	4.000
229.000	2.000
230.000	3.000
231.000	2.000
232.000	6.000
233.000	3.000
234.000	4.000
235.000	2.000
236.000	3.000
237.000	6.000
238.000	2.000
239.000	1.000
240.000	5.000
241.000	7.000
242.000	5.000
243.000	7.000
244.000	12.000
245.000	5.000
246.000	11.000
247.000	7.000
248.000	12.000
249.000	8.000
250.000	8.000
251.000	7.000
252.000	4.000
253.000	8.000
254.000	12.000
255.000	4.000
256.000	7.000
257.000	8.000
258.000	6.000
259.000	4.000
260.000	4.000
261.000	4.000
262.000	4.000
263.000	3.000
264.000	6.000
265.000	1.000
266.000	2.000
267.000	6.000
268.000	3.000
269.000	5.000
270.000	12.000
271.000	6.000
272.000	5.000
273.000	7.000
274.000	2.000
275.000	1.000
276.000	8.000
277.000	7.000
278.000	4.000
279.000	12.000
280.000	6.000
281.000	4.000
282.000	3.000
283.000	3.000
284.000	6.000
285.000	7.000
286.000	9.000
287.000	4.000
288.000	2.000
289.000	3.000
290.000	10.000
291.000	4.000
292.000	4.000
293.000	7.000
294.000	3.000
295.000	3.000
296.000	7.000
297.000	3.000
298.000	7.000
299.000	6.000
300.000	10.000
301.000	6.000
302.000	6.000
303.000	5.000
304.000	7.000
305.000	7.000
306.000	11.000
307.000	3.000
308.000	4.000
309.000	8.000
310.000	7.000
311.000	10.000
312.000	9.000
313.000	6.000
314.000	9.000
315.000	13.000
316.000	14.000
317.000	18.000
318.000	26.000
319.000	14.000
320.000	30.000
321.000	43.000
322.000	37.000
323.000	44.000
324.000	40.000
325.000	40.000
326.000	37.000
327.000	31.000
328.000	21.000
329.000	24.000
330.000	10.000
331.000	8.000
332.000	11.000
333.000	13.000
334.000	13.000
335.000	16.000
336.000	11.000
337.000	15.000
338.000	13.000
339.000	13.000
340.000	18.000
341.000	17.000
342.000	51.000
343.000	81.000
344.000	107.000
345.000	177.000
346.000	272.000
347.000	367.000
348.000	427.000
349.000	574.000
350.000	618.000
351.000	606.000
352.000	586.000
353.000	527.000
354.000	390.000
355.000	286.000
356.000	188.000
357.000	135.000
358.000	107.000
359.000	41.000
360.000	23.000
361.000	28.000
362.000	14.000
363.000	12.000
364.000	17.000
365.000	9.000
366.000	13.000
367.000	17.000
368.000	12.000
369.000	15.000
370.000	16.000
371.000	15.000
372.000	19.000
373.000	13.000
374.000	12.000
375.000	22.000
376.000	20.000
377.000	25.000
378.000	27.000
379.000	39.000
380.000	41.000
381.000	55.000
382.000	77.000
383.000	82.000
384.000	102.000
385.000	106.000
386.000	111.000
387.000	119.000
388.000	107.000
389.000	103.000
390.000	74.000
391.000	63.000
392.000	45.000
393.000	33.000
394.000	30.000
395.000	22.000
396.000	22.000
397.000	24.000
398.000	23.000
399.000	20.000
400.000	19.000
401.000	19.000
402.000	16.000
403.000	22.000
404.000	19.000
405.000	21.000
406.000	26.000
407.000	23.000
408.000	12.000
409.000	26.000
410.000	27.000
411.000	22.000
412.000	18.000
413.000	26.000
414.000	12.000
415.000	22.000
416.000	24.000
417.000	25.000
418.000	21.000
419.000	26.000
420.000	25.000
421.000	24.000
422.000	26.000
423.000	29.000
424.000	27.000
425.000	20.000
426.000	26.000
427.000	24.000
428.000	28.000
429.000	21.000
430.000	27.000
431.000	19.000
432.000	26.000
433.000	35.000
434.000	37.000
435.000	24.000
436.000	29.000
437.000	31.000
438.000	30.000
439.000	32.000
440.000	31.000
441.000	32.000
442.000	38.000
443.000	36.000
444.000	40.000
445.000	39.000
446.000	32.000
447.000	32.000
448.000	37.000
449.000	41.000
450.000	42.000
451.000	37.000
452.000	37.000
453.000	33.000
454.000	42.000
455.000	33.000
456.000	43.000
457.000	44.000
458.000	46.000
459.000	43.000
460.000	42.000
461.000	48.000
462.000	45.000
463.000	47.000
464.000	38.000
465.000	41.000
466.000	32.000
467.000	33.000
468.000	31.000
469.000	42.000
470.000	47.000
471.000	43.000
472.000	50.000
473.000	45.000
474.000	44.000
475.000	51.000
476.000	40.000
477.000	40.000
478.000	48.000
479.000	33.000
480.000	43.000
481.000	52.000
482.000	42.000
483.000	51.000
484.000	46.000
485.000	60.000
486.000	54.000
487.000	47.000
488.000	55.000
489.000	42.000
490.000	57.000
491.000	60.000
492.000	59.000
493.000	58.000
494.000	51.000
495.000	65.000
496.000	50.000
497.000	52.000
498.000	56.000
499.000	56.000
500.000	54.000
501.000	53.000
502.000	58.000
503.000	52.000
504.000	55.000
505.000	55.000
506.000	73.000
507.000	45.000
508.000	70.000
509.000	64.000
510.000	52.000
511.000	58.000
512.000	63.000
513.000	65.000
514.000	68.000
515.000	71.000
516.000	73.000
517.000	61.000
518.000	59.000
519.000	75.000
520.000	79.000
521.000	64.000
522.000	79.000
523.000	66.000
524.000	75.000
525.000	77.000
526.000	63.000
527.000	82.000
528.000	80.000
529.000	72.000
530.000	83.000
531.000	58.000
532.000	76.000
533.000	76.000
534.000	83.000
535.000	75.000
536.000	78.000
537.000	67.000
538.000	79.000
539.000	87.000
540.000	69.000
541.000	90.000
542.000	70.000
543.000	88.000
544.000	101.000
545.000	88.000
546.000	78.000
547.000	73.000
548.000	74.000
549.000	91.000
550.000	83.000
551.000	113.000
552.000	91.000
553.000	74.000
554.000	85.000
555.000	91.000
556.000	75.000
557.000	92.000
558.000	92.000
559.000	107.000
560.000	104.000
561.000	92.000
562.000	87.000
563.000	78.000
564.000	95.000
565.000	81.000
566.000	101.000
567.000	91.000
568.000	101.000
569.000	114.000
570.000	92.000
571.000	98.000
572.000	98.000
573.000	105.000
574.000	106.000
575.000	129.000
576.000	122.000
577.000	121.000
578.000	107.000
579.000	105.000
580.000	98.000
581.000	126.000
582.000	119.000
583.000	122.000
584.000	103.000
585.000	103.000
586.000	109.000
587.000	116.000
588.000	102.000
589.000	97.000
590.000	127.000
591.000	124.000
592.000	108.000
593.000	139.000
594.000	102.000
595.000	127.000
596.000	127.000
597.000	113.000
598.000	105.000
599.000	111.000
600.000	133.000
601.000	133.000
602.000	132.000
603.000	116.000
604.000	149.000
605.000	126.000
606.000	120.000
607.000	136.000
608.000	120.000
609.000	140.000
610.000	128.000
611.000	141.000
612.000	130.000
613.000	134.000
614.000	148.000
615.000	121.000
616.000	142.000
617.000	161.000
618.000	151.000
619.000	169.000
620.000	108.000
621.000	122.000
622.000	135.000
623.000	133.000
624.000	127.000
625.000	155.000
626.000	130.000
627.000	161.000
628.000	147.000
629.000	143.000
630.000	143.000
631.000	152.000
632.000	169.000
633.000	174.000
634.000	160.000
635.000	145.000
636.000	162.000
637.000	156.000
638.000	175.000
639.000	153.000
640.000	165.000
641.000	182.000
642.000	182.000
643.000	146.000
644.000	158.000
645.000	146.000
646.000	155.000
647.000	178.000
648.000	198.000
649.000	187.000
650.000	203.000
651.000	167.000
652.000	169.000
653.000	177.000
654.000	200.000
655.000	191.000
656.000	179.000
657.000	186.000
658.000	164.000
659.000	173.000
660.000	175.000
661.000	150.000
662.000	205.000
663.000	164.000
664.000	159.000
665.000	209.000
666.000	179.000
667.000	175.000
668.000	185.000
669.000	191.000
670.000	179.000
671.000	180.000
672.000	150.000
673.000	167.000
674.000	195.000
675.000	197.000
676.000	199.000
677.000	205.000
678.000	171.000
679.000	171.000
680.000	195.000
681.000	170.000
682.000	189.000
683.000	207.000
684.000	192.000
685.000	187.000
686.000	227.000
687.000	197.000
688.000	207.000
689.000	201.000
690.000	207.000
691.000	190.000
692.000	206.000
693.000	200.000
694.000	190.000
695.000	180.000
696.000	209.000
697.000	219.000
698.000	199.000
699.000	216.000
700.000	197.000
701.000	217.000
702.000	204.000
703.000	200.000
704.000	219.000
705.000	240.000
706.000	220.000
707.000	222.000
708.000	201.000
709.000	207.000
710.000	233.000
711.000	207.000
712.000	213.000
713.000	204.000
714.000	236.000
715.000	232.000
716.000	180.000
717.000	230.000
718.000	244.000
719.000	227.000
720.000	233.000
721.000	257.000
722.000	243.000
723.000	230.000
724.000	231.000
725.000	218.000
726.000	246.000
727.000	249.000
728.000	217.000
729.000	217.000
730.000	216.000
731.000	273.000
732.000	250.000
733.000	251.000
734.000	245.000
735.000	254.000
736.000	234.000
737.000	271.000
738.000	257.000
739.000	240.000
740.000	212.000
741.000	256.000
742.000	253.000
743.000	261.000
744.000	246.000
745.000	257.000
746.000	252.000
747.000	240.000
748.000	251.000
749.000	259.000
750.000	243.000
751.000	253.000
752.000	255.000
753.000	247.000
754.000	221.000
755.000	252.000
756.000	245.000
757.000	260.000
758.000	262.000
759.000	268.000
760.000	233.000
761.000	247.000
762.000	265.000
763.000	262.000
764.000	264.000
765.000	247.000
766.000	277.000
767.000	276.000
768.000	310.000
769.000	273.000
770.000	263.000
771.000	291.000
772.000	280.000
773.000	296.000
774.000	283.000
775.000	269.000
776.000	329.000
777.000	270.000
778.000	275.000
779.000	285.000
780.000	304.000
781.000	249.000
782.000	259.000
783.000	293.000
784.000	253.000
785.000	275.000
786.000	296.000
787.000	237.000
788.000	298.000
789.000	288.000
790.000	286.000
791.000	263.000
792.000	287.000
793.000	254.000
794.000	266.000
795.000	281.000
796.000	274.000
797.000	263.000
798.000	273.000
799.000	276.000
800.000	283.000
801.000	259.000
802.000	271.000
803.000	279.000
804.000	273.000
805.000	311.000
806.000	230.000
807.000	266.000
808.000	300.000
809.000	257.000
810.000	269.000
811.000	289.000
812.000	291.000
813.000	273.000
814.000	296.000
815.000	282.000
816.000	307.000
817.000	277.000
818.000	280.000
819.000	311.000
820.000	277.000
821.000	312.000
822.000	288.000
823.000	280.000
824.000	274.000
825.000	296.000
826.000	306.000
827.000	317.000
828.000	317.000
829.000	281.000
830.000	290.000
831.000	308.000
832.000	302.000
833.000	298.000
834.000	297.000
835.000	278.000
836.000	275.000
837.000	290.000
838.000	302.000
839.000	343.000
840.000	319.000
841.000	331.000
842.000	335.000
843.000	326.000
844.000	351.000
845.000	362.000
846.000	356.000
847.000	303.000
848.000	354.000
849.000	338.000
850.000	341.000
851.000	362.000
852.000	360.000
853.000	345.000
854.000	331.000
855.000	350.000
856.000	375.000
857.000	363.000
858.000	340.000
859.000	387.000
860.000	325.000
861.000	339.000
862.000	388.000
863.000	392.000
864.000	415.000
865.000	408.000
866.000	374.000
867.000	421.000
868.000	444.000
869.000	460.000
870.000	462.000
871.000	463.000
872.000	453.000
873.000	480.000
874.000	455.000
875.000	524.000
876.000	499.000
877.000	571.000
878.000	584.000
879.000	607.000
880.000	594.000
881.000	665.000
882.000	695.000
883.000	804.000
884.000	749.000
885.000	834.000
886.000	900.000
887.000	906.000
888.000	1072.000
889.000	1046.000
890.000	1130.000
891.000	1219.000
892.000	1232.000
893.000	1295.000
894.000	1294.000
895.000	1383.000
896.000	1477.000
897.000	1551.000
898.000	1499.000
899.000	1509.000
900.000	1489.000
901.000	1490.000
902.000	1546.000
903.000	1466.000
904.000	1440.000
905.000	1458.000
906.000	1385.000
907.000	1276.000
908.000	1303.000
909.000	1245.000
910.000	1187.000
911.000	1102.000
912.000	1036.000
913.000	987.000
914.000	902.000
915.000	881.000
916.000	795.000
917.000	789.000
918.000	688.000
919.000	637.000
920.000	663.000
921.000	654.000
922.000	612.000
923.000	563.000
924.000	529.000
925.000	478.000
926.000	493.000
927.000	467.000
928.000	448.000
929.000	388.000
930.000	428.000
931.000	389.000
932.000	371.000
933.000	406.000
934.000	367.000
935.000	341.000
936.000	391.000
937.000	381.000
938.000	373.000
939.000	361.000
940.000	380.000
941.000	396.000
942.000	433.000
943.000	407.000
944.000	466.000
945.000	519.000
946.000	548.000
947.000	621.000
948.000	655.000
949.000	646.000
950.000	730.000
951.000	718.000
952.000	820.000
953.000	789.000
954.000	787.000
955.000	777.000
956.000	721.000
957.000	699.000
958.000	645.000
959.000	635.000
960.000	545.000
961.000	516.000
962.000	433.000
963.000	461.000
964.000	352.000
965.000	349.000
966.000	323.000
967.000	289.000
968.000	331.000
969.000	286.000
970.000	296.000
971.000	268.000
972.000	324.000
973.000	290.000
974.000	312.000
975.000	289.000
976.000	293.000
977.000	289.000
978.000	295.000
979.000	293.000
980.000	295.000
981.000	346.000
982.000	306.000
983.000	323.000
984.000	334.000
985.000	333.000
986.000	358.000
987.000	373.000
988.000	363.000
989.000	356.000
990.000	374.000
991.000	401.000
992.000	380.000
993.000	398.000
994.000	424.000
995.000	402.000
996.000	449.000
997.000	438.000
998.000	418.000
999.000	437.000
1000.000	476.000
1001.000	463.000
1002.000	427.000
1003.000	466.000
1004.000	443.000
1005.000	420.000
1006.000	440.000
1007.000	435.000
1008.000	426.000
1009.000	422.000
1010.000	443.000
1011.000	407.000
1012.000	400.000
1013.000	388.000
1014.000	366.000
1015.000	381.000
1016.000	358.000
1017.000	338.000
1018.000	338.000
1019.000	327.000
1020.000	328.000
1021.000	307.000
1022.000	296.000
1023.000	283.000
1024.000	255.000
