Date:	8/19/2008		Time:	9:35 AM		Version no:	0.00		Project name:	55		Sample name:	222		Section name:	section		Position	638.039995	mm	E0	0.000000	keV	E1	1.000000	keV/channel	sample surface	7.555401	cm	Tube anode:	Mo		Tube voltage:	30	kV	Tube current:	50	mA	gain	20		std. database			resultfile	result		matrix element	11		sample thickness	1.000000		air passage	0.560000	cm	comments	not in position		peaking_time	3.000000	m-sec	trigger_threshold	1229.166667	V	mca_bin_width	22.090000	no:	number_mca_channels	1024.000000	no:	gap_time	0.400000	m-sec	trigger_peaking_time	0.150000	m-sec	GAINDAC	9455		HIGHGAIN	1		TAURC	0		RCTAU	53		RCTAUFRAC	32768		livetime	9.705978	seconds	runtime	10.000502	seconds	input_count_rate	27.968847	cps	output_count_rate	21.345328	cps	triggers	271465	seconds	events_in_run	213464	seconds	channel	content		1.000	0.000
2.000	0.000
3.000	0.000
4.000	0.000
5.000	0.000
6.000	0.000
7.000	0.000
8.000	0.000
9.000	0.000
10.000	0.000
11.000	0.000
12.000	0.000
13.000	0.000
14.000	0.000
15.000	0.000
16.000	0.000
17.000	0.000
18.000	0.000
19.000	0.000
20.000	0.000
21.000	0.000
22.000	0.000
23.000	0.000
24.000	0.000
25.000	0.000
26.000	0.000
27.000	0.000
28.000	0.000
29.000	0.000
30.000	0.000
31.000	0.000
32.000	0.000
33.000	0.000
34.000	1.000
35.000	1.000
36.000	3.000
37.000	2.000
38.000	3.000
39.000	2.000
40.000	2.000
41.000	2.000
42.000	6.000
43.000	5.000
44.000	11.000
45.000	9.000
46.000	6.000
47.000	8.000
48.000	6.000
49.000	3.000
50.000	10.000
51.000	9.000
52.000	9.000
53.000	8.000
54.000	10.000
55.000	4.000
56.000	10.000
57.000	11.000
58.000	12.000
59.000	6.000
60.000	12.000
61.000	7.000
62.000	9.000
63.000	5.000
64.000	5.000
65.000	14.000
66.000	11.000
67.000	11.000
68.000	20.000
69.000	12.000
70.000	6.000
71.000	9.000
72.000	12.000
73.000	8.000
74.000	7.000
75.000	4.000
76.000	13.000
77.000	6.000
78.000	12.000
79.000	9.000
80.000	5.000
81.000	14.000
82.000	10.000
83.000	11.000
84.000	10.000
85.000	7.000
86.000	9.000
87.000	6.000
88.000	8.000
89.000	4.000
90.000	3.000
91.000	6.000
92.000	8.000
93.000	8.000
94.000	9.000
95.000	12.000
96.000	15.000
97.000	7.000
98.000	2.000
99.000	5.000
100.000	7.000
101.000	8.000
102.000	8.000
103.000	6.000
104.000	9.000
105.000	8.000
106.000	8.000
107.000	9.000
108.000	9.000
109.000	5.000
110.000	8.000
111.000	12.000
112.000	6.000
113.000	4.000
114.000	3.000
115.000	7.000
116.000	8.000
117.000	7.000
118.000	2.000
119.000	12.000
120.000	7.000
121.000	14.000
122.000	12.000
123.000	7.000
124.000	12.000
125.000	7.000
126.000	6.000
127.000	3.000
128.000	9.000
129.000	2.000
130.000	2.000
131.000	6.000
132.000	8.000
133.000	7.000
134.000	8.000
135.000	5.000
136.000	2.000
137.000	4.000
138.000	6.000
139.000	8.000
140.000	6.000
141.000	3.000
142.000	6.000
143.000	5.000
144.000	7.000
145.000	2.000
146.000	2.000
147.000	1.000
148.000	2.000
149.000	5.000
150.000	2.000
151.000	2.000
152.000	4.000
153.000	4.000
154.000	3.000
155.000	5.000
156.000	3.000
157.000	3.000
158.000	7.000
159.000	5.000
160.000	6.000
161.000	13.000
162.000	8.000
163.000	13.000
164.000	14.000
165.000	10.000
166.000	11.000
167.000	5.000
168.000	3.000
169.000	4.000
170.000	0.000
171.000	6.000
172.000	4.000
173.000	1.000
174.000	5.000
175.000	1.000
176.000	5.000
177.000	5.000
178.000	4.000
179.000	4.000
180.000	15.000
181.000	9.000
182.000	8.000
183.000	11.000
184.000	7.000
185.000	6.000
186.000	5.000
187.000	4.000
188.000	5.000
189.000	3.000
190.000	4.000
191.000	5.000
192.000	1.000
193.000	4.000
194.000	4.000
195.000	7.000
196.000	6.000
197.000	11.000
198.000	13.000
199.000	12.000
200.000	15.000
201.000	26.000
202.000	32.000
203.000	26.000
204.000	24.000
205.000	22.000
206.000	10.000
207.000	11.000
208.000	8.000
209.000	3.000
210.000	2.000
211.000	7.000
212.000	3.000
213.000	6.000
214.000	8.000
215.000	3.000
216.000	5.000
217.000	5.000
218.000	12.000
219.000	9.000
220.000	7.000
221.000	2.000
222.000	3.000
223.000	6.000
224.000	6.000
225.000	9.000
226.000	4.000
227.000	5.000
228.000	2.000
229.000	3.000
230.000	2.000
231.000	2.000
232.000	5.000
233.000	4.000
234.000	6.000
235.000	3.000
236.000	3.000
237.000	4.000
238.000	4.000
239.000	5.000
240.000	2.000
241.000	6.000
242.000	5.000
243.000	3.000
244.000	7.000
245.000	4.000
246.000	10.000
247.000	13.000
248.000	15.000
249.000	7.000
250.000	9.000
251.000	6.000
252.000	5.000
253.000	6.000
254.000	2.000
255.000	4.000
256.000	8.000
257.000	3.000
258.000	7.000
259.000	12.000
260.000	2.000
261.000	7.000
262.000	5.000
263.000	5.000
264.000	3.000
265.000	4.000
266.000	5.000
267.000	3.000
268.000	8.000
269.000	4.000
270.000	6.000
271.000	6.000
272.000	7.000
273.000	5.000
274.000	6.000
275.000	3.000
276.000	5.000
277.000	5.000
278.000	1.000
279.000	4.000
280.000	2.000
281.000	4.000
282.000	4.000
283.000	2.000
284.000	3.000
285.000	5.000
286.000	2.000
287.000	5.000
288.000	5.000
289.000	5.000
290.000	5.000
291.000	9.000
292.000	10.000
293.000	5.000
294.000	9.000
295.000	10.000
296.000	6.000
297.000	4.000
298.000	7.000
299.000	6.000
300.000	7.000
301.000	5.000
302.000	7.000
303.000	8.000
304.000	7.000
305.000	7.000
306.000	4.000
307.000	6.000
308.000	8.000
309.000	6.000
310.000	7.000
311.000	13.000
312.000	8.000
313.000	4.000
314.000	6.000
315.000	10.000
316.000	12.000
317.000	17.000
318.000	27.000
319.000	23.000
320.000	40.000
321.000	51.000
322.000	49.000
323.000	56.000
324.000	59.000
325.000	40.000
326.000	38.000
327.000	37.000
328.000	14.000
329.000	12.000
330.000	8.000
331.000	8.000
332.000	15.000
333.000	8.000
334.000	6.000
335.000	13.000
336.000	14.000
337.000	7.000
338.000	14.000
339.000	19.000
340.000	17.000
341.000	32.000
342.000	39.000
343.000	59.000
344.000	113.000
345.000	175.000
346.000	243.000
347.000	369.000
348.000	471.000
349.000	563.000
350.000	599.000
351.000	659.000
352.000	572.000
353.000	501.000
354.000	418.000
355.000	271.000
356.000	226.000
357.000	131.000
358.000	90.000
359.000	74.000
360.000	40.000
361.000	25.000
362.000	17.000
363.000	17.000
364.000	17.000
365.000	12.000
366.000	14.000
367.000	18.000
368.000	19.000
369.000	23.000
370.000	19.000
371.000	19.000
372.000	20.000
373.000	22.000
374.000	17.000
375.000	18.000
376.000	16.000
377.000	18.000
378.000	19.000
379.000	30.000
380.000	40.000
381.000	51.000
382.000	60.000
383.000	79.000
384.000	114.000
385.000	106.000
386.000	107.000
387.000	123.000
388.000	102.000
389.000	85.000
390.000	83.000
391.000	57.000
392.000	36.000
393.000	45.000
394.000	34.000
395.000	25.000
396.000	21.000
397.000	22.000
398.000	20.000
399.000	24.000
400.000	22.000
401.000	21.000
402.000	32.000
403.000	25.000
404.000	30.000
405.000	24.000
406.000	22.000
407.000	22.000
408.000	27.000
409.000	19.000
410.000	19.000
411.000	31.000
412.000	25.000
413.000	25.000
414.000	21.000
415.000	14.000
416.000	24.000
417.000	27.000
418.000	26.000
419.000	23.000
420.000	30.000
421.000	13.000
422.000	30.000
423.000	20.000
424.000	28.000
425.000	34.000
426.000	22.000
427.000	27.000
428.000	21.000
429.000	29.000
430.000	24.000
431.000	23.000
432.000	36.000
433.000	23.000
434.000	35.000
435.000	26.000
436.000	26.000
437.000	29.000
438.000	29.000
439.000	29.000
440.000	31.000
441.000	38.000
442.000	38.000
443.000	33.000
444.000	40.000
445.000	43.000
446.000	34.000
447.000	39.000
448.000	35.000
449.000	40.000
450.000	29.000
451.000	29.000
452.000	43.000
453.000	38.000
454.000	39.000
455.000	30.000
456.000	36.000
457.000	49.000
458.000	40.000
459.000	39.000
460.000	43.000
461.000	35.000
462.000	44.000
463.000	47.000
464.000	51.000
465.000	46.000
466.000	54.000
467.000	44.000
468.000	42.000
469.000	47.000
470.000	49.000
471.000	48.000
472.000	48.000
473.000	48.000
474.000	57.000
475.000	48.000
476.000	51.000
477.000	44.000
478.000	42.000
479.000	48.000
480.000	39.000
481.000	56.000
482.000	45.000
483.000	49.000
484.000	37.000
485.000	29.000
486.000	52.000
487.000	50.000
488.000	55.000
489.000	51.000
490.000	47.000
491.000	67.000
492.000	46.000
493.000	61.000
494.000	53.000
495.000	51.000
496.000	60.000
497.000	64.000
498.000	64.000
499.000	58.000
500.000	58.000
501.000	67.000
502.000	58.000
503.000	55.000
504.000	68.000
505.000	58.000
506.000	63.000
507.000	64.000
508.000	70.000
509.000	73.000
510.000	81.000
511.000	68.000
512.000	65.000
513.000	61.000
514.000	66.000
515.000	69.000
516.000	67.000
517.000	81.000
518.000	67.000
519.000	81.000
520.000	72.000
521.000	64.000
522.000	64.000
523.000	68.000
524.000	71.000
525.000	82.000
526.000	79.000
527.000	74.000
528.000	65.000
529.000	73.000
530.000	77.000
531.000	63.000
532.000	68.000
533.000	79.000
534.000	77.000
535.000	88.000
536.000	66.000
537.000	84.000
538.000	79.000
539.000	75.000
540.000	85.000
541.000	72.000
542.000	75.000
543.000	78.000
544.000	84.000
545.000	83.000
546.000	86.000
547.000	80.000
548.000	91.000
549.000	90.000
550.000	87.000
551.000	89.000
552.000	112.000
553.000	91.000
554.000	84.000
555.000	100.000
556.000	98.000
557.000	97.000
558.000	92.000
559.000	108.000
560.000	96.000
561.000	90.000
562.000	100.000
563.000	101.000
564.000	110.000
565.000	118.000
566.000	109.000
567.000	109.000
568.000	99.000
569.000	120.000
570.000	101.000
571.000	109.000
572.000	108.000
573.000	121.000
574.000	119.000
575.000	105.000
576.000	103.000
577.000	103.000
578.000	118.000
579.000	116.000
580.000	107.000
581.000	113.000
582.000	99.000
583.000	130.000
584.000	124.000
585.000	126.000
586.000	110.000
587.000	132.000
588.000	135.000
589.000	109.000
590.000	112.000
591.000	108.000
592.000	112.000
593.000	131.000
594.000	116.000
595.000	133.000
596.000	130.000
597.000	131.000
598.000	117.000
599.000	127.000
600.000	141.000
601.000	113.000
602.000	142.000
603.000	127.000
604.000	128.000
605.000	121.000
606.000	129.000
607.000	113.000
608.000	163.000
609.000	136.000
610.000	125.000
611.000	135.000
612.000	132.000
613.000	143.000
614.000	122.000
615.000	146.000
616.000	150.000
617.000	139.000
618.000	152.000
619.000	138.000
620.000	165.000
621.000	132.000
622.000	147.000
623.000	133.000
624.000	152.000
625.000	174.000
626.000	146.000
627.000	137.000
628.000	170.000
629.000	156.000
630.000	146.000
631.000	161.000
632.000	154.000
633.000	167.000
634.000	153.000
635.000	153.000
636.000	143.000
637.000	176.000
638.000	154.000
639.000	147.000
640.000	171.000
641.000	161.000
642.000	169.000
643.000	163.000
644.000	153.000
645.000	184.000
646.000	156.000
647.000	166.000
648.000	188.000
649.000	175.000
650.000	158.000
651.000	189.000
652.000	157.000
653.000	171.000
654.000	172.000
655.000	169.000
656.000	177.000
657.000	192.000
658.000	185.000
659.000	200.000
660.000	170.000
661.000	173.000
662.000	169.000
663.000	210.000
664.000	186.000
665.000	187.000
666.000	189.000
667.000	178.000
668.000	180.000
669.000	153.000
670.000	201.000
671.000	205.000
672.000	203.000
673.000	198.000
674.000	179.000
675.000	166.000
676.000	179.000
677.000	193.000
678.000	178.000
679.000	183.000
680.000	196.000
681.000	202.000
682.000	214.000
683.000	191.000
684.000	211.000
685.000	197.000
686.000	209.000
687.000	192.000
688.000	195.000
689.000	198.000
690.000	197.000
691.000	197.000
692.000	197.000
693.000	196.000
694.000	206.000
695.000	201.000
696.000	209.000
697.000	213.000
698.000	242.000
699.000	196.000
700.000	182.000
701.000	195.000
702.000	202.000
703.000	231.000
704.000	218.000
705.000	216.000
706.000	200.000
707.000	223.000
708.000	226.000
709.000	199.000
710.000	209.000
711.000	201.000
712.000	205.000
713.000	176.000
714.000	190.000
715.000	224.000
716.000	212.000
717.000	210.000
718.000	223.000
719.000	256.000
720.000	197.000
721.000	266.000
722.000	198.000
723.000	227.000
724.000	227.000
725.000	260.000
726.000	242.000
727.000	235.000
728.000	257.000
729.000	228.000
730.000	231.000
731.000	253.000
732.000	229.000
733.000	228.000
734.000	266.000
735.000	221.000
736.000	225.000
737.000	236.000
738.000	262.000
739.000	275.000
740.000	230.000
741.000	256.000
742.000	255.000
743.000	224.000
744.000	258.000
745.000	250.000
746.000	248.000
747.000	261.000
748.000	254.000
749.000	261.000
750.000	246.000
751.000	241.000
752.000	254.000
753.000	242.000
754.000	279.000
755.000	232.000
756.000	285.000
757.000	250.000
758.000	244.000
759.000	226.000
760.000	272.000
761.000	243.000
762.000	241.000
763.000	238.000
764.000	263.000
765.000	284.000
766.000	282.000
767.000	297.000
768.000	258.000
769.000	284.000
770.000	275.000
771.000	228.000
772.000	281.000
773.000	294.000
774.000	316.000
775.000	293.000
776.000	270.000
777.000	289.000
778.000	272.000
779.000	267.000
780.000	277.000
781.000	255.000
782.000	242.000
783.000	273.000
784.000	261.000
785.000	253.000
786.000	253.000
787.000	250.000
788.000	236.000
789.000	275.000
790.000	257.000
791.000	261.000
792.000	281.000
793.000	249.000
794.000	274.000
795.000	291.000
796.000	240.000
797.000	264.000
798.000	270.000
799.000	275.000
800.000	269.000
801.000	279.000
802.000	257.000
803.000	291.000
804.000	273.000
805.000	305.000
806.000	260.000
807.000	252.000
808.000	281.000
809.000	307.000
810.000	269.000
811.000	264.000
812.000	291.000
813.000	278.000
814.000	309.000
815.000	270.000
816.000	286.000
817.000	248.000
818.000	304.000
819.000	275.000
820.000	254.000
821.000	273.000
822.000	301.000
823.000	293.000
824.000	265.000
825.000	284.000
826.000	300.000
827.000	279.000
828.000	327.000
829.000	311.000
830.000	292.000
831.000	300.000
832.000	293.000
833.000	301.000
834.000	290.000
835.000	267.000
836.000	300.000
837.000	301.000
838.000	329.000
839.000	317.000
840.000	291.000
841.000	337.000
842.000	282.000
843.000	296.000
844.000	317.000
845.000	361.000
846.000	309.000
847.000	300.000
848.000	328.000
849.000	318.000
850.000	339.000
851.000	307.000
852.000	333.000
853.000	343.000
854.000	329.000
855.000	341.000
856.000	368.000
857.000	321.000
858.000	358.000
859.000	348.000
860.000	383.000
861.000	376.000
862.000	381.000
863.000	390.000
864.000	372.000
865.000	403.000
866.000	391.000
867.000	421.000
868.000	440.000
869.000	383.000
870.000	452.000
871.000	431.000
872.000	441.000
873.000	469.000
874.000	491.000
875.000	528.000
876.000	517.000
877.000	558.000
878.000	561.000
879.000	602.000
880.000	672.000
881.000	644.000
882.000	701.000
883.000	726.000
884.000	807.000
885.000	847.000
886.000	889.000
887.000	942.000
888.000	961.000
889.000	1039.000
890.000	1104.000
891.000	1162.000
892.000	1213.000
893.000	1244.000
894.000	1301.000
895.000	1300.000
896.000	1377.000
897.000	1445.000
898.000	1406.000
899.000	1526.000
900.000	1449.000
901.000	1433.000
902.000	1482.000
903.000	1459.000
904.000	1451.000
905.000	1336.000
906.000	1343.000
907.000	1318.000
908.000	1302.000
909.000	1242.000
910.000	1121.000
911.000	1044.000
912.000	1086.000
913.000	980.000
914.000	896.000
915.000	837.000
916.000	829.000
917.000	795.000
918.000	740.000
919.000	662.000
920.000	656.000
921.000	614.000
922.000	589.000
923.000	570.000
924.000	523.000
925.000	494.000
926.000	460.000
927.000	457.000
928.000	416.000
929.000	427.000
930.000	338.000
931.000	382.000
932.000	371.000
933.000	352.000
934.000	378.000
935.000	329.000
936.000	357.000
937.000	374.000
938.000	354.000
939.000	345.000
940.000	356.000
941.000	355.000
942.000	400.000
943.000	436.000
944.000	439.000
945.000	502.000
946.000	549.000
947.000	597.000
948.000	663.000
949.000	707.000
950.000	746.000
951.000	708.000
952.000	748.000
953.000	782.000
954.000	761.000
955.000	792.000
956.000	721.000
957.000	727.000
958.000	671.000
959.000	607.000
960.000	543.000
961.000	451.000
962.000	426.000
963.000	386.000
964.000	368.000
965.000	359.000
966.000	344.000
967.000	317.000
968.000	309.000
969.000	288.000
970.000	320.000
971.000	291.000
972.000	306.000
973.000	291.000
974.000	300.000
975.000	297.000
976.000	303.000
977.000	301.000
978.000	296.000
979.000	287.000
980.000	323.000
981.000	309.000
982.000	287.000
983.000	332.000
984.000	323.000
985.000	290.000
986.000	310.000
987.000	328.000
988.000	376.000
989.000	351.000
990.000	365.000
991.000	392.000
992.000	408.000
993.000	428.000
994.000	390.000
995.000	446.000
996.000	445.000
997.000	412.000
998.000	444.000
999.000	421.000
1000.000	423.000
1001.000	428.000
1002.000	428.000
1003.000	462.000
1004.000	415.000
1005.000	430.000
1006.000	396.000
1007.000	409.000
1008.000	399.000
1009.000	457.000
1010.000	421.000
1011.000	404.000
1012.000	409.000
1013.000	395.000
1014.000	352.000
1015.000	322.000
1016.000	331.000
1017.000	355.000
1018.000	337.000
1019.000	360.000
1020.000	298.000
1021.000	281.000
1022.000	285.000
1023.000	275.000
1024.000	271.000
