Date:	8/19/2008		Time:	9:46 AM		Version no:	0.00		Project name:	55		Sample name:	222		Section name:	section		Position	752.039995	mm	E0	0.000000	keV	E1	1.000000	keV/channel	sample surface	7.767052	cm	Tube anode:	Mo		Tube voltage:	30	kV	Tube current:	50	mA	gain	20		std. database			resultfile	result		matrix element	11		sample thickness	1.000000		air passage	0.560000	cm	comments	not in position		peaking_time	3.000000	m-sec	trigger_threshold	1229.166667	V	mca_bin_width	22.090000	no:	number_mca_channels	1024.000000	no:	gap_time	0.400000	m-sec	trigger_peaking_time	0.150000	m-sec	GAINDAC	9455		HIGHGAIN	1		TAURC	0		RCTAU	53		RCTAUFRAC	32768		livetime	9.773028	seconds	runtime	10.000503	seconds	input_count_rate	22.075963	cps	output_count_rate	17.713609	cps	triggers	215749	seconds	events_in_run	177145	seconds	channel	content		1.000	0.000
2.000	0.000
3.000	0.000
4.000	0.000
5.000	0.000
6.000	0.000
7.000	0.000
8.000	0.000
9.000	0.000
10.000	0.000
11.000	0.000
12.000	0.000
13.000	0.000
14.000	0.000
15.000	0.000
16.000	0.000
17.000	0.000
18.000	0.000
19.000	0.000
20.000	0.000
21.000	0.000
22.000	0.000
23.000	0.000
24.000	0.000
25.000	0.000
26.000	0.000
27.000	0.000
28.000	0.000
29.000	0.000
30.000	0.000
31.000	0.000
32.000	0.000
33.000	1.000
34.000	0.000
35.000	0.000
36.000	0.000
37.000	2.000
38.000	3.000
39.000	1.000
40.000	2.000
41.000	5.000
42.000	4.000
43.000	2.000
44.000	3.000
45.000	8.000
46.000	5.000
47.000	6.000
48.000	6.000
49.000	5.000
50.000	6.000
51.000	12.000
52.000	12.000
53.000	11.000
54.000	6.000
55.000	6.000
56.000	7.000
57.000	7.000
58.000	14.000
59.000	13.000
60.000	9.000
61.000	11.000
62.000	10.000
63.000	13.000
64.000	9.000
65.000	13.000
66.000	6.000
67.000	9.000
68.000	10.000
69.000	8.000
70.000	10.000
71.000	11.000
72.000	13.000
73.000	8.000
74.000	6.000
75.000	5.000
76.000	7.000
77.000	15.000
78.000	11.000
79.000	10.000
80.000	14.000
81.000	6.000
82.000	7.000
83.000	9.000
84.000	14.000
85.000	7.000
86.000	4.000
87.000	10.000
88.000	5.000
89.000	8.000
90.000	13.000
91.000	3.000
92.000	8.000
93.000	5.000
94.000	7.000
95.000	6.000
96.000	5.000
97.000	9.000
98.000	12.000
99.000	8.000
100.000	7.000
101.000	8.000
102.000	7.000
103.000	6.000
104.000	4.000
105.000	7.000
106.000	5.000
107.000	7.000
108.000	10.000
109.000	8.000
110.000	7.000
111.000	8.000
112.000	4.000
113.000	1.000
114.000	3.000
115.000	4.000
116.000	6.000
117.000	7.000
118.000	7.000
119.000	6.000
120.000	6.000
121.000	5.000
122.000	6.000
123.000	4.000
124.000	11.000
125.000	5.000
126.000	9.000
127.000	9.000
128.000	7.000
129.000	5.000
130.000	4.000
131.000	6.000
132.000	8.000
133.000	5.000
134.000	5.000
135.000	2.000
136.000	6.000
137.000	7.000
138.000	3.000
139.000	2.000
140.000	7.000
141.000	8.000
142.000	7.000
143.000	6.000
144.000	5.000
145.000	4.000
146.000	4.000
147.000	4.000
148.000	8.000
149.000	7.000
150.000	2.000
151.000	2.000
152.000	8.000
153.000	5.000
154.000	6.000
155.000	4.000
156.000	2.000
157.000	4.000
158.000	5.000
159.000	8.000
160.000	14.000
161.000	13.000
162.000	13.000
163.000	14.000
164.000	9.000
165.000	5.000
166.000	8.000
167.000	8.000
168.000	7.000
169.000	5.000
170.000	3.000
171.000	4.000
172.000	2.000
173.000	5.000
174.000	4.000
175.000	3.000
176.000	6.000
177.000	0.000
178.000	5.000
179.000	4.000
180.000	5.000
181.000	5.000
182.000	5.000
183.000	2.000
184.000	3.000
185.000	4.000
186.000	5.000
187.000	4.000
188.000	2.000
189.000	6.000
190.000	4.000
191.000	2.000
192.000	2.000
193.000	0.000
194.000	3.000
195.000	5.000
196.000	8.000
197.000	1.000
198.000	6.000
199.000	7.000
200.000	8.000
201.000	5.000
202.000	9.000
203.000	8.000
204.000	12.000
205.000	20.000
206.000	11.000
207.000	3.000
208.000	3.000
209.000	3.000
210.000	3.000
211.000	3.000
212.000	5.000
213.000	2.000
214.000	2.000
215.000	2.000
216.000	6.000
217.000	5.000
218.000	3.000
219.000	7.000
220.000	3.000
221.000	2.000
222.000	3.000
223.000	2.000
224.000	4.000
225.000	1.000
226.000	4.000
227.000	0.000
228.000	2.000
229.000	3.000
230.000	3.000
231.000	2.000
232.000	1.000
233.000	0.000
234.000	4.000
235.000	3.000
236.000	3.000
237.000	2.000
238.000	0.000
239.000	3.000
240.000	2.000
241.000	5.000
242.000	2.000
243.000	3.000
244.000	7.000
245.000	5.000
246.000	7.000
247.000	2.000
248.000	5.000
249.000	6.000
250.000	3.000
251.000	4.000
252.000	4.000
253.000	4.000
254.000	6.000
255.000	3.000
256.000	5.000
257.000	4.000
258.000	5.000
259.000	2.000
260.000	5.000
261.000	2.000
262.000	0.000
263.000	3.000
264.000	1.000
265.000	3.000
266.000	6.000
267.000	3.000
268.000	4.000
269.000	1.000
270.000	5.000
271.000	3.000
272.000	4.000
273.000	4.000
274.000	2.000
275.000	3.000
276.000	4.000
277.000	3.000
278.000	4.000
279.000	5.000
280.000	5.000
281.000	3.000
282.000	1.000
283.000	2.000
284.000	6.000
285.000	2.000
286.000	4.000
287.000	5.000
288.000	4.000
289.000	10.000
290.000	5.000
291.000	2.000
292.000	5.000
293.000	3.000
294.000	6.000
295.000	5.000
296.000	5.000
297.000	2.000
298.000	5.000
299.000	6.000
300.000	2.000
301.000	9.000
302.000	5.000
303.000	1.000
304.000	3.000
305.000	2.000
306.000	1.000
307.000	5.000
308.000	2.000
309.000	4.000
310.000	8.000
311.000	6.000
312.000	3.000
313.000	2.000
314.000	5.000
315.000	2.000
316.000	2.000
317.000	6.000
318.000	7.000
319.000	8.000
320.000	17.000
321.000	20.000
322.000	15.000
323.000	21.000
324.000	25.000
325.000	19.000
326.000	14.000
327.000	15.000
328.000	7.000
329.000	3.000
330.000	6.000
331.000	2.000
332.000	5.000
333.000	1.000
334.000	9.000
335.000	3.000
336.000	8.000
337.000	10.000
338.000	7.000
339.000	9.000
340.000	10.000
341.000	15.000
342.000	20.000
343.000	31.000
344.000	57.000
345.000	89.000
346.000	109.000
347.000	160.000
348.000	217.000
349.000	266.000
350.000	264.000
351.000	265.000
352.000	261.000
353.000	215.000
354.000	161.000
355.000	119.000
356.000	84.000
357.000	57.000
358.000	29.000
359.000	20.000
360.000	11.000
361.000	11.000
362.000	8.000
363.000	9.000
364.000	11.000
365.000	7.000
366.000	8.000
367.000	2.000
368.000	5.000
369.000	9.000
370.000	4.000
371.000	6.000
372.000	11.000
373.000	14.000
374.000	6.000
375.000	9.000
376.000	11.000
377.000	16.000
378.000	14.000
379.000	14.000
380.000	20.000
381.000	20.000
382.000	30.000
383.000	42.000
384.000	44.000
385.000	69.000
386.000	47.000
387.000	57.000
388.000	42.000
389.000	45.000
390.000	31.000
391.000	31.000
392.000	16.000
393.000	22.000
394.000	14.000
395.000	8.000
396.000	15.000
397.000	12.000
398.000	11.000
399.000	8.000
400.000	9.000
401.000	11.000
402.000	9.000
403.000	7.000
404.000	12.000
405.000	16.000
406.000	10.000
407.000	9.000
408.000	18.000
409.000	7.000
410.000	10.000
411.000	8.000
412.000	12.000
413.000	10.000
414.000	10.000
415.000	22.000
416.000	8.000
417.000	13.000
418.000	13.000
419.000	11.000
420.000	15.000
421.000	9.000
422.000	18.000
423.000	10.000
424.000	14.000
425.000	11.000
426.000	22.000
427.000	13.000
428.000	22.000
429.000	15.000
430.000	13.000
431.000	20.000
432.000	13.000
433.000	10.000
434.000	26.000
435.000	11.000
436.000	16.000
437.000	18.000
438.000	19.000
439.000	18.000
440.000	26.000
441.000	16.000
442.000	21.000
443.000	17.000
444.000	17.000
445.000	20.000
446.000	12.000
447.000	18.000
448.000	23.000
449.000	18.000
450.000	15.000
451.000	20.000
452.000	20.000
453.000	17.000
454.000	23.000
455.000	19.000
456.000	28.000
457.000	26.000
458.000	28.000
459.000	23.000
460.000	37.000
461.000	20.000
462.000	20.000
463.000	28.000
464.000	30.000
465.000	29.000
466.000	17.000
467.000	18.000
468.000	34.000
469.000	29.000
470.000	27.000
471.000	20.000
472.000	25.000
473.000	31.000
474.000	25.000
475.000	20.000
476.000	25.000
477.000	29.000
478.000	31.000
479.000	29.000
480.000	23.000
481.000	27.000
482.000	30.000
483.000	22.000
484.000	29.000
485.000	31.000
486.000	39.000
487.000	39.000
488.000	36.000
489.000	26.000
490.000	32.000
491.000	40.000
492.000	38.000
493.000	43.000
494.000	30.000
495.000	34.000
496.000	35.000
497.000	33.000
498.000	46.000
499.000	34.000
500.000	29.000
501.000	31.000
502.000	50.000
503.000	34.000
504.000	33.000
505.000	43.000
506.000	39.000
507.000	34.000
508.000	38.000
509.000	35.000
510.000	36.000
511.000	50.000
512.000	32.000
513.000	41.000
514.000	32.000
515.000	48.000
516.000	41.000
517.000	47.000
518.000	28.000
519.000	42.000
520.000	51.000
521.000	49.000
522.000	47.000
523.000	43.000
524.000	49.000
525.000	40.000
526.000	42.000
527.000	51.000
528.000	63.000
529.000	52.000
530.000	55.000
531.000	46.000
532.000	55.000
533.000	33.000
534.000	45.000
535.000	53.000
536.000	55.000
537.000	53.000
538.000	47.000
539.000	53.000
540.000	47.000
541.000	44.000
542.000	45.000
543.000	59.000
544.000	47.000
545.000	62.000
546.000	51.000
547.000	63.000
548.000	53.000
549.000	51.000
550.000	68.000
551.000	57.000
552.000	58.000
553.000	72.000
554.000	51.000
555.000	56.000
556.000	64.000
557.000	68.000
558.000	66.000
559.000	62.000
560.000	64.000
561.000	66.000
562.000	72.000
563.000	71.000
564.000	70.000
565.000	77.000
566.000	58.000
567.000	69.000
568.000	57.000
569.000	54.000
570.000	74.000
571.000	75.000
572.000	52.000
573.000	85.000
574.000	81.000
575.000	63.000
576.000	78.000
577.000	53.000
578.000	60.000
579.000	89.000
580.000	72.000
581.000	86.000
582.000	81.000
583.000	80.000
584.000	65.000
585.000	66.000
586.000	80.000
587.000	83.000
588.000	79.000
589.000	85.000
590.000	95.000
591.000	68.000
592.000	86.000
593.000	89.000
594.000	79.000
595.000	76.000
596.000	92.000
597.000	99.000
598.000	77.000
599.000	77.000
600.000	94.000
601.000	99.000
602.000	83.000
603.000	77.000
604.000	82.000
605.000	80.000
606.000	95.000
607.000	90.000
608.000	88.000
609.000	100.000
610.000	98.000
611.000	99.000
612.000	115.000
613.000	90.000
614.000	95.000
615.000	71.000
616.000	110.000
617.000	139.000
618.000	107.000
619.000	109.000
620.000	107.000
621.000	91.000
622.000	100.000
623.000	123.000
624.000	95.000
625.000	94.000
626.000	108.000
627.000	110.000
628.000	99.000
629.000	113.000
630.000	129.000
631.000	92.000
632.000	96.000
633.000	103.000
634.000	115.000
635.000	102.000
636.000	115.000
637.000	95.000
638.000	145.000
639.000	130.000
640.000	117.000
641.000	102.000
642.000	125.000
643.000	110.000
644.000	126.000
645.000	124.000
646.000	116.000
647.000	124.000
648.000	122.000
649.000	125.000
650.000	135.000
651.000	129.000
652.000	122.000
653.000	148.000
654.000	148.000
655.000	130.000
656.000	140.000
657.000	125.000
658.000	131.000
659.000	130.000
660.000	144.000
661.000	128.000
662.000	142.000
663.000	119.000
664.000	154.000
665.000	129.000
666.000	144.000
667.000	169.000
668.000	134.000
669.000	122.000
670.000	154.000
671.000	145.000
672.000	140.000
673.000	150.000
674.000	145.000
675.000	150.000
676.000	154.000
677.000	124.000
678.000	149.000
679.000	137.000
680.000	139.000
681.000	155.000
682.000	134.000
683.000	159.000
684.000	145.000
685.000	159.000
686.000	156.000
687.000	142.000
688.000	132.000
689.000	160.000
690.000	167.000
691.000	157.000
692.000	151.000
693.000	146.000
694.000	167.000
695.000	156.000
696.000	153.000
697.000	153.000
698.000	159.000
699.000	162.000
700.000	175.000
701.000	161.000
702.000	143.000
703.000	162.000
704.000	175.000
705.000	174.000
706.000	144.000
707.000	159.000
708.000	168.000
709.000	166.000
710.000	195.000
711.000	160.000
712.000	159.000
713.000	182.000
714.000	175.000
715.000	171.000
716.000	185.000
717.000	199.000
718.000	168.000
719.000	185.000
720.000	173.000
721.000	170.000
722.000	182.000
723.000	186.000
724.000	189.000
725.000	188.000
726.000	194.000
727.000	198.000
728.000	191.000
729.000	167.000
730.000	180.000
731.000	168.000
732.000	211.000
733.000	209.000
734.000	167.000
735.000	174.000
736.000	204.000
737.000	182.000
738.000	189.000
739.000	181.000
740.000	176.000
741.000	171.000
742.000	191.000
743.000	197.000
744.000	227.000
745.000	178.000
746.000	207.000
747.000	195.000
748.000	212.000
749.000	169.000
750.000	182.000
751.000	182.000
752.000	185.000
753.000	204.000
754.000	192.000
755.000	184.000
756.000	208.000
757.000	202.000
758.000	180.000
759.000	203.000
760.000	199.000
761.000	192.000
762.000	191.000
763.000	201.000
764.000	202.000
765.000	223.000
766.000	207.000
767.000	222.000
768.000	214.000
769.000	232.000
770.000	231.000
771.000	285.000
772.000	241.000
773.000	229.000
774.000	223.000
775.000	238.000
776.000	216.000
777.000	227.000
778.000	259.000
779.000	246.000
780.000	234.000
781.000	241.000
782.000	242.000
783.000	185.000
784.000	239.000
785.000	205.000
786.000	241.000
787.000	220.000
788.000	233.000
789.000	241.000
790.000	197.000
791.000	253.000
792.000	214.000
793.000	218.000
794.000	223.000
795.000	230.000
796.000	219.000
797.000	225.000
798.000	219.000
799.000	234.000
800.000	221.000
801.000	227.000
802.000	233.000
803.000	246.000
804.000	208.000
805.000	260.000
806.000	244.000
807.000	209.000
808.000	251.000
809.000	252.000
810.000	252.000
811.000	243.000
812.000	233.000
813.000	223.000
814.000	242.000
815.000	237.000
816.000	246.000
817.000	227.000
818.000	253.000
819.000	267.000
820.000	247.000
821.000	212.000
822.000	231.000
823.000	260.000
824.000	249.000
825.000	262.000
826.000	260.000
827.000	237.000
828.000	258.000
829.000	253.000
830.000	245.000
831.000	223.000
832.000	273.000
833.000	278.000
834.000	267.000
835.000	264.000
836.000	251.000
837.000	262.000
838.000	274.000
839.000	222.000
840.000	237.000
841.000	239.000
842.000	232.000
843.000	231.000
844.000	285.000
845.000	266.000
846.000	287.000
847.000	279.000
848.000	276.000
849.000	322.000
850.000	290.000
851.000	284.000
852.000	309.000
853.000	295.000
854.000	304.000
855.000	278.000
856.000	291.000
857.000	351.000
858.000	291.000
859.000	305.000
860.000	283.000
861.000	335.000
862.000	286.000
863.000	305.000
864.000	326.000
865.000	374.000
866.000	360.000
867.000	369.000
868.000	387.000
869.000	398.000
870.000	367.000
871.000	401.000
872.000	396.000
873.000	418.000
874.000	407.000
875.000	418.000
876.000	427.000
877.000	478.000
878.000	497.000
879.000	546.000
880.000	559.000
881.000	515.000
882.000	624.000
883.000	669.000
884.000	702.000
885.000	718.000
886.000	781.000
887.000	873.000
888.000	851.000
889.000	924.000
890.000	932.000
891.000	998.000
892.000	1083.000
893.000	1022.000
894.000	1181.000
895.000	1176.000
896.000	1229.000
897.000	1217.000
898.000	1308.000
899.000	1308.000
900.000	1289.000
901.000	1274.000
902.000	1257.000
903.000	1245.000
904.000	1204.000
905.000	1152.000
906.000	1138.000
907.000	1175.000
908.000	1092.000
909.000	1050.000
910.000	981.000
911.000	943.000
912.000	860.000
913.000	813.000
914.000	788.000
915.000	781.000
916.000	677.000
917.000	710.000
918.000	585.000
919.000	560.000
920.000	560.000
921.000	500.000
922.000	472.000
923.000	439.000
924.000	465.000
925.000	432.000
926.000	418.000
927.000	372.000
928.000	385.000
929.000	356.000
930.000	370.000
931.000	317.000
932.000	306.000
933.000	333.000
934.000	339.000
935.000	315.000
936.000	276.000
937.000	302.000
938.000	288.000
939.000	303.000
940.000	360.000
941.000	330.000
942.000	381.000
943.000	370.000
944.000	453.000
945.000	462.000
946.000	473.000
947.000	573.000
948.000	599.000
949.000	650.000
950.000	684.000
951.000	691.000
952.000	693.000
953.000	750.000
954.000	683.000
955.000	706.000
956.000	659.000
957.000	622.000
958.000	595.000
959.000	524.000
960.000	454.000
961.000	448.000
962.000	384.000
963.000	397.000
964.000	315.000
965.000	274.000
966.000	281.000
967.000	292.000
968.000	265.000
969.000	226.000
970.000	272.000
971.000	269.000
972.000	257.000
973.000	233.000
974.000	264.000
975.000	235.000
976.000	247.000
977.000	244.000
978.000	249.000
979.000	237.000
980.000	276.000
981.000	285.000
982.000	285.000
983.000	268.000
984.000	289.000
985.000	295.000
986.000	273.000
987.000	298.000
988.000	327.000
989.000	318.000
990.000	334.000
991.000	316.000
992.000	335.000
993.000	341.000
994.000	339.000
995.000	371.000
996.000	360.000
997.000	368.000
998.000	348.000
999.000	372.000
1000.000	389.000
1001.000	378.000
1002.000	356.000
1003.000	346.000
1004.000	405.000
1005.000	354.000
1006.000	374.000
1007.000	324.000
1008.000	382.000
1009.000	327.000
1010.000	402.000
1011.000	378.000
1012.000	342.000
1013.000	340.000
1014.000	319.000
1015.000	348.000
1016.000	345.000
1017.000	313.000
1018.000	299.000
1019.000	289.000
1020.000	302.000
1021.000	256.000
1022.000	247.000
1023.000	221.000
1024.000	240.000
