Date:	8/19/2008		Time:	9:37 AM		Version no:	0.00		Project name:	55		Sample name:	222		Section name:	section		Position	654.039995	mm	E0	0.000000	keV	E1	1.000000	keV/channel	sample surface	7.625591	cm	Tube anode:	Mo		Tube voltage:	30	kV	Tube current:	50	mA	gain	20		std. database			resultfile	result		matrix element	11		sample thickness	1.000000		air passage	0.560000	cm	comments	not in position		peaking_time	3.000000	m-sec	trigger_threshold	1229.166667	V	mca_bin_width	22.090000	no:	number_mca_channels	1024.000000	no:	gap_time	0.400000	m-sec	trigger_peaking_time	0.150000	m-sec	GAINDAC	9455		HIGHGAIN	1		TAURC	0		RCTAU	53		RCTAUFRAC	32768		livetime	9.710275	seconds	runtime	10.000502	seconds	input_count_rate	27.017772	cps	output_count_rate	20.841655	cps	triggers	262350	seconds	events_in_run	208427	seconds	channel	content		1.000	0.000
2.000	0.000
3.000	0.000
4.000	0.000
5.000	0.000
6.000	0.000
7.000	0.000
8.000	0.000
9.000	0.000
10.000	0.000
11.000	0.000
12.000	0.000
13.000	0.000
14.000	0.000
15.000	0.000
16.000	0.000
17.000	0.000
18.000	0.000
19.000	0.000
20.000	0.000
21.000	0.000
22.000	0.000
23.000	0.000
24.000	0.000
25.000	0.000
26.000	0.000
27.000	0.000
28.000	0.000
29.000	0.000
30.000	0.000
31.000	0.000
32.000	1.000
33.000	2.000
34.000	0.000
35.000	2.000
36.000	3.000
37.000	1.000
38.000	3.000
39.000	0.000
40.000	5.000
41.000	2.000
42.000	2.000
43.000	6.000
44.000	5.000
45.000	7.000
46.000	4.000
47.000	6.000
48.000	11.000
49.000	4.000
50.000	11.000
51.000	9.000
52.000	8.000
53.000	9.000
54.000	9.000
55.000	9.000
56.000	11.000
57.000	9.000
58.000	7.000
59.000	9.000
60.000	10.000
61.000	13.000
62.000	7.000
63.000	12.000
64.000	3.000
65.000	10.000
66.000	12.000
67.000	16.000
68.000	11.000
69.000	11.000
70.000	10.000
71.000	5.000
72.000	9.000
73.000	10.000
74.000	11.000
75.000	7.000
76.000	9.000
77.000	6.000
78.000	5.000
79.000	10.000
80.000	6.000
81.000	8.000
82.000	2.000
83.000	8.000
84.000	4.000
85.000	9.000
86.000	11.000
87.000	11.000
88.000	7.000
89.000	3.000
90.000	9.000
91.000	7.000
92.000	8.000
93.000	8.000
94.000	5.000
95.000	7.000
96.000	6.000
97.000	10.000
98.000	9.000
99.000	13.000
100.000	10.000
101.000	9.000
102.000	8.000
103.000	6.000
104.000	8.000
105.000	9.000
106.000	6.000
107.000	7.000
108.000	9.000
109.000	8.000
110.000	5.000
111.000	6.000
112.000	4.000
113.000	5.000
114.000	9.000
115.000	9.000
116.000	7.000
117.000	6.000
118.000	7.000
119.000	5.000
120.000	13.000
121.000	7.000
122.000	10.000
123.000	6.000
124.000	5.000
125.000	9.000
126.000	12.000
127.000	10.000
128.000	7.000
129.000	9.000
130.000	9.000
131.000	7.000
132.000	5.000
133.000	9.000
134.000	2.000
135.000	8.000
136.000	13.000
137.000	3.000
138.000	5.000
139.000	5.000
140.000	1.000
141.000	4.000
142.000	8.000
143.000	5.000
144.000	2.000
145.000	4.000
146.000	3.000
147.000	8.000
148.000	6.000
149.000	1.000
150.000	4.000
151.000	5.000
152.000	5.000
153.000	1.000
154.000	2.000
155.000	2.000
156.000	5.000
157.000	5.000
158.000	6.000
159.000	9.000
160.000	4.000
161.000	14.000
162.000	6.000
163.000	11.000
164.000	9.000
165.000	7.000
166.000	4.000
167.000	8.000
168.000	5.000
169.000	5.000
170.000	6.000
171.000	4.000
172.000	2.000
173.000	2.000
174.000	5.000
175.000	4.000
176.000	5.000
177.000	6.000
178.000	7.000
179.000	10.000
180.000	6.000
181.000	0.000
182.000	8.000
183.000	11.000
184.000	4.000
185.000	2.000
186.000	8.000
187.000	4.000
188.000	3.000
189.000	6.000
190.000	6.000
191.000	2.000
192.000	4.000
193.000	1.000
194.000	3.000
195.000	5.000
196.000	8.000
197.000	7.000
198.000	2.000
199.000	8.000
200.000	18.000
201.000	17.000
202.000	17.000
203.000	19.000
204.000	10.000
205.000	11.000
206.000	3.000
207.000	8.000
208.000	6.000
209.000	7.000
210.000	5.000
211.000	1.000
212.000	4.000
213.000	2.000
214.000	3.000
215.000	4.000
216.000	2.000
217.000	3.000
218.000	2.000
219.000	8.000
220.000	7.000
221.000	10.000
222.000	6.000
223.000	4.000
224.000	1.000
225.000	3.000
226.000	3.000
227.000	3.000
228.000	4.000
229.000	2.000
230.000	4.000
231.000	1.000
232.000	3.000
233.000	3.000
234.000	4.000
235.000	2.000
236.000	3.000
237.000	5.000
238.000	3.000
239.000	3.000
240.000	3.000
241.000	3.000
242.000	2.000
243.000	10.000
244.000	3.000
245.000	11.000
246.000	4.000
247.000	7.000
248.000	9.000
249.000	11.000
250.000	4.000
251.000	3.000
252.000	9.000
253.000	7.000
254.000	5.000
255.000	6.000
256.000	3.000
257.000	7.000
258.000	8.000
259.000	3.000
260.000	8.000
261.000	3.000
262.000	4.000
263.000	6.000
264.000	2.000
265.000	3.000
266.000	3.000
267.000	3.000
268.000	4.000
269.000	5.000
270.000	1.000
271.000	4.000
272.000	3.000
273.000	7.000
274.000	2.000
275.000	2.000
276.000	1.000
277.000	2.000
278.000	4.000
279.000	6.000
280.000	6.000
281.000	6.000
282.000	6.000
283.000	2.000
284.000	4.000
285.000	5.000
286.000	3.000
287.000	7.000
288.000	5.000
289.000	4.000
290.000	4.000
291.000	7.000
292.000	8.000
293.000	1.000
294.000	6.000
295.000	4.000
296.000	8.000
297.000	9.000
298.000	4.000
299.000	6.000
300.000	4.000
301.000	3.000
302.000	4.000
303.000	7.000
304.000	7.000
305.000	4.000
306.000	3.000
307.000	4.000
308.000	7.000
309.000	4.000
310.000	11.000
311.000	7.000
312.000	6.000
313.000	6.000
314.000	5.000
315.000	6.000
316.000	8.000
317.000	13.000
318.000	18.000
319.000	14.000
320.000	24.000
321.000	28.000
322.000	32.000
323.000	29.000
324.000	22.000
325.000	28.000
326.000	19.000
327.000	20.000
328.000	12.000
329.000	11.000
330.000	10.000
331.000	14.000
332.000	3.000
333.000	12.000
334.000	9.000
335.000	6.000
336.000	6.000
337.000	7.000
338.000	13.000
339.000	7.000
340.000	12.000
341.000	17.000
342.000	27.000
343.000	44.000
344.000	58.000
345.000	107.000
346.000	118.000
347.000	204.000
348.000	240.000
349.000	292.000
350.000	322.000
351.000	290.000
352.000	283.000
353.000	264.000
354.000	210.000
355.000	166.000
356.000	108.000
357.000	46.000
358.000	42.000
359.000	31.000
360.000	16.000
361.000	14.000
362.000	12.000
363.000	4.000
364.000	12.000
365.000	6.000
366.000	13.000
367.000	8.000
368.000	14.000
369.000	7.000
370.000	10.000
371.000	9.000
372.000	11.000
373.000	11.000
374.000	15.000
375.000	16.000
376.000	8.000
377.000	7.000
378.000	17.000
379.000	19.000
380.000	24.000
381.000	24.000
382.000	57.000
383.000	37.000
384.000	53.000
385.000	70.000
386.000	79.000
387.000	64.000
388.000	66.000
389.000	52.000
390.000	45.000
391.000	39.000
392.000	39.000
393.000	22.000
394.000	23.000
395.000	13.000
396.000	15.000
397.000	15.000
398.000	11.000
399.000	17.000
400.000	8.000
401.000	13.000
402.000	16.000
403.000	15.000
404.000	20.000
405.000	5.000
406.000	11.000
407.000	13.000
408.000	18.000
409.000	15.000
410.000	17.000
411.000	19.000
412.000	15.000
413.000	19.000
414.000	18.000
415.000	20.000
416.000	18.000
417.000	16.000
418.000	13.000
419.000	21.000
420.000	18.000
421.000	17.000
422.000	12.000
423.000	14.000
424.000	20.000
425.000	21.000
426.000	14.000
427.000	17.000
428.000	17.000
429.000	20.000
430.000	18.000
431.000	24.000
432.000	19.000
433.000	22.000
434.000	12.000
435.000	24.000
436.000	22.000
437.000	24.000
438.000	21.000
439.000	25.000
440.000	25.000
441.000	31.000
442.000	36.000
443.000	18.000
444.000	26.000
445.000	25.000
446.000	25.000
447.000	23.000
448.000	24.000
449.000	26.000
450.000	20.000
451.000	33.000
452.000	22.000
453.000	35.000
454.000	26.000
455.000	36.000
456.000	33.000
457.000	33.000
458.000	25.000
459.000	34.000
460.000	28.000
461.000	30.000
462.000	34.000
463.000	24.000
464.000	29.000
465.000	20.000
466.000	30.000
467.000	36.000
468.000	44.000
469.000	28.000
470.000	31.000
471.000	39.000
472.000	35.000
473.000	32.000
474.000	33.000
475.000	42.000
476.000	29.000
477.000	30.000
478.000	35.000
479.000	29.000
480.000	36.000
481.000	31.000
482.000	38.000
483.000	40.000
484.000	32.000
485.000	32.000
486.000	43.000
487.000	35.000
488.000	34.000
489.000	31.000
490.000	48.000
491.000	36.000
492.000	30.000
493.000	42.000
494.000	42.000
495.000	36.000
496.000	38.000
497.000	39.000
498.000	52.000
499.000	46.000
500.000	41.000
501.000	45.000
502.000	40.000
503.000	56.000
504.000	45.000
505.000	32.000
506.000	44.000
507.000	48.000
508.000	52.000
509.000	49.000
510.000	46.000
511.000	51.000
512.000	58.000
513.000	66.000
514.000	51.000
515.000	54.000
516.000	42.000
517.000	53.000
518.000	45.000
519.000	50.000
520.000	51.000
521.000	72.000
522.000	46.000
523.000	67.000
524.000	58.000
525.000	71.000
526.000	63.000
527.000	64.000
528.000	56.000
529.000	54.000
530.000	50.000
531.000	66.000
532.000	58.000
533.000	70.000
534.000	67.000
535.000	72.000
536.000	61.000
537.000	56.000
538.000	64.000
539.000	66.000
540.000	67.000
541.000	68.000
542.000	60.000
543.000	65.000
544.000	74.000
545.000	65.000
546.000	65.000
547.000	72.000
548.000	64.000
549.000	71.000
550.000	65.000
551.000	75.000
552.000	66.000
553.000	61.000
554.000	95.000
555.000	73.000
556.000	63.000
557.000	65.000
558.000	73.000
559.000	78.000
560.000	79.000
561.000	76.000
562.000	75.000
563.000	79.000
564.000	71.000
565.000	82.000
566.000	87.000
567.000	90.000
568.000	76.000
569.000	86.000
570.000	99.000
571.000	102.000
572.000	84.000
573.000	90.000
574.000	77.000
575.000	88.000
576.000	86.000
577.000	93.000
578.000	83.000
579.000	121.000
580.000	96.000
581.000	102.000
582.000	95.000
583.000	110.000
584.000	102.000
585.000	99.000
586.000	111.000
587.000	98.000
588.000	82.000
589.000	128.000
590.000	100.000
591.000	105.000
592.000	100.000
593.000	102.000
594.000	115.000
595.000	104.000
596.000	97.000
597.000	102.000
598.000	113.000
599.000	103.000
600.000	97.000
601.000	102.000
602.000	127.000
603.000	94.000
604.000	110.000
605.000	114.000
606.000	118.000
607.000	118.000
608.000	112.000
609.000	113.000
610.000	118.000
611.000	96.000
612.000	120.000
613.000	99.000
614.000	114.000
615.000	138.000
616.000	134.000
617.000	130.000
618.000	113.000
619.000	111.000
620.000	112.000
621.000	120.000
622.000	142.000
623.000	150.000
624.000	135.000
625.000	138.000
626.000	148.000
627.000	106.000
628.000	126.000
629.000	133.000
630.000	143.000
631.000	144.000
632.000	150.000
633.000	116.000
634.000	130.000
635.000	144.000
636.000	147.000
637.000	144.000
638.000	146.000
639.000	156.000
640.000	140.000
641.000	143.000
642.000	133.000
643.000	158.000
644.000	138.000
645.000	163.000
646.000	139.000
647.000	161.000
648.000	155.000
649.000	141.000
650.000	177.000
651.000	154.000
652.000	174.000
653.000	166.000
654.000	150.000
655.000	176.000
656.000	170.000
657.000	160.000
658.000	169.000
659.000	160.000
660.000	162.000
661.000	179.000
662.000	174.000
663.000	143.000
664.000	156.000
665.000	173.000
666.000	141.000
667.000	134.000
668.000	184.000
669.000	188.000
670.000	158.000
671.000	180.000
672.000	170.000
673.000	200.000
674.000	171.000
675.000	157.000
676.000	171.000
677.000	185.000
678.000	178.000
679.000	172.000
680.000	178.000
681.000	182.000
682.000	184.000
683.000	190.000
684.000	189.000
685.000	168.000
686.000	193.000
687.000	203.000
688.000	200.000
689.000	200.000
690.000	189.000
691.000	192.000
692.000	167.000
693.000	217.000
694.000	186.000
695.000	210.000
696.000	196.000
697.000	199.000
698.000	205.000
699.000	205.000
700.000	223.000
701.000	201.000
702.000	198.000
703.000	186.000
704.000	215.000
705.000	182.000
706.000	212.000
707.000	172.000
708.000	213.000
709.000	239.000
710.000	216.000
711.000	220.000
712.000	209.000
713.000	204.000
714.000	208.000
715.000	204.000
716.000	225.000
717.000	217.000
718.000	186.000
719.000	213.000
720.000	195.000
721.000	209.000
722.000	224.000
723.000	226.000
724.000	232.000
725.000	236.000
726.000	237.000
727.000	240.000
728.000	257.000
729.000	241.000
730.000	201.000
731.000	219.000
732.000	245.000
733.000	230.000
734.000	241.000
735.000	227.000
736.000	220.000
737.000	231.000
738.000	224.000
739.000	210.000
740.000	233.000
741.000	248.000
742.000	215.000
743.000	218.000
744.000	250.000
745.000	239.000
746.000	231.000
747.000	239.000
748.000	269.000
749.000	227.000
750.000	220.000
751.000	217.000
752.000	212.000
753.000	226.000
754.000	232.000
755.000	233.000
756.000	263.000
757.000	231.000
758.000	265.000
759.000	256.000
760.000	256.000
761.000	273.000
762.000	281.000
763.000	238.000
764.000	268.000
765.000	260.000
766.000	238.000
767.000	250.000
768.000	269.000
769.000	271.000
770.000	231.000
771.000	281.000
772.000	272.000
773.000	303.000
774.000	279.000
775.000	261.000
776.000	274.000
777.000	280.000
778.000	261.000
779.000	280.000
780.000	265.000
781.000	277.000
782.000	295.000
783.000	293.000
784.000	269.000
785.000	270.000
786.000	270.000
787.000	256.000
788.000	246.000
789.000	286.000
790.000	243.000
791.000	264.000
792.000	284.000
793.000	264.000
794.000	273.000
795.000	252.000
796.000	235.000
797.000	291.000
798.000	280.000
799.000	267.000
800.000	290.000
801.000	296.000
802.000	297.000
803.000	247.000
804.000	276.000
805.000	277.000
806.000	273.000
807.000	285.000
808.000	269.000
809.000	276.000
810.000	269.000
811.000	281.000
812.000	278.000
813.000	321.000
814.000	266.000
815.000	264.000
816.000	333.000
817.000	307.000
818.000	272.000
819.000	291.000
820.000	294.000
821.000	278.000
822.000	255.000
823.000	307.000
824.000	295.000
825.000	322.000
826.000	303.000
827.000	298.000
828.000	290.000
829.000	318.000
830.000	301.000
831.000	258.000
832.000	286.000
833.000	269.000
834.000	278.000
835.000	324.000
836.000	291.000
837.000	327.000
838.000	303.000
839.000	318.000
840.000	287.000
841.000	344.000
842.000	304.000
843.000	330.000
844.000	302.000
845.000	341.000
846.000	335.000
847.000	330.000
848.000	308.000
849.000	332.000
850.000	329.000
851.000	327.000
852.000	351.000
853.000	344.000
854.000	353.000
855.000	354.000
856.000	375.000
857.000	369.000
858.000	353.000
859.000	373.000
860.000	388.000
861.000	366.000
862.000	351.000
863.000	438.000
864.000	402.000
865.000	429.000
866.000	396.000
867.000	406.000
868.000	412.000
869.000	423.000
870.000	501.000
871.000	456.000
872.000	453.000
873.000	471.000
874.000	524.000
875.000	535.000
876.000	552.000
877.000	624.000
878.000	551.000
879.000	619.000
880.000	673.000
881.000	636.000
882.000	738.000
883.000	788.000
884.000	852.000
885.000	919.000
886.000	919.000
887.000	970.000
888.000	997.000
889.000	1041.000
890.000	1171.000
891.000	1217.000
892.000	1254.000
893.000	1267.000
894.000	1318.000
895.000	1415.000
896.000	1411.000
897.000	1437.000
898.000	1472.000
899.000	1529.000
900.000	1539.000
901.000	1453.000
902.000	1535.000
903.000	1494.000
904.000	1532.000
905.000	1412.000
906.000	1378.000
907.000	1307.000
908.000	1254.000
909.000	1280.000
910.000	1178.000
911.000	1132.000
912.000	1088.000
913.000	1064.000
914.000	953.000
915.000	890.000
916.000	849.000
917.000	830.000
918.000	759.000
919.000	719.000
920.000	591.000
921.000	648.000
922.000	589.000
923.000	552.000
924.000	510.000
925.000	561.000
926.000	485.000
927.000	457.000
928.000	392.000
929.000	421.000
930.000	416.000
931.000	393.000
932.000	377.000
933.000	366.000
934.000	375.000
935.000	336.000
936.000	359.000
937.000	355.000
938.000	353.000
939.000	346.000
940.000	371.000
941.000	369.000
942.000	400.000
943.000	462.000
944.000	511.000
945.000	539.000
946.000	549.000
947.000	607.000
948.000	653.000
949.000	729.000
950.000	781.000
951.000	816.000
952.000	778.000
953.000	813.000
954.000	788.000
955.000	764.000
956.000	767.000
957.000	734.000
958.000	685.000
959.000	620.000
960.000	544.000
961.000	509.000
962.000	459.000
963.000	382.000
964.000	390.000
965.000	343.000
966.000	293.000
967.000	330.000
968.000	304.000
969.000	275.000
970.000	309.000
971.000	293.000
972.000	288.000
973.000	284.000
974.000	291.000
975.000	271.000
976.000	283.000
977.000	255.000
978.000	326.000
979.000	313.000
980.000	323.000
981.000	294.000
982.000	342.000
983.000	323.000
984.000	312.000
985.000	307.000
986.000	358.000
987.000	357.000
988.000	342.000
989.000	345.000
990.000	346.000
991.000	340.000
992.000	389.000
993.000	408.000
994.000	430.000
995.000	405.000
996.000	420.000
997.000	411.000
998.000	445.000
999.000	406.000
1000.000	417.000
1001.000	447.000
1002.000	436.000
1003.000	434.000
1004.000	441.000
1005.000	421.000
1006.000	444.000
1007.000	447.000
1008.000	428.000
1009.000	412.000
1010.000	415.000
1011.000	428.000
1012.000	411.000
1013.000	380.000
1014.000	392.000
1015.000	381.000
1016.000	358.000
1017.000	325.000
1018.000	350.000
1019.000	346.000
1020.000	325.000
1021.000	308.000
1022.000	289.000
1023.000	316.000
1024.000	264.000
