Date:	8/19/2008		Time:	8:56 AM		Version no:	0.00		Project name:	55		Sample name:	222		Section name:	section		Position	228.039995	mm	E0	0.000000	keV	E1	1.000000	keV/channel	sample surface	7.567371	cm	Tube anode:	Mo		Tube voltage:	30	kV	Tube current:	50	mA	gain	20		std. database			resultfile	result		matrix element	11		sample thickness	1.000000		air passage	0.560000	cm	comments	not in position		peaking_time	3.000000	m-sec	trigger_threshold	1229.166667	V	mca_bin_width	22.090000	no:	number_mca_channels	1024.000000	no:	gap_time	0.400000	m-sec	trigger_peaking_time	0.150000	m-sec	GAINDAC	9455		HIGHGAIN	1		TAURC	0		RCTAU	53		RCTAUFRAC	32768		livetime	9.693632	seconds	runtime	10.000502	seconds	input_count_rate	28.554313	cps	output_count_rate	21.740909	cps	triggers	276795	seconds	events_in_run	217420	seconds	channel	content		1.000	0.000
2.000	0.000
3.000	0.000
4.000	0.000
5.000	0.000
6.000	0.000
7.000	0.000
8.000	0.000
9.000	0.000
10.000	0.000
11.000	0.000
12.000	0.000
13.000	0.000
14.000	0.000
15.000	0.000
16.000	0.000
17.000	0.000
18.000	0.000
19.000	0.000
20.000	0.000
21.000	0.000
22.000	0.000
23.000	0.000
24.000	0.000
25.000	0.000
26.000	0.000
27.000	0.000
28.000	0.000
29.000	0.000
30.000	0.000
31.000	0.000
32.000	0.000
33.000	0.000
34.000	1.000
35.000	1.000
36.000	3.000
37.000	1.000
38.000	0.000
39.000	2.000
40.000	2.000
41.000	2.000
42.000	1.000
43.000	2.000
44.000	7.000
45.000	3.000
46.000	4.000
47.000	11.000
48.000	8.000
49.000	5.000
50.000	10.000
51.000	7.000
52.000	8.000
53.000	12.000
54.000	9.000
55.000	8.000
56.000	17.000
57.000	16.000
58.000	11.000
59.000	11.000
60.000	11.000
61.000	12.000
62.000	11.000
63.000	15.000
64.000	9.000
65.000	7.000
66.000	8.000
67.000	9.000
68.000	13.000
69.000	16.000
70.000	14.000
71.000	8.000
72.000	7.000
73.000	8.000
74.000	6.000
75.000	15.000
76.000	6.000
77.000	10.000
78.000	11.000
79.000	10.000
80.000	11.000
81.000	10.000
82.000	6.000
83.000	10.000
84.000	8.000
85.000	12.000
86.000	6.000
87.000	14.000
88.000	8.000
89.000	17.000
90.000	11.000
91.000	13.000
92.000	8.000
93.000	9.000
94.000	7.000
95.000	9.000
96.000	9.000
97.000	6.000
98.000	5.000
99.000	3.000
100.000	7.000
101.000	11.000
102.000	2.000
103.000	7.000
104.000	7.000
105.000	7.000
106.000	7.000
107.000	8.000
108.000	11.000
109.000	8.000
110.000	4.000
111.000	8.000
112.000	3.000
113.000	4.000
114.000	5.000
115.000	4.000
116.000	8.000
117.000	1.000
118.000	5.000
119.000	10.000
120.000	11.000
121.000	7.000
122.000	7.000
123.000	9.000
124.000	9.000
125.000	9.000
126.000	2.000
127.000	7.000
128.000	12.000
129.000	6.000
130.000	8.000
131.000	8.000
132.000	4.000
133.000	5.000
134.000	10.000
135.000	4.000
136.000	2.000
137.000	4.000
138.000	6.000
139.000	4.000
140.000	5.000
141.000	8.000
142.000	3.000
143.000	5.000
144.000	6.000
145.000	7.000
146.000	8.000
147.000	1.000
148.000	5.000
149.000	4.000
150.000	3.000
151.000	6.000
152.000	7.000
153.000	1.000
154.000	4.000
155.000	6.000
156.000	7.000
157.000	2.000
158.000	12.000
159.000	6.000
160.000	12.000
161.000	10.000
162.000	19.000
163.000	19.000
164.000	6.000
165.000	12.000
166.000	5.000
167.000	4.000
168.000	5.000
169.000	6.000
170.000	4.000
171.000	6.000
172.000	5.000
173.000	2.000
174.000	1.000
175.000	4.000
176.000	4.000
177.000	5.000
178.000	9.000
179.000	4.000
180.000	4.000
181.000	3.000
182.000	7.000
183.000	10.000
184.000	4.000
185.000	5.000
186.000	6.000
187.000	4.000
188.000	3.000
189.000	6.000
190.000	6.000
191.000	4.000
192.000	4.000
193.000	3.000
194.000	5.000
195.000	4.000
196.000	2.000
197.000	6.000
198.000	12.000
199.000	8.000
200.000	12.000
201.000	13.000
202.000	9.000
203.000	18.000
204.000	22.000
205.000	21.000
206.000	9.000
207.000	9.000
208.000	16.000
209.000	1.000
210.000	8.000
211.000	3.000
212.000	7.000
213.000	1.000
214.000	2.000
215.000	5.000
216.000	5.000
217.000	6.000
218.000	6.000
219.000	5.000
220.000	8.000
221.000	1.000
222.000	5.000
223.000	2.000
224.000	5.000
225.000	7.000
226.000	5.000
227.000	5.000
228.000	3.000
229.000	1.000
230.000	1.000
231.000	4.000
232.000	5.000
233.000	2.000
234.000	3.000
235.000	3.000
236.000	5.000
237.000	2.000
238.000	2.000
239.000	9.000
240.000	1.000
241.000	2.000
242.000	4.000
243.000	4.000
244.000	5.000
245.000	8.000
246.000	7.000
247.000	4.000
248.000	8.000
249.000	9.000
250.000	6.000
251.000	10.000
252.000	6.000
253.000	5.000
254.000	4.000
255.000	7.000
256.000	6.000
257.000	7.000
258.000	1.000
259.000	4.000
260.000	3.000
261.000	5.000
262.000	1.000
263.000	5.000
264.000	2.000
265.000	6.000
266.000	6.000
267.000	3.000
268.000	6.000
269.000	7.000
270.000	6.000
271.000	8.000
272.000	3.000
273.000	5.000
274.000	3.000
275.000	3.000
276.000	3.000
277.000	4.000
278.000	5.000
279.000	5.000
280.000	6.000
281.000	6.000
282.000	4.000
283.000	3.000
284.000	4.000
285.000	4.000
286.000	1.000
287.000	3.000
288.000	6.000
289.000	5.000
290.000	4.000
291.000	5.000
292.000	7.000
293.000	6.000
294.000	12.000
295.000	8.000
296.000	5.000
297.000	8.000
298.000	6.000
299.000	0.000
300.000	4.000
301.000	5.000
302.000	4.000
303.000	4.000
304.000	6.000
305.000	4.000
306.000	4.000
307.000	8.000
308.000	6.000
309.000	9.000
310.000	4.000
311.000	7.000
312.000	3.000
313.000	10.000
314.000	9.000
315.000	12.000
316.000	7.000
317.000	12.000
318.000	8.000
319.000	28.000
320.000	14.000
321.000	35.000
322.000	37.000
323.000	38.000
324.000	31.000
325.000	43.000
326.000	27.000
327.000	14.000
328.000	23.000
329.000	11.000
330.000	11.000
331.000	9.000
332.000	4.000
333.000	13.000
334.000	10.000
335.000	7.000
336.000	12.000
337.000	9.000
338.000	15.000
339.000	11.000
340.000	21.000
341.000	28.000
342.000	36.000
343.000	54.000
344.000	112.000
345.000	140.000
346.000	222.000
347.000	299.000
348.000	393.000
349.000	457.000
350.000	495.000
351.000	508.000
352.000	463.000
353.000	392.000
354.000	327.000
355.000	224.000
356.000	147.000
357.000	97.000
358.000	72.000
359.000	39.000
360.000	25.000
361.000	23.000
362.000	11.000
363.000	12.000
364.000	12.000
365.000	15.000
366.000	22.000
367.000	10.000
368.000	14.000
369.000	22.000
370.000	11.000
371.000	7.000
372.000	17.000
373.000	11.000
374.000	8.000
375.000	17.000
376.000	26.000
377.000	20.000
378.000	18.000
379.000	17.000
380.000	51.000
381.000	46.000
382.000	45.000
383.000	70.000
384.000	77.000
385.000	87.000
386.000	76.000
387.000	101.000
388.000	89.000
389.000	69.000
390.000	69.000
391.000	63.000
392.000	40.000
393.000	26.000
394.000	23.000
395.000	13.000
396.000	25.000
397.000	17.000
398.000	17.000
399.000	15.000
400.000	15.000
401.000	21.000
402.000	15.000
403.000	18.000
404.000	14.000
405.000	18.000
406.000	20.000
407.000	29.000
408.000	20.000
409.000	18.000
410.000	16.000
411.000	29.000
412.000	19.000
413.000	11.000
414.000	18.000
415.000	18.000
416.000	21.000
417.000	24.000
418.000	15.000
419.000	28.000
420.000	22.000
421.000	19.000
422.000	15.000
423.000	24.000
424.000	29.000
425.000	18.000
426.000	22.000
427.000	20.000
428.000	21.000
429.000	13.000
430.000	32.000
431.000	19.000
432.000	16.000
433.000	22.000
434.000	31.000
435.000	22.000
436.000	20.000
437.000	23.000
438.000	38.000
439.000	29.000
440.000	20.000
441.000	38.000
442.000	37.000
443.000	30.000
444.000	27.000
445.000	22.000
446.000	28.000
447.000	29.000
448.000	35.000
449.000	33.000
450.000	34.000
451.000	31.000
452.000	34.000
453.000	30.000
454.000	40.000
455.000	31.000
456.000	35.000
457.000	33.000
458.000	35.000
459.000	28.000
460.000	38.000
461.000	39.000
462.000	34.000
463.000	35.000
464.000	41.000
465.000	41.000
466.000	40.000
467.000	54.000
468.000	38.000
469.000	45.000
470.000	39.000
471.000	41.000
472.000	29.000
473.000	49.000
474.000	44.000
475.000	42.000
476.000	39.000
477.000	47.000
478.000	35.000
479.000	39.000
480.000	48.000
481.000	38.000
482.000	36.000
483.000	32.000
484.000	35.000
485.000	50.000
486.000	42.000
487.000	50.000
488.000	46.000
489.000	42.000
490.000	47.000
491.000	44.000
492.000	55.000
493.000	44.000
494.000	47.000
495.000	51.000
496.000	52.000
497.000	43.000
498.000	50.000
499.000	45.000
500.000	53.000
501.000	54.000
502.000	35.000
503.000	67.000
504.000	62.000
505.000	62.000
506.000	54.000
507.000	71.000
508.000	57.000
509.000	54.000
510.000	61.000
511.000	60.000
512.000	66.000
513.000	53.000
514.000	58.000
515.000	72.000
516.000	62.000
517.000	56.000
518.000	71.000
519.000	70.000
520.000	60.000
521.000	72.000
522.000	77.000
523.000	71.000
524.000	72.000
525.000	65.000
526.000	63.000
527.000	85.000
528.000	93.000
529.000	61.000
530.000	80.000
531.000	69.000
532.000	68.000
533.000	84.000
534.000	72.000
535.000	75.000
536.000	84.000
537.000	71.000
538.000	83.000
539.000	70.000
540.000	74.000
541.000	77.000
542.000	85.000
543.000	77.000
544.000	79.000
545.000	83.000
546.000	97.000
547.000	86.000
548.000	83.000
549.000	73.000
550.000	89.000
551.000	101.000
552.000	80.000
553.000	87.000
554.000	92.000
555.000	84.000
556.000	87.000
557.000	71.000
558.000	91.000
559.000	85.000
560.000	104.000
561.000	85.000
562.000	76.000
563.000	85.000
564.000	87.000
565.000	104.000
566.000	71.000
567.000	109.000
568.000	114.000
569.000	99.000
570.000	93.000
571.000	96.000
572.000	105.000
573.000	113.000
574.000	111.000
575.000	109.000
576.000	124.000
577.000	108.000
578.000	101.000
579.000	115.000
580.000	104.000
581.000	95.000
582.000	120.000
583.000	114.000
584.000	112.000
585.000	132.000
586.000	108.000
587.000	112.000
588.000	116.000
589.000	113.000
590.000	118.000
591.000	133.000
592.000	99.000
593.000	117.000
594.000	107.000
595.000	127.000
596.000	123.000
597.000	132.000
598.000	130.000
599.000	94.000
600.000	122.000
601.000	116.000
602.000	132.000
603.000	131.000
604.000	134.000
605.000	145.000
606.000	121.000
607.000	133.000
608.000	126.000
609.000	134.000
610.000	139.000
611.000	138.000
612.000	136.000
613.000	131.000
614.000	156.000
615.000	113.000
616.000	146.000
617.000	148.000
618.000	135.000
619.000	145.000
620.000	178.000
621.000	140.000
622.000	156.000
623.000	141.000
624.000	161.000
625.000	147.000
626.000	143.000
627.000	151.000
628.000	147.000
629.000	149.000
630.000	148.000
631.000	143.000
632.000	157.000
633.000	179.000
634.000	152.000
635.000	155.000
636.000	158.000
637.000	155.000
638.000	151.000
639.000	142.000
640.000	160.000
641.000	153.000
642.000	171.000
643.000	166.000
644.000	177.000
645.000	158.000
646.000	184.000
647.000	163.000
648.000	173.000
649.000	162.000
650.000	158.000
651.000	163.000
652.000	188.000
653.000	152.000
654.000	171.000
655.000	175.000
656.000	178.000
657.000	165.000
658.000	175.000
659.000	171.000
660.000	172.000
661.000	163.000
662.000	165.000
663.000	194.000
664.000	207.000
665.000	184.000
666.000	171.000
667.000	187.000
668.000	170.000
669.000	187.000
670.000	201.000
671.000	172.000
672.000	191.000
673.000	203.000
674.000	166.000
675.000	207.000
676.000	203.000
677.000	207.000
678.000	192.000
679.000	189.000
680.000	179.000
681.000	189.000
682.000	190.000
683.000	206.000
684.000	218.000
685.000	174.000
686.000	194.000
687.000	187.000
688.000	178.000
689.000	230.000
690.000	200.000
691.000	224.000
692.000	203.000
693.000	188.000
694.000	217.000
695.000	207.000
696.000	180.000
697.000	207.000
698.000	205.000
699.000	221.000
700.000	228.000
701.000	201.000
702.000	223.000
703.000	197.000
704.000	207.000
705.000	203.000
706.000	202.000
707.000	233.000
708.000	209.000
709.000	198.000
710.000	238.000
711.000	239.000
712.000	236.000
713.000	211.000
714.000	219.000
715.000	254.000
716.000	215.000
717.000	240.000
718.000	249.000
719.000	245.000
720.000	224.000
721.000	216.000
722.000	235.000
723.000	239.000
724.000	251.000
725.000	231.000
726.000	241.000
727.000	233.000
728.000	211.000
729.000	243.000
730.000	228.000
731.000	221.000
732.000	225.000
733.000	242.000
734.000	245.000
735.000	242.000
736.000	241.000
737.000	242.000
738.000	239.000
739.000	224.000
740.000	219.000
741.000	251.000
742.000	238.000
743.000	269.000
744.000	240.000
745.000	247.000
746.000	240.000
747.000	240.000
748.000	259.000
749.000	282.000
750.000	223.000
751.000	220.000
752.000	216.000
753.000	237.000
754.000	240.000
755.000	228.000
756.000	240.000
757.000	269.000
758.000	237.000
759.000	239.000
760.000	260.000
761.000	258.000
762.000	278.000
763.000	243.000
764.000	251.000
765.000	249.000
766.000	274.000
767.000	248.000
768.000	274.000
769.000	292.000
770.000	261.000
771.000	268.000
772.000	300.000
773.000	293.000
774.000	305.000
775.000	280.000
776.000	322.000
777.000	291.000
778.000	265.000
779.000	274.000
780.000	302.000
781.000	255.000
782.000	253.000
783.000	257.000
784.000	267.000
785.000	266.000
786.000	280.000
787.000	283.000
788.000	270.000
789.000	288.000
790.000	254.000
791.000	260.000
792.000	283.000
793.000	289.000
794.000	276.000
795.000	281.000
796.000	297.000
797.000	271.000
798.000	288.000
799.000	285.000
800.000	260.000
801.000	306.000
802.000	269.000
803.000	289.000
804.000	276.000
805.000	284.000
806.000	282.000
807.000	285.000
808.000	298.000
809.000	271.000
810.000	281.000
811.000	301.000
812.000	321.000
813.000	292.000
814.000	299.000
815.000	279.000
816.000	329.000
817.000	254.000
818.000	332.000
819.000	315.000
820.000	310.000
821.000	291.000
822.000	290.000
823.000	312.000
824.000	307.000
825.000	304.000
826.000	325.000
827.000	289.000
828.000	285.000
829.000	325.000
830.000	320.000
831.000	293.000
832.000	304.000
833.000	290.000
834.000	304.000
835.000	306.000
836.000	319.000
837.000	296.000
838.000	319.000
839.000	327.000
840.000	317.000
841.000	357.000
842.000	384.000
843.000	344.000
844.000	339.000
845.000	334.000
846.000	328.000
847.000	336.000
848.000	335.000
849.000	332.000
850.000	338.000
851.000	344.000
852.000	361.000
853.000	350.000
854.000	375.000
855.000	390.000
856.000	363.000
857.000	365.000
858.000	348.000
859.000	372.000
860.000	394.000
861.000	386.000
862.000	381.000
863.000	410.000
864.000	410.000
865.000	383.000
866.000	398.000
867.000	386.000
868.000	442.000
869.000	435.000
870.000	430.000
871.000	442.000
872.000	508.000
873.000	478.000
874.000	529.000
875.000	530.000
876.000	570.000
877.000	585.000
878.000	600.000
879.000	661.000
880.000	618.000
881.000	684.000
882.000	747.000
883.000	744.000
884.000	787.000
885.000	910.000
886.000	953.000
887.000	993.000
888.000	1017.000
889.000	1096.000
890.000	1239.000
891.000	1193.000
892.000	1256.000
893.000	1310.000
894.000	1434.000
895.000	1330.000
896.000	1474.000
897.000	1520.000
898.000	1520.000
899.000	1513.000
900.000	1465.000
901.000	1497.000
902.000	1488.000
903.000	1512.000
904.000	1541.000
905.000	1380.000
906.000	1442.000
907.000	1366.000
908.000	1264.000
909.000	1269.000
910.000	1209.000
911.000	1153.000
912.000	1065.000
913.000	1081.000
914.000	946.000
915.000	928.000
916.000	869.000
917.000	859.000
918.000	725.000
919.000	749.000
920.000	682.000
921.000	642.000
922.000	601.000
923.000	546.000
924.000	539.000
925.000	544.000
926.000	465.000
927.000	484.000
928.000	427.000
929.000	450.000
930.000	401.000
931.000	455.000
932.000	421.000
933.000	374.000
934.000	346.000
935.000	395.000
936.000	349.000
937.000	363.000
938.000	379.000
939.000	380.000
940.000	410.000
941.000	420.000
942.000	433.000
943.000	463.000
944.000	483.000
945.000	526.000
946.000	603.000
947.000	682.000
948.000	636.000
949.000	752.000
950.000	766.000
951.000	787.000
952.000	806.000
953.000	889.000
954.000	799.000
955.000	772.000
956.000	763.000
957.000	749.000
958.000	673.000
959.000	696.000
960.000	514.000
961.000	510.000
962.000	489.000
963.000	410.000
964.000	369.000
965.000	307.000
966.000	326.000
967.000	315.000
968.000	306.000
969.000	295.000
970.000	273.000
971.000	281.000
972.000	266.000
973.000	295.000
974.000	281.000
975.000	315.000
976.000	285.000
977.000	304.000
978.000	292.000
979.000	309.000
980.000	309.000
981.000	320.000
982.000	293.000
983.000	301.000
984.000	338.000
985.000	346.000
986.000	326.000
987.000	364.000
988.000	356.000
989.000	413.000
990.000	371.000
991.000	389.000
992.000	408.000
993.000	413.000
994.000	401.000
995.000	400.000
996.000	446.000
997.000	431.000
998.000	457.000
999.000	453.000
1000.000	467.000
1001.000	429.000
1002.000	460.000
1003.000	436.000
1004.000	468.000
1005.000	446.000
1006.000	462.000
1007.000	421.000
1008.000	455.000
1009.000	444.000
1010.000	466.000
1011.000	378.000
1012.000	429.000
1013.000	403.000
1014.000	367.000
1015.000	386.000
1016.000	369.000
1017.000	369.000
1018.000	338.000
1019.000	308.000
1020.000	342.000
1021.000	294.000
1022.000	309.000
1023.000	291.000
1024.000	274.000
