Date:	8/19/2008		Time:	8:56 AM		Version no:	0.00		Project name:	55		Sample name:	222		Section name:	section		Position	220.039995	mm	E0	0.000000	keV	E1	1.000000	keV/channel	sample surface	7.558856	cm	Tube anode:	Mo		Tube voltage:	30	kV	Tube current:	50	mA	gain	20		std. database			resultfile	result		matrix element	11		sample thickness	1.000000		air passage	0.560000	cm	comments	not in position		peaking_time	3.000000	m-sec	trigger_threshold	1229.166667	V	mca_bin_width	22.090000	no:	number_mca_channels	1024.000000	no:	gap_time	0.400000	m-sec	trigger_peaking_time	0.150000	m-sec	GAINDAC	9455		HIGHGAIN	1		TAURC	0		RCTAU	53		RCTAUFRAC	32768		livetime	9.674500	seconds	runtime	10.000502	seconds	input_count_rate	29.918859	cps	output_count_rate	22.526970	cps	triggers	289450	seconds	events_in_run	225281	seconds	channel	content		1.000	0.000
2.000	0.000
3.000	0.000
4.000	0.000
5.000	0.000
6.000	0.000
7.000	0.000
8.000	0.000
9.000	0.000
10.000	0.000
11.000	0.000
12.000	0.000
13.000	0.000
14.000	0.000
15.000	0.000
16.000	0.000
17.000	0.000
18.000	0.000
19.000	0.000
20.000	0.000
21.000	0.000
22.000	0.000
23.000	0.000
24.000	0.000
25.000	0.000
26.000	0.000
27.000	0.000
28.000	0.000
29.000	0.000
30.000	0.000
31.000	0.000
32.000	0.000
33.000	1.000
34.000	1.000
35.000	3.000
36.000	0.000
37.000	1.000
38.000	1.000
39.000	1.000
40.000	2.000
41.000	3.000
42.000	4.000
43.000	5.000
44.000	5.000
45.000	4.000
46.000	7.000
47.000	7.000
48.000	6.000
49.000	6.000
50.000	13.000
51.000	8.000
52.000	9.000
53.000	4.000
54.000	16.000
55.000	9.000
56.000	13.000
57.000	12.000
58.000	12.000
59.000	16.000
60.000	16.000
61.000	10.000
62.000	13.000
63.000	15.000
64.000	10.000
65.000	10.000
66.000	14.000
67.000	20.000
68.000	7.000
69.000	14.000
70.000	10.000
71.000	10.000
72.000	12.000
73.000	7.000
74.000	13.000
75.000	7.000
76.000	9.000
77.000	14.000
78.000	4.000
79.000	11.000
80.000	5.000
81.000	8.000
82.000	10.000
83.000	8.000
84.000	10.000
85.000	10.000
86.000	7.000
87.000	9.000
88.000	10.000
89.000	9.000
90.000	4.000
91.000	8.000
92.000	9.000
93.000	8.000
94.000	8.000
95.000	9.000
96.000	10.000
97.000	3.000
98.000	12.000
99.000	9.000
100.000	10.000
101.000	8.000
102.000	7.000
103.000	8.000
104.000	10.000
105.000	10.000
106.000	7.000
107.000	5.000
108.000	10.000
109.000	2.000
110.000	5.000
111.000	3.000
112.000	7.000
113.000	3.000
114.000	6.000
115.000	11.000
116.000	11.000
117.000	10.000
118.000	6.000
119.000	8.000
120.000	9.000
121.000	5.000
122.000	5.000
123.000	4.000
124.000	14.000
125.000	6.000
126.000	11.000
127.000	7.000
128.000	6.000
129.000	12.000
130.000	7.000
131.000	5.000
132.000	8.000
133.000	10.000
134.000	7.000
135.000	7.000
136.000	8.000
137.000	7.000
138.000	4.000
139.000	4.000
140.000	6.000
141.000	6.000
142.000	5.000
143.000	4.000
144.000	6.000
145.000	5.000
146.000	1.000
147.000	3.000
148.000	4.000
149.000	7.000
150.000	9.000
151.000	5.000
152.000	8.000
153.000	3.000
154.000	6.000
155.000	3.000
156.000	5.000
157.000	7.000
158.000	7.000
159.000	3.000
160.000	4.000
161.000	6.000
162.000	9.000
163.000	10.000
164.000	5.000
165.000	8.000
166.000	5.000
167.000	1.000
168.000	5.000
169.000	5.000
170.000	2.000
171.000	5.000
172.000	6.000
173.000	2.000
174.000	4.000
175.000	3.000
176.000	5.000
177.000	1.000
178.000	5.000
179.000	7.000
180.000	7.000
181.000	10.000
182.000	11.000
183.000	6.000
184.000	5.000
185.000	6.000
186.000	8.000
187.000	2.000
188.000	5.000
189.000	4.000
190.000	10.000
191.000	5.000
192.000	1.000
193.000	1.000
194.000	4.000
195.000	4.000
196.000	3.000
197.000	7.000
198.000	6.000
199.000	11.000
200.000	9.000
201.000	12.000
202.000	24.000
203.000	17.000
204.000	15.000
205.000	20.000
206.000	14.000
207.000	13.000
208.000	6.000
209.000	8.000
210.000	4.000
211.000	4.000
212.000	3.000
213.000	6.000
214.000	3.000
215.000	7.000
216.000	3.000
217.000	4.000
218.000	1.000
219.000	7.000
220.000	5.000
221.000	9.000
222.000	7.000
223.000	7.000
224.000	4.000
225.000	5.000
226.000	3.000
227.000	2.000
228.000	5.000
229.000	3.000
230.000	2.000
231.000	3.000
232.000	4.000
233.000	1.000
234.000	3.000
235.000	6.000
236.000	4.000
237.000	5.000
238.000	7.000
239.000	5.000
240.000	5.000
241.000	1.000
242.000	3.000
243.000	14.000
244.000	5.000
245.000	9.000
246.000	5.000
247.000	8.000
248.000	9.000
249.000	9.000
250.000	6.000
251.000	8.000
252.000	5.000
253.000	5.000
254.000	3.000
255.000	5.000
256.000	4.000
257.000	4.000
258.000	8.000
259.000	4.000
260.000	4.000
261.000	0.000
262.000	1.000
263.000	5.000
264.000	5.000
265.000	6.000
266.000	6.000
267.000	3.000
268.000	3.000
269.000	6.000
270.000	8.000
271.000	3.000
272.000	7.000
273.000	7.000
274.000	6.000
275.000	6.000
276.000	9.000
277.000	7.000
278.000	3.000
279.000	6.000
280.000	7.000
281.000	3.000
282.000	4.000
283.000	5.000
284.000	5.000
285.000	6.000
286.000	5.000
287.000	4.000
288.000	3.000
289.000	9.000
290.000	5.000
291.000	8.000
292.000	5.000
293.000	3.000
294.000	8.000
295.000	9.000
296.000	11.000
297.000	9.000
298.000	11.000
299.000	3.000
300.000	5.000
301.000	8.000
302.000	8.000
303.000	10.000
304.000	5.000
305.000	3.000
306.000	8.000
307.000	8.000
308.000	4.000
309.000	6.000
310.000	4.000
311.000	12.000
312.000	3.000
313.000	5.000
314.000	11.000
315.000	12.000
316.000	9.000
317.000	12.000
318.000	17.000
319.000	23.000
320.000	28.000
321.000	30.000
322.000	40.000
323.000	31.000
324.000	42.000
325.000	46.000
326.000	31.000
327.000	26.000
328.000	12.000
329.000	15.000
330.000	13.000
331.000	14.000
332.000	14.000
333.000	17.000
334.000	9.000
335.000	11.000
336.000	4.000
337.000	5.000
338.000	8.000
339.000	9.000
340.000	23.000
341.000	30.000
342.000	34.000
343.000	51.000
344.000	90.000
345.000	148.000
346.000	192.000
347.000	283.000
348.000	360.000
349.000	410.000
350.000	397.000
351.000	434.000
352.000	383.000
353.000	306.000
354.000	303.000
355.000	231.000
356.000	151.000
357.000	97.000
358.000	69.000
359.000	44.000
360.000	24.000
361.000	21.000
362.000	14.000
363.000	13.000
364.000	9.000
365.000	11.000
366.000	20.000
367.000	14.000
368.000	17.000
369.000	18.000
370.000	21.000
371.000	15.000
372.000	13.000
373.000	12.000
374.000	15.000
375.000	13.000
376.000	16.000
377.000	26.000
378.000	22.000
379.000	24.000
380.000	31.000
381.000	36.000
382.000	50.000
383.000	78.000
384.000	77.000
385.000	93.000
386.000	95.000
387.000	87.000
388.000	81.000
389.000	73.000
390.000	52.000
391.000	49.000
392.000	30.000
393.000	30.000
394.000	18.000
395.000	21.000
396.000	18.000
397.000	10.000
398.000	37.000
399.000	13.000
400.000	24.000
401.000	17.000
402.000	25.000
403.000	28.000
404.000	20.000
405.000	19.000
406.000	23.000
407.000	20.000
408.000	19.000
409.000	37.000
410.000	17.000
411.000	20.000
412.000	32.000
413.000	27.000
414.000	19.000
415.000	28.000
416.000	22.000
417.000	24.000
418.000	22.000
419.000	20.000
420.000	17.000
421.000	28.000
422.000	27.000
423.000	34.000
424.000	22.000
425.000	23.000
426.000	23.000
427.000	32.000
428.000	33.000
429.000	28.000
430.000	29.000
431.000	22.000
432.000	30.000
433.000	24.000
434.000	26.000
435.000	34.000
436.000	26.000
437.000	35.000
438.000	31.000
439.000	56.000
440.000	28.000
441.000	30.000
442.000	27.000
443.000	33.000
444.000	38.000
445.000	50.000
446.000	35.000
447.000	38.000
448.000	28.000
449.000	32.000
450.000	47.000
451.000	39.000
452.000	45.000
453.000	45.000
454.000	32.000
455.000	37.000
456.000	39.000
457.000	43.000
458.000	34.000
459.000	51.000
460.000	38.000
461.000	49.000
462.000	46.000
463.000	44.000
464.000	56.000
465.000	40.000
466.000	40.000
467.000	38.000
468.000	40.000
469.000	47.000
470.000	32.000
471.000	47.000
472.000	50.000
473.000	52.000
474.000	50.000
475.000	53.000
476.000	51.000
477.000	38.000
478.000	40.000
479.000	60.000
480.000	41.000
481.000	53.000
482.000	47.000
483.000	51.000
484.000	55.000
485.000	55.000
486.000	39.000
487.000	57.000
488.000	61.000
489.000	48.000
490.000	55.000
491.000	50.000
492.000	60.000
493.000	46.000
494.000	58.000
495.000	43.000
496.000	72.000
497.000	55.000
498.000	66.000
499.000	56.000
500.000	53.000
501.000	69.000
502.000	67.000
503.000	55.000
504.000	68.000
505.000	72.000
506.000	61.000
507.000	63.000
508.000	81.000
509.000	57.000
510.000	72.000
511.000	78.000
512.000	69.000
513.000	72.000
514.000	59.000
515.000	64.000
516.000	68.000
517.000	77.000
518.000	70.000
519.000	79.000
520.000	70.000
521.000	77.000
522.000	71.000
523.000	87.000
524.000	71.000
525.000	82.000
526.000	89.000
527.000	93.000
528.000	82.000
529.000	94.000
530.000	87.000
531.000	72.000
532.000	78.000
533.000	91.000
534.000	87.000
535.000	84.000
536.000	89.000
537.000	90.000
538.000	95.000
539.000	80.000
540.000	85.000
541.000	109.000
542.000	102.000
543.000	84.000
544.000	99.000
545.000	106.000
546.000	90.000
547.000	95.000
548.000	108.000
549.000	90.000
550.000	91.000
551.000	93.000
552.000	89.000
553.000	86.000
554.000	103.000
555.000	92.000
556.000	106.000
557.000	97.000
558.000	96.000
559.000	91.000
560.000	107.000
561.000	100.000
562.000	112.000
563.000	101.000
564.000	97.000
565.000	113.000
566.000	104.000
567.000	116.000
568.000	98.000
569.000	88.000
570.000	99.000
571.000	123.000
572.000	100.000
573.000	111.000
574.000	141.000
575.000	116.000
576.000	111.000
577.000	119.000
578.000	108.000
579.000	120.000
580.000	127.000
581.000	123.000
582.000	127.000
583.000	104.000
584.000	124.000
585.000	113.000
586.000	107.000
587.000	125.000
588.000	127.000
589.000	131.000
590.000	121.000
591.000	135.000
592.000	123.000
593.000	113.000
594.000	130.000
595.000	129.000
596.000	132.000
597.000	124.000
598.000	154.000
599.000	133.000
600.000	144.000
601.000	126.000
602.000	128.000
603.000	147.000
604.000	130.000
605.000	143.000
606.000	131.000
607.000	141.000
608.000	159.000
609.000	148.000
610.000	160.000
611.000	149.000
612.000	153.000
613.000	140.000
614.000	150.000
615.000	127.000
616.000	159.000
617.000	173.000
618.000	128.000
619.000	147.000
620.000	134.000
621.000	154.000
622.000	185.000
623.000	141.000
624.000	148.000
625.000	146.000
626.000	155.000
627.000	167.000
628.000	167.000
629.000	169.000
630.000	149.000
631.000	171.000
632.000	152.000
633.000	179.000
634.000	179.000
635.000	179.000
636.000	178.000
637.000	164.000
638.000	170.000
639.000	179.000
640.000	165.000
641.000	163.000
642.000	192.000
643.000	167.000
644.000	177.000
645.000	197.000
646.000	230.000
647.000	179.000
648.000	197.000
649.000	181.000
650.000	217.000
651.000	182.000
652.000	189.000
653.000	177.000
654.000	196.000
655.000	197.000
656.000	200.000
657.000	188.000
658.000	194.000
659.000	210.000
660.000	185.000
661.000	209.000
662.000	176.000
663.000	205.000
664.000	178.000
665.000	180.000
666.000	199.000
667.000	198.000
668.000	222.000
669.000	200.000
670.000	200.000
671.000	195.000
672.000	221.000
673.000	204.000
674.000	206.000
675.000	184.000
676.000	198.000
677.000	209.000
678.000	212.000
679.000	224.000
680.000	182.000
681.000	208.000
682.000	233.000
683.000	207.000
684.000	198.000
685.000	203.000
686.000	207.000
687.000	216.000
688.000	238.000
689.000	236.000
690.000	216.000
691.000	235.000
692.000	235.000
693.000	203.000
694.000	221.000
695.000	209.000
696.000	192.000
697.000	233.000
698.000	238.000
699.000	229.000
700.000	197.000
701.000	216.000
702.000	223.000
703.000	225.000
704.000	244.000
705.000	223.000
706.000	229.000
707.000	252.000
708.000	254.000
709.000	260.000
710.000	228.000
711.000	243.000
712.000	250.000
713.000	228.000
714.000	211.000
715.000	242.000
716.000	253.000
717.000	247.000
718.000	229.000
719.000	212.000
720.000	244.000
721.000	254.000
722.000	257.000
723.000	263.000
724.000	239.000
725.000	236.000
726.000	250.000
727.000	278.000
728.000	250.000
729.000	249.000
730.000	250.000
731.000	255.000
732.000	255.000
733.000	267.000
734.000	272.000
735.000	273.000
736.000	233.000
737.000	246.000
738.000	259.000
739.000	263.000
740.000	241.000
741.000	255.000
742.000	252.000
743.000	254.000
744.000	240.000
745.000	267.000
746.000	257.000
747.000	295.000
748.000	255.000
749.000	241.000
750.000	257.000
751.000	243.000
752.000	239.000
753.000	272.000
754.000	259.000
755.000	260.000
756.000	268.000
757.000	263.000
758.000	279.000
759.000	251.000
760.000	289.000
761.000	255.000
762.000	282.000
763.000	308.000
764.000	278.000
765.000	269.000
766.000	294.000
767.000	293.000
768.000	259.000
769.000	277.000
770.000	296.000
771.000	320.000
772.000	295.000
773.000	288.000
774.000	295.000
775.000	308.000
776.000	302.000
777.000	291.000
778.000	282.000
779.000	246.000
780.000	270.000
781.000	326.000
782.000	278.000
783.000	300.000
784.000	276.000
785.000	302.000
786.000	278.000
787.000	269.000
788.000	290.000
789.000	298.000
790.000	259.000
791.000	294.000
792.000	287.000
793.000	280.000
794.000	287.000
795.000	298.000
796.000	269.000
797.000	312.000
798.000	278.000
799.000	283.000
800.000	274.000
801.000	311.000
802.000	326.000
803.000	273.000
804.000	285.000
805.000	306.000
806.000	295.000
807.000	304.000
808.000	292.000
809.000	280.000
810.000	288.000
811.000	317.000
812.000	290.000
813.000	319.000
814.000	323.000
815.000	329.000
816.000	300.000
817.000	309.000
818.000	301.000
819.000	306.000
820.000	335.000
821.000	330.000
822.000	337.000
823.000	318.000
824.000	339.000
825.000	312.000
826.000	323.000
827.000	307.000
828.000	284.000
829.000	286.000
830.000	324.000
831.000	320.000
832.000	280.000
833.000	319.000
834.000	328.000
835.000	306.000
836.000	340.000
837.000	323.000
838.000	305.000
839.000	332.000
840.000	337.000
841.000	291.000
842.000	342.000
843.000	339.000
844.000	325.000
845.000	350.000
846.000	343.000
847.000	346.000
848.000	347.000
849.000	367.000
850.000	371.000
851.000	383.000
852.000	404.000
853.000	352.000
854.000	357.000
855.000	352.000
856.000	374.000
857.000	361.000
858.000	389.000
859.000	379.000
860.000	407.000
861.000	398.000
862.000	458.000
863.000	413.000
864.000	433.000
865.000	448.000
866.000	404.000
867.000	418.000
868.000	425.000
869.000	479.000
870.000	472.000
871.000	466.000
872.000	487.000
873.000	475.000
874.000	491.000
875.000	522.000
876.000	570.000
877.000	567.000
878.000	607.000
879.000	643.000
880.000	708.000
881.000	674.000
882.000	756.000
883.000	833.000
884.000	846.000
885.000	938.000
886.000	958.000
887.000	984.000
888.000	1044.000
889.000	1147.000
890.000	1206.000
891.000	1196.000
892.000	1288.000
893.000	1326.000
894.000	1413.000
895.000	1507.000
896.000	1517.000
897.000	1571.000
898.000	1532.000
899.000	1548.000
900.000	1568.000
901.000	1623.000
902.000	1576.000
903.000	1578.000
904.000	1488.000
905.000	1491.000
906.000	1408.000
907.000	1429.000
908.000	1382.000
909.000	1292.000
910.000	1181.000
911.000	1150.000
912.000	1122.000
913.000	974.000
914.000	997.000
915.000	914.000
916.000	881.000
917.000	825.000
918.000	794.000
919.000	721.000
920.000	662.000
921.000	666.000
922.000	636.000
923.000	618.000
924.000	526.000
925.000	530.000
926.000	485.000
927.000	480.000
928.000	431.000
929.000	422.000
930.000	448.000
931.000	416.000
932.000	405.000
933.000	430.000
934.000	415.000
935.000	393.000
936.000	407.000
937.000	415.000
938.000	318.000
939.000	375.000
940.000	421.000
941.000	414.000
942.000	434.000
943.000	474.000
944.000	477.000
945.000	541.000
946.000	602.000
947.000	639.000
948.000	665.000
949.000	758.000
950.000	739.000
951.000	826.000
952.000	809.000
953.000	827.000
954.000	850.000
955.000	840.000
956.000	765.000
957.000	730.000
958.000	683.000
959.000	618.000
960.000	580.000
961.000	535.000
962.000	435.000
963.000	420.000
964.000	386.000
965.000	329.000
966.000	348.000
967.000	315.000
968.000	329.000
969.000	287.000
970.000	285.000
971.000	312.000
972.000	283.000
973.000	311.000
974.000	305.000
975.000	296.000
976.000	297.000
977.000	334.000
978.000	309.000
979.000	310.000
980.000	318.000
981.000	303.000
982.000	321.000
983.000	311.000
984.000	355.000
985.000	334.000
986.000	340.000
987.000	342.000
988.000	366.000
989.000	381.000
990.000	367.000
991.000	399.000
992.000	386.000
993.000	382.000
994.000	416.000
995.000	430.000
996.000	474.000
997.000	445.000
998.000	447.000
999.000	452.000
1000.000	463.000
1001.000	479.000
1002.000	452.000
1003.000	455.000
1004.000	463.000
1005.000	454.000
1006.000	470.000
1007.000	465.000
1008.000	441.000
1009.000	425.000
1010.000	488.000
1011.000	406.000
1012.000	408.000
1013.000	416.000
1014.000	415.000
1015.000	411.000
1016.000	377.000
1017.000	362.000
1018.000	341.000
1019.000	380.000
1020.000	319.000
1021.000	306.000
1022.000	298.000
1023.000	332.000
1024.000	297.000
