Date:	8/19/2008		Time:	9:29 AM		Version no:	0.00		Project name:	55		Sample name:	222		Section name:	section		Position	568.039995	mm	E0	0.000000	keV	E1	1.000000	keV/channel	sample surface	7.777209	cm	Tube anode:	Mo		Tube voltage:	30	kV	Tube current:	50	mA	gain	20		std. database			resultfile	result		matrix element	11		sample thickness	1.000000		air passage	0.560000	cm	comments	not in position		peaking_time	3.000000	m-sec	trigger_threshold	1229.166667	V	mca_bin_width	22.090000	no:	number_mca_channels	1024.000000	no:	gap_time	0.400000	m-sec	trigger_peaking_time	0.150000	m-sec	GAINDAC	9455		HIGHGAIN	1		TAURC	0		RCTAU	53		RCTAUFRAC	32768		livetime	9.686080	seconds	runtime	10.000502	seconds	input_count_rate	29.771899	cps	output_count_rate	22.443174	cps	triggers	288373	seconds	events_in_run	224443	seconds	channel	content		1.000	0.000
2.000	0.000
3.000	0.000
4.000	0.000
5.000	0.000
6.000	0.000
7.000	0.000
8.000	0.000
9.000	0.000
10.000	0.000
11.000	0.000
12.000	0.000
13.000	0.000
14.000	0.000
15.000	0.000
16.000	0.000
17.000	0.000
18.000	0.000
19.000	0.000
20.000	0.000
21.000	0.000
22.000	0.000
23.000	0.000
24.000	0.000
25.000	0.000
26.000	0.000
27.000	0.000
28.000	0.000
29.000	0.000
30.000	0.000
31.000	1.000
32.000	0.000
33.000	0.000
34.000	1.000
35.000	0.000
36.000	1.000
37.000	2.000
38.000	3.000
39.000	1.000
40.000	1.000
41.000	5.000
42.000	4.000
43.000	3.000
44.000	3.000
45.000	2.000
46.000	7.000
47.000	7.000
48.000	8.000
49.000	6.000
50.000	10.000
51.000	8.000
52.000	5.000
53.000	8.000
54.000	5.000
55.000	8.000
56.000	13.000
57.000	14.000
58.000	7.000
59.000	8.000
60.000	10.000
61.000	13.000
62.000	6.000
63.000	12.000
64.000	9.000
65.000	12.000
66.000	7.000
67.000	13.000
68.000	10.000
69.000	12.000
70.000	11.000
71.000	14.000
72.000	7.000
73.000	11.000
74.000	11.000
75.000	16.000
76.000	5.000
77.000	14.000
78.000	10.000
79.000	5.000
80.000	10.000
81.000	10.000
82.000	6.000
83.000	8.000
84.000	10.000
85.000	7.000
86.000	9.000
87.000	9.000
88.000	9.000
89.000	11.000
90.000	6.000
91.000	3.000
92.000	7.000
93.000	13.000
94.000	6.000
95.000	10.000
96.000	10.000
97.000	6.000
98.000	11.000
99.000	6.000
100.000	7.000
101.000	8.000
102.000	11.000
103.000	8.000
104.000	5.000
105.000	9.000
106.000	8.000
107.000	10.000
108.000	5.000
109.000	7.000
110.000	5.000
111.000	7.000
112.000	8.000
113.000	12.000
114.000	13.000
115.000	3.000
116.000	9.000
117.000	6.000
118.000	6.000
119.000	6.000
120.000	9.000
121.000	10.000
122.000	7.000
123.000	10.000
124.000	16.000
125.000	9.000
126.000	13.000
127.000	9.000
128.000	6.000
129.000	8.000
130.000	5.000
131.000	4.000
132.000	5.000
133.000	7.000
134.000	5.000
135.000	9.000
136.000	5.000
137.000	10.000
138.000	7.000
139.000	8.000
140.000	7.000
141.000	1.000
142.000	4.000
143.000	5.000
144.000	6.000
145.000	3.000
146.000	8.000
147.000	2.000
148.000	12.000
149.000	5.000
150.000	1.000
151.000	7.000
152.000	6.000
153.000	4.000
154.000	9.000
155.000	2.000
156.000	3.000
157.000	2.000
158.000	9.000
159.000	3.000
160.000	7.000
161.000	8.000
162.000	11.000
163.000	12.000
164.000	9.000
165.000	6.000
166.000	8.000
167.000	4.000
168.000	4.000
169.000	3.000
170.000	4.000
171.000	2.000
172.000	5.000
173.000	4.000
174.000	10.000
175.000	5.000
176.000	2.000
177.000	8.000
178.000	9.000
179.000	4.000
180.000	10.000
181.000	8.000
182.000	6.000
183.000	2.000
184.000	10.000
185.000	1.000
186.000	6.000
187.000	0.000
188.000	4.000
189.000	2.000
190.000	1.000
191.000	0.000
192.000	1.000
193.000	7.000
194.000	3.000
195.000	5.000
196.000	7.000
197.000	10.000
198.000	11.000
199.000	19.000
200.000	17.000
201.000	22.000
202.000	35.000
203.000	30.000
204.000	22.000
205.000	19.000
206.000	13.000
207.000	11.000
208.000	6.000
209.000	9.000
210.000	8.000
211.000	5.000
212.000	3.000
213.000	8.000
214.000	1.000
215.000	9.000
216.000	3.000
217.000	10.000
218.000	9.000
219.000	7.000
220.000	8.000
221.000	6.000
222.000	10.000
223.000	7.000
224.000	1.000
225.000	5.000
226.000	5.000
227.000	3.000
228.000	7.000
229.000	5.000
230.000	5.000
231.000	2.000
232.000	6.000
233.000	3.000
234.000	6.000
235.000	2.000
236.000	2.000
237.000	3.000
238.000	6.000
239.000	2.000
240.000	3.000
241.000	4.000
242.000	9.000
243.000	5.000
244.000	7.000
245.000	7.000
246.000	7.000
247.000	8.000
248.000	9.000
249.000	9.000
250.000	10.000
251.000	4.000
252.000	10.000
253.000	9.000
254.000	4.000
255.000	16.000
256.000	5.000
257.000	7.000
258.000	5.000
259.000	6.000
260.000	5.000
261.000	5.000
262.000	3.000
263.000	7.000
264.000	7.000
265.000	8.000
266.000	5.000
267.000	5.000
268.000	6.000
269.000	3.000
270.000	7.000
271.000	4.000
272.000	6.000
273.000	4.000
274.000	4.000
275.000	4.000
276.000	6.000
277.000	8.000
278.000	6.000
279.000	8.000
280.000	4.000
281.000	6.000
282.000	7.000
283.000	6.000
284.000	1.000
285.000	1.000
286.000	4.000
287.000	4.000
288.000	4.000
289.000	4.000
290.000	5.000
291.000	7.000
292.000	8.000
293.000	7.000
294.000	5.000
295.000	10.000
296.000	6.000
297.000	8.000
298.000	9.000
299.000	13.000
300.000	11.000
301.000	9.000
302.000	4.000
303.000	7.000
304.000	8.000
305.000	13.000
306.000	8.000
307.000	11.000
308.000	13.000
309.000	5.000
310.000	11.000
311.000	3.000
312.000	5.000
313.000	11.000
314.000	17.000
315.000	9.000
316.000	11.000
317.000	15.000
318.000	20.000
319.000	34.000
320.000	44.000
321.000	49.000
322.000	49.000
323.000	66.000
324.000	59.000
325.000	61.000
326.000	48.000
327.000	40.000
328.000	31.000
329.000	16.000
330.000	16.000
331.000	9.000
332.000	11.000
333.000	10.000
334.000	16.000
335.000	9.000
336.000	15.000
337.000	15.000
338.000	20.000
339.000	9.000
340.000	23.000
341.000	37.000
342.000	56.000
343.000	100.000
344.000	170.000
345.000	268.000
346.000	425.000
347.000	587.000
348.000	754.000
349.000	846.000
350.000	921.000
351.000	940.000
352.000	844.000
353.000	718.000
354.000	563.000
355.000	434.000
356.000	308.000
357.000	201.000
358.000	120.000
359.000	66.000
360.000	46.000
361.000	32.000
362.000	21.000
363.000	19.000
364.000	14.000
365.000	17.000
366.000	9.000
367.000	18.000
368.000	16.000
369.000	20.000
370.000	16.000
371.000	19.000
372.000	20.000
373.000	29.000
374.000	16.000
375.000	28.000
376.000	29.000
377.000	27.000
378.000	27.000
379.000	39.000
380.000	38.000
381.000	77.000
382.000	105.000
383.000	116.000
384.000	141.000
385.000	168.000
386.000	180.000
387.000	151.000
388.000	195.000
389.000	145.000
390.000	110.000
391.000	89.000
392.000	61.000
393.000	43.000
394.000	47.000
395.000	22.000
396.000	26.000
397.000	30.000
398.000	19.000
399.000	21.000
400.000	23.000
401.000	16.000
402.000	25.000
403.000	26.000
404.000	29.000
405.000	19.000
406.000	26.000
407.000	21.000
408.000	17.000
409.000	19.000
410.000	27.000
411.000	22.000
412.000	21.000
413.000	22.000
414.000	27.000
415.000	25.000
416.000	32.000
417.000	25.000
418.000	22.000
419.000	20.000
420.000	27.000
421.000	33.000
422.000	24.000
423.000	25.000
424.000	31.000
425.000	24.000
426.000	32.000
427.000	18.000
428.000	38.000
429.000	32.000
430.000	28.000
431.000	30.000
432.000	25.000
433.000	37.000
434.000	24.000
435.000	28.000
436.000	33.000
437.000	34.000
438.000	39.000
439.000	40.000
440.000	36.000
441.000	43.000
442.000	47.000
443.000	38.000
444.000	41.000
445.000	39.000
446.000	42.000
447.000	42.000
448.000	41.000
449.000	42.000
450.000	39.000
451.000	41.000
452.000	47.000
453.000	42.000
454.000	43.000
455.000	47.000
456.000	46.000
457.000	47.000
458.000	58.000
459.000	43.000
460.000	50.000
461.000	58.000
462.000	44.000
463.000	54.000
464.000	47.000
465.000	37.000
466.000	52.000
467.000	52.000
468.000	38.000
469.000	46.000
470.000	35.000
471.000	61.000
472.000	52.000
473.000	49.000
474.000	53.000
475.000	59.000
476.000	47.000
477.000	60.000
478.000	39.000
479.000	53.000
480.000	44.000
481.000	53.000
482.000	54.000
483.000	64.000
484.000	52.000
485.000	54.000
486.000	53.000
487.000	46.000
488.000	47.000
489.000	54.000
490.000	57.000
491.000	49.000
492.000	43.000
493.000	64.000
494.000	55.000
495.000	57.000
496.000	66.000
497.000	55.000
498.000	74.000
499.000	58.000
500.000	57.000
501.000	67.000
502.000	71.000
503.000	62.000
504.000	64.000
505.000	62.000
506.000	74.000
507.000	73.000
508.000	70.000
509.000	78.000
510.000	78.000
511.000	70.000
512.000	67.000
513.000	79.000
514.000	67.000
515.000	70.000
516.000	78.000
517.000	77.000
518.000	90.000
519.000	77.000
520.000	83.000
521.000	83.000
522.000	86.000
523.000	74.000
524.000	87.000
525.000	84.000
526.000	82.000
527.000	79.000
528.000	91.000
529.000	82.000
530.000	74.000
531.000	98.000
532.000	100.000
533.000	103.000
534.000	108.000
535.000	99.000
536.000	94.000
537.000	103.000
538.000	71.000
539.000	77.000
540.000	89.000
541.000	99.000
542.000	108.000
543.000	94.000
544.000	87.000
545.000	117.000
546.000	106.000
547.000	107.000
548.000	106.000
549.000	94.000
550.000	107.000
551.000	100.000
552.000	101.000
553.000	94.000
554.000	98.000
555.000	106.000
556.000	125.000
557.000	117.000
558.000	111.000
559.000	101.000
560.000	93.000
561.000	101.000
562.000	101.000
563.000	110.000
564.000	107.000
565.000	129.000
566.000	120.000
567.000	118.000
568.000	108.000
569.000	97.000
570.000	118.000
571.000	92.000
572.000	117.000
573.000	113.000
574.000	117.000
575.000	141.000
576.000	136.000
577.000	127.000
578.000	123.000
579.000	116.000
580.000	114.000
581.000	139.000
582.000	105.000
583.000	117.000
584.000	121.000
585.000	129.000
586.000	105.000
587.000	130.000
588.000	136.000
589.000	126.000
590.000	135.000
591.000	130.000
592.000	146.000
593.000	142.000
594.000	163.000
595.000	124.000
596.000	124.000
597.000	142.000
598.000	136.000
599.000	159.000
600.000	142.000
601.000	137.000
602.000	132.000
603.000	128.000
604.000	134.000
605.000	133.000
606.000	144.000
607.000	127.000
608.000	150.000
609.000	158.000
610.000	147.000
611.000	131.000
612.000	155.000
613.000	161.000
614.000	167.000
615.000	143.000
616.000	127.000
617.000	152.000
618.000	154.000
619.000	146.000
620.000	141.000
621.000	154.000
622.000	159.000
623.000	169.000
624.000	133.000
625.000	155.000
626.000	167.000
627.000	169.000
628.000	162.000
629.000	177.000
630.000	172.000
631.000	155.000
632.000	151.000
633.000	192.000
634.000	154.000
635.000	191.000
636.000	181.000
637.000	171.000
638.000	180.000
639.000	167.000
640.000	169.000
641.000	166.000
642.000	176.000
643.000	190.000
644.000	200.000
645.000	176.000
646.000	170.000
647.000	186.000
648.000	178.000
649.000	208.000
650.000	204.000
651.000	213.000
652.000	194.000
653.000	187.000
654.000	202.000
655.000	221.000
656.000	176.000
657.000	212.000
658.000	186.000
659.000	198.000
660.000	181.000
661.000	196.000
662.000	211.000
663.000	196.000
664.000	189.000
665.000	167.000
666.000	195.000
667.000	203.000
668.000	193.000
669.000	226.000
670.000	195.000
671.000	190.000
672.000	197.000
673.000	202.000
674.000	188.000
675.000	205.000
676.000	197.000
677.000	222.000
678.000	204.000
679.000	203.000
680.000	200.000
681.000	215.000
682.000	189.000
683.000	202.000
684.000	221.000
685.000	217.000
686.000	225.000
687.000	199.000
688.000	242.000
689.000	212.000
690.000	194.000
691.000	220.000
692.000	226.000
693.000	219.000
694.000	223.000
695.000	222.000
696.000	203.000
697.000	242.000
698.000	213.000
699.000	235.000
700.000	226.000
701.000	212.000
702.000	233.000
703.000	239.000
704.000	214.000
705.000	254.000
706.000	253.000
707.000	253.000
708.000	226.000
709.000	209.000
710.000	240.000
711.000	244.000
712.000	244.000
713.000	253.000
714.000	213.000
715.000	233.000
716.000	214.000
717.000	245.000
718.000	208.000
719.000	227.000
720.000	267.000
721.000	225.000
722.000	242.000
723.000	225.000
724.000	242.000
725.000	254.000
726.000	270.000
727.000	279.000
728.000	254.000
729.000	227.000
730.000	251.000
731.000	262.000
732.000	236.000
733.000	240.000
734.000	240.000
735.000	238.000
736.000	268.000
737.000	259.000
738.000	246.000
739.000	266.000
740.000	258.000
741.000	254.000
742.000	283.000
743.000	258.000
744.000	281.000
745.000	263.000
746.000	234.000
747.000	248.000
748.000	266.000
749.000	276.000
750.000	280.000
751.000	250.000
752.000	254.000
753.000	285.000
754.000	253.000
755.000	263.000
756.000	254.000
757.000	249.000
758.000	276.000
759.000	282.000
760.000	280.000
761.000	248.000
762.000	285.000
763.000	267.000
764.000	289.000
765.000	262.000
766.000	267.000
767.000	286.000
768.000	267.000
769.000	284.000
770.000	284.000
771.000	301.000
772.000	321.000
773.000	298.000
774.000	330.000
775.000	304.000
776.000	318.000
777.000	307.000
778.000	271.000
779.000	278.000
780.000	315.000
781.000	261.000
782.000	305.000
783.000	294.000
784.000	273.000
785.000	312.000
786.000	271.000
787.000	283.000
788.000	279.000
789.000	281.000
790.000	272.000
791.000	273.000
792.000	286.000
793.000	268.000
794.000	294.000
795.000	255.000
796.000	275.000
797.000	290.000
798.000	288.000
799.000	287.000
800.000	276.000
801.000	319.000
802.000	321.000
803.000	315.000
804.000	301.000
805.000	286.000
806.000	292.000
807.000	294.000
808.000	299.000
809.000	321.000
810.000	293.000
811.000	314.000
812.000	301.000
813.000	287.000
814.000	310.000
815.000	279.000
816.000	298.000
817.000	307.000
818.000	270.000
819.000	301.000
820.000	306.000
821.000	286.000
822.000	309.000
823.000	305.000
824.000	313.000
825.000	290.000
826.000	295.000
827.000	308.000
828.000	290.000
829.000	311.000
830.000	307.000
831.000	310.000
832.000	323.000
833.000	280.000
834.000	313.000
835.000	325.000
836.000	292.000
837.000	285.000
838.000	307.000
839.000	324.000
840.000	336.000
841.000	320.000
842.000	306.000
843.000	316.000
844.000	309.000
845.000	290.000
846.000	333.000
847.000	336.000
848.000	347.000
849.000	323.000
850.000	326.000
851.000	356.000
852.000	356.000
853.000	340.000
854.000	343.000
855.000	371.000
856.000	378.000
857.000	357.000
858.000	363.000
859.000	380.000
860.000	410.000
861.000	398.000
862.000	392.000
863.000	403.000
864.000	422.000
865.000	371.000
866.000	404.000
867.000	398.000
868.000	412.000
869.000	445.000
870.000	460.000
871.000	463.000
872.000	459.000
873.000	495.000
874.000	535.000
875.000	532.000
876.000	484.000
877.000	544.000
878.000	579.000
879.000	610.000
880.000	645.000
881.000	686.000
882.000	702.000
883.000	795.000
884.000	829.000
885.000	847.000
886.000	902.000
887.000	985.000
888.000	997.000
889.000	1125.000
890.000	1086.000
891.000	1155.000
892.000	1297.000
893.000	1333.000
894.000	1392.000
895.000	1367.000
896.000	1468.000
897.000	1445.000
898.000	1453.000
899.000	1512.000
900.000	1524.000
901.000	1563.000
902.000	1519.000
903.000	1433.000
904.000	1400.000
905.000	1366.000
906.000	1409.000
907.000	1351.000
908.000	1340.000
909.000	1186.000
910.000	1151.000
911.000	1142.000
912.000	1055.000
913.000	968.000
914.000	965.000
915.000	861.000
916.000	829.000
917.000	774.000
918.000	741.000
919.000	673.000
920.000	673.000
921.000	583.000
922.000	566.000
923.000	527.000
924.000	531.000
925.000	464.000
926.000	499.000
927.000	471.000
928.000	418.000
929.000	432.000
930.000	409.000
931.000	420.000
932.000	406.000
933.000	379.000
934.000	343.000
935.000	351.000
936.000	422.000
937.000	394.000
938.000	377.000
939.000	359.000
940.000	370.000
941.000	381.000
942.000	422.000
943.000	445.000
944.000	485.000
945.000	531.000
946.000	566.000
947.000	636.000
948.000	657.000
949.000	725.000
950.000	721.000
951.000	802.000
952.000	845.000
953.000	810.000
954.000	809.000
955.000	758.000
956.000	765.000
957.000	691.000
958.000	623.000
959.000	585.000
960.000	542.000
961.000	490.000
962.000	468.000
963.000	393.000
964.000	373.000
965.000	321.000
966.000	329.000
967.000	296.000
968.000	312.000
969.000	300.000
970.000	308.000
971.000	257.000
972.000	297.000
973.000	294.000
974.000	289.000
975.000	274.000
976.000	269.000
977.000	296.000
978.000	317.000
979.000	298.000
980.000	301.000
981.000	304.000
982.000	323.000
983.000	321.000
984.000	353.000
985.000	339.000
986.000	305.000
987.000	335.000
988.000	365.000
989.000	355.000
990.000	371.000
991.000	369.000
992.000	389.000
993.000	396.000
994.000	431.000
995.000	411.000
996.000	417.000
997.000	420.000
998.000	425.000
999.000	430.000
1000.000	439.000
1001.000	436.000
1002.000	439.000
1003.000	460.000
1004.000	451.000
1005.000	413.000
1006.000	404.000
1007.000	444.000
1008.000	437.000
1009.000	397.000
1010.000	381.000
1011.000	459.000
1012.000	404.000
1013.000	363.000
1014.000	359.000
1015.000	367.000
1016.000	402.000
1017.000	330.000
1018.000	337.000
1019.000	342.000
1020.000	274.000
1021.000	315.000
1022.000	320.000
1023.000	261.000
1024.000	284.000
