Date:	8/19/2008		Time:	8:52 AM		Version no:	0.00		Project name:	55		Sample name:	222		Section name:	section		Position	180.039995	mm	E0	0.000000	keV	E1	1.000000	keV/channel	sample surface	7.622632	cm	Tube anode:	Mo		Tube voltage:	30	kV	Tube current:	50	mA	gain	20		std. database			resultfile	result		matrix element	11		sample thickness	1.000000		air passage	0.560000	cm	comments	in position		peaking_time	3.000000	m-sec	trigger_threshold	1229.166667	V	mca_bin_width	22.090000	no:	number_mca_channels	1024.000000	no:	gap_time	0.400000	m-sec	trigger_peaking_time	0.150000	m-sec	GAINDAC	9455		HIGHGAIN	1		TAURC	0		RCTAU	53		RCTAUFRAC	32768		livetime	9.703137	seconds	runtime	10.000502	seconds	input_count_rate	28.712364	cps	output_count_rate	21.874003	cps	triggers	278600	seconds	events_in_run	218751	seconds	channel	content		1.000	0.000
2.000	0.000
3.000	0.000
4.000	0.000
5.000	0.000
6.000	0.000
7.000	0.000
8.000	0.000
9.000	0.000
10.000	0.000
11.000	0.000
12.000	0.000
13.000	0.000
14.000	0.000
15.000	0.000
16.000	0.000
17.000	0.000
18.000	0.000
19.000	0.000
20.000	0.000
21.000	0.000
22.000	0.000
23.000	0.000
24.000	0.000
25.000	0.000
26.000	0.000
27.000	0.000
28.000	0.000
29.000	0.000
30.000	0.000
31.000	1.000
32.000	0.000
33.000	0.000
34.000	2.000
35.000	2.000
36.000	2.000
37.000	3.000
38.000	2.000
39.000	1.000
40.000	2.000
41.000	1.000
42.000	2.000
43.000	4.000
44.000	5.000
45.000	5.000
46.000	8.000
47.000	8.000
48.000	12.000
49.000	14.000
50.000	7.000
51.000	8.000
52.000	6.000
53.000	7.000
54.000	10.000
55.000	10.000
56.000	11.000
57.000	12.000
58.000	15.000
59.000	6.000
60.000	12.000
61.000	11.000
62.000	14.000
63.000	5.000
64.000	9.000
65.000	3.000
66.000	11.000
67.000	10.000
68.000	15.000
69.000	8.000
70.000	10.000
71.000	12.000
72.000	12.000
73.000	8.000
74.000	9.000
75.000	14.000
76.000	11.000
77.000	3.000
78.000	5.000
79.000	7.000
80.000	5.000
81.000	6.000
82.000	8.000
83.000	11.000
84.000	12.000
85.000	8.000
86.000	5.000
87.000	9.000
88.000	11.000
89.000	4.000
90.000	7.000
91.000	9.000
92.000	10.000
93.000	8.000
94.000	5.000
95.000	4.000
96.000	10.000
97.000	11.000
98.000	9.000
99.000	10.000
100.000	5.000
101.000	2.000
102.000	8.000
103.000	3.000
104.000	7.000
105.000	8.000
106.000	9.000
107.000	9.000
108.000	8.000
109.000	8.000
110.000	11.000
111.000	8.000
112.000	2.000
113.000	2.000
114.000	5.000
115.000	10.000
116.000	6.000
117.000	8.000
118.000	7.000
119.000	4.000
120.000	8.000
121.000	11.000
122.000	11.000
123.000	3.000
124.000	5.000
125.000	11.000
126.000	10.000
127.000	9.000
128.000	5.000
129.000	6.000
130.000	10.000
131.000	7.000
132.000	7.000
133.000	5.000
134.000	6.000
135.000	6.000
136.000	6.000
137.000	3.000
138.000	8.000
139.000	9.000
140.000	4.000
141.000	4.000
142.000	4.000
143.000	3.000
144.000	2.000
145.000	7.000
146.000	2.000
147.000	4.000
148.000	3.000
149.000	1.000
150.000	1.000
151.000	5.000
152.000	8.000
153.000	2.000
154.000	4.000
155.000	4.000
156.000	5.000
157.000	7.000
158.000	8.000
159.000	7.000
160.000	8.000
161.000	11.000
162.000	14.000
163.000	9.000
164.000	11.000
165.000	12.000
166.000	8.000
167.000	7.000
168.000	5.000
169.000	2.000
170.000	3.000
171.000	5.000
172.000	7.000
173.000	4.000
174.000	5.000
175.000	2.000
176.000	5.000
177.000	6.000
178.000	7.000
179.000	9.000
180.000	10.000
181.000	11.000
182.000	8.000
183.000	9.000
184.000	6.000
185.000	9.000
186.000	6.000
187.000	2.000
188.000	2.000
189.000	5.000
190.000	0.000
191.000	4.000
192.000	4.000
193.000	6.000
194.000	2.000
195.000	7.000
196.000	8.000
197.000	7.000
198.000	17.000
199.000	11.000
200.000	26.000
201.000	17.000
202.000	26.000
203.000	24.000
204.000	26.000
205.000	24.000
206.000	15.000
207.000	17.000
208.000	8.000
209.000	6.000
210.000	2.000
211.000	2.000
212.000	3.000
213.000	2.000
214.000	3.000
215.000	8.000
216.000	3.000
217.000	9.000
218.000	6.000
219.000	6.000
220.000	5.000
221.000	6.000
222.000	8.000
223.000	7.000
224.000	2.000
225.000	5.000
226.000	4.000
227.000	3.000
228.000	1.000
229.000	4.000
230.000	4.000
231.000	4.000
232.000	2.000
233.000	5.000
234.000	4.000
235.000	0.000
236.000	4.000
237.000	4.000
238.000	6.000
239.000	5.000
240.000	2.000
241.000	6.000
242.000	5.000
243.000	3.000
244.000	8.000
245.000	11.000
246.000	10.000
247.000	12.000
248.000	19.000
249.000	14.000
250.000	16.000
251.000	7.000
252.000	10.000
253.000	13.000
254.000	4.000
255.000	7.000
256.000	5.000
257.000	8.000
258.000	5.000
259.000	4.000
260.000	7.000
261.000	7.000
262.000	4.000
263.000	6.000
264.000	3.000
265.000	6.000
266.000	8.000
267.000	6.000
268.000	6.000
269.000	9.000
270.000	12.000
271.000	6.000
272.000	7.000
273.000	13.000
274.000	4.000
275.000	7.000
276.000	6.000
277.000	7.000
278.000	5.000
279.000	2.000
280.000	3.000
281.000	4.000
282.000	4.000
283.000	4.000
284.000	2.000
285.000	10.000
286.000	6.000
287.000	5.000
288.000	5.000
289.000	5.000
290.000	6.000
291.000	12.000
292.000	1.000
293.000	0.000
294.000	8.000
295.000	5.000
296.000	11.000
297.000	9.000
298.000	6.000
299.000	11.000
300.000	4.000
301.000	7.000
302.000	2.000
303.000	9.000
304.000	5.000
305.000	11.000
306.000	5.000
307.000	8.000
308.000	5.000
309.000	4.000
310.000	8.000
311.000	7.000
312.000	11.000
313.000	8.000
314.000	7.000
315.000	8.000
316.000	14.000
317.000	20.000
318.000	15.000
319.000	33.000
320.000	28.000
321.000	45.000
322.000	52.000
323.000	48.000
324.000	35.000
325.000	48.000
326.000	38.000
327.000	31.000
328.000	25.000
329.000	18.000
330.000	10.000
331.000	16.000
332.000	14.000
333.000	13.000
334.000	11.000
335.000	12.000
336.000	12.000
337.000	9.000
338.000	18.000
339.000	24.000
340.000	27.000
341.000	25.000
342.000	60.000
343.000	86.000
344.000	162.000
345.000	269.000
346.000	368.000
347.000	563.000
348.000	616.000
349.000	742.000
350.000	855.000
351.000	827.000
352.000	784.000
353.000	687.000
354.000	567.000
355.000	401.000
356.000	305.000
357.000	163.000
358.000	113.000
359.000	83.000
360.000	48.000
361.000	24.000
362.000	31.000
363.000	24.000
364.000	23.000
365.000	21.000
366.000	20.000
367.000	25.000
368.000	22.000
369.000	26.000
370.000	23.000
371.000	16.000
372.000	21.000
373.000	15.000
374.000	19.000
375.000	38.000
376.000	23.000
377.000	29.000
378.000	43.000
379.000	36.000
380.000	61.000
381.000	60.000
382.000	87.000
383.000	112.000
384.000	152.000
385.000	137.000
386.000	142.000
387.000	173.000
388.000	165.000
389.000	134.000
390.000	98.000
391.000	91.000
392.000	50.000
393.000	48.000
394.000	34.000
395.000	32.000
396.000	18.000
397.000	22.000
398.000	15.000
399.000	34.000
400.000	25.000
401.000	31.000
402.000	25.000
403.000	22.000
404.000	30.000
405.000	22.000
406.000	20.000
407.000	14.000
408.000	35.000
409.000	23.000
410.000	31.000
411.000	23.000
412.000	27.000
413.000	36.000
414.000	22.000
415.000	17.000
416.000	31.000
417.000	23.000
418.000	24.000
419.000	25.000
420.000	26.000
421.000	28.000
422.000	36.000
423.000	42.000
424.000	35.000
425.000	25.000
426.000	30.000
427.000	23.000
428.000	31.000
429.000	37.000
430.000	29.000
431.000	35.000
432.000	33.000
433.000	38.000
434.000	34.000
435.000	33.000
436.000	32.000
437.000	34.000
438.000	35.000
439.000	31.000
440.000	34.000
441.000	43.000
442.000	41.000
443.000	32.000
444.000	35.000
445.000	42.000
446.000	52.000
447.000	45.000
448.000	37.000
449.000	39.000
450.000	35.000
451.000	37.000
452.000	33.000
453.000	48.000
454.000	44.000
455.000	41.000
456.000	51.000
457.000	51.000
458.000	60.000
459.000	59.000
460.000	40.000
461.000	44.000
462.000	43.000
463.000	53.000
464.000	53.000
465.000	44.000
466.000	55.000
467.000	47.000
468.000	42.000
469.000	55.000
470.000	46.000
471.000	61.000
472.000	53.000
473.000	52.000
474.000	57.000
475.000	67.000
476.000	56.000
477.000	72.000
478.000	52.000
479.000	48.000
480.000	41.000
481.000	58.000
482.000	50.000
483.000	45.000
484.000	49.000
485.000	46.000
486.000	57.000
487.000	47.000
488.000	60.000
489.000	58.000
490.000	63.000
491.000	57.000
492.000	58.000
493.000	66.000
494.000	48.000
495.000	70.000
496.000	56.000
497.000	58.000
498.000	54.000
499.000	59.000
500.000	68.000
501.000	78.000
502.000	58.000
503.000	53.000
504.000	70.000
505.000	66.000
506.000	66.000
507.000	79.000
508.000	63.000
509.000	71.000
510.000	78.000
511.000	80.000
512.000	71.000
513.000	69.000
514.000	90.000
515.000	70.000
516.000	80.000
517.000	93.000
518.000	89.000
519.000	85.000
520.000	99.000
521.000	87.000
522.000	89.000
523.000	84.000
524.000	103.000
525.000	85.000
526.000	87.000
527.000	89.000
528.000	97.000
529.000	85.000
530.000	88.000
531.000	85.000
532.000	89.000
533.000	87.000
534.000	88.000
535.000	111.000
536.000	102.000
537.000	89.000
538.000	90.000
539.000	77.000
540.000	93.000
541.000	88.000
542.000	92.000
543.000	78.000
544.000	82.000
545.000	91.000
546.000	112.000
547.000	97.000
548.000	97.000
549.000	87.000
550.000	105.000
551.000	98.000
552.000	99.000
553.000	75.000
554.000	106.000
555.000	104.000
556.000	103.000
557.000	100.000
558.000	111.000
559.000	93.000
560.000	118.000
561.000	89.000
562.000	105.000
563.000	117.000
564.000	109.000
565.000	95.000
566.000	110.000
567.000	104.000
568.000	116.000
569.000	116.000
570.000	98.000
571.000	104.000
572.000	104.000
573.000	113.000
574.000	134.000
575.000	121.000
576.000	111.000
577.000	110.000
578.000	141.000
579.000	132.000
580.000	115.000
581.000	134.000
582.000	129.000
583.000	127.000
584.000	126.000
585.000	134.000
586.000	122.000
587.000	116.000
588.000	104.000
589.000	114.000
590.000	123.000
591.000	128.000
592.000	132.000
593.000	104.000
594.000	142.000
595.000	139.000
596.000	153.000
597.000	134.000
598.000	137.000
599.000	129.000
600.000	113.000
601.000	143.000
602.000	145.000
603.000	154.000
604.000	147.000
605.000	143.000
606.000	126.000
607.000	152.000
608.000	145.000
609.000	141.000
610.000	149.000
611.000	170.000
612.000	145.000
613.000	171.000
614.000	154.000
615.000	145.000
616.000	150.000
617.000	149.000
618.000	176.000
619.000	145.000
620.000	159.000
621.000	161.000
622.000	136.000
623.000	169.000
624.000	146.000
625.000	168.000
626.000	160.000
627.000	172.000
628.000	183.000
629.000	174.000
630.000	180.000
631.000	174.000
632.000	151.000
633.000	160.000
634.000	166.000
635.000	164.000
636.000	186.000
637.000	194.000
638.000	169.000
639.000	154.000
640.000	162.000
641.000	171.000
642.000	182.000
643.000	175.000
644.000	229.000
645.000	190.000
646.000	181.000
647.000	189.000
648.000	192.000
649.000	214.000
650.000	198.000
651.000	207.000
652.000	203.000
653.000	208.000
654.000	191.000
655.000	175.000
656.000	196.000
657.000	184.000
658.000	202.000
659.000	193.000
660.000	206.000
661.000	181.000
662.000	164.000
663.000	187.000
664.000	191.000
665.000	187.000
666.000	204.000
667.000	205.000
668.000	197.000
669.000	168.000
670.000	173.000
671.000	197.000
672.000	197.000
673.000	199.000
674.000	185.000
675.000	200.000
676.000	194.000
677.000	210.000
678.000	187.000
679.000	199.000
680.000	203.000
681.000	215.000
682.000	223.000
683.000	200.000
684.000	220.000
685.000	207.000
686.000	202.000
687.000	220.000
688.000	213.000
689.000	209.000
690.000	234.000
691.000	204.000
692.000	230.000
693.000	237.000
694.000	212.000
695.000	240.000
696.000	203.000
697.000	231.000
698.000	233.000
699.000	239.000
700.000	237.000
701.000	208.000
702.000	229.000
703.000	193.000
704.000	246.000
705.000	250.000
706.000	235.000
707.000	221.000
708.000	220.000
709.000	222.000
710.000	233.000
711.000	234.000
712.000	205.000
713.000	234.000
714.000	209.000
715.000	212.000
716.000	222.000
717.000	233.000
718.000	231.000
719.000	226.000
720.000	233.000
721.000	260.000
722.000	251.000
723.000	252.000
724.000	237.000
725.000	245.000
726.000	249.000
727.000	228.000
728.000	244.000
729.000	258.000
730.000	257.000
731.000	240.000
732.000	248.000
733.000	252.000
734.000	268.000
735.000	239.000
736.000	244.000
737.000	255.000
738.000	237.000
739.000	232.000
740.000	264.000
741.000	266.000
742.000	242.000
743.000	237.000
744.000	248.000
745.000	249.000
746.000	230.000
747.000	229.000
748.000	247.000
749.000	264.000
750.000	261.000
751.000	238.000
752.000	250.000
753.000	262.000
754.000	286.000
755.000	239.000
756.000	265.000
757.000	277.000
758.000	257.000
759.000	259.000
760.000	271.000
761.000	268.000
762.000	263.000
763.000	267.000
764.000	269.000
765.000	266.000
766.000	256.000
767.000	269.000
768.000	261.000
769.000	240.000
770.000	258.000
771.000	292.000
772.000	300.000
773.000	311.000
774.000	281.000
775.000	316.000
776.000	302.000
777.000	305.000
778.000	258.000
779.000	255.000
780.000	253.000
781.000	266.000
782.000	267.000
783.000	269.000
784.000	265.000
785.000	266.000
786.000	260.000
787.000	285.000
788.000	282.000
789.000	300.000
790.000	285.000
791.000	281.000
792.000	270.000
793.000	310.000
794.000	256.000
795.000	286.000
796.000	294.000
797.000	256.000
798.000	263.000
799.000	280.000
800.000	280.000
801.000	264.000
802.000	311.000
803.000	277.000
804.000	286.000
805.000	303.000
806.000	281.000
807.000	272.000
808.000	282.000
809.000	304.000
810.000	274.000
811.000	296.000
812.000	296.000
813.000	339.000
814.000	310.000
815.000	296.000
816.000	321.000
817.000	278.000
818.000	278.000
819.000	274.000
820.000	295.000
821.000	278.000
822.000	284.000
823.000	292.000
824.000	311.000
825.000	296.000
826.000	304.000
827.000	307.000
828.000	277.000
829.000	312.000
830.000	279.000
831.000	316.000
832.000	323.000
833.000	302.000
834.000	328.000
835.000	312.000
836.000	318.000
837.000	271.000
838.000	323.000
839.000	294.000
840.000	317.000
841.000	338.000
842.000	330.000
843.000	332.000
844.000	324.000
845.000	361.000
846.000	335.000
847.000	316.000
848.000	319.000
849.000	308.000
850.000	336.000
851.000	340.000
852.000	333.000
853.000	326.000
854.000	355.000
855.000	325.000
856.000	335.000
857.000	381.000
858.000	365.000
859.000	344.000
860.000	375.000
861.000	359.000
862.000	371.000
863.000	365.000
864.000	389.000
865.000	378.000
866.000	427.000
867.000	409.000
868.000	392.000
869.000	391.000
870.000	452.000
871.000	440.000
872.000	465.000
873.000	454.000
874.000	459.000
875.000	506.000
876.000	492.000
877.000	536.000
878.000	564.000
879.000	620.000
880.000	588.000
881.000	684.000
882.000	696.000
883.000	799.000
884.000	762.000
885.000	826.000
886.000	888.000
887.000	909.000
888.000	1023.000
889.000	1104.000
890.000	1168.000
891.000	1158.000
892.000	1237.000
893.000	1256.000
894.000	1319.000
895.000	1354.000
896.000	1434.000
897.000	1477.000
898.000	1479.000
899.000	1487.000
900.000	1470.000
901.000	1481.000
902.000	1511.000
903.000	1418.000
904.000	1397.000
905.000	1389.000
906.000	1324.000
907.000	1332.000
908.000	1240.000
909.000	1219.000
910.000	1121.000
911.000	1055.000
912.000	1061.000
913.000	968.000
914.000	930.000
915.000	862.000
916.000	838.000
917.000	755.000
918.000	700.000
919.000	737.000
920.000	614.000
921.000	637.000
922.000	589.000
923.000	564.000
924.000	475.000
925.000	442.000
926.000	473.000
927.000	424.000
928.000	469.000
929.000	366.000
930.000	388.000
931.000	383.000
932.000	384.000
933.000	397.000
934.000	381.000
935.000	347.000
936.000	379.000
937.000	326.000
938.000	338.000
939.000	355.000
940.000	367.000
941.000	384.000
942.000	412.000
943.000	426.000
944.000	437.000
945.000	523.000
946.000	516.000
947.000	589.000
948.000	643.000
949.000	683.000
950.000	687.000
951.000	759.000
952.000	791.000
953.000	786.000
954.000	729.000
955.000	741.000
956.000	754.000
957.000	693.000
958.000	630.000
959.000	583.000
960.000	553.000
961.000	467.000
962.000	405.000
963.000	379.000
964.000	337.000
965.000	356.000
966.000	312.000
967.000	310.000
968.000	295.000
969.000	300.000
970.000	275.000
971.000	252.000
972.000	298.000
973.000	279.000
974.000	281.000
975.000	272.000
976.000	290.000
977.000	295.000
978.000	278.000
979.000	304.000
980.000	342.000
981.000	322.000
982.000	325.000
983.000	335.000
984.000	317.000
985.000	331.000
986.000	335.000
987.000	333.000
988.000	336.000
989.000	335.000
990.000	344.000
991.000	355.000
992.000	358.000
993.000	449.000
994.000	411.000
995.000	376.000
996.000	399.000
997.000	428.000
998.000	379.000
999.000	425.000
1000.000	389.000
1001.000	433.000
1002.000	420.000
1003.000	428.000
1004.000	419.000
1005.000	401.000
1006.000	407.000
1007.000	448.000
1008.000	408.000
1009.000	402.000
1010.000	440.000
1011.000	390.000
1012.000	402.000
1013.000	360.000
1014.000	353.000
1015.000	340.000
1016.000	362.000
1017.000	335.000
1018.000	315.000
1019.000	287.000
1020.000	288.000
1021.000	266.000
1022.000	287.000
1023.000	260.000
1024.000	233.000
