Date:	8/19/2008		Time:	8:48 AM		Version no:	0.00		Project name:	55		Sample name:	222		Section name:	section		Position	134.039995	mm	E0	0.000000	keV	E1	1.000000	keV/channel	sample surface	7.614764	cm	Tube anode:	Mo		Tube voltage:	30	kV	Tube current:	50	mA	gain	20		std. database			resultfile	result		matrix element	11		sample thickness	1.000000		air passage	0.560000	cm	comments	not in position		peaking_time	3.000000	m-sec	trigger_threshold	1229.166667	V	mca_bin_width	22.090000	no:	number_mca_channels	1024.000000	no:	gap_time	0.400000	m-sec	trigger_peaking_time	0.150000	m-sec	GAINDAC	9455		HIGHGAIN	1		TAURC	0		RCTAU	53		RCTAUFRAC	32768		livetime	9.692223	seconds	runtime	10.000502	seconds	input_count_rate	29.106222	cps	output_count_rate	22.097690	cps	triggers	282104	seconds	events_in_run	220988	seconds	channel	content		1.000	0.000
2.000	0.000
3.000	0.000
4.000	0.000
5.000	0.000
6.000	0.000
7.000	0.000
8.000	0.000
9.000	0.000
10.000	0.000
11.000	0.000
12.000	0.000
13.000	0.000
14.000	0.000
15.000	0.000
16.000	0.000
17.000	0.000
18.000	0.000
19.000	0.000
20.000	0.000
21.000	0.000
22.000	0.000
23.000	0.000
24.000	0.000
25.000	0.000
26.000	0.000
27.000	0.000
28.000	0.000
29.000	0.000
30.000	0.000
31.000	1.000
32.000	0.000
33.000	0.000
34.000	1.000
35.000	1.000
36.000	2.000
37.000	1.000
38.000	2.000
39.000	2.000
40.000	4.000
41.000	4.000
42.000	5.000
43.000	2.000
44.000	2.000
45.000	8.000
46.000	7.000
47.000	10.000
48.000	11.000
49.000	9.000
50.000	12.000
51.000	11.000
52.000	6.000
53.000	10.000
54.000	6.000
55.000	4.000
56.000	14.000
57.000	8.000
58.000	15.000
59.000	10.000
60.000	14.000
61.000	13.000
62.000	11.000
63.000	10.000
64.000	8.000
65.000	12.000
66.000	10.000
67.000	11.000
68.000	16.000
69.000	14.000
70.000	10.000
71.000	9.000
72.000	5.000
73.000	12.000
74.000	9.000
75.000	6.000
76.000	10.000
77.000	10.000
78.000	11.000
79.000	12.000
80.000	13.000
81.000	7.000
82.000	7.000
83.000	3.000
84.000	11.000
85.000	5.000
86.000	2.000
87.000	9.000
88.000	6.000
89.000	6.000
90.000	8.000
91.000	4.000
92.000	9.000
93.000	6.000
94.000	11.000
95.000	10.000
96.000	10.000
97.000	6.000
98.000	5.000
99.000	10.000
100.000	8.000
101.000	3.000
102.000	4.000
103.000	7.000
104.000	5.000
105.000	6.000
106.000	6.000
107.000	7.000
108.000	5.000
109.000	6.000
110.000	8.000
111.000	2.000
112.000	3.000
113.000	7.000
114.000	6.000
115.000	9.000
116.000	6.000
117.000	9.000
118.000	12.000
119.000	8.000
120.000	5.000
121.000	13.000
122.000	6.000
123.000	8.000
124.000	12.000
125.000	7.000
126.000	7.000
127.000	8.000
128.000	10.000
129.000	10.000
130.000	4.000
131.000	11.000
132.000	12.000
133.000	7.000
134.000	7.000
135.000	8.000
136.000	6.000
137.000	9.000
138.000	3.000
139.000	3.000
140.000	5.000
141.000	4.000
142.000	3.000
143.000	6.000
144.000	1.000
145.000	5.000
146.000	7.000
147.000	1.000
148.000	1.000
149.000	3.000
150.000	4.000
151.000	4.000
152.000	3.000
153.000	5.000
154.000	6.000
155.000	6.000
156.000	5.000
157.000	2.000
158.000	8.000
159.000	6.000
160.000	8.000
161.000	6.000
162.000	9.000
163.000	14.000
164.000	4.000
165.000	7.000
166.000	8.000
167.000	3.000
168.000	3.000
169.000	5.000
170.000	2.000
171.000	2.000
172.000	4.000
173.000	3.000
174.000	3.000
175.000	3.000
176.000	5.000
177.000	3.000
178.000	9.000
179.000	6.000
180.000	5.000
181.000	9.000
182.000	10.000
183.000	9.000
184.000	6.000
185.000	12.000
186.000	1.000
187.000	4.000
188.000	4.000
189.000	2.000
190.000	6.000
191.000	3.000
192.000	4.000
193.000	4.000
194.000	5.000
195.000	2.000
196.000	7.000
197.000	6.000
198.000	10.000
199.000	15.000
200.000	18.000
201.000	28.000
202.000	20.000
203.000	26.000
204.000	22.000
205.000	17.000
206.000	11.000
207.000	4.000
208.000	9.000
209.000	1.000
210.000	6.000
211.000	3.000
212.000	0.000
213.000	5.000
214.000	2.000
215.000	3.000
216.000	3.000
217.000	5.000
218.000	5.000
219.000	15.000
220.000	8.000
221.000	5.000
222.000	8.000
223.000	6.000
224.000	6.000
225.000	2.000
226.000	1.000
227.000	2.000
228.000	3.000
229.000	6.000
230.000	5.000
231.000	1.000
232.000	6.000
233.000	5.000
234.000	4.000
235.000	4.000
236.000	4.000
237.000	1.000
238.000	6.000
239.000	2.000
240.000	2.000
241.000	5.000
242.000	4.000
243.000	6.000
244.000	7.000
245.000	9.000
246.000	11.000
247.000	14.000
248.000	13.000
249.000	13.000
250.000	8.000
251.000	3.000
252.000	7.000
253.000	8.000
254.000	7.000
255.000	11.000
256.000	4.000
257.000	4.000
258.000	4.000
259.000	6.000
260.000	5.000
261.000	7.000
262.000	3.000
263.000	7.000
264.000	5.000
265.000	5.000
266.000	6.000
267.000	5.000
268.000	11.000
269.000	6.000
270.000	6.000
271.000	9.000
272.000	3.000
273.000	4.000
274.000	8.000
275.000	3.000
276.000	5.000
277.000	2.000
278.000	5.000
279.000	4.000
280.000	6.000
281.000	3.000
282.000	4.000
283.000	9.000
284.000	3.000
285.000	6.000
286.000	6.000
287.000	6.000
288.000	5.000
289.000	9.000
290.000	8.000
291.000	10.000
292.000	7.000
293.000	3.000
294.000	9.000
295.000	7.000
296.000	4.000
297.000	8.000
298.000	6.000
299.000	4.000
300.000	3.000
301.000	8.000
302.000	7.000
303.000	7.000
304.000	4.000
305.000	7.000
306.000	12.000
307.000	9.000
308.000	6.000
309.000	9.000
310.000	11.000
311.000	7.000
312.000	5.000
313.000	10.000
314.000	8.000
315.000	11.000
316.000	9.000
317.000	10.000
318.000	20.000
319.000	34.000
320.000	32.000
321.000	46.000
322.000	49.000
323.000	44.000
324.000	38.000
325.000	46.000
326.000	41.000
327.000	35.000
328.000	25.000
329.000	15.000
330.000	13.000
331.000	18.000
332.000	14.000
333.000	10.000
334.000	9.000
335.000	7.000
336.000	8.000
337.000	11.000
338.000	23.000
339.000	26.000
340.000	22.000
341.000	45.000
342.000	53.000
343.000	81.000
344.000	131.000
345.000	213.000
346.000	318.000
347.000	449.000
348.000	566.000
349.000	686.000
350.000	802.000
351.000	758.000
352.000	694.000
353.000	596.000
354.000	486.000
355.000	363.000
356.000	245.000
357.000	179.000
358.000	81.000
359.000	71.000
360.000	45.000
361.000	30.000
362.000	26.000
363.000	21.000
364.000	22.000
365.000	16.000
366.000	18.000
367.000	15.000
368.000	20.000
369.000	17.000
370.000	14.000
371.000	18.000
372.000	23.000
373.000	19.000
374.000	17.000
375.000	23.000
376.000	21.000
377.000	28.000
378.000	17.000
379.000	33.000
380.000	61.000
381.000	69.000
382.000	84.000
383.000	114.000
384.000	142.000
385.000	141.000
386.000	149.000
387.000	143.000
388.000	133.000
389.000	128.000
390.000	115.000
391.000	82.000
392.000	69.000
393.000	44.000
394.000	30.000
395.000	27.000
396.000	29.000
397.000	19.000
398.000	11.000
399.000	16.000
400.000	22.000
401.000	24.000
402.000	26.000
403.000	23.000
404.000	15.000
405.000	24.000
406.000	19.000
407.000	27.000
408.000	31.000
409.000	23.000
410.000	28.000
411.000	27.000
412.000	30.000
413.000	27.000
414.000	27.000
415.000	20.000
416.000	16.000
417.000	28.000
418.000	19.000
419.000	26.000
420.000	25.000
421.000	29.000
422.000	29.000
423.000	24.000
424.000	16.000
425.000	21.000
426.000	35.000
427.000	30.000
428.000	29.000
429.000	31.000
430.000	34.000
431.000	30.000
432.000	49.000
433.000	42.000
434.000	33.000
435.000	39.000
436.000	36.000
437.000	35.000
438.000	26.000
439.000	37.000
440.000	34.000
441.000	48.000
442.000	39.000
443.000	37.000
444.000	35.000
445.000	29.000
446.000	43.000
447.000	47.000
448.000	44.000
449.000	41.000
450.000	55.000
451.000	44.000
452.000	35.000
453.000	54.000
454.000	51.000
455.000	48.000
456.000	45.000
457.000	55.000
458.000	49.000
459.000	63.000
460.000	44.000
461.000	43.000
462.000	51.000
463.000	39.000
464.000	42.000
465.000	40.000
466.000	45.000
467.000	53.000
468.000	57.000
469.000	57.000
470.000	60.000
471.000	51.000
472.000	53.000
473.000	59.000
474.000	52.000
475.000	61.000
476.000	62.000
477.000	39.000
478.000	51.000
479.000	46.000
480.000	52.000
481.000	58.000
482.000	40.000
483.000	49.000
484.000	56.000
485.000	62.000
486.000	60.000
487.000	58.000
488.000	58.000
489.000	58.000
490.000	50.000
491.000	55.000
492.000	63.000
493.000	64.000
494.000	70.000
495.000	62.000
496.000	65.000
497.000	68.000
498.000	71.000
499.000	60.000
500.000	59.000
501.000	64.000
502.000	68.000
503.000	65.000
504.000	61.000
505.000	66.000
506.000	64.000
507.000	71.000
508.000	65.000
509.000	81.000
510.000	80.000
511.000	63.000
512.000	70.000
513.000	70.000
514.000	74.000
515.000	74.000
516.000	85.000
517.000	74.000
518.000	76.000
519.000	66.000
520.000	75.000
521.000	84.000
522.000	67.000
523.000	82.000
524.000	80.000
525.000	89.000
526.000	86.000
527.000	90.000
528.000	87.000
529.000	80.000
530.000	95.000
531.000	84.000
532.000	107.000
533.000	78.000
534.000	94.000
535.000	83.000
536.000	102.000
537.000	86.000
538.000	85.000
539.000	109.000
540.000	82.000
541.000	84.000
542.000	87.000
543.000	94.000
544.000	79.000
545.000	111.000
546.000	122.000
547.000	97.000
548.000	93.000
549.000	94.000
550.000	104.000
551.000	100.000
552.000	107.000
553.000	117.000
554.000	109.000
555.000	90.000
556.000	94.000
557.000	109.000
558.000	91.000
559.000	120.000
560.000	93.000
561.000	125.000
562.000	103.000
563.000	116.000
564.000	93.000
565.000	105.000
566.000	113.000
567.000	109.000
568.000	119.000
569.000	108.000
570.000	96.000
571.000	121.000
572.000	137.000
573.000	116.000
574.000	102.000
575.000	110.000
576.000	116.000
577.000	120.000
578.000	110.000
579.000	130.000
580.000	123.000
581.000	123.000
582.000	128.000
583.000	109.000
584.000	131.000
585.000	130.000
586.000	136.000
587.000	119.000
588.000	132.000
589.000	127.000
590.000	128.000
591.000	126.000
592.000	143.000
593.000	134.000
594.000	110.000
595.000	142.000
596.000	141.000
597.000	132.000
598.000	137.000
599.000	148.000
600.000	160.000
601.000	136.000
602.000	129.000
603.000	140.000
604.000	143.000
605.000	133.000
606.000	157.000
607.000	150.000
608.000	121.000
609.000	140.000
610.000	142.000
611.000	144.000
612.000	153.000
613.000	163.000
614.000	180.000
615.000	149.000
616.000	147.000
617.000	157.000
618.000	141.000
619.000	163.000
620.000	165.000
621.000	156.000
622.000	177.000
623.000	160.000
624.000	165.000
625.000	152.000
626.000	147.000
627.000	187.000
628.000	155.000
629.000	168.000
630.000	162.000
631.000	178.000
632.000	156.000
633.000	130.000
634.000	172.000
635.000	186.000
636.000	164.000
637.000	146.000
638.000	171.000
639.000	157.000
640.000	158.000
641.000	190.000
642.000	161.000
643.000	185.000
644.000	182.000
645.000	196.000
646.000	167.000
647.000	180.000
648.000	182.000
649.000	192.000
650.000	190.000
651.000	189.000
652.000	196.000
653.000	179.000
654.000	182.000
655.000	167.000
656.000	179.000
657.000	168.000
658.000	167.000
659.000	167.000
660.000	219.000
661.000	204.000
662.000	183.000
663.000	188.000
664.000	175.000
665.000	186.000
666.000	188.000
667.000	190.000
668.000	200.000
669.000	183.000
670.000	186.000
671.000	188.000
672.000	183.000
673.000	173.000
674.000	211.000
675.000	185.000
676.000	218.000
677.000	193.000
678.000	210.000
679.000	208.000
680.000	189.000
681.000	203.000
682.000	196.000
683.000	206.000
684.000	194.000
685.000	193.000
686.000	203.000
687.000	224.000
688.000	214.000
689.000	203.000
690.000	200.000
691.000	228.000
692.000	233.000
693.000	227.000
694.000	222.000
695.000	185.000
696.000	225.000
697.000	239.000
698.000	222.000
699.000	209.000
700.000	216.000
701.000	243.000
702.000	215.000
703.000	235.000
704.000	233.000
705.000	218.000
706.000	228.000
707.000	224.000
708.000	249.000
709.000	248.000
710.000	235.000
711.000	245.000
712.000	198.000
713.000	240.000
714.000	227.000
715.000	229.000
716.000	239.000
717.000	258.000
718.000	242.000
719.000	223.000
720.000	231.000
721.000	233.000
722.000	211.000
723.000	235.000
724.000	242.000
725.000	259.000
726.000	256.000
727.000	240.000
728.000	262.000
729.000	261.000
730.000	252.000
731.000	256.000
732.000	258.000
733.000	252.000
734.000	269.000
735.000	260.000
736.000	248.000
737.000	240.000
738.000	240.000
739.000	242.000
740.000	261.000
741.000	272.000
742.000	268.000
743.000	232.000
744.000	240.000
745.000	266.000
746.000	236.000
747.000	236.000
748.000	251.000
749.000	231.000
750.000	232.000
751.000	260.000
752.000	294.000
753.000	247.000
754.000	240.000
755.000	266.000
756.000	230.000
757.000	276.000
758.000	287.000
759.000	266.000
760.000	251.000
761.000	249.000
762.000	271.000
763.000	243.000
764.000	277.000
765.000	240.000
766.000	260.000
767.000	258.000
768.000	296.000
769.000	314.000
770.000	301.000
771.000	287.000
772.000	287.000
773.000	295.000
774.000	313.000
775.000	290.000
776.000	282.000
777.000	278.000
778.000	262.000
779.000	270.000
780.000	290.000
781.000	256.000
782.000	274.000
783.000	256.000
784.000	282.000
785.000	286.000
786.000	271.000
787.000	277.000
788.000	279.000
789.000	262.000
790.000	261.000
791.000	284.000
792.000	265.000
793.000	288.000
794.000	265.000
795.000	295.000
796.000	273.000
797.000	255.000
798.000	297.000
799.000	294.000
800.000	253.000
801.000	295.000
802.000	290.000
803.000	281.000
804.000	322.000
805.000	302.000
806.000	291.000
807.000	285.000
808.000	284.000
809.000	293.000
810.000	312.000
811.000	310.000
812.000	287.000
813.000	280.000
814.000	293.000
815.000	296.000
816.000	287.000
817.000	296.000
818.000	302.000
819.000	323.000
820.000	306.000
821.000	288.000
822.000	300.000
823.000	283.000
824.000	285.000
825.000	304.000
826.000	326.000
827.000	260.000
828.000	286.000
829.000	281.000
830.000	313.000
831.000	302.000
832.000	328.000
833.000	320.000
834.000	310.000
835.000	327.000
836.000	301.000
837.000	330.000
838.000	306.000
839.000	298.000
840.000	322.000
841.000	304.000
842.000	326.000
843.000	351.000
844.000	328.000
845.000	299.000
846.000	359.000
847.000	324.000
848.000	311.000
849.000	326.000
850.000	337.000
851.000	330.000
852.000	354.000
853.000	367.000
854.000	339.000
855.000	358.000
856.000	367.000
857.000	392.000
858.000	372.000
859.000	371.000
860.000	374.000
861.000	366.000
862.000	368.000
863.000	357.000
864.000	383.000
865.000	406.000
866.000	412.000
867.000	399.000
868.000	392.000
869.000	397.000
870.000	443.000
871.000	469.000
872.000	445.000
873.000	507.000
874.000	504.000
875.000	549.000
876.000	540.000
877.000	551.000
878.000	580.000
879.000	618.000
880.000	622.000
881.000	624.000
882.000	730.000
883.000	787.000
884.000	850.000
885.000	884.000
886.000	887.000
887.000	981.000
888.000	1020.000
889.000	1109.000
890.000	1160.000
891.000	1207.000
892.000	1247.000
893.000	1282.000
894.000	1304.000
895.000	1366.000
896.000	1461.000
897.000	1447.000
898.000	1510.000
899.000	1458.000
900.000	1448.000
901.000	1503.000
902.000	1515.000
903.000	1505.000
904.000	1463.000
905.000	1415.000
906.000	1401.000
907.000	1259.000
908.000	1303.000
909.000	1226.000
910.000	1195.000
911.000	1082.000
912.000	1044.000
913.000	1050.000
914.000	932.000
915.000	883.000
916.000	838.000
917.000	744.000
918.000	746.000
919.000	691.000
920.000	604.000
921.000	617.000
922.000	558.000
923.000	503.000
924.000	562.000
925.000	449.000
926.000	474.000
927.000	484.000
928.000	444.000
929.000	388.000
930.000	413.000
931.000	397.000
932.000	381.000
933.000	388.000
934.000	372.000
935.000	381.000
936.000	363.000
937.000	361.000
938.000	354.000
939.000	362.000
940.000	353.000
941.000	362.000
942.000	411.000
943.000	472.000
944.000	455.000
945.000	504.000
946.000	509.000
947.000	612.000
948.000	669.000
949.000	728.000
950.000	717.000
951.000	713.000
952.000	836.000
953.000	841.000
954.000	823.000
955.000	774.000
956.000	765.000
957.000	713.000
958.000	609.000
959.000	572.000
960.000	542.000
961.000	480.000
962.000	485.000
963.000	372.000
964.000	360.000
965.000	346.000
966.000	321.000
967.000	308.000
968.000	286.000
969.000	293.000
970.000	300.000
971.000	299.000
972.000	280.000
973.000	311.000
974.000	249.000
975.000	306.000
976.000	294.000
977.000	314.000
978.000	306.000
979.000	314.000
980.000	282.000
981.000	317.000
982.000	275.000
983.000	284.000
984.000	331.000
985.000	305.000
986.000	368.000
987.000	352.000
988.000	293.000
989.000	366.000
990.000	379.000
991.000	410.000
992.000	399.000
993.000	381.000
994.000	431.000
995.000	403.000
996.000	401.000
997.000	418.000
998.000	447.000
999.000	449.000
1000.000	411.000
1001.000	449.000
1002.000	441.000
1003.000	426.000
1004.000	423.000
1005.000	472.000
1006.000	429.000
1007.000	472.000
1008.000	406.000
1009.000	402.000
1010.000	398.000
1011.000	427.000
1012.000	409.000
1013.000	397.000
1014.000	388.000
1015.000	370.000
1016.000	359.000
1017.000	359.000
1018.000	343.000
1019.000	364.000
1020.000	304.000
1021.000	265.000
1022.000	298.000
1023.000	302.000
1024.000	280.000
