Date:	8/19/2008		Time:	10:08 AM		Version no:	0.00		Project name:	55		Sample name:	222		Section name:	section		Position	982.039995	mm	E0	0.000000	keV	E1	1.000000	keV/channel	sample surface	7.861504	cm	Tube anode:	Mo		Tube voltage:	30	kV	Tube current:	50	mA	gain	20		std. database			resultfile	result		matrix element	11		sample thickness	1.000000		air passage	0.560000	cm	comments	not in position		peaking_time	3.000000	m-sec	trigger_threshold	1229.166667	V	mca_bin_width	22.090000	no:	number_mca_channels	1024.000000	no:	gap_time	0.400000	m-sec	trigger_peaking_time	0.150000	m-sec	GAINDAC	9455		HIGHGAIN	1		TAURC	0		RCTAU	53		RCTAUFRAC	32768		livetime	9.780695	seconds	runtime	10.000502	seconds	input_count_rate	22.131862	cps	output_count_rate	17.695412	cps	triggers	216465	seconds	events_in_run	176963	seconds	channel	content		1.000	0.000
2.000	0.000
3.000	0.000
4.000	0.000
5.000	0.000
6.000	0.000
7.000	0.000
8.000	0.000
9.000	0.000
10.000	0.000
11.000	0.000
12.000	0.000
13.000	0.000
14.000	0.000
15.000	0.000
16.000	0.000
17.000	0.000
18.000	0.000
19.000	0.000
20.000	0.000
21.000	0.000
22.000	0.000
23.000	0.000
24.000	0.000
25.000	0.000
26.000	0.000
27.000	0.000
28.000	0.000
29.000	0.000
30.000	0.000
31.000	2.000
32.000	0.000
33.000	1.000
34.000	1.000
35.000	0.000
36.000	0.000
37.000	2.000
38.000	1.000
39.000	5.000
40.000	2.000
41.000	1.000
42.000	5.000
43.000	4.000
44.000	5.000
45.000	12.000
46.000	7.000
47.000	8.000
48.000	15.000
49.000	9.000
50.000	8.000
51.000	6.000
52.000	13.000
53.000	6.000
54.000	7.000
55.000	5.000
56.000	14.000
57.000	8.000
58.000	5.000
59.000	8.000
60.000	8.000
61.000	7.000
62.000	8.000
63.000	9.000
64.000	9.000
65.000	12.000
66.000	7.000
67.000	10.000
68.000	7.000
69.000	8.000
70.000	10.000
71.000	8.000
72.000	5.000
73.000	11.000
74.000	4.000
75.000	9.000
76.000	6.000
77.000	7.000
78.000	4.000
79.000	11.000
80.000	6.000
81.000	12.000
82.000	3.000
83.000	7.000
84.000	1.000
85.000	11.000
86.000	1.000
87.000	6.000
88.000	8.000
89.000	5.000
90.000	10.000
91.000	6.000
92.000	6.000
93.000	9.000
94.000	4.000
95.000	6.000
96.000	5.000
97.000	11.000
98.000	8.000
99.000	7.000
100.000	2.000
101.000	6.000
102.000	6.000
103.000	3.000
104.000	4.000
105.000	4.000
106.000	7.000
107.000	2.000
108.000	6.000
109.000	11.000
110.000	7.000
111.000	10.000
112.000	10.000
113.000	8.000
114.000	11.000
115.000	5.000
116.000	7.000
117.000	5.000
118.000	3.000
119.000	5.000
120.000	3.000
121.000	8.000
122.000	7.000
123.000	4.000
124.000	14.000
125.000	10.000
126.000	8.000
127.000	8.000
128.000	9.000
129.000	14.000
130.000	11.000
131.000	10.000
132.000	9.000
133.000	11.000
134.000	7.000
135.000	14.000
136.000	24.000
137.000	30.000
138.000	65.000
139.000	118.000
140.000	192.000
141.000	298.000
142.000	466.000
143.000	517.000
144.000	646.000
145.000	631.000
146.000	513.000
147.000	378.000
148.000	275.000
149.000	122.000
150.000	83.000
151.000	50.000
152.000	58.000
153.000	64.000
154.000	51.000
155.000	72.000
156.000	56.000
157.000	54.000
158.000	34.000
159.000	26.000
160.000	14.000
161.000	12.000
162.000	16.000
163.000	15.000
164.000	9.000
165.000	5.000
166.000	8.000
167.000	5.000
168.000	3.000
169.000	3.000
170.000	1.000
171.000	2.000
172.000	3.000
173.000	4.000
174.000	2.000
175.000	3.000
176.000	4.000
177.000	4.000
178.000	2.000
179.000	4.000
180.000	4.000
181.000	1.000
182.000	2.000
183.000	2.000
184.000	4.000
185.000	1.000
186.000	5.000
187.000	0.000
188.000	2.000
189.000	3.000
190.000	2.000
191.000	3.000
192.000	2.000
193.000	0.000
194.000	5.000
195.000	4.000
196.000	7.000
197.000	4.000
198.000	5.000
199.000	12.000
200.000	8.000
201.000	11.000
202.000	15.000
203.000	18.000
204.000	17.000
205.000	11.000
206.000	7.000
207.000	11.000
208.000	7.000
209.000	4.000
210.000	2.000
211.000	2.000
212.000	4.000
213.000	4.000
214.000	2.000
215.000	5.000
216.000	3.000
217.000	5.000
218.000	1.000
219.000	6.000
220.000	2.000
221.000	7.000
222.000	7.000
223.000	6.000
224.000	3.000
225.000	3.000
226.000	3.000
227.000	2.000
228.000	4.000
229.000	2.000
230.000	2.000
231.000	3.000
232.000	3.000
233.000	3.000
234.000	0.000
235.000	6.000
236.000	2.000
237.000	6.000
238.000	3.000
239.000	1.000
240.000	1.000
241.000	1.000
242.000	1.000
243.000	0.000
244.000	3.000
245.000	1.000
246.000	5.000
247.000	0.000
248.000	5.000
249.000	3.000
250.000	2.000
251.000	2.000
252.000	2.000
253.000	1.000
254.000	2.000
255.000	1.000
256.000	2.000
257.000	2.000
258.000	3.000
259.000	4.000
260.000	7.000
261.000	3.000
262.000	1.000
263.000	2.000
264.000	1.000
265.000	4.000
266.000	1.000
267.000	2.000
268.000	6.000
269.000	7.000
270.000	3.000
271.000	6.000
272.000	2.000
273.000	2.000
274.000	5.000
275.000	2.000
276.000	3.000
277.000	1.000
278.000	4.000
279.000	2.000
280.000	6.000
281.000	1.000
282.000	1.000
283.000	4.000
284.000	3.000
285.000	4.000
286.000	3.000
287.000	2.000
288.000	5.000
289.000	10.000
290.000	3.000
291.000	6.000
292.000	6.000
293.000	8.000
294.000	9.000
295.000	8.000
296.000	3.000
297.000	8.000
298.000	4.000
299.000	9.000
300.000	4.000
301.000	8.000
302.000	5.000
303.000	5.000
304.000	6.000
305.000	4.000
306.000	8.000
307.000	5.000
308.000	0.000
309.000	6.000
310.000	5.000
311.000	10.000
312.000	7.000
313.000	5.000
314.000	9.000
315.000	7.000
316.000	9.000
317.000	4.000
318.000	8.000
319.000	9.000
320.000	12.000
321.000	18.000
322.000	19.000
323.000	15.000
324.000	13.000
325.000	11.000
326.000	9.000
327.000	17.000
328.000	11.000
329.000	7.000
330.000	5.000
331.000	11.000
332.000	6.000
333.000	7.000
334.000	6.000
335.000	6.000
336.000	5.000
337.000	6.000
338.000	5.000
339.000	18.000
340.000	6.000
341.000	10.000
342.000	12.000
343.000	11.000
344.000	6.000
345.000	19.000
346.000	21.000
347.000	13.000
348.000	29.000
349.000	21.000
350.000	31.000
351.000	22.000
352.000	31.000
353.000	18.000
354.000	28.000
355.000	28.000
356.000	18.000
357.000	20.000
358.000	18.000
359.000	11.000
360.000	7.000
361.000	9.000
362.000	12.000
363.000	12.000
364.000	14.000
365.000	19.000
366.000	11.000
367.000	9.000
368.000	11.000
369.000	10.000
370.000	9.000
371.000	9.000
372.000	11.000
373.000	11.000
374.000	13.000
375.000	12.000
376.000	15.000
377.000	10.000
378.000	12.000
379.000	21.000
380.000	14.000
381.000	14.000
382.000	10.000
383.000	19.000
384.000	17.000
385.000	18.000
386.000	17.000
387.000	20.000
388.000	15.000
389.000	23.000
390.000	17.000
391.000	13.000
392.000	13.000
393.000	27.000
394.000	20.000
395.000	14.000
396.000	18.000
397.000	19.000
398.000	20.000
399.000	20.000
400.000	19.000
401.000	20.000
402.000	18.000
403.000	14.000
404.000	21.000
405.000	19.000
406.000	28.000
407.000	19.000
408.000	13.000
409.000	13.000
410.000	19.000
411.000	15.000
412.000	18.000
413.000	14.000
414.000	23.000
415.000	15.000
416.000	23.000
417.000	21.000
418.000	17.000
419.000	17.000
420.000	23.000
421.000	22.000
422.000	25.000
423.000	22.000
424.000	24.000
425.000	26.000
426.000	29.000
427.000	24.000
428.000	33.000
429.000	21.000
430.000	15.000
431.000	33.000
432.000	26.000
433.000	21.000
434.000	25.000
435.000	23.000
436.000	33.000
437.000	24.000
438.000	33.000
439.000	26.000
440.000	35.000
441.000	26.000
442.000	31.000
443.000	28.000
444.000	22.000
445.000	31.000
446.000	29.000
447.000	36.000
448.000	26.000
449.000	42.000
450.000	42.000
451.000	29.000
452.000	40.000
453.000	40.000
454.000	29.000
455.000	29.000
456.000	35.000
457.000	24.000
458.000	43.000
459.000	56.000
460.000	51.000
461.000	39.000
462.000	43.000
463.000	37.000
464.000	37.000
465.000	54.000
466.000	52.000
467.000	62.000
468.000	57.000
469.000	73.000
470.000	75.000
471.000	84.000
472.000	86.000
473.000	78.000
474.000	99.000
475.000	75.000
476.000	72.000
477.000	56.000
478.000	62.000
479.000	46.000
480.000	57.000
481.000	50.000
482.000	43.000
483.000	45.000
484.000	53.000
485.000	49.000
486.000	44.000
487.000	38.000
488.000	46.000
489.000	37.000
490.000	42.000
491.000	50.000
492.000	66.000
493.000	56.000
494.000	44.000
495.000	50.000
496.000	39.000
497.000	45.000
498.000	41.000
499.000	53.000
500.000	64.000
501.000	46.000
502.000	44.000
503.000	56.000
504.000	57.000
505.000	56.000
506.000	60.000
507.000	61.000
508.000	62.000
509.000	54.000
510.000	68.000
511.000	64.000
512.000	61.000
513.000	72.000
514.000	60.000
515.000	49.000
516.000	62.000
517.000	56.000
518.000	80.000
519.000	94.000
520.000	70.000
521.000	84.000
522.000	74.000
523.000	78.000
524.000	70.000
525.000	87.000
526.000	66.000
527.000	78.000
528.000	90.000
529.000	85.000
530.000	77.000
531.000	76.000
532.000	77.000
533.000	84.000
534.000	91.000
535.000	83.000
536.000	79.000
537.000	65.000
538.000	88.000
539.000	81.000
540.000	74.000
541.000	67.000
542.000	59.000
543.000	83.000
544.000	94.000
545.000	80.000
546.000	93.000
547.000	66.000
548.000	79.000
549.000	88.000
550.000	96.000
551.000	76.000
552.000	87.000
553.000	85.000
554.000	69.000
555.000	85.000
556.000	85.000
557.000	80.000
558.000	84.000
559.000	97.000
560.000	84.000
561.000	84.000
562.000	81.000
563.000	86.000
564.000	102.000
565.000	92.000
566.000	83.000
567.000	85.000
568.000	83.000
569.000	87.000
570.000	111.000
571.000	105.000
572.000	91.000
573.000	96.000
574.000	103.000
575.000	88.000
576.000	89.000
577.000	93.000
578.000	115.000
579.000	113.000
580.000	101.000
581.000	119.000
582.000	100.000
583.000	115.000
584.000	96.000
585.000	103.000
586.000	115.000
587.000	117.000
588.000	117.000
589.000	111.000
590.000	93.000
591.000	92.000
592.000	86.000
593.000	107.000
594.000	118.000
595.000	96.000
596.000	120.000
597.000	91.000
598.000	124.000
599.000	122.000
600.000	122.000
601.000	108.000
602.000	106.000
603.000	124.000
604.000	102.000
605.000	120.000
606.000	110.000
607.000	103.000
608.000	128.000
609.000	113.000
610.000	99.000
611.000	137.000
612.000	126.000
613.000	113.000
614.000	124.000
615.000	121.000
616.000	129.000
617.000	115.000
618.000	123.000
619.000	142.000
620.000	134.000
621.000	136.000
622.000	125.000
623.000	123.000
624.000	132.000
625.000	139.000
626.000	131.000
627.000	134.000
628.000	135.000
629.000	138.000
630.000	130.000
631.000	133.000
632.000	124.000
633.000	127.000
634.000	131.000
635.000	132.000
636.000	140.000
637.000	151.000
638.000	160.000
639.000	129.000
640.000	137.000
641.000	154.000
642.000	149.000
643.000	163.000
644.000	164.000
645.000	142.000
646.000	152.000
647.000	155.000
648.000	137.000
649.000	154.000
650.000	179.000
651.000	149.000
652.000	165.000
653.000	163.000
654.000	147.000
655.000	161.000
656.000	169.000
657.000	156.000
658.000	137.000
659.000	160.000
660.000	156.000
661.000	142.000
662.000	152.000
663.000	156.000
664.000	152.000
665.000	163.000
666.000	159.000
667.000	148.000
668.000	128.000
669.000	134.000
670.000	186.000
671.000	177.000
672.000	159.000
673.000	181.000
674.000	174.000
675.000	175.000
676.000	174.000
677.000	172.000
678.000	177.000
679.000	164.000
680.000	147.000
681.000	158.000
682.000	157.000
683.000	160.000
684.000	190.000
685.000	186.000
686.000	170.000
687.000	169.000
688.000	170.000
689.000	159.000
690.000	153.000
691.000	177.000
692.000	160.000
693.000	180.000
694.000	193.000
695.000	157.000
696.000	172.000
697.000	190.000
698.000	191.000
699.000	175.000
700.000	178.000
701.000	177.000
702.000	183.000
703.000	193.000
704.000	170.000
705.000	177.000
706.000	181.000
707.000	176.000
708.000	196.000
709.000	207.000
710.000	181.000
711.000	197.000
712.000	197.000
713.000	180.000
714.000	193.000
715.000	197.000
716.000	169.000
717.000	181.000
718.000	190.000
719.000	189.000
720.000	218.000
721.000	201.000
722.000	200.000
723.000	192.000
724.000	183.000
725.000	175.000
726.000	175.000
727.000	197.000
728.000	217.000
729.000	201.000
730.000	192.000
731.000	189.000
732.000	195.000
733.000	190.000
734.000	198.000
735.000	202.000
736.000	200.000
737.000	198.000
738.000	223.000
739.000	193.000
740.000	204.000
741.000	201.000
742.000	216.000
743.000	214.000
744.000	188.000
745.000	181.000
746.000	195.000
747.000	182.000
748.000	182.000
749.000	198.000
750.000	219.000
751.000	213.000
752.000	203.000
753.000	210.000
754.000	204.000
755.000	199.000
756.000	223.000
757.000	230.000
758.000	209.000
759.000	209.000
760.000	222.000
761.000	212.000
762.000	240.000
763.000	208.000
764.000	202.000
765.000	219.000
766.000	223.000
767.000	224.000
768.000	194.000
769.000	207.000
770.000	205.000
771.000	241.000
772.000	215.000
773.000	220.000
774.000	234.000
775.000	235.000
776.000	234.000
777.000	229.000
778.000	182.000
779.000	236.000
780.000	225.000
781.000	204.000
782.000	226.000
783.000	215.000
784.000	215.000
785.000	218.000
786.000	203.000
787.000	232.000
788.000	206.000
789.000	230.000
790.000	194.000
791.000	226.000
792.000	231.000
793.000	240.000
794.000	214.000
795.000	228.000
796.000	230.000
797.000	237.000
798.000	217.000
799.000	214.000
800.000	234.000
801.000	236.000
802.000	212.000
803.000	237.000
804.000	216.000
805.000	235.000
806.000	230.000
807.000	219.000
808.000	223.000
809.000	229.000
810.000	227.000
811.000	230.000
812.000	245.000
813.000	244.000
814.000	246.000
815.000	242.000
816.000	233.000
817.000	226.000
818.000	223.000
819.000	233.000
820.000	254.000
821.000	223.000
822.000	237.000
823.000	235.000
824.000	250.000
825.000	209.000
826.000	238.000
827.000	229.000
828.000	219.000
829.000	241.000
830.000	252.000
831.000	259.000
832.000	248.000
833.000	219.000
834.000	247.000
835.000	273.000
836.000	262.000
837.000	251.000
838.000	253.000
839.000	268.000
840.000	229.000
841.000	273.000
842.000	259.000
843.000	251.000
844.000	259.000
845.000	263.000
846.000	275.000
847.000	280.000
848.000	290.000
849.000	273.000
850.000	291.000
851.000	266.000
852.000	292.000
853.000	267.000
854.000	274.000
855.000	260.000
856.000	278.000
857.000	289.000
858.000	294.000
859.000	299.000
860.000	303.000
861.000	306.000
862.000	333.000
863.000	295.000
864.000	315.000
865.000	318.000
866.000	320.000
867.000	341.000
868.000	365.000
869.000	376.000
870.000	332.000
871.000	348.000
872.000	353.000
873.000	373.000
874.000	364.000
875.000	388.000
876.000	425.000
877.000	413.000
878.000	484.000
879.000	480.000
880.000	539.000
881.000	540.000
882.000	550.000
883.000	619.000
884.000	629.000
885.000	667.000
886.000	686.000
887.000	765.000
888.000	765.000
889.000	823.000
890.000	936.000
891.000	923.000
892.000	1028.000
893.000	967.000
894.000	1020.000
895.000	1112.000
896.000	1110.000
897.000	1086.000
898.000	1181.000
899.000	1220.000
900.000	1175.000
901.000	1277.000
902.000	1242.000
903.000	1237.000
904.000	1142.000
905.000	1159.000
906.000	1018.000
907.000	1086.000
908.000	982.000
909.000	947.000
910.000	917.000
911.000	950.000
912.000	835.000
913.000	844.000
914.000	777.000
915.000	694.000
916.000	649.000
917.000	599.000
918.000	577.000
919.000	553.000
920.000	472.000
921.000	518.000
922.000	458.000
923.000	439.000
924.000	447.000
925.000	384.000
926.000	391.000
927.000	334.000
928.000	352.000
929.000	307.000
930.000	305.000
931.000	274.000
932.000	301.000
933.000	340.000
934.000	287.000
935.000	305.000
936.000	277.000
937.000	273.000
938.000	296.000
939.000	311.000
940.000	316.000
941.000	317.000
942.000	316.000
943.000	381.000
944.000	400.000
945.000	449.000
946.000	411.000
947.000	490.000
948.000	516.000
949.000	552.000
950.000	578.000
951.000	616.000
952.000	643.000
953.000	657.000
954.000	658.000
955.000	626.000
956.000	633.000
957.000	614.000
958.000	539.000
959.000	515.000
960.000	466.000
961.000	375.000
962.000	349.000
963.000	320.000
964.000	304.000
965.000	284.000
966.000	273.000
967.000	267.000
968.000	230.000
969.000	227.000
970.000	226.000
971.000	237.000
972.000	244.000
973.000	222.000
974.000	244.000
975.000	215.000
976.000	244.000
977.000	242.000
978.000	244.000
979.000	236.000
980.000	255.000
981.000	275.000
982.000	265.000
983.000	237.000
984.000	269.000
985.000	265.000
986.000	271.000
987.000	278.000
988.000	264.000
989.000	293.000
990.000	289.000
991.000	355.000
992.000	272.000
993.000	328.000
994.000	356.000
995.000	338.000
996.000	350.000
997.000	326.000
998.000	325.000
999.000	311.000
1000.000	348.000
1001.000	354.000
1002.000	344.000
1003.000	374.000
1004.000	375.000
1005.000	365.000
1006.000	336.000
1007.000	366.000
1008.000	338.000
1009.000	335.000
1010.000	344.000
1011.000	354.000
1012.000	309.000
1013.000	324.000
1014.000	296.000
1015.000	295.000
1016.000	295.000
1017.000	285.000
1018.000	293.000
1019.000	264.000
1020.000	263.000
1021.000	246.000
1022.000	205.000
1023.000	225.000
1024.000	242.000
