Date:	8/19/2008		Time:	9:36 AM		Version no:	0.00		Project name:	55		Sample name:	222		Section name:	section		Position	644.039995	mm	E0	0.000000	keV	E1	1.000000	keV/channel	sample surface	7.595591	cm	Tube anode:	Mo		Tube voltage:	30	kV	Tube current:	50	mA	gain	20		std. database			resultfile	result		matrix element	11		sample thickness	1.000000		air passage	0.560000	cm	comments	not in position		peaking_time	3.000000	m-sec	trigger_threshold	1229.166667	V	mca_bin_width	22.090000	no:	number_mca_channels	1024.000000	no:	gap_time	0.400000	m-sec	trigger_peaking_time	0.150000	m-sec	GAINDAC	9455		HIGHGAIN	1		TAURC	0		RCTAU	53		RCTAUFRAC	32768		livetime	9.721378	seconds	runtime	10.000503	seconds	input_count_rate	26.740243	cps	output_count_rate	20.711358	cps	triggers	259952	seconds	events_in_run	207124	seconds	channel	content		1.000	0.000
2.000	0.000
3.000	0.000
4.000	0.000
5.000	0.000
6.000	0.000
7.000	0.000
8.000	0.000
9.000	0.000
10.000	0.000
11.000	0.000
12.000	0.000
13.000	0.000
14.000	0.000
15.000	0.000
16.000	0.000
17.000	0.000
18.000	0.000
19.000	0.000
20.000	0.000
21.000	0.000
22.000	0.000
23.000	0.000
24.000	0.000
25.000	0.000
26.000	0.000
27.000	0.000
28.000	0.000
29.000	0.000
30.000	0.000
31.000	0.000
32.000	0.000
33.000	0.000
34.000	1.000
35.000	1.000
36.000	1.000
37.000	1.000
38.000	2.000
39.000	1.000
40.000	2.000
41.000	2.000
42.000	5.000
43.000	5.000
44.000	4.000
45.000	7.000
46.000	7.000
47.000	8.000
48.000	9.000
49.000	7.000
50.000	7.000
51.000	8.000
52.000	9.000
53.000	10.000
54.000	5.000
55.000	13.000
56.000	13.000
57.000	13.000
58.000	10.000
59.000	13.000
60.000	16.000
61.000	11.000
62.000	9.000
63.000	10.000
64.000	13.000
65.000	9.000
66.000	5.000
67.000	8.000
68.000	11.000
69.000	10.000
70.000	5.000
71.000	7.000
72.000	11.000
73.000	12.000
74.000	8.000
75.000	14.000
76.000	10.000
77.000	8.000
78.000	7.000
79.000	7.000
80.000	6.000
81.000	10.000
82.000	3.000
83.000	12.000
84.000	9.000
85.000	4.000
86.000	9.000
87.000	8.000
88.000	5.000
89.000	7.000
90.000	3.000
91.000	4.000
92.000	6.000
93.000	15.000
94.000	6.000
95.000	13.000
96.000	9.000
97.000	4.000
98.000	10.000
99.000	8.000
100.000	3.000
101.000	9.000
102.000	9.000
103.000	5.000
104.000	6.000
105.000	7.000
106.000	6.000
107.000	11.000
108.000	4.000
109.000	5.000
110.000	7.000
111.000	11.000
112.000	9.000
113.000	8.000
114.000	0.000
115.000	11.000
116.000	4.000
117.000	3.000
118.000	8.000
119.000	7.000
120.000	5.000
121.000	11.000
122.000	9.000
123.000	2.000
124.000	9.000
125.000	5.000
126.000	11.000
127.000	15.000
128.000	10.000
129.000	7.000
130.000	7.000
131.000	13.000
132.000	4.000
133.000	7.000
134.000	4.000
135.000	6.000
136.000	3.000
137.000	3.000
138.000	9.000
139.000	6.000
140.000	7.000
141.000	2.000
142.000	3.000
143.000	5.000
144.000	4.000
145.000	2.000
146.000	2.000
147.000	1.000
148.000	6.000
149.000	6.000
150.000	2.000
151.000	6.000
152.000	3.000
153.000	5.000
154.000	5.000
155.000	10.000
156.000	4.000
157.000	6.000
158.000	4.000
159.000	4.000
160.000	10.000
161.000	8.000
162.000	8.000
163.000	11.000
164.000	11.000
165.000	8.000
166.000	12.000
167.000	10.000
168.000	2.000
169.000	5.000
170.000	5.000
171.000	1.000
172.000	3.000
173.000	6.000
174.000	2.000
175.000	4.000
176.000	5.000
177.000	5.000
178.000	4.000
179.000	4.000
180.000	5.000
181.000	9.000
182.000	8.000
183.000	6.000
184.000	4.000
185.000	6.000
186.000	6.000
187.000	4.000
188.000	8.000
189.000	4.000
190.000	4.000
191.000	3.000
192.000	3.000
193.000	4.000
194.000	2.000
195.000	9.000
196.000	6.000
197.000	15.000
198.000	8.000
199.000	16.000
200.000	8.000
201.000	25.000
202.000	20.000
203.000	20.000
204.000	34.000
205.000	15.000
206.000	13.000
207.000	10.000
208.000	8.000
209.000	3.000
210.000	1.000
211.000	5.000
212.000	5.000
213.000	4.000
214.000	3.000
215.000	1.000
216.000	7.000
217.000	4.000
218.000	5.000
219.000	6.000
220.000	2.000
221.000	7.000
222.000	5.000
223.000	3.000
224.000	9.000
225.000	7.000
226.000	3.000
227.000	2.000
228.000	2.000
229.000	3.000
230.000	5.000
231.000	2.000
232.000	2.000
233.000	4.000
234.000	4.000
235.000	2.000
236.000	5.000
237.000	3.000
238.000	2.000
239.000	1.000
240.000	4.000
241.000	5.000
242.000	3.000
243.000	5.000
244.000	5.000
245.000	7.000
246.000	14.000
247.000	12.000
248.000	9.000
249.000	7.000
250.000	5.000
251.000	7.000
252.000	8.000
253.000	14.000
254.000	9.000
255.000	6.000
256.000	10.000
257.000	4.000
258.000	10.000
259.000	1.000
260.000	3.000
261.000	2.000
262.000	5.000
263.000	5.000
264.000	3.000
265.000	4.000
266.000	4.000
267.000	3.000
268.000	7.000
269.000	7.000
270.000	7.000
271.000	3.000
272.000	9.000
273.000	4.000
274.000	6.000
275.000	5.000
276.000	8.000
277.000	5.000
278.000	3.000
279.000	4.000
280.000	1.000
281.000	3.000
282.000	4.000
283.000	8.000
284.000	6.000
285.000	4.000
286.000	6.000
287.000	6.000
288.000	3.000
289.000	0.000
290.000	8.000
291.000	7.000
292.000	9.000
293.000	9.000
294.000	9.000
295.000	9.000
296.000	5.000
297.000	4.000
298.000	11.000
299.000	11.000
300.000	5.000
301.000	8.000
302.000	6.000
303.000	9.000
304.000	11.000
305.000	1.000
306.000	5.000
307.000	2.000
308.000	8.000
309.000	6.000
310.000	3.000
311.000	10.000
312.000	8.000
313.000	9.000
314.000	6.000
315.000	10.000
316.000	12.000
317.000	21.000
318.000	16.000
319.000	22.000
320.000	33.000
321.000	28.000
322.000	38.000
323.000	51.000
324.000	44.000
325.000	52.000
326.000	29.000
327.000	21.000
328.000	26.000
329.000	14.000
330.000	10.000
331.000	12.000
332.000	11.000
333.000	14.000
334.000	9.000
335.000	9.000
336.000	9.000
337.000	10.000
338.000	11.000
339.000	14.000
340.000	13.000
341.000	32.000
342.000	39.000
343.000	81.000
344.000	105.000
345.000	197.000
346.000	220.000
347.000	319.000
348.000	388.000
349.000	452.000
350.000	511.000
351.000	558.000
352.000	516.000
353.000	445.000
354.000	348.000
355.000	263.000
356.000	196.000
357.000	123.000
358.000	72.000
359.000	46.000
360.000	28.000
361.000	30.000
362.000	12.000
363.000	17.000
364.000	23.000
365.000	20.000
366.000	14.000
367.000	13.000
368.000	15.000
369.000	15.000
370.000	14.000
371.000	8.000
372.000	19.000
373.000	15.000
374.000	15.000
375.000	16.000
376.000	18.000
377.000	12.000
378.000	19.000
379.000	29.000
380.000	34.000
381.000	40.000
382.000	54.000
383.000	75.000
384.000	91.000
385.000	91.000
386.000	94.000
387.000	81.000
388.000	89.000
389.000	71.000
390.000	61.000
391.000	50.000
392.000	37.000
393.000	43.000
394.000	28.000
395.000	17.000
396.000	22.000
397.000	17.000
398.000	21.000
399.000	19.000
400.000	24.000
401.000	19.000
402.000	11.000
403.000	10.000
404.000	23.000
405.000	18.000
406.000	20.000
407.000	23.000
408.000	25.000
409.000	32.000
410.000	23.000
411.000	17.000
412.000	20.000
413.000	20.000
414.000	22.000
415.000	24.000
416.000	18.000
417.000	23.000
418.000	27.000
419.000	22.000
420.000	21.000
421.000	20.000
422.000	27.000
423.000	25.000
424.000	29.000
425.000	25.000
426.000	25.000
427.000	18.000
428.000	31.000
429.000	21.000
430.000	21.000
431.000	13.000
432.000	17.000
433.000	19.000
434.000	21.000
435.000	20.000
436.000	30.000
437.000	28.000
438.000	30.000
439.000	28.000
440.000	26.000
441.000	32.000
442.000	42.000
443.000	23.000
444.000	32.000
445.000	27.000
446.000	24.000
447.000	32.000
448.000	25.000
449.000	25.000
450.000	40.000
451.000	34.000
452.000	36.000
453.000	33.000
454.000	30.000
455.000	27.000
456.000	43.000
457.000	41.000
458.000	35.000
459.000	35.000
460.000	30.000
461.000	40.000
462.000	39.000
463.000	30.000
464.000	40.000
465.000	48.000
466.000	38.000
467.000	38.000
468.000	40.000
469.000	50.000
470.000	43.000
471.000	43.000
472.000	41.000
473.000	41.000
474.000	33.000
475.000	33.000
476.000	39.000
477.000	30.000
478.000	38.000
479.000	39.000
480.000	31.000
481.000	32.000
482.000	45.000
483.000	41.000
484.000	45.000
485.000	45.000
486.000	44.000
487.000	33.000
488.000	41.000
489.000	50.000
490.000	48.000
491.000	61.000
492.000	39.000
493.000	48.000
494.000	40.000
495.000	29.000
496.000	47.000
497.000	39.000
498.000	56.000
499.000	53.000
500.000	49.000
501.000	59.000
502.000	37.000
503.000	69.000
504.000	51.000
505.000	52.000
506.000	55.000
507.000	64.000
508.000	53.000
509.000	57.000
510.000	59.000
511.000	61.000
512.000	51.000
513.000	68.000
514.000	55.000
515.000	53.000
516.000	66.000
517.000	62.000
518.000	74.000
519.000	59.000
520.000	74.000
521.000	74.000
522.000	49.000
523.000	72.000
524.000	69.000
525.000	76.000
526.000	70.000
527.000	64.000
528.000	52.000
529.000	69.000
530.000	75.000
531.000	69.000
532.000	72.000
533.000	71.000
534.000	88.000
535.000	58.000
536.000	71.000
537.000	63.000
538.000	69.000
539.000	85.000
540.000	84.000
541.000	89.000
542.000	79.000
543.000	84.000
544.000	74.000
545.000	64.000
546.000	85.000
547.000	68.000
548.000	94.000
549.000	92.000
550.000	88.000
551.000	74.000
552.000	70.000
553.000	83.000
554.000	82.000
555.000	64.000
556.000	66.000
557.000	80.000
558.000	96.000
559.000	83.000
560.000	90.000
561.000	80.000
562.000	82.000
563.000	85.000
564.000	97.000
565.000	90.000
566.000	95.000
567.000	109.000
568.000	102.000
569.000	86.000
570.000	101.000
571.000	85.000
572.000	92.000
573.000	99.000
574.000	110.000
575.000	98.000
576.000	90.000
577.000	119.000
578.000	93.000
579.000	86.000
580.000	97.000
581.000	96.000
582.000	93.000
583.000	112.000
584.000	97.000
585.000	104.000
586.000	107.000
587.000	116.000
588.000	115.000
589.000	97.000
590.000	111.000
591.000	93.000
592.000	108.000
593.000	107.000
594.000	122.000
595.000	106.000
596.000	101.000
597.000	120.000
598.000	120.000
599.000	112.000
600.000	100.000
601.000	121.000
602.000	124.000
603.000	124.000
604.000	112.000
605.000	131.000
606.000	105.000
607.000	125.000
608.000	121.000
609.000	124.000
610.000	140.000
611.000	117.000
612.000	161.000
613.000	129.000
614.000	138.000
615.000	143.000
616.000	112.000
617.000	141.000
618.000	123.000
619.000	135.000
620.000	149.000
621.000	125.000
622.000	147.000
623.000	123.000
624.000	144.000
625.000	143.000
626.000	171.000
627.000	155.000
628.000	110.000
629.000	151.000
630.000	143.000
631.000	124.000
632.000	136.000
633.000	139.000
634.000	136.000
635.000	159.000
636.000	141.000
637.000	155.000
638.000	168.000
639.000	152.000
640.000	161.000
641.000	147.000
642.000	162.000
643.000	146.000
644.000	152.000
645.000	147.000
646.000	155.000
647.000	143.000
648.000	153.000
649.000	164.000
650.000	178.000
651.000	174.000
652.000	169.000
653.000	156.000
654.000	180.000
655.000	147.000
656.000	174.000
657.000	168.000
658.000	167.000
659.000	175.000
660.000	164.000
661.000	149.000
662.000	169.000
663.000	174.000
664.000	136.000
665.000	162.000
666.000	139.000
667.000	201.000
668.000	182.000
669.000	195.000
670.000	170.000
671.000	178.000
672.000	166.000
673.000	169.000
674.000	194.000
675.000	163.000
676.000	222.000
677.000	185.000
678.000	174.000
679.000	172.000
680.000	182.000
681.000	176.000
682.000	179.000
683.000	189.000
684.000	213.000
685.000	182.000
686.000	236.000
687.000	173.000
688.000	177.000
689.000	185.000
690.000	213.000
691.000	192.000
692.000	171.000
693.000	190.000
694.000	211.000
695.000	210.000
696.000	179.000
697.000	218.000
698.000	207.000
699.000	185.000
700.000	204.000
701.000	213.000
702.000	197.000
703.000	204.000
704.000	205.000
705.000	208.000
706.000	224.000
707.000	205.000
708.000	208.000
709.000	235.000
710.000	189.000
711.000	217.000
712.000	193.000
713.000	189.000
714.000	211.000
715.000	221.000
716.000	220.000
717.000	200.000
718.000	215.000
719.000	211.000
720.000	198.000
721.000	220.000
722.000	195.000
723.000	230.000
724.000	245.000
725.000	232.000
726.000	219.000
727.000	215.000
728.000	241.000
729.000	252.000
730.000	216.000
731.000	220.000
732.000	253.000
733.000	222.000
734.000	229.000
735.000	224.000
736.000	226.000
737.000	249.000
738.000	210.000
739.000	220.000
740.000	236.000
741.000	223.000
742.000	221.000
743.000	224.000
744.000	230.000
745.000	252.000
746.000	222.000
747.000	244.000
748.000	239.000
749.000	245.000
750.000	233.000
751.000	231.000
752.000	241.000
753.000	247.000
754.000	220.000
755.000	274.000
756.000	237.000
757.000	211.000
758.000	234.000
759.000	244.000
760.000	243.000
761.000	236.000
762.000	234.000
763.000	254.000
764.000	234.000
765.000	248.000
766.000	282.000
767.000	271.000
768.000	262.000
769.000	298.000
770.000	279.000
771.000	282.000
772.000	318.000
773.000	272.000
774.000	271.000
775.000	266.000
776.000	259.000
777.000	261.000
778.000	284.000
779.000	277.000
780.000	257.000
781.000	230.000
782.000	272.000
783.000	264.000
784.000	258.000
785.000	278.000
786.000	260.000
787.000	263.000
788.000	248.000
789.000	266.000
790.000	270.000
791.000	258.000
792.000	271.000
793.000	278.000
794.000	277.000
795.000	275.000
796.000	272.000
797.000	300.000
798.000	254.000
799.000	265.000
800.000	254.000
801.000	273.000
802.000	286.000
803.000	298.000
804.000	281.000
805.000	261.000
806.000	271.000
807.000	259.000
808.000	254.000
809.000	302.000
810.000	262.000
811.000	290.000
812.000	260.000
813.000	279.000
814.000	271.000
815.000	265.000
816.000	268.000
817.000	274.000
818.000	280.000
819.000	283.000
820.000	264.000
821.000	290.000
822.000	303.000
823.000	301.000
824.000	285.000
825.000	254.000
826.000	274.000
827.000	273.000
828.000	303.000
829.000	263.000
830.000	283.000
831.000	273.000
832.000	285.000
833.000	280.000
834.000	315.000
835.000	304.000
836.000	303.000
837.000	293.000
838.000	310.000
839.000	314.000
840.000	301.000
841.000	301.000
842.000	271.000
843.000	264.000
844.000	307.000
845.000	327.000
846.000	306.000
847.000	315.000
848.000	342.000
849.000	325.000
850.000	284.000
851.000	325.000
852.000	332.000
853.000	349.000
854.000	312.000
855.000	348.000
856.000	321.000
857.000	317.000
858.000	334.000
859.000	342.000
860.000	366.000
861.000	350.000
862.000	399.000
863.000	376.000
864.000	381.000
865.000	382.000
866.000	376.000
867.000	406.000
868.000	398.000
869.000	410.000
870.000	432.000
871.000	451.000
872.000	474.000
873.000	459.000
874.000	487.000
875.000	520.000
876.000	473.000
877.000	530.000
878.000	553.000
879.000	623.000
880.000	619.000
881.000	682.000
882.000	731.000
883.000	658.000
884.000	774.000
885.000	831.000
886.000	830.000
887.000	925.000
888.000	980.000
889.000	1063.000
890.000	1036.000
891.000	1152.000
892.000	1172.000
893.000	1261.000
894.000	1265.000
895.000	1354.000
896.000	1335.000
897.000	1358.000
898.000	1439.000
899.000	1416.000
900.000	1540.000
901.000	1454.000
902.000	1470.000
903.000	1328.000
904.000	1369.000
905.000	1314.000
906.000	1295.000
907.000	1266.000
908.000	1278.000
909.000	1228.000
910.000	1145.000
911.000	1086.000
912.000	1017.000
913.000	953.000
914.000	968.000
915.000	864.000
916.000	793.000
917.000	752.000
918.000	742.000
919.000	639.000
920.000	627.000
921.000	578.000
922.000	549.000
923.000	516.000
924.000	545.000
925.000	482.000
926.000	456.000
927.000	430.000
928.000	406.000
929.000	399.000
930.000	384.000
931.000	398.000
932.000	383.000
933.000	366.000
934.000	350.000
935.000	320.000
936.000	379.000
937.000	352.000
938.000	371.000
939.000	379.000
940.000	380.000
941.000	409.000
942.000	368.000
943.000	451.000
944.000	442.000
945.000	505.000
946.000	589.000
947.000	605.000
948.000	671.000
949.000	693.000
950.000	730.000
951.000	726.000
952.000	735.000
953.000	816.000
954.000	717.000
955.000	774.000
956.000	749.000
957.000	653.000
958.000	700.000
959.000	590.000
960.000	529.000
961.000	496.000
962.000	453.000
963.000	395.000
964.000	356.000
965.000	313.000
966.000	354.000
967.000	281.000
968.000	316.000
969.000	306.000
970.000	266.000
971.000	305.000
972.000	268.000
973.000	273.000
974.000	299.000
975.000	270.000
976.000	293.000
977.000	239.000
978.000	306.000
979.000	268.000
980.000	301.000
981.000	315.000
982.000	289.000
983.000	305.000
984.000	303.000
985.000	337.000
986.000	344.000
987.000	326.000
988.000	286.000
989.000	331.000
990.000	356.000
991.000	389.000
992.000	370.000
993.000	367.000
994.000	381.000
995.000	427.000
996.000	390.000
997.000	439.000
998.000	400.000
999.000	422.000
1000.000	450.000
1001.000	423.000
1002.000	411.000
1003.000	401.000
1004.000	416.000
1005.000	425.000
1006.000	388.000
1007.000	390.000
1008.000	437.000
1009.000	457.000
1010.000	416.000
1011.000	411.000
1012.000	399.000
1013.000	411.000
1014.000	373.000
1015.000	368.000
1016.000	327.000
1017.000	322.000
1018.000	323.000
1019.000	324.000
1020.000	321.000
1021.000	322.000
1022.000	310.000
1023.000	296.000
1024.000	272.000
