Date:	8/19/2008		Time:	9:21 AM		Version no:	0.00		Project name:	55		Sample name:	222		Section name:	section		Position	486.039995	mm	E0	0.000000	keV	E1	1.000000	keV/channel	sample surface	7.679135	cm	Tube anode:	Mo		Tube voltage:	30	kV	Tube current:	50	mA	gain	20		std. database			resultfile	result		matrix element	11		sample thickness	1.000000		air passage	0.560000	cm	comments	not in position		peaking_time	3.000000	m-sec	trigger_threshold	1229.166667	V	mca_bin_width	22.090000	no:	number_mca_channels	1024.000000	no:	gap_time	0.400000	m-sec	trigger_peaking_time	0.150000	m-sec	GAINDAC	9455		HIGHGAIN	1		TAURC	0		RCTAU	53		RCTAUFRAC	32768		livetime	9.679954	seconds	runtime	10.000502	seconds	input_count_rate	30.587644	cps	output_count_rate	22.884350	cps	triggers	296087	seconds	events_in_run	228855	seconds	channel	content		1.000	0.000
2.000	0.000
3.000	0.000
4.000	0.000
5.000	0.000
6.000	0.000
7.000	0.000
8.000	0.000
9.000	0.000
10.000	0.000
11.000	0.000
12.000	0.000
13.000	0.000
14.000	0.000
15.000	0.000
16.000	0.000
17.000	0.000
18.000	0.000
19.000	0.000
20.000	0.000
21.000	0.000
22.000	0.000
23.000	0.000
24.000	0.000
25.000	0.000
26.000	0.000
27.000	0.000
28.000	0.000
29.000	0.000
30.000	0.000
31.000	0.000
32.000	0.000
33.000	0.000
34.000	0.000
35.000	0.000
36.000	0.000
37.000	1.000
38.000	3.000
39.000	3.000
40.000	1.000
41.000	3.000
42.000	3.000
43.000	6.000
44.000	3.000
45.000	4.000
46.000	4.000
47.000	7.000
48.000	5.000
49.000	9.000
50.000	10.000
51.000	7.000
52.000	7.000
53.000	9.000
54.000	13.000
55.000	4.000
56.000	3.000
57.000	7.000
58.000	6.000
59.000	12.000
60.000	9.000
61.000	7.000
62.000	9.000
63.000	10.000
64.000	8.000
65.000	6.000
66.000	14.000
67.000	6.000
68.000	10.000
69.000	6.000
70.000	12.000
71.000	13.000
72.000	12.000
73.000	12.000
74.000	6.000
75.000	7.000
76.000	8.000
77.000	8.000
78.000	10.000
79.000	11.000
80.000	8.000
81.000	6.000
82.000	8.000
83.000	15.000
84.000	8.000
85.000	12.000
86.000	8.000
87.000	11.000
88.000	7.000
89.000	5.000
90.000	6.000
91.000	7.000
92.000	5.000
93.000	11.000
94.000	4.000
95.000	10.000
96.000	10.000
97.000	10.000
98.000	9.000
99.000	6.000
100.000	10.000
101.000	6.000
102.000	8.000
103.000	8.000
104.000	16.000
105.000	10.000
106.000	6.000
107.000	14.000
108.000	7.000
109.000	7.000
110.000	8.000
111.000	5.000
112.000	3.000
113.000	9.000
114.000	6.000
115.000	4.000
116.000	0.000
117.000	4.000
118.000	9.000
119.000	10.000
120.000	4.000
121.000	7.000
122.000	6.000
123.000	13.000
124.000	5.000
125.000	11.000
126.000	8.000
127.000	9.000
128.000	9.000
129.000	10.000
130.000	8.000
131.000	7.000
132.000	10.000
133.000	7.000
134.000	7.000
135.000	7.000
136.000	9.000
137.000	4.000
138.000	5.000
139.000	9.000
140.000	7.000
141.000	5.000
142.000	8.000
143.000	4.000
144.000	5.000
145.000	3.000
146.000	7.000
147.000	8.000
148.000	6.000
149.000	3.000
150.000	2.000
151.000	2.000
152.000	7.000
153.000	6.000
154.000	7.000
155.000	5.000
156.000	2.000
157.000	5.000
158.000	6.000
159.000	10.000
160.000	4.000
161.000	4.000
162.000	7.000
163.000	9.000
164.000	9.000
165.000	8.000
166.000	6.000
167.000	4.000
168.000	5.000
169.000	4.000
170.000	2.000
171.000	4.000
172.000	5.000
173.000	6.000
174.000	2.000
175.000	5.000
176.000	6.000
177.000	6.000
178.000	2.000
179.000	2.000
180.000	11.000
181.000	9.000
182.000	12.000
183.000	6.000
184.000	5.000
185.000	7.000
186.000	4.000
187.000	6.000
188.000	7.000
189.000	4.000
190.000	6.000
191.000	1.000
192.000	6.000
193.000	4.000
194.000	3.000
195.000	4.000
196.000	5.000
197.000	4.000
198.000	15.000
199.000	17.000
200.000	13.000
201.000	23.000
202.000	19.000
203.000	33.000
204.000	32.000
205.000	13.000
206.000	13.000
207.000	9.000
208.000	11.000
209.000	6.000
210.000	3.000
211.000	3.000
212.000	4.000
213.000	2.000
214.000	4.000
215.000	4.000
216.000	5.000
217.000	7.000
218.000	5.000
219.000	6.000
220.000	8.000
221.000	8.000
222.000	8.000
223.000	5.000
224.000	3.000
225.000	6.000
226.000	4.000
227.000	6.000
228.000	3.000
229.000	6.000
230.000	4.000
231.000	1.000
232.000	4.000
233.000	0.000
234.000	2.000
235.000	5.000
236.000	3.000
237.000	1.000
238.000	5.000
239.000	3.000
240.000	5.000
241.000	6.000
242.000	6.000
243.000	8.000
244.000	9.000
245.000	5.000
246.000	17.000
247.000	10.000
248.000	11.000
249.000	12.000
250.000	9.000
251.000	12.000
252.000	7.000
253.000	12.000
254.000	8.000
255.000	5.000
256.000	4.000
257.000	7.000
258.000	8.000
259.000	7.000
260.000	4.000
261.000	1.000
262.000	6.000
263.000	4.000
264.000	9.000
265.000	8.000
266.000	5.000
267.000	10.000
268.000	5.000
269.000	6.000
270.000	3.000
271.000	6.000
272.000	6.000
273.000	6.000
274.000	6.000
275.000	6.000
276.000	7.000
277.000	6.000
278.000	4.000
279.000	10.000
280.000	9.000
281.000	4.000
282.000	9.000
283.000	3.000
284.000	8.000
285.000	7.000
286.000	4.000
287.000	6.000
288.000	3.000
289.000	7.000
290.000	7.000
291.000	16.000
292.000	8.000
293.000	14.000
294.000	7.000
295.000	10.000
296.000	8.000
297.000	9.000
298.000	10.000
299.000	11.000
300.000	7.000
301.000	6.000
302.000	7.000
303.000	6.000
304.000	10.000
305.000	9.000
306.000	8.000
307.000	6.000
308.000	11.000
309.000	6.000
310.000	9.000
311.000	10.000
312.000	5.000
313.000	12.000
314.000	7.000
315.000	16.000
316.000	18.000
317.000	12.000
318.000	28.000
319.000	31.000
320.000	40.000
321.000	45.000
322.000	52.000
323.000	52.000
324.000	68.000
325.000	47.000
326.000	39.000
327.000	40.000
328.000	22.000
329.000	28.000
330.000	14.000
331.000	10.000
332.000	14.000
333.000	16.000
334.000	20.000
335.000	19.000
336.000	12.000
337.000	19.000
338.000	17.000
339.000	22.000
340.000	34.000
341.000	46.000
342.000	86.000
343.000	141.000
344.000	221.000
345.000	299.000
346.000	505.000
347.000	693.000
348.000	919.000
349.000	1084.000
350.000	1196.000
351.000	1268.000
352.000	1148.000
353.000	950.000
354.000	780.000
355.000	570.000
356.000	370.000
357.000	265.000
358.000	146.000
359.000	87.000
360.000	62.000
361.000	21.000
362.000	26.000
363.000	23.000
364.000	20.000
365.000	21.000
366.000	15.000
367.000	21.000
368.000	25.000
369.000	28.000
370.000	16.000
371.000	23.000
372.000	18.000
373.000	24.000
374.000	25.000
375.000	30.000
376.000	35.000
377.000	38.000
378.000	48.000
379.000	49.000
380.000	63.000
381.000	101.000
382.000	123.000
383.000	155.000
384.000	184.000
385.000	206.000
386.000	236.000
387.000	211.000
388.000	211.000
389.000	157.000
390.000	137.000
391.000	117.000
392.000	85.000
393.000	52.000
394.000	56.000
395.000	36.000
396.000	27.000
397.000	30.000
398.000	27.000
399.000	16.000
400.000	23.000
401.000	30.000
402.000	19.000
403.000	23.000
404.000	30.000
405.000	28.000
406.000	28.000
407.000	25.000
408.000	25.000
409.000	30.000
410.000	29.000
411.000	30.000
412.000	24.000
413.000	28.000
414.000	19.000
415.000	28.000
416.000	35.000
417.000	32.000
418.000	26.000
419.000	32.000
420.000	30.000
421.000	36.000
422.000	25.000
423.000	28.000
424.000	24.000
425.000	26.000
426.000	37.000
427.000	28.000
428.000	34.000
429.000	25.000
430.000	23.000
431.000	55.000
432.000	29.000
433.000	32.000
434.000	37.000
435.000	49.000
436.000	33.000
437.000	39.000
438.000	41.000
439.000	32.000
440.000	45.000
441.000	42.000
442.000	47.000
443.000	42.000
444.000	53.000
445.000	61.000
446.000	40.000
447.000	46.000
448.000	44.000
449.000	44.000
450.000	46.000
451.000	43.000
452.000	37.000
453.000	45.000
454.000	51.000
455.000	62.000
456.000	52.000
457.000	56.000
458.000	63.000
459.000	36.000
460.000	56.000
461.000	60.000
462.000	54.000
463.000	64.000
464.000	49.000
465.000	45.000
466.000	46.000
467.000	46.000
468.000	45.000
469.000	54.000
470.000	65.000
471.000	53.000
472.000	67.000
473.000	67.000
474.000	53.000
475.000	60.000
476.000	54.000
477.000	54.000
478.000	58.000
479.000	52.000
480.000	68.000
481.000	65.000
482.000	58.000
483.000	57.000
484.000	52.000
485.000	56.000
486.000	47.000
487.000	48.000
488.000	63.000
489.000	61.000
490.000	56.000
491.000	66.000
492.000	60.000
493.000	76.000
494.000	62.000
495.000	64.000
496.000	65.000
497.000	77.000
498.000	50.000
499.000	62.000
500.000	70.000
501.000	62.000
502.000	68.000
503.000	75.000
504.000	73.000
505.000	85.000
506.000	74.000
507.000	67.000
508.000	66.000
509.000	79.000
510.000	86.000
511.000	85.000
512.000	82.000
513.000	64.000
514.000	77.000
515.000	76.000
516.000	93.000
517.000	80.000
518.000	93.000
519.000	60.000
520.000	92.000
521.000	92.000
522.000	89.000
523.000	82.000
524.000	97.000
525.000	94.000
526.000	92.000
527.000	98.000
528.000	112.000
529.000	84.000
530.000	94.000
531.000	82.000
532.000	104.000
533.000	87.000
534.000	91.000
535.000	83.000
536.000	97.000
537.000	105.000
538.000	95.000
539.000	87.000
540.000	91.000
541.000	109.000
542.000	108.000
543.000	96.000
544.000	81.000
545.000	116.000
546.000	113.000
547.000	107.000
548.000	93.000
549.000	118.000
550.000	105.000
551.000	107.000
552.000	94.000
553.000	90.000
554.000	117.000
555.000	105.000
556.000	103.000
557.000	117.000
558.000	104.000
559.000	114.000
560.000	137.000
561.000	96.000
562.000	120.000
563.000	122.000
564.000	135.000
565.000	124.000
566.000	121.000
567.000	103.000
568.000	124.000
569.000	120.000
570.000	107.000
571.000	109.000
572.000	128.000
573.000	128.000
574.000	121.000
575.000	131.000
576.000	127.000
577.000	136.000
578.000	125.000
579.000	124.000
580.000	126.000
581.000	128.000
582.000	130.000
583.000	118.000
584.000	141.000
585.000	145.000
586.000	142.000
587.000	137.000
588.000	151.000
589.000	139.000
590.000	141.000
591.000	153.000
592.000	156.000
593.000	147.000
594.000	151.000
595.000	149.000
596.000	143.000
597.000	141.000
598.000	151.000
599.000	174.000
600.000	148.000
601.000	152.000
602.000	144.000
603.000	143.000
604.000	145.000
605.000	151.000
606.000	149.000
607.000	152.000
608.000	163.000
609.000	174.000
610.000	156.000
611.000	143.000
612.000	160.000
613.000	157.000
614.000	149.000
615.000	182.000
616.000	186.000
617.000	151.000
618.000	178.000
619.000	179.000
620.000	169.000
621.000	163.000
622.000	146.000
623.000	173.000
624.000	170.000
625.000	182.000
626.000	163.000
627.000	194.000
628.000	198.000
629.000	180.000
630.000	195.000
631.000	181.000
632.000	185.000
633.000	163.000
634.000	167.000
635.000	189.000
636.000	181.000
637.000	169.000
638.000	201.000
639.000	190.000
640.000	187.000
641.000	199.000
642.000	179.000
643.000	187.000
644.000	203.000
645.000	192.000
646.000	219.000
647.000	216.000
648.000	192.000
649.000	213.000
650.000	205.000
651.000	216.000
652.000	223.000
653.000	205.000
654.000	214.000
655.000	180.000
656.000	214.000
657.000	219.000
658.000	212.000
659.000	209.000
660.000	213.000
661.000	192.000
662.000	194.000
663.000	210.000
664.000	200.000
665.000	197.000
666.000	203.000
667.000	201.000
668.000	215.000
669.000	189.000
670.000	219.000
671.000	185.000
672.000	194.000
673.000	220.000
674.000	197.000
675.000	210.000
676.000	204.000
677.000	224.000
678.000	194.000
679.000	236.000
680.000	225.000
681.000	228.000
682.000	208.000
683.000	196.000
684.000	210.000
685.000	207.000
686.000	206.000
687.000	233.000
688.000	234.000
689.000	217.000
690.000	223.000
691.000	226.000
692.000	222.000
693.000	209.000
694.000	199.000
695.000	239.000
696.000	225.000
697.000	234.000
698.000	222.000
699.000	202.000
700.000	231.000
701.000	243.000
702.000	221.000
703.000	217.000
704.000	248.000
705.000	217.000
706.000	234.000
707.000	249.000
708.000	239.000
709.000	211.000
710.000	258.000
711.000	270.000
712.000	233.000
713.000	235.000
714.000	199.000
715.000	238.000
716.000	232.000
717.000	265.000
718.000	239.000
719.000	258.000
720.000	259.000
721.000	260.000
722.000	248.000
723.000	247.000
724.000	235.000
725.000	230.000
726.000	281.000
727.000	296.000
728.000	237.000
729.000	277.000
730.000	250.000
731.000	223.000
732.000	289.000
733.000	268.000
734.000	288.000
735.000	243.000
736.000	251.000
737.000	267.000
738.000	248.000
739.000	257.000
740.000	256.000
741.000	270.000
742.000	258.000
743.000	276.000
744.000	261.000
745.000	277.000
746.000	281.000
747.000	294.000
748.000	245.000
749.000	248.000
750.000	247.000
751.000	278.000
752.000	273.000
753.000	247.000
754.000	265.000
755.000	274.000
756.000	279.000
757.000	248.000
758.000	260.000
759.000	282.000
760.000	299.000
761.000	287.000
762.000	290.000
763.000	273.000
764.000	281.000
765.000	302.000
766.000	292.000
767.000	297.000
768.000	268.000
769.000	269.000
770.000	280.000
771.000	278.000
772.000	311.000
773.000	311.000
774.000	306.000
775.000	339.000
776.000	284.000
777.000	294.000
778.000	265.000
779.000	279.000
780.000	283.000
781.000	291.000
782.000	302.000
783.000	281.000
784.000	285.000
785.000	248.000
786.000	250.000
787.000	275.000
788.000	297.000
789.000	290.000
790.000	291.000
791.000	272.000
792.000	289.000
793.000	296.000
794.000	287.000
795.000	295.000
796.000	288.000
797.000	284.000
798.000	269.000
799.000	290.000
800.000	294.000
801.000	281.000
802.000	286.000
803.000	275.000
804.000	266.000
805.000	281.000
806.000	305.000
807.000	261.000
808.000	283.000
809.000	295.000
810.000	317.000
811.000	309.000
812.000	289.000
813.000	274.000
814.000	306.000
815.000	311.000
816.000	306.000
817.000	275.000
818.000	302.000
819.000	305.000
820.000	284.000
821.000	307.000
822.000	284.000
823.000	314.000
824.000	286.000
825.000	305.000
826.000	306.000
827.000	286.000
828.000	261.000
829.000	287.000
830.000	317.000
831.000	321.000
832.000	304.000
833.000	289.000
834.000	316.000
835.000	298.000
836.000	331.000
837.000	330.000
838.000	285.000
839.000	326.000
840.000	324.000
841.000	347.000
842.000	332.000
843.000	302.000
844.000	301.000
845.000	359.000
846.000	324.000
847.000	339.000
848.000	358.000
849.000	352.000
850.000	314.000
851.000	343.000
852.000	356.000
853.000	335.000
854.000	344.000
855.000	383.000
856.000	349.000
857.000	327.000
858.000	376.000
859.000	327.000
860.000	395.000
861.000	395.000
862.000	388.000
863.000	392.000
864.000	397.000
865.000	436.000
866.000	428.000
867.000	363.000
868.000	442.000
869.000	446.000
870.000	422.000
871.000	488.000
872.000	484.000
873.000	463.000
874.000	482.000
875.000	452.000
876.000	524.000
877.000	539.000
878.000	592.000
879.000	599.000
880.000	634.000
881.000	663.000
882.000	745.000
883.000	757.000
884.000	812.000
885.000	838.000
886.000	907.000
887.000	933.000
888.000	1047.000
889.000	1085.000
890.000	1149.000
891.000	1158.000
892.000	1224.000
893.000	1323.000
894.000	1283.000
895.000	1385.000
896.000	1421.000
897.000	1448.000
898.000	1480.000
899.000	1517.000
900.000	1508.000
901.000	1496.000
902.000	1511.000
903.000	1423.000
904.000	1456.000
905.000	1431.000
906.000	1366.000
907.000	1309.000
908.000	1325.000
909.000	1246.000
910.000	1199.000
911.000	1140.000
912.000	1027.000
913.000	966.000
914.000	913.000
915.000	910.000
916.000	843.000
917.000	813.000
918.000	765.000
919.000	692.000
920.000	643.000
921.000	584.000
922.000	563.000
923.000	520.000
924.000	485.000
925.000	477.000
926.000	453.000
927.000	451.000
928.000	424.000
929.000	396.000
930.000	371.000
931.000	380.000
932.000	401.000
933.000	373.000
934.000	375.000
935.000	367.000
936.000	365.000
937.000	392.000
938.000	384.000
939.000	353.000
940.000	387.000
941.000	386.000
942.000	445.000
943.000	414.000
944.000	464.000
945.000	478.000
946.000	551.000
947.000	612.000
948.000	694.000
949.000	768.000
950.000	753.000
951.000	775.000
952.000	767.000
953.000	759.000
954.000	844.000
955.000	795.000
956.000	769.000
957.000	698.000
958.000	640.000
959.000	569.000
960.000	564.000
961.000	484.000
962.000	405.000
963.000	343.000
964.000	388.000
965.000	340.000
966.000	342.000
967.000	318.000
968.000	282.000
969.000	275.000
970.000	267.000
971.000	272.000
972.000	251.000
973.000	269.000
974.000	288.000
975.000	278.000
976.000	299.000
977.000	283.000
978.000	291.000
979.000	274.000
980.000	285.000
981.000	331.000
982.000	261.000
983.000	338.000
984.000	307.000
985.000	311.000
986.000	333.000
987.000	339.000
988.000	306.000
989.000	343.000
990.000	384.000
991.000	346.000
992.000	378.000
993.000	397.000
994.000	358.000
995.000	420.000
996.000	429.000
997.000	405.000
998.000	379.000
999.000	426.000
1000.000	437.000
1001.000	450.000
1002.000	424.000
1003.000	458.000
1004.000	449.000
1005.000	431.000
1006.000	478.000
1007.000	436.000
1008.000	396.000
1009.000	414.000
1010.000	420.000
1011.000	388.000
1012.000	437.000
1013.000	421.000
1014.000	387.000
1015.000	404.000
1016.000	355.000
1017.000	354.000
1018.000	302.000
1019.000	340.000
1020.000	311.000
1021.000	311.000
1022.000	320.000
1023.000	275.000
1024.000	282.000
