Date:	8/19/2008		Time:	9:06 AM		Version no:	0.00		Project name:	55		Sample name:	222		Section name:	section		Position	332.039995	mm	E0	0.000000	keV	E1	1.000000	keV/channel	sample surface	7.542357	cm	Tube anode:	Mo		Tube voltage:	30	kV	Tube current:	50	mA	gain	20		std. database			resultfile	result		matrix element	11		sample thickness	1.000000		air passage	0.560000	cm	comments	not in position		peaking_time	3.000000	m-sec	trigger_threshold	1229.166667	V	mca_bin_width	22.090000	no:	number_mca_channels	1024.000000	no:	gap_time	0.400000	m-sec	trigger_peaking_time	0.150000	m-sec	GAINDAC	9455		HIGHGAIN	1		TAURC	0		RCTAU	53		RCTAUFRAC	32768		livetime	9.690046	seconds	runtime	10.000507	seconds	input_count_rate	29.529786	cps	output_count_rate	22.326268	cps	triggers	286145	seconds	events_in_run	223274	seconds	channel	content		1.000	0.000
2.000	0.000
3.000	0.000
4.000	0.000
5.000	0.000
6.000	0.000
7.000	0.000
8.000	0.000
9.000	0.000
10.000	0.000
11.000	0.000
12.000	0.000
13.000	0.000
14.000	0.000
15.000	0.000
16.000	0.000
17.000	0.000
18.000	0.000
19.000	0.000
20.000	0.000
21.000	0.000
22.000	0.000
23.000	0.000
24.000	0.000
25.000	0.000
26.000	0.000
27.000	0.000
28.000	0.000
29.000	0.000
30.000	0.000
31.000	0.000
32.000	0.000
33.000	2.000
34.000	0.000
35.000	1.000
36.000	0.000
37.000	1.000
38.000	2.000
39.000	2.000
40.000	0.000
41.000	4.000
42.000	5.000
43.000	5.000
44.000	8.000
45.000	4.000
46.000	2.000
47.000	9.000
48.000	6.000
49.000	9.000
50.000	9.000
51.000	4.000
52.000	10.000
53.000	14.000
54.000	13.000
55.000	13.000
56.000	10.000
57.000	12.000
58.000	9.000
59.000	13.000
60.000	13.000
61.000	10.000
62.000	12.000
63.000	16.000
64.000	15.000
65.000	10.000
66.000	8.000
67.000	13.000
68.000	4.000
69.000	10.000
70.000	9.000
71.000	11.000
72.000	7.000
73.000	10.000
74.000	14.000
75.000	8.000
76.000	5.000
77.000	8.000
78.000	10.000
79.000	8.000
80.000	12.000
81.000	11.000
82.000	9.000
83.000	11.000
84.000	8.000
85.000	11.000
86.000	6.000
87.000	6.000
88.000	17.000
89.000	14.000
90.000	6.000
91.000	11.000
92.000	4.000
93.000	9.000
94.000	9.000
95.000	14.000
96.000	10.000
97.000	9.000
98.000	6.000
99.000	12.000
100.000	11.000
101.000	10.000
102.000	7.000
103.000	11.000
104.000	7.000
105.000	4.000
106.000	7.000
107.000	6.000
108.000	6.000
109.000	7.000
110.000	7.000
111.000	6.000
112.000	5.000
113.000	5.000
114.000	9.000
115.000	4.000
116.000	11.000
117.000	7.000
118.000	7.000
119.000	5.000
120.000	10.000
121.000	4.000
122.000	6.000
123.000	5.000
124.000	5.000
125.000	4.000
126.000	11.000
127.000	9.000
128.000	10.000
129.000	12.000
130.000	10.000
131.000	10.000
132.000	5.000
133.000	8.000
134.000	7.000
135.000	6.000
136.000	3.000
137.000	9.000
138.000	3.000
139.000	9.000
140.000	4.000
141.000	7.000
142.000	6.000
143.000	6.000
144.000	10.000
145.000	1.000
146.000	6.000
147.000	3.000
148.000	6.000
149.000	2.000
150.000	4.000
151.000	2.000
152.000	4.000
153.000	5.000
154.000	3.000
155.000	3.000
156.000	0.000
157.000	5.000
158.000	5.000
159.000	12.000
160.000	7.000
161.000	8.000
162.000	10.000
163.000	18.000
164.000	5.000
165.000	15.000
166.000	10.000
167.000	6.000
168.000	4.000
169.000	2.000
170.000	2.000
171.000	5.000
172.000	5.000
173.000	3.000
174.000	4.000
175.000	5.000
176.000	3.000
177.000	3.000
178.000	7.000
179.000	8.000
180.000	6.000
181.000	4.000
182.000	13.000
183.000	13.000
184.000	9.000
185.000	11.000
186.000	6.000
187.000	3.000
188.000	3.000
189.000	9.000
190.000	5.000
191.000	8.000
192.000	2.000
193.000	3.000
194.000	4.000
195.000	7.000
196.000	3.000
197.000	8.000
198.000	13.000
199.000	9.000
200.000	16.000
201.000	25.000
202.000	23.000
203.000	29.000
204.000	30.000
205.000	27.000
206.000	14.000
207.000	6.000
208.000	7.000
209.000	6.000
210.000	7.000
211.000	5.000
212.000	7.000
213.000	3.000
214.000	5.000
215.000	4.000
216.000	2.000
217.000	1.000
218.000	5.000
219.000	8.000
220.000	9.000
221.000	7.000
222.000	4.000
223.000	8.000
224.000	2.000
225.000	10.000
226.000	8.000
227.000	1.000
228.000	4.000
229.000	4.000
230.000	4.000
231.000	1.000
232.000	1.000
233.000	5.000
234.000	2.000
235.000	4.000
236.000	4.000
237.000	3.000
238.000	3.000
239.000	2.000
240.000	4.000
241.000	2.000
242.000	7.000
243.000	5.000
244.000	7.000
245.000	7.000
246.000	12.000
247.000	16.000
248.000	16.000
249.000	10.000
250.000	13.000
251.000	8.000
252.000	10.000
253.000	5.000
254.000	12.000
255.000	7.000
256.000	7.000
257.000	8.000
258.000	5.000
259.000	5.000
260.000	5.000
261.000	4.000
262.000	5.000
263.000	7.000
264.000	4.000
265.000	6.000
266.000	4.000
267.000	3.000
268.000	6.000
269.000	11.000
270.000	9.000
271.000	7.000
272.000	4.000
273.000	4.000
274.000	7.000
275.000	7.000
276.000	5.000
277.000	4.000
278.000	11.000
279.000	5.000
280.000	7.000
281.000	7.000
282.000	1.000
283.000	4.000
284.000	11.000
285.000	2.000
286.000	6.000
287.000	7.000
288.000	5.000
289.000	8.000
290.000	8.000
291.000	5.000
292.000	8.000
293.000	10.000
294.000	12.000
295.000	9.000
296.000	13.000
297.000	7.000
298.000	11.000
299.000	8.000
300.000	14.000
301.000	14.000
302.000	8.000
303.000	7.000
304.000	10.000
305.000	5.000
306.000	7.000
307.000	15.000
308.000	3.000
309.000	8.000
310.000	6.000
311.000	4.000
312.000	7.000
313.000	12.000
314.000	10.000
315.000	6.000
316.000	12.000
317.000	17.000
318.000	28.000
319.000	36.000
320.000	41.000
321.000	55.000
322.000	55.000
323.000	51.000
324.000	59.000
325.000	46.000
326.000	45.000
327.000	34.000
328.000	33.000
329.000	21.000
330.000	14.000
331.000	13.000
332.000	16.000
333.000	10.000
334.000	15.000
335.000	12.000
336.000	15.000
337.000	12.000
338.000	12.000
339.000	20.000
340.000	23.000
341.000	30.000
342.000	59.000
343.000	78.000
344.000	162.000
345.000	246.000
346.000	393.000
347.000	460.000
348.000	599.000
349.000	694.000
350.000	837.000
351.000	811.000
352.000	779.000
353.000	617.000
354.000	535.000
355.000	363.000
356.000	267.000
357.000	186.000
358.000	110.000
359.000	70.000
360.000	41.000
361.000	37.000
362.000	23.000
363.000	19.000
364.000	19.000
365.000	17.000
366.000	21.000
367.000	17.000
368.000	10.000
369.000	18.000
370.000	26.000
371.000	16.000
372.000	19.000
373.000	22.000
374.000	31.000
375.000	44.000
376.000	26.000
377.000	26.000
378.000	21.000
379.000	44.000
380.000	56.000
381.000	62.000
382.000	105.000
383.000	106.000
384.000	116.000
385.000	135.000
386.000	139.000
387.000	140.000
388.000	130.000
389.000	117.000
390.000	96.000
391.000	72.000
392.000	64.000
393.000	42.000
394.000	45.000
395.000	27.000
396.000	25.000
397.000	24.000
398.000	22.000
399.000	19.000
400.000	27.000
401.000	27.000
402.000	19.000
403.000	37.000
404.000	27.000
405.000	36.000
406.000	10.000
407.000	28.000
408.000	30.000
409.000	23.000
410.000	23.000
411.000	32.000
412.000	36.000
413.000	28.000
414.000	14.000
415.000	32.000
416.000	33.000
417.000	24.000
418.000	28.000
419.000	32.000
420.000	25.000
421.000	34.000
422.000	30.000
423.000	26.000
424.000	26.000
425.000	41.000
426.000	28.000
427.000	27.000
428.000	38.000
429.000	29.000
430.000	34.000
431.000	37.000
432.000	27.000
433.000	34.000
434.000	38.000
435.000	31.000
436.000	44.000
437.000	44.000
438.000	32.000
439.000	29.000
440.000	35.000
441.000	38.000
442.000	47.000
443.000	43.000
444.000	55.000
445.000	53.000
446.000	49.000
447.000	37.000
448.000	37.000
449.000	45.000
450.000	44.000
451.000	43.000
452.000	56.000
453.000	50.000
454.000	37.000
455.000	53.000
456.000	49.000
457.000	37.000
458.000	40.000
459.000	39.000
460.000	51.000
461.000	42.000
462.000	50.000
463.000	57.000
464.000	56.000
465.000	52.000
466.000	45.000
467.000	54.000
468.000	46.000
469.000	43.000
470.000	49.000
471.000	73.000
472.000	51.000
473.000	51.000
474.000	60.000
475.000	57.000
476.000	64.000
477.000	51.000
478.000	47.000
479.000	49.000
480.000	72.000
481.000	46.000
482.000	60.000
483.000	43.000
484.000	52.000
485.000	56.000
486.000	81.000
487.000	50.000
488.000	55.000
489.000	67.000
490.000	60.000
491.000	58.000
492.000	53.000
493.000	78.000
494.000	52.000
495.000	56.000
496.000	56.000
497.000	61.000
498.000	54.000
499.000	52.000
500.000	75.000
501.000	59.000
502.000	71.000
503.000	84.000
504.000	77.000
505.000	68.000
506.000	65.000
507.000	58.000
508.000	78.000
509.000	70.000
510.000	70.000
511.000	71.000
512.000	89.000
513.000	96.000
514.000	83.000
515.000	81.000
516.000	78.000
517.000	79.000
518.000	70.000
519.000	84.000
520.000	82.000
521.000	88.000
522.000	77.000
523.000	94.000
524.000	81.000
525.000	90.000
526.000	73.000
527.000	100.000
528.000	89.000
529.000	82.000
530.000	82.000
531.000	100.000
532.000	85.000
533.000	82.000
534.000	88.000
535.000	79.000
536.000	112.000
537.000	97.000
538.000	75.000
539.000	92.000
540.000	102.000
541.000	101.000
542.000	72.000
543.000	101.000
544.000	96.000
545.000	102.000
546.000	98.000
547.000	93.000
548.000	95.000
549.000	92.000
550.000	85.000
551.000	101.000
552.000	92.000
553.000	100.000
554.000	118.000
555.000	109.000
556.000	104.000
557.000	110.000
558.000	90.000
559.000	93.000
560.000	111.000
561.000	119.000
562.000	121.000
563.000	91.000
564.000	115.000
565.000	107.000
566.000	108.000
567.000	89.000
568.000	131.000
569.000	118.000
570.000	109.000
571.000	121.000
572.000	124.000
573.000	127.000
574.000	133.000
575.000	117.000
576.000	99.000
577.000	136.000
578.000	115.000
579.000	114.000
580.000	135.000
581.000	123.000
582.000	111.000
583.000	126.000
584.000	123.000
585.000	108.000
586.000	143.000
587.000	118.000
588.000	128.000
589.000	124.000
590.000	141.000
591.000	110.000
592.000	137.000
593.000	141.000
594.000	143.000
595.000	153.000
596.000	127.000
597.000	111.000
598.000	133.000
599.000	126.000
600.000	142.000
601.000	144.000
602.000	165.000
603.000	139.000
604.000	136.000
605.000	153.000
606.000	159.000
607.000	144.000
608.000	137.000
609.000	156.000
610.000	137.000
611.000	151.000
612.000	162.000
613.000	149.000
614.000	147.000
615.000	142.000
616.000	160.000
617.000	152.000
618.000	148.000
619.000	142.000
620.000	148.000
621.000	161.000
622.000	172.000
623.000	166.000
624.000	164.000
625.000	139.000
626.000	182.000
627.000	169.000
628.000	142.000
629.000	158.000
630.000	182.000
631.000	162.000
632.000	165.000
633.000	167.000
634.000	167.000
635.000	178.000
636.000	165.000
637.000	173.000
638.000	163.000
639.000	155.000
640.000	169.000
641.000	181.000
642.000	171.000
643.000	177.000
644.000	162.000
645.000	168.000
646.000	185.000
647.000	188.000
648.000	182.000
649.000	176.000
650.000	201.000
651.000	181.000
652.000	190.000
653.000	209.000
654.000	200.000
655.000	217.000
656.000	211.000
657.000	196.000
658.000	162.000
659.000	179.000
660.000	197.000
661.000	211.000
662.000	191.000
663.000	179.000
664.000	169.000
665.000	208.000
666.000	183.000
667.000	224.000
668.000	190.000
669.000	198.000
670.000	210.000
671.000	211.000
672.000	204.000
673.000	217.000
674.000	187.000
675.000	193.000
676.000	211.000
677.000	199.000
678.000	224.000
679.000	210.000
680.000	214.000
681.000	199.000
682.000	193.000
683.000	223.000
684.000	203.000
685.000	224.000
686.000	201.000
687.000	225.000
688.000	222.000
689.000	206.000
690.000	194.000
691.000	225.000
692.000	215.000
693.000	215.000
694.000	232.000
695.000	220.000
696.000	248.000
697.000	223.000
698.000	204.000
699.000	216.000
700.000	231.000
701.000	234.000
702.000	218.000
703.000	225.000
704.000	203.000
705.000	217.000
706.000	207.000
707.000	233.000
708.000	222.000
709.000	206.000
710.000	224.000
711.000	232.000
712.000	242.000
713.000	238.000
714.000	225.000
715.000	223.000
716.000	217.000
717.000	227.000
718.000	244.000
719.000	237.000
720.000	225.000
721.000	218.000
722.000	228.000
723.000	239.000
724.000	247.000
725.000	242.000
726.000	241.000
727.000	235.000
728.000	249.000
729.000	269.000
730.000	250.000
731.000	267.000
732.000	247.000
733.000	236.000
734.000	266.000
735.000	264.000
736.000	225.000
737.000	258.000
738.000	243.000
739.000	252.000
740.000	238.000
741.000	219.000
742.000	248.000
743.000	235.000
744.000	247.000
745.000	247.000
746.000	249.000
747.000	240.000
748.000	261.000
749.000	265.000
750.000	258.000
751.000	275.000
752.000	262.000
753.000	250.000
754.000	255.000
755.000	240.000
756.000	270.000
757.000	270.000
758.000	271.000
759.000	232.000
760.000	267.000
761.000	245.000
762.000	267.000
763.000	241.000
764.000	260.000
765.000	282.000
766.000	281.000
767.000	293.000
768.000	253.000
769.000	278.000
770.000	305.000
771.000	287.000
772.000	320.000
773.000	302.000
774.000	300.000
775.000	314.000
776.000	251.000
777.000	269.000
778.000	285.000
779.000	247.000
780.000	293.000
781.000	295.000
782.000	294.000
783.000	268.000
784.000	275.000
785.000	265.000
786.000	286.000
787.000	290.000
788.000	288.000
789.000	306.000
790.000	285.000
791.000	253.000
792.000	294.000
793.000	258.000
794.000	263.000
795.000	265.000
796.000	267.000
797.000	266.000
798.000	298.000
799.000	306.000
800.000	305.000
801.000	282.000
802.000	292.000
803.000	265.000
804.000	287.000
805.000	277.000
806.000	282.000
807.000	302.000
808.000	253.000
809.000	284.000
810.000	290.000
811.000	264.000
812.000	301.000
813.000	276.000
814.000	286.000
815.000	314.000
816.000	294.000
817.000	286.000
818.000	287.000
819.000	296.000
820.000	300.000
821.000	288.000
822.000	315.000
823.000	299.000
824.000	295.000
825.000	302.000
826.000	310.000
827.000	314.000
828.000	339.000
829.000	312.000
830.000	294.000
831.000	328.000
832.000	306.000
833.000	322.000
834.000	320.000
835.000	297.000
836.000	299.000
837.000	315.000
838.000	317.000
839.000	291.000
840.000	309.000
841.000	340.000
842.000	332.000
843.000	321.000
844.000	282.000
845.000	287.000
846.000	349.000
847.000	361.000
848.000	392.000
849.000	345.000
850.000	344.000
851.000	350.000
852.000	333.000
853.000	368.000
854.000	356.000
855.000	355.000
856.000	361.000
857.000	370.000
858.000	329.000
859.000	407.000
860.000	364.000
861.000	391.000
862.000	388.000
863.000	398.000
864.000	400.000
865.000	448.000
866.000	436.000
867.000	419.000
868.000	412.000
869.000	435.000
870.000	453.000
871.000	478.000
872.000	441.000
873.000	446.000
874.000	543.000
875.000	501.000
876.000	546.000
877.000	542.000
878.000	583.000
879.000	559.000
880.000	650.000
881.000	707.000
882.000	756.000
883.000	759.000
884.000	759.000
885.000	920.000
886.000	886.000
887.000	971.000
888.000	995.000
889.000	1018.000
890.000	1162.000
891.000	1195.000
892.000	1238.000
893.000	1365.000
894.000	1403.000
895.000	1359.000
896.000	1378.000
897.000	1499.000
898.000	1514.000
899.000	1534.000
900.000	1536.000
901.000	1506.000
902.000	1494.000
903.000	1474.000
904.000	1450.000
905.000	1374.000
906.000	1371.000
907.000	1367.000
908.000	1235.000
909.000	1260.000
910.000	1231.000
911.000	1155.000
912.000	1066.000
913.000	1017.000
914.000	951.000
915.000	950.000
916.000	837.000
917.000	757.000
918.000	732.000
919.000	751.000
920.000	673.000
921.000	624.000
922.000	624.000
923.000	563.000
924.000	516.000
925.000	485.000
926.000	447.000
927.000	485.000
928.000	426.000
929.000	465.000
930.000	386.000
931.000	337.000
932.000	409.000
933.000	392.000
934.000	373.000
935.000	352.000
936.000	343.000
937.000	380.000
938.000	386.000
939.000	358.000
940.000	369.000
941.000	426.000
942.000	413.000
943.000	471.000
944.000	482.000
945.000	496.000
946.000	577.000
947.000	590.000
948.000	609.000
949.000	726.000
950.000	742.000
951.000	785.000
952.000	844.000
953.000	763.000
954.000	786.000
955.000	776.000
956.000	766.000
957.000	706.000
958.000	691.000
959.000	578.000
960.000	539.000
961.000	471.000
962.000	435.000
963.000	412.000
964.000	360.000
965.000	368.000
966.000	336.000
967.000	292.000
968.000	292.000
969.000	336.000
970.000	299.000
971.000	285.000
972.000	289.000
973.000	302.000
974.000	308.000
975.000	289.000
976.000	254.000
977.000	289.000
978.000	296.000
979.000	296.000
980.000	270.000
981.000	281.000
982.000	337.000
983.000	312.000
984.000	291.000
985.000	335.000
986.000	322.000
987.000	326.000
988.000	363.000
989.000	408.000
990.000	382.000
991.000	362.000
992.000	399.000
993.000	416.000
994.000	369.000
995.000	361.000
996.000	432.000
997.000	416.000
998.000	366.000
999.000	470.000
1000.000	424.000
1001.000	440.000
1002.000	504.000
1003.000	425.000
1004.000	452.000
1005.000	487.000
1006.000	471.000
1007.000	431.000
1008.000	408.000
1009.000	425.000
1010.000	447.000
1011.000	406.000
1012.000	377.000
1013.000	405.000
1014.000	347.000
1015.000	363.000
1016.000	381.000
1017.000	368.000
1018.000	317.000
1019.000	323.000
1020.000	318.000
1021.000	322.000
1022.000	342.000
1023.000	277.000
1024.000	271.000
