Date:	8/19/2008		Time:	8:56 AM		Version no:	0.00		Project name:	55		Sample name:	222		Section name:	section		Position	222.039995	mm	E0	0.000000	keV	E1	1.000000	keV/channel	sample surface	7.558856	cm	Tube anode:	Mo		Tube voltage:	30	kV	Tube current:	50	mA	gain	20		std. database			resultfile	result		matrix element	11		sample thickness	1.000000		air passage	0.560000	cm	comments	not in position		peaking_time	3.000000	m-sec	trigger_threshold	1229.166667	V	mca_bin_width	22.090000	no:	number_mca_channels	1024.000000	no:	gap_time	0.400000	m-sec	trigger_peaking_time	0.150000	m-sec	GAINDAC	9455		HIGHGAIN	1		TAURC	0		RCTAU	53		RCTAUFRAC	32768		livetime	9.639253	seconds	runtime	10.000502	seconds	input_count_rate	32.762083	cps	output_count_rate	24.112890	cps	triggers	315802	seconds	events_in_run	241141	seconds	channel	content		1.000	0.000
2.000	0.000
3.000	0.000
4.000	0.000
5.000	0.000
6.000	0.000
7.000	0.000
8.000	0.000
9.000	0.000
10.000	0.000
11.000	0.000
12.000	0.000
13.000	0.000
14.000	0.000
15.000	0.000
16.000	0.000
17.000	0.000
18.000	0.000
19.000	0.000
20.000	0.000
21.000	0.000
22.000	0.000
23.000	0.000
24.000	0.000
25.000	0.000
26.000	0.000
27.000	0.000
28.000	0.000
29.000	0.000
30.000	0.000
31.000	0.000
32.000	0.000
33.000	0.000
34.000	2.000
35.000	1.000
36.000	0.000
37.000	0.000
38.000	3.000
39.000	3.000
40.000	3.000
41.000	5.000
42.000	5.000
43.000	5.000
44.000	2.000
45.000	4.000
46.000	6.000
47.000	6.000
48.000	6.000
49.000	7.000
50.000	14.000
51.000	8.000
52.000	8.000
53.000	16.000
54.000	13.000
55.000	14.000
56.000	10.000
57.000	18.000
58.000	8.000
59.000	13.000
60.000	11.000
61.000	5.000
62.000	11.000
63.000	9.000
64.000	15.000
65.000	6.000
66.000	16.000
67.000	15.000
68.000	8.000
69.000	13.000
70.000	6.000
71.000	9.000
72.000	10.000
73.000	11.000
74.000	8.000
75.000	15.000
76.000	16.000
77.000	6.000
78.000	9.000
79.000	10.000
80.000	10.000
81.000	3.000
82.000	10.000
83.000	9.000
84.000	8.000
85.000	12.000
86.000	8.000
87.000	10.000
88.000	12.000
89.000	12.000
90.000	8.000
91.000	7.000
92.000	9.000
93.000	6.000
94.000	5.000
95.000	5.000
96.000	13.000
97.000	14.000
98.000	4.000
99.000	6.000
100.000	8.000
101.000	15.000
102.000	9.000
103.000	15.000
104.000	9.000
105.000	7.000
106.000	11.000
107.000	4.000
108.000	8.000
109.000	10.000
110.000	4.000
111.000	2.000
112.000	5.000
113.000	4.000
114.000	11.000
115.000	5.000
116.000	8.000
117.000	6.000
118.000	8.000
119.000	6.000
120.000	7.000
121.000	6.000
122.000	11.000
123.000	6.000
124.000	5.000
125.000	9.000
126.000	9.000
127.000	7.000
128.000	8.000
129.000	8.000
130.000	5.000
131.000	7.000
132.000	7.000
133.000	10.000
134.000	9.000
135.000	3.000
136.000	7.000
137.000	6.000
138.000	6.000
139.000	5.000
140.000	5.000
141.000	3.000
142.000	2.000
143.000	3.000
144.000	7.000
145.000	7.000
146.000	3.000
147.000	2.000
148.000	6.000
149.000	8.000
150.000	6.000
151.000	4.000
152.000	3.000
153.000	3.000
154.000	4.000
155.000	1.000
156.000	3.000
157.000	3.000
158.000	6.000
159.000	5.000
160.000	8.000
161.000	9.000
162.000	6.000
163.000	7.000
164.000	8.000
165.000	8.000
166.000	5.000
167.000	4.000
168.000	3.000
169.000	5.000
170.000	4.000
171.000	7.000
172.000	3.000
173.000	3.000
174.000	7.000
175.000	8.000
176.000	2.000
177.000	9.000
178.000	7.000
179.000	4.000
180.000	13.000
181.000	11.000
182.000	10.000
183.000	12.000
184.000	11.000
185.000	4.000
186.000	8.000
187.000	12.000
188.000	5.000
189.000	4.000
190.000	4.000
191.000	4.000
192.000	4.000
193.000	3.000
194.000	2.000
195.000	6.000
196.000	6.000
197.000	9.000
198.000	12.000
199.000	11.000
200.000	17.000
201.000	25.000
202.000	30.000
203.000	29.000
204.000	35.000
205.000	23.000
206.000	12.000
207.000	12.000
208.000	7.000
209.000	5.000
210.000	8.000
211.000	3.000
212.000	4.000
213.000	4.000
214.000	1.000
215.000	5.000
216.000	3.000
217.000	6.000
218.000	3.000
219.000	3.000
220.000	8.000
221.000	6.000
222.000	4.000
223.000	5.000
224.000	5.000
225.000	5.000
226.000	3.000
227.000	8.000
228.000	2.000
229.000	5.000
230.000	4.000
231.000	7.000
232.000	6.000
233.000	6.000
234.000	3.000
235.000	3.000
236.000	5.000
237.000	7.000
238.000	4.000
239.000	3.000
240.000	3.000
241.000	8.000
242.000	5.000
243.000	6.000
244.000	4.000
245.000	11.000
246.000	10.000
247.000	15.000
248.000	8.000
249.000	15.000
250.000	12.000
251.000	11.000
252.000	4.000
253.000	10.000
254.000	5.000
255.000	8.000
256.000	5.000
257.000	5.000
258.000	1.000
259.000	6.000
260.000	5.000
261.000	2.000
262.000	2.000
263.000	2.000
264.000	7.000
265.000	3.000
266.000	6.000
267.000	10.000
268.000	2.000
269.000	7.000
270.000	7.000
271.000	7.000
272.000	5.000
273.000	5.000
274.000	5.000
275.000	7.000
276.000	7.000
277.000	4.000
278.000	4.000
279.000	5.000
280.000	4.000
281.000	4.000
282.000	3.000
283.000	5.000
284.000	5.000
285.000	7.000
286.000	7.000
287.000	4.000
288.000	6.000
289.000	12.000
290.000	10.000
291.000	3.000
292.000	7.000
293.000	9.000
294.000	6.000
295.000	7.000
296.000	12.000
297.000	8.000
298.000	3.000
299.000	9.000
300.000	4.000
301.000	6.000
302.000	12.000
303.000	6.000
304.000	11.000
305.000	4.000
306.000	11.000
307.000	10.000
308.000	6.000
309.000	6.000
310.000	4.000
311.000	9.000
312.000	6.000
313.000	13.000
314.000	8.000
315.000	11.000
316.000	16.000
317.000	15.000
318.000	27.000
319.000	33.000
320.000	47.000
321.000	54.000
322.000	49.000
323.000	50.000
324.000	48.000
325.000	47.000
326.000	42.000
327.000	38.000
328.000	30.000
329.000	23.000
330.000	20.000
331.000	16.000
332.000	13.000
333.000	5.000
334.000	11.000
335.000	11.000
336.000	9.000
337.000	18.000
338.000	21.000
339.000	20.000
340.000	19.000
341.000	35.000
342.000	54.000
343.000	72.000
344.000	134.000
345.000	184.000
346.000	283.000
347.000	398.000
348.000	540.000
349.000	558.000
350.000	645.000
351.000	678.000
352.000	617.000
353.000	545.000
354.000	454.000
355.000	317.000
356.000	233.000
357.000	126.000
358.000	80.000
359.000	65.000
360.000	41.000
361.000	30.000
362.000	22.000
363.000	26.000
364.000	22.000
365.000	14.000
366.000	20.000
367.000	15.000
368.000	19.000
369.000	16.000
370.000	18.000
371.000	27.000
372.000	19.000
373.000	18.000
374.000	9.000
375.000	18.000
376.000	27.000
377.000	19.000
378.000	26.000
379.000	32.000
380.000	45.000
381.000	56.000
382.000	79.000
383.000	95.000
384.000	121.000
385.000	107.000
386.000	140.000
387.000	135.000
388.000	120.000
389.000	100.000
390.000	76.000
391.000	87.000
392.000	50.000
393.000	45.000
394.000	34.000
395.000	34.000
396.000	20.000
397.000	25.000
398.000	18.000
399.000	24.000
400.000	24.000
401.000	30.000
402.000	20.000
403.000	28.000
404.000	26.000
405.000	28.000
406.000	25.000
407.000	27.000
408.000	29.000
409.000	40.000
410.000	25.000
411.000	33.000
412.000	28.000
413.000	26.000
414.000	39.000
415.000	28.000
416.000	28.000
417.000	18.000
418.000	30.000
419.000	26.000
420.000	32.000
421.000	34.000
422.000	31.000
423.000	31.000
424.000	33.000
425.000	27.000
426.000	31.000
427.000	31.000
428.000	30.000
429.000	28.000
430.000	35.000
431.000	28.000
432.000	29.000
433.000	43.000
434.000	31.000
435.000	37.000
436.000	33.000
437.000	52.000
438.000	49.000
439.000	44.000
440.000	45.000
441.000	34.000
442.000	45.000
443.000	42.000
444.000	34.000
445.000	42.000
446.000	44.000
447.000	47.000
448.000	46.000
449.000	37.000
450.000	42.000
451.000	55.000
452.000	52.000
453.000	44.000
454.000	50.000
455.000	46.000
456.000	66.000
457.000	57.000
458.000	45.000
459.000	54.000
460.000	51.000
461.000	43.000
462.000	53.000
463.000	62.000
464.000	59.000
465.000	47.000
466.000	46.000
467.000	59.000
468.000	58.000
469.000	55.000
470.000	54.000
471.000	50.000
472.000	54.000
473.000	58.000
474.000	66.000
475.000	62.000
476.000	58.000
477.000	52.000
478.000	40.000
479.000	55.000
480.000	61.000
481.000	65.000
482.000	68.000
483.000	40.000
484.000	68.000
485.000	51.000
486.000	60.000
487.000	69.000
488.000	66.000
489.000	64.000
490.000	70.000
491.000	79.000
492.000	67.000
493.000	62.000
494.000	69.000
495.000	59.000
496.000	72.000
497.000	62.000
498.000	74.000
499.000	67.000
500.000	74.000
501.000	69.000
502.000	73.000
503.000	83.000
504.000	71.000
505.000	71.000
506.000	84.000
507.000	85.000
508.000	90.000
509.000	65.000
510.000	74.000
511.000	88.000
512.000	73.000
513.000	78.000
514.000	82.000
515.000	71.000
516.000	81.000
517.000	84.000
518.000	80.000
519.000	81.000
520.000	92.000
521.000	70.000
522.000	91.000
523.000	86.000
524.000	90.000
525.000	110.000
526.000	109.000
527.000	106.000
528.000	84.000
529.000	96.000
530.000	99.000
531.000	89.000
532.000	91.000
533.000	97.000
534.000	94.000
535.000	88.000
536.000	99.000
537.000	90.000
538.000	109.000
539.000	100.000
540.000	97.000
541.000	93.000
542.000	116.000
543.000	116.000
544.000	90.000
545.000	105.000
546.000	99.000
547.000	114.000
548.000	113.000
549.000	97.000
550.000	100.000
551.000	113.000
552.000	132.000
553.000	119.000
554.000	94.000
555.000	114.000
556.000	99.000
557.000	120.000
558.000	106.000
559.000	103.000
560.000	138.000
561.000	138.000
562.000	102.000
563.000	116.000
564.000	115.000
565.000	113.000
566.000	133.000
567.000	135.000
568.000	108.000
569.000	145.000
570.000	126.000
571.000	142.000
572.000	105.000
573.000	113.000
574.000	144.000
575.000	148.000
576.000	151.000
577.000	126.000
578.000	137.000
579.000	113.000
580.000	149.000
581.000	161.000
582.000	149.000
583.000	146.000
584.000	127.000
585.000	159.000
586.000	149.000
587.000	119.000
588.000	135.000
589.000	133.000
590.000	147.000
591.000	148.000
592.000	149.000
593.000	138.000
594.000	152.000
595.000	140.000
596.000	144.000
597.000	164.000
598.000	161.000
599.000	153.000
600.000	166.000
601.000	177.000
602.000	160.000
603.000	171.000
604.000	152.000
605.000	147.000
606.000	162.000
607.000	152.000
608.000	147.000
609.000	180.000
610.000	187.000
611.000	170.000
612.000	152.000
613.000	159.000
614.000	158.000
615.000	177.000
616.000	139.000
617.000	170.000
618.000	165.000
619.000	181.000
620.000	189.000
621.000	194.000
622.000	175.000
623.000	180.000
624.000	204.000
625.000	188.000
626.000	158.000
627.000	202.000
628.000	181.000
629.000	175.000
630.000	147.000
631.000	194.000
632.000	191.000
633.000	175.000
634.000	184.000
635.000	180.000
636.000	187.000
637.000	173.000
638.000	178.000
639.000	182.000
640.000	193.000
641.000	196.000
642.000	187.000
643.000	196.000
644.000	188.000
645.000	172.000
646.000	212.000
647.000	206.000
648.000	193.000
649.000	250.000
650.000	223.000
651.000	234.000
652.000	226.000
653.000	219.000
654.000	193.000
655.000	207.000
656.000	223.000
657.000	204.000
658.000	196.000
659.000	191.000
660.000	221.000
661.000	221.000
662.000	223.000
663.000	216.000
664.000	215.000
665.000	213.000
666.000	210.000
667.000	218.000
668.000	221.000
669.000	231.000
670.000	244.000
671.000	187.000
672.000	201.000
673.000	240.000
674.000	198.000
675.000	210.000
676.000	217.000
677.000	251.000
678.000	221.000
679.000	222.000
680.000	223.000
681.000	212.000
682.000	224.000
683.000	221.000
684.000	207.000
685.000	241.000
686.000	217.000
687.000	235.000
688.000	233.000
689.000	191.000
690.000	211.000
691.000	225.000
692.000	252.000
693.000	232.000
694.000	211.000
695.000	249.000
696.000	233.000
697.000	259.000
698.000	248.000
699.000	245.000
700.000	263.000
701.000	228.000
702.000	257.000
703.000	255.000
704.000	259.000
705.000	272.000
706.000	258.000
707.000	298.000
708.000	223.000
709.000	256.000
710.000	256.000
711.000	252.000
712.000	252.000
713.000	259.000
714.000	270.000
715.000	264.000
716.000	260.000
717.000	274.000
718.000	285.000
719.000	262.000
720.000	246.000
721.000	243.000
722.000	304.000
723.000	266.000
724.000	256.000
725.000	282.000
726.000	269.000
727.000	293.000
728.000	286.000
729.000	259.000
730.000	271.000
731.000	261.000
732.000	277.000
733.000	250.000
734.000	268.000
735.000	282.000
736.000	248.000
737.000	256.000
738.000	261.000
739.000	246.000
740.000	296.000
741.000	288.000
742.000	261.000
743.000	282.000
744.000	290.000
745.000	284.000
746.000	296.000
747.000	244.000
748.000	259.000
749.000	275.000
750.000	300.000
751.000	261.000
752.000	304.000
753.000	285.000
754.000	297.000
755.000	312.000
756.000	287.000
757.000	279.000
758.000	283.000
759.000	311.000
760.000	302.000
761.000	265.000
762.000	278.000
763.000	307.000
764.000	323.000
765.000	296.000
766.000	314.000
767.000	293.000
768.000	306.000
769.000	297.000
770.000	355.000
771.000	327.000
772.000	322.000
773.000	317.000
774.000	321.000
775.000	316.000
776.000	331.000
777.000	323.000
778.000	322.000
779.000	290.000
780.000	302.000
781.000	341.000
782.000	321.000
783.000	334.000
784.000	300.000
785.000	319.000
786.000	311.000
787.000	315.000
788.000	284.000
789.000	323.000
790.000	303.000
791.000	345.000
792.000	313.000
793.000	283.000
794.000	298.000
795.000	323.000
796.000	314.000
797.000	332.000
798.000	295.000
799.000	330.000
800.000	305.000
801.000	296.000
802.000	270.000
803.000	316.000
804.000	337.000
805.000	322.000
806.000	373.000
807.000	352.000
808.000	301.000
809.000	323.000
810.000	341.000
811.000	308.000
812.000	308.000
813.000	311.000
814.000	339.000
815.000	328.000
816.000	371.000
817.000	328.000
818.000	317.000
819.000	354.000
820.000	331.000
821.000	346.000
822.000	325.000
823.000	350.000
824.000	323.000
825.000	332.000
826.000	366.000
827.000	330.000
828.000	333.000
829.000	323.000
830.000	335.000
831.000	330.000
832.000	342.000
833.000	331.000
834.000	328.000
835.000	360.000
836.000	345.000
837.000	308.000
838.000	351.000
839.000	370.000
840.000	344.000
841.000	376.000
842.000	320.000
843.000	340.000
844.000	385.000
845.000	366.000
846.000	354.000
847.000	342.000
848.000	382.000
849.000	388.000
850.000	388.000
851.000	337.000
852.000	426.000
853.000	396.000
854.000	403.000
855.000	385.000
856.000	403.000
857.000	421.000
858.000	420.000
859.000	411.000
860.000	453.000
861.000	413.000
862.000	434.000
863.000	422.000
864.000	453.000
865.000	430.000
866.000	447.000
867.000	458.000
868.000	471.000
869.000	491.000
870.000	495.000
871.000	486.000
872.000	470.000
873.000	533.000
874.000	560.000
875.000	559.000
876.000	592.000
877.000	575.000
878.000	628.000
879.000	729.000
880.000	741.000
881.000	750.000
882.000	815.000
883.000	822.000
884.000	910.000
885.000	905.000
886.000	960.000
887.000	1028.000
888.000	1127.000
889.000	1203.000
890.000	1215.000
891.000	1350.000
892.000	1316.000
893.000	1351.000
894.000	1435.000
895.000	1477.000
896.000	1552.000
897.000	1630.000
898.000	1585.000
899.000	1634.000
900.000	1703.000
901.000	1631.000
902.000	1650.000
903.000	1681.000
904.000	1606.000
905.000	1613.000
906.000	1572.000
907.000	1488.000
908.000	1393.000
909.000	1446.000
910.000	1265.000
911.000	1259.000
912.000	1209.000
913.000	1050.000
914.000	1077.000
915.000	961.000
916.000	947.000
917.000	857.000
918.000	822.000
919.000	769.000
920.000	756.000
921.000	682.000
922.000	627.000
923.000	575.000
924.000	539.000
925.000	593.000
926.000	497.000
927.000	519.000
928.000	481.000
929.000	431.000
930.000	408.000
931.000	418.000
932.000	440.000
933.000	400.000
934.000	418.000
935.000	433.000
936.000	407.000
937.000	389.000
938.000	413.000
939.000	395.000
940.000	397.000
941.000	484.000
942.000	449.000
943.000	487.000
944.000	504.000
945.000	543.000
946.000	586.000
947.000	640.000
948.000	728.000
949.000	830.000
950.000	805.000
951.000	856.000
952.000	820.000
953.000	879.000
954.000	850.000
955.000	834.000
956.000	844.000
957.000	764.000
958.000	692.000
959.000	618.000
960.000	580.000
961.000	573.000
962.000	466.000
963.000	454.000
964.000	375.000
965.000	378.000
966.000	382.000
967.000	351.000
968.000	361.000
969.000	339.000
970.000	322.000
971.000	319.000
972.000	313.000
973.000	294.000
974.000	325.000
975.000	313.000
976.000	324.000
977.000	317.000
978.000	324.000
979.000	289.000
980.000	327.000
981.000	350.000
982.000	332.000
983.000	358.000
984.000	340.000
985.000	338.000
986.000	348.000
987.000	346.000
988.000	362.000
989.000	384.000
990.000	420.000
991.000	412.000
992.000	415.000
993.000	406.000
994.000	400.000
995.000	463.000
996.000	464.000
997.000	487.000
998.000	463.000
999.000	480.000
1000.000	459.000
1001.000	488.000
1002.000	474.000
1003.000	497.000
1004.000	476.000
1005.000	524.000
1006.000	544.000
1007.000	459.000
1008.000	472.000
1009.000	470.000
1010.000	430.000
1011.000	443.000
1012.000	425.000
1013.000	437.000
1014.000	413.000
1015.000	411.000
1016.000	365.000
1017.000	376.000
1018.000	359.000
1019.000	337.000
1020.000	341.000
1021.000	323.000
1022.000	306.000
1023.000	288.000
1024.000	287.000
