Date:	8/19/2008		Time:	8:54 AM		Version no:	0.00		Project name:	55		Sample name:	222		Section name:	section		Position	202.044995	mm	E0	0.000000	keV	E1	1.000000	keV/channel	sample surface	7.631871	cm	Tube anode:	Mo		Tube voltage:	30	kV	Tube current:	50	mA	gain	20		std. database			resultfile	result		matrix element	11		sample thickness	1.000000		air passage	0.560000	cm	comments	not in position		peaking_time	3.000000	m-sec	trigger_threshold	1229.166667	V	mca_bin_width	22.090000	no:	number_mca_channels	1024.000000	no:	gap_time	0.400000	m-sec	trigger_peaking_time	0.150000	m-sec	GAINDAC	9455		HIGHGAIN	1		TAURC	0		RCTAU	53		RCTAUFRAC	32768		livetime	9.666580	seconds	runtime	10.000502	seconds	input_count_rate	31.362281	cps	output_count_rate	23.340529	cps	triggers	303166	seconds	events_in_run	233417	seconds	channel	content		1.000	0.000
2.000	0.000
3.000	0.000
4.000	0.000
5.000	0.000
6.000	0.000
7.000	0.000
8.000	0.000
9.000	0.000
10.000	0.000
11.000	0.000
12.000	0.000
13.000	0.000
14.000	0.000
15.000	0.000
16.000	0.000
17.000	0.000
18.000	0.000
19.000	0.000
20.000	0.000
21.000	0.000
22.000	0.000
23.000	0.000
24.000	0.000
25.000	0.000
26.000	0.000
27.000	0.000
28.000	0.000
29.000	0.000
30.000	0.000
31.000	1.000
32.000	0.000
33.000	0.000
34.000	1.000
35.000	2.000
36.000	0.000
37.000	2.000
38.000	0.000
39.000	0.000
40.000	2.000
41.000	2.000
42.000	1.000
43.000	6.000
44.000	2.000
45.000	1.000
46.000	9.000
47.000	5.000
48.000	8.000
49.000	5.000
50.000	5.000
51.000	7.000
52.000	10.000
53.000	12.000
54.000	8.000
55.000	11.000
56.000	14.000
57.000	12.000
58.000	12.000
59.000	9.000
60.000	14.000
61.000	16.000
62.000	8.000
63.000	8.000
64.000	4.000
65.000	12.000
66.000	9.000
67.000	18.000
68.000	12.000
69.000	7.000
70.000	16.000
71.000	9.000
72.000	11.000
73.000	8.000
74.000	11.000
75.000	8.000
76.000	10.000
77.000	13.000
78.000	5.000
79.000	2.000
80.000	6.000
81.000	9.000
82.000	12.000
83.000	9.000
84.000	11.000
85.000	7.000
86.000	7.000
87.000	14.000
88.000	7.000
89.000	8.000
90.000	9.000
91.000	4.000
92.000	14.000
93.000	6.000
94.000	9.000
95.000	12.000
96.000	17.000
97.000	8.000
98.000	10.000
99.000	13.000
100.000	6.000
101.000	4.000
102.000	7.000
103.000	10.000
104.000	3.000
105.000	9.000
106.000	9.000
107.000	8.000
108.000	6.000
109.000	9.000
110.000	6.000
111.000	9.000
112.000	7.000
113.000	9.000
114.000	3.000
115.000	5.000
116.000	7.000
117.000	7.000
118.000	7.000
119.000	10.000
120.000	7.000
121.000	5.000
122.000	3.000
123.000	6.000
124.000	7.000
125.000	6.000
126.000	10.000
127.000	6.000
128.000	12.000
129.000	10.000
130.000	9.000
131.000	10.000
132.000	13.000
133.000	6.000
134.000	5.000
135.000	4.000
136.000	10.000
137.000	6.000
138.000	10.000
139.000	8.000
140.000	3.000
141.000	9.000
142.000	7.000
143.000	8.000
144.000	1.000
145.000	3.000
146.000	4.000
147.000	4.000
148.000	4.000
149.000	5.000
150.000	3.000
151.000	9.000
152.000	6.000
153.000	3.000
154.000	7.000
155.000	9.000
156.000	7.000
157.000	3.000
158.000	10.000
159.000	7.000
160.000	10.000
161.000	9.000
162.000	13.000
163.000	12.000
164.000	9.000
165.000	6.000
166.000	11.000
167.000	1.000
168.000	2.000
169.000	8.000
170.000	5.000
171.000	1.000
172.000	4.000
173.000	3.000
174.000	5.000
175.000	4.000
176.000	4.000
177.000	6.000
178.000	9.000
179.000	5.000
180.000	4.000
181.000	14.000
182.000	6.000
183.000	6.000
184.000	9.000
185.000	6.000
186.000	7.000
187.000	4.000
188.000	1.000
189.000	1.000
190.000	5.000
191.000	2.000
192.000	1.000
193.000	5.000
194.000	2.000
195.000	3.000
196.000	10.000
197.000	4.000
198.000	8.000
199.000	16.000
200.000	15.000
201.000	25.000
202.000	22.000
203.000	30.000
204.000	16.000
205.000	21.000
206.000	15.000
207.000	20.000
208.000	9.000
209.000	5.000
210.000	2.000
211.000	2.000
212.000	5.000
213.000	2.000
214.000	2.000
215.000	5.000
216.000	2.000
217.000	5.000
218.000	10.000
219.000	12.000
220.000	9.000
221.000	8.000
222.000	9.000
223.000	5.000
224.000	5.000
225.000	5.000
226.000	6.000
227.000	4.000
228.000	6.000
229.000	3.000
230.000	7.000
231.000	3.000
232.000	7.000
233.000	1.000
234.000	3.000
235.000	6.000
236.000	3.000
237.000	4.000
238.000	1.000
239.000	4.000
240.000	6.000
241.000	9.000
242.000	3.000
243.000	12.000
244.000	8.000
245.000	6.000
246.000	11.000
247.000	12.000
248.000	10.000
249.000	11.000
250.000	11.000
251.000	11.000
252.000	8.000
253.000	8.000
254.000	6.000
255.000	12.000
256.000	4.000
257.000	7.000
258.000	6.000
259.000	5.000
260.000	10.000
261.000	2.000
262.000	3.000
263.000	4.000
264.000	4.000
265.000	2.000
266.000	5.000
267.000	3.000
268.000	10.000
269.000	4.000
270.000	7.000
271.000	8.000
272.000	7.000
273.000	9.000
274.000	5.000
275.000	7.000
276.000	3.000
277.000	6.000
278.000	2.000
279.000	5.000
280.000	3.000
281.000	4.000
282.000	3.000
283.000	6.000
284.000	8.000
285.000	6.000
286.000	5.000
287.000	7.000
288.000	10.000
289.000	4.000
290.000	9.000
291.000	10.000
292.000	6.000
293.000	10.000
294.000	6.000
295.000	12.000
296.000	11.000
297.000	10.000
298.000	11.000
299.000	12.000
300.000	11.000
301.000	9.000
302.000	6.000
303.000	9.000
304.000	9.000
305.000	5.000
306.000	14.000
307.000	5.000
308.000	6.000
309.000	12.000
310.000	9.000
311.000	8.000
312.000	6.000
313.000	10.000
314.000	3.000
315.000	17.000
316.000	13.000
317.000	25.000
318.000	22.000
319.000	27.000
320.000	44.000
321.000	57.000
322.000	68.000
323.000	57.000
324.000	56.000
325.000	47.000
326.000	54.000
327.000	28.000
328.000	36.000
329.000	12.000
330.000	15.000
331.000	14.000
332.000	14.000
333.000	18.000
334.000	12.000
335.000	11.000
336.000	18.000
337.000	20.000
338.000	18.000
339.000	23.000
340.000	30.000
341.000	23.000
342.000	53.000
343.000	81.000
344.000	158.000
345.000	251.000
346.000	401.000
347.000	492.000
348.000	661.000
349.000	748.000
350.000	834.000
351.000	821.000
352.000	779.000
353.000	595.000
354.000	583.000
355.000	362.000
356.000	257.000
357.000	167.000
358.000	114.000
359.000	75.000
360.000	45.000
361.000	23.000
362.000	28.000
363.000	17.000
364.000	30.000
365.000	21.000
366.000	18.000
367.000	16.000
368.000	12.000
369.000	14.000
370.000	19.000
371.000	33.000
372.000	19.000
373.000	23.000
374.000	18.000
375.000	26.000
376.000	22.000
377.000	27.000
378.000	39.000
379.000	43.000
380.000	53.000
381.000	70.000
382.000	85.000
383.000	116.000
384.000	143.000
385.000	169.000
386.000	171.000
387.000	131.000
388.000	140.000
389.000	129.000
390.000	106.000
391.000	87.000
392.000	66.000
393.000	52.000
394.000	43.000
395.000	31.000
396.000	39.000
397.000	29.000
398.000	26.000
399.000	24.000
400.000	28.000
401.000	28.000
402.000	24.000
403.000	20.000
404.000	29.000
405.000	35.000
406.000	24.000
407.000	20.000
408.000	26.000
409.000	27.000
410.000	26.000
411.000	32.000
412.000	33.000
413.000	22.000
414.000	34.000
415.000	36.000
416.000	43.000
417.000	34.000
418.000	26.000
419.000	39.000
420.000	33.000
421.000	39.000
422.000	31.000
423.000	38.000
424.000	29.000
425.000	31.000
426.000	27.000
427.000	33.000
428.000	40.000
429.000	43.000
430.000	38.000
431.000	33.000
432.000	23.000
433.000	45.000
434.000	37.000
435.000	31.000
436.000	33.000
437.000	45.000
438.000	32.000
439.000	44.000
440.000	57.000
441.000	48.000
442.000	51.000
443.000	55.000
444.000	38.000
445.000	57.000
446.000	43.000
447.000	45.000
448.000	40.000
449.000	34.000
450.000	51.000
451.000	50.000
452.000	46.000
453.000	43.000
454.000	48.000
455.000	67.000
456.000	43.000
457.000	48.000
458.000	53.000
459.000	50.000
460.000	71.000
461.000	54.000
462.000	41.000
463.000	59.000
464.000	34.000
465.000	53.000
466.000	52.000
467.000	63.000
468.000	52.000
469.000	49.000
470.000	64.000
471.000	60.000
472.000	73.000
473.000	62.000
474.000	71.000
475.000	49.000
476.000	65.000
477.000	58.000
478.000	67.000
479.000	55.000
480.000	47.000
481.000	47.000
482.000	71.000
483.000	61.000
484.000	60.000
485.000	61.000
486.000	61.000
487.000	67.000
488.000	56.000
489.000	61.000
490.000	53.000
491.000	77.000
492.000	57.000
493.000	75.000
494.000	63.000
495.000	80.000
496.000	62.000
497.000	70.000
498.000	68.000
499.000	66.000
500.000	67.000
501.000	74.000
502.000	69.000
503.000	67.000
504.000	70.000
505.000	66.000
506.000	90.000
507.000	106.000
508.000	89.000
509.000	78.000
510.000	71.000
511.000	75.000
512.000	93.000
513.000	105.000
514.000	87.000
515.000	89.000
516.000	94.000
517.000	83.000
518.000	88.000
519.000	96.000
520.000	78.000
521.000	90.000
522.000	85.000
523.000	74.000
524.000	100.000
525.000	96.000
526.000	98.000
527.000	95.000
528.000	78.000
529.000	98.000
530.000	116.000
531.000	93.000
532.000	84.000
533.000	107.000
534.000	98.000
535.000	109.000
536.000	110.000
537.000	100.000
538.000	107.000
539.000	81.000
540.000	100.000
541.000	108.000
542.000	99.000
543.000	104.000
544.000	100.000
545.000	101.000
546.000	133.000
547.000	104.000
548.000	122.000
549.000	102.000
550.000	85.000
551.000	119.000
552.000	95.000
553.000	105.000
554.000	110.000
555.000	120.000
556.000	97.000
557.000	120.000
558.000	106.000
559.000	129.000
560.000	106.000
561.000	141.000
562.000	115.000
563.000	101.000
564.000	138.000
565.000	119.000
566.000	111.000
567.000	118.000
568.000	145.000
569.000	130.000
570.000	116.000
571.000	135.000
572.000	102.000
573.000	117.000
574.000	121.000
575.000	132.000
576.000	136.000
577.000	139.000
578.000	146.000
579.000	146.000
580.000	147.000
581.000	136.000
582.000	155.000
583.000	149.000
584.000	130.000
585.000	146.000
586.000	145.000
587.000	124.000
588.000	140.000
589.000	151.000
590.000	137.000
591.000	129.000
592.000	121.000
593.000	154.000
594.000	150.000
595.000	135.000
596.000	149.000
597.000	148.000
598.000	151.000
599.000	144.000
600.000	164.000
601.000	120.000
602.000	150.000
603.000	165.000
604.000	157.000
605.000	159.000
606.000	155.000
607.000	155.000
608.000	147.000
609.000	172.000
610.000	149.000
611.000	159.000
612.000	171.000
613.000	177.000
614.000	183.000
615.000	153.000
616.000	165.000
617.000	140.000
618.000	189.000
619.000	176.000
620.000	153.000
621.000	166.000
622.000	166.000
623.000	170.000
624.000	181.000
625.000	192.000
626.000	185.000
627.000	177.000
628.000	165.000
629.000	198.000
630.000	174.000
631.000	170.000
632.000	186.000
633.000	171.000
634.000	201.000
635.000	173.000
636.000	204.000
637.000	181.000
638.000	183.000
639.000	183.000
640.000	192.000
641.000	209.000
642.000	207.000
643.000	178.000
644.000	176.000
645.000	198.000
646.000	179.000
647.000	204.000
648.000	217.000
649.000	198.000
650.000	195.000
651.000	239.000
652.000	185.000
653.000	212.000
654.000	211.000
655.000	197.000
656.000	229.000
657.000	185.000
658.000	220.000
659.000	215.000
660.000	204.000
661.000	211.000
662.000	205.000
663.000	214.000
664.000	227.000
665.000	211.000
666.000	213.000
667.000	197.000
668.000	205.000
669.000	209.000
670.000	212.000
671.000	209.000
672.000	216.000
673.000	216.000
674.000	211.000
675.000	209.000
676.000	226.000
677.000	224.000
678.000	218.000
679.000	225.000
680.000	224.000
681.000	196.000
682.000	215.000
683.000	236.000
684.000	268.000
685.000	217.000
686.000	206.000
687.000	241.000
688.000	244.000
689.000	187.000
690.000	230.000
691.000	237.000
692.000	215.000
693.000	232.000
694.000	246.000
695.000	240.000
696.000	214.000
697.000	237.000
698.000	256.000
699.000	218.000
700.000	249.000
701.000	242.000
702.000	248.000
703.000	243.000
704.000	249.000
705.000	252.000
706.000	231.000
707.000	244.000
708.000	244.000
709.000	260.000
710.000	221.000
711.000	230.000
712.000	294.000
713.000	237.000
714.000	236.000
715.000	248.000
716.000	245.000
717.000	254.000
718.000	247.000
719.000	267.000
720.000	262.000
721.000	233.000
722.000	274.000
723.000	270.000
724.000	265.000
725.000	250.000
726.000	256.000
727.000	251.000
728.000	293.000
729.000	254.000
730.000	251.000
731.000	287.000
732.000	275.000
733.000	280.000
734.000	250.000
735.000	271.000
736.000	271.000
737.000	224.000
738.000	243.000
739.000	245.000
740.000	264.000
741.000	269.000
742.000	273.000
743.000	282.000
744.000	261.000
745.000	264.000
746.000	266.000
747.000	267.000
748.000	315.000
749.000	257.000
750.000	266.000
751.000	270.000
752.000	280.000
753.000	287.000
754.000	285.000
755.000	266.000
756.000	280.000
757.000	261.000
758.000	262.000
759.000	261.000
760.000	257.000
761.000	272.000
762.000	314.000
763.000	281.000
764.000	270.000
765.000	309.000
766.000	271.000
767.000	287.000
768.000	271.000
769.000	311.000
770.000	303.000
771.000	283.000
772.000	297.000
773.000	301.000
774.000	304.000
775.000	305.000
776.000	274.000
777.000	311.000
778.000	278.000
779.000	275.000
780.000	299.000
781.000	295.000
782.000	311.000
783.000	277.000
784.000	279.000
785.000	278.000
786.000	274.000
787.000	292.000
788.000	282.000
789.000	321.000
790.000	299.000
791.000	249.000
792.000	301.000
793.000	285.000
794.000	325.000
795.000	292.000
796.000	307.000
797.000	311.000
798.000	282.000
799.000	291.000
800.000	318.000
801.000	274.000
802.000	318.000
803.000	305.000
804.000	338.000
805.000	303.000
806.000	309.000
807.000	328.000
808.000	311.000
809.000	316.000
810.000	323.000
811.000	355.000
812.000	327.000
813.000	318.000
814.000	317.000
815.000	310.000
816.000	332.000
817.000	319.000
818.000	321.000
819.000	329.000
820.000	318.000
821.000	303.000
822.000	309.000
823.000	322.000
824.000	291.000
825.000	296.000
826.000	317.000
827.000	305.000
828.000	308.000
829.000	296.000
830.000	331.000
831.000	295.000
832.000	360.000
833.000	306.000
834.000	340.000
835.000	353.000
836.000	313.000
837.000	336.000
838.000	341.000
839.000	305.000
840.000	308.000
841.000	347.000
842.000	355.000
843.000	327.000
844.000	317.000
845.000	360.000
846.000	368.000
847.000	358.000
848.000	368.000
849.000	348.000
850.000	369.000
851.000	359.000
852.000	338.000
853.000	376.000
854.000	380.000
855.000	364.000
856.000	372.000
857.000	394.000
858.000	352.000
859.000	393.000
860.000	352.000
861.000	395.000
862.000	410.000
863.000	393.000
864.000	426.000
865.000	411.000
866.000	426.000
867.000	426.000
868.000	479.000
869.000	445.000
870.000	490.000
871.000	521.000
872.000	490.000
873.000	467.000
874.000	540.000
875.000	529.000
876.000	531.000
877.000	608.000
878.000	620.000
879.000	661.000
880.000	656.000
881.000	723.000
882.000	744.000
883.000	836.000
884.000	877.000
885.000	907.000
886.000	958.000
887.000	1015.000
888.000	1042.000
889.000	1062.000
890.000	1250.000
891.000	1240.000
892.000	1385.000
893.000	1406.000
894.000	1409.000
895.000	1426.000
896.000	1593.000
897.000	1552.000
898.000	1612.000
899.000	1566.000
900.000	1619.000
901.000	1498.000
902.000	1554.000
903.000	1575.000
904.000	1567.000
905.000	1435.000
906.000	1483.000
907.000	1372.000
908.000	1334.000
909.000	1288.000
910.000	1177.000
911.000	1198.000
912.000	1111.000
913.000	1057.000
914.000	958.000
915.000	886.000
916.000	834.000
917.000	803.000
918.000	792.000
919.000	727.000
920.000	642.000
921.000	684.000
922.000	607.000
923.000	604.000
924.000	538.000
925.000	582.000
926.000	502.000
927.000	466.000
928.000	448.000
929.000	435.000
930.000	399.000
931.000	396.000
932.000	383.000
933.000	378.000
934.000	350.000
935.000	379.000
936.000	342.000
937.000	386.000
938.000	388.000
939.000	363.000
940.000	376.000
941.000	405.000
942.000	441.000
943.000	484.000
944.000	523.000
945.000	524.000
946.000	580.000
947.000	644.000
948.000	709.000
949.000	743.000
950.000	742.000
951.000	801.000
952.000	843.000
953.000	838.000
954.000	820.000
955.000	832.000
956.000	732.000
957.000	705.000
958.000	688.000
959.000	595.000
960.000	552.000
961.000	533.000
962.000	418.000
963.000	426.000
964.000	383.000
965.000	353.000
966.000	351.000
967.000	359.000
968.000	307.000
969.000	299.000
970.000	273.000
971.000	299.000
972.000	296.000
973.000	295.000
974.000	319.000
975.000	287.000
976.000	312.000
977.000	294.000
978.000	308.000
979.000	323.000
980.000	311.000
981.000	300.000
982.000	326.000
983.000	315.000
984.000	332.000
985.000	361.000
986.000	343.000
987.000	352.000
988.000	346.000
989.000	360.000
990.000	378.000
991.000	398.000
992.000	404.000
993.000	359.000
994.000	397.000
995.000	439.000
996.000	414.000
997.000	460.000
998.000	425.000
999.000	448.000
1000.000	430.000
1001.000	456.000
1002.000	458.000
1003.000	457.000
1004.000	444.000
1005.000	442.000
1006.000	465.000
1007.000	471.000
1008.000	439.000
1009.000	424.000
1010.000	424.000
1011.000	406.000
1012.000	392.000
1013.000	412.000
1014.000	371.000
1015.000	378.000
1016.000	376.000
1017.000	390.000
1018.000	358.000
1019.000	328.000
1020.000	339.000
1021.000	296.000
1022.000	304.000
1023.000	313.000
1024.000	285.000
