Date:	8/19/2008		Time:	9:02 AM		Version no:	0.00		Project name:	55		Sample name:	222		Section name:	section		Position	290.039995	mm	E0	0.000000	keV	E1	1.000000	keV/channel	sample surface	7.594857	cm	Tube anode:	Mo		Tube voltage:	30	kV	Tube current:	50	mA	gain	20		std. database			resultfile	result		matrix element	11		sample thickness	1.000000		air passage	0.560000	cm	comments	not in position		peaking_time	3.000000	m-sec	trigger_threshold	1229.166667	V	mca_bin_width	22.090000	no:	number_mca_channels	1024.000000	no:	gap_time	0.400000	m-sec	trigger_peaking_time	0.150000	m-sec	GAINDAC	9455		HIGHGAIN	1		TAURC	0		RCTAU	53		RCTAUFRAC	32768		livetime	9.722505	seconds	runtime	10.000503	seconds	input_count_rate	26.478156	cps	output_count_rate	20.541966	cps	triggers	257434	seconds	events_in_run	205430	seconds	channel	content		1.000	0.000
2.000	0.000
3.000	0.000
4.000	0.000
5.000	0.000
6.000	0.000
7.000	0.000
8.000	0.000
9.000	0.000
10.000	0.000
11.000	0.000
12.000	0.000
13.000	0.000
14.000	0.000
15.000	0.000
16.000	0.000
17.000	0.000
18.000	0.000
19.000	0.000
20.000	0.000
21.000	0.000
22.000	0.000
23.000	0.000
24.000	0.000
25.000	0.000
26.000	0.000
27.000	0.000
28.000	0.000
29.000	0.000
30.000	0.000
31.000	0.000
32.000	2.000
33.000	0.000
34.000	1.000
35.000	1.000
36.000	2.000
37.000	2.000
38.000	3.000
39.000	2.000
40.000	2.000
41.000	7.000
42.000	0.000
43.000	6.000
44.000	4.000
45.000	9.000
46.000	10.000
47.000	6.000
48.000	6.000
49.000	5.000
50.000	6.000
51.000	8.000
52.000	6.000
53.000	8.000
54.000	12.000
55.000	8.000
56.000	16.000
57.000	11.000
58.000	9.000
59.000	16.000
60.000	15.000
61.000	7.000
62.000	11.000
63.000	5.000
64.000	9.000
65.000	13.000
66.000	8.000
67.000	6.000
68.000	9.000
69.000	8.000
70.000	11.000
71.000	11.000
72.000	14.000
73.000	9.000
74.000	8.000
75.000	6.000
76.000	6.000
77.000	10.000
78.000	3.000
79.000	6.000
80.000	9.000
81.000	12.000
82.000	7.000
83.000	8.000
84.000	6.000
85.000	7.000
86.000	8.000
87.000	8.000
88.000	8.000
89.000	9.000
90.000	6.000
91.000	8.000
92.000	5.000
93.000	6.000
94.000	4.000
95.000	6.000
96.000	6.000
97.000	6.000
98.000	5.000
99.000	6.000
100.000	8.000
101.000	15.000
102.000	8.000
103.000	8.000
104.000	9.000
105.000	6.000
106.000	6.000
107.000	4.000
108.000	5.000
109.000	5.000
110.000	10.000
111.000	2.000
112.000	3.000
113.000	10.000
114.000	10.000
115.000	2.000
116.000	3.000
117.000	6.000
118.000	6.000
119.000	2.000
120.000	4.000
121.000	9.000
122.000	9.000
123.000	7.000
124.000	8.000
125.000	10.000
126.000	11.000
127.000	9.000
128.000	8.000
129.000	6.000
130.000	6.000
131.000	8.000
132.000	5.000
133.000	10.000
134.000	7.000
135.000	7.000
136.000	8.000
137.000	8.000
138.000	5.000
139.000	4.000
140.000	8.000
141.000	5.000
142.000	5.000
143.000	3.000
144.000	1.000
145.000	4.000
146.000	4.000
147.000	6.000
148.000	4.000
149.000	5.000
150.000	3.000
151.000	8.000
152.000	5.000
153.000	5.000
154.000	2.000
155.000	5.000
156.000	11.000
157.000	6.000
158.000	6.000
159.000	13.000
160.000	11.000
161.000	6.000
162.000	9.000
163.000	4.000
164.000	6.000
165.000	8.000
166.000	2.000
167.000	6.000
168.000	4.000
169.000	3.000
170.000	3.000
171.000	6.000
172.000	3.000
173.000	8.000
174.000	6.000
175.000	4.000
176.000	6.000
177.000	5.000
178.000	4.000
179.000	2.000
180.000	6.000
181.000	6.000
182.000	5.000
183.000	3.000
184.000	4.000
185.000	7.000
186.000	4.000
187.000	3.000
188.000	2.000
189.000	2.000
190.000	4.000
191.000	1.000
192.000	5.000
193.000	4.000
194.000	3.000
195.000	6.000
196.000	8.000
197.000	8.000
198.000	12.000
199.000	13.000
200.000	14.000
201.000	13.000
202.000	16.000
203.000	18.000
204.000	14.000
205.000	18.000
206.000	9.000
207.000	11.000
208.000	3.000
209.000	7.000
210.000	3.000
211.000	3.000
212.000	4.000
213.000	5.000
214.000	4.000
215.000	3.000
216.000	8.000
217.000	3.000
218.000	4.000
219.000	6.000
220.000	8.000
221.000	4.000
222.000	6.000
223.000	3.000
224.000	7.000
225.000	3.000
226.000	2.000
227.000	5.000
228.000	4.000
229.000	2.000
230.000	6.000
231.000	3.000
232.000	0.000
233.000	6.000
234.000	3.000
235.000	5.000
236.000	4.000
237.000	4.000
238.000	7.000
239.000	4.000
240.000	2.000
241.000	2.000
242.000	3.000
243.000	7.000
244.000	8.000
245.000	2.000
246.000	9.000
247.000	11.000
248.000	12.000
249.000	8.000
250.000	11.000
251.000	4.000
252.000	6.000
253.000	6.000
254.000	10.000
255.000	2.000
256.000	10.000
257.000	9.000
258.000	4.000
259.000	5.000
260.000	11.000
261.000	2.000
262.000	5.000
263.000	4.000
264.000	6.000
265.000	8.000
266.000	4.000
267.000	6.000
268.000	8.000
269.000	2.000
270.000	6.000
271.000	10.000
272.000	3.000
273.000	11.000
274.000	3.000
275.000	5.000
276.000	5.000
277.000	6.000
278.000	7.000
279.000	2.000
280.000	4.000
281.000	5.000
282.000	7.000
283.000	4.000
284.000	7.000
285.000	6.000
286.000	3.000
287.000	6.000
288.000	4.000
289.000	8.000
290.000	8.000
291.000	6.000
292.000	4.000
293.000	9.000
294.000	4.000
295.000	4.000
296.000	2.000
297.000	8.000
298.000	3.000
299.000	7.000
300.000	7.000
301.000	6.000
302.000	7.000
303.000	6.000
304.000	9.000
305.000	6.000
306.000	4.000
307.000	9.000
308.000	6.000
309.000	11.000
310.000	4.000
311.000	6.000
312.000	1.000
313.000	4.000
314.000	10.000
315.000	11.000
316.000	13.000
317.000	6.000
318.000	21.000
319.000	28.000
320.000	31.000
321.000	31.000
322.000	42.000
323.000	44.000
324.000	36.000
325.000	48.000
326.000	26.000
327.000	32.000
328.000	26.000
329.000	16.000
330.000	14.000
331.000	11.000
332.000	13.000
333.000	11.000
334.000	5.000
335.000	7.000
336.000	10.000
337.000	10.000
338.000	8.000
339.000	16.000
340.000	24.000
341.000	18.000
342.000	41.000
343.000	54.000
344.000	92.000
345.000	154.000
346.000	200.000
347.000	313.000
348.000	405.000
349.000	441.000
350.000	505.000
351.000	500.000
352.000	448.000
353.000	405.000
354.000	304.000
355.000	225.000
356.000	167.000
357.000	110.000
358.000	70.000
359.000	40.000
360.000	32.000
361.000	23.000
362.000	21.000
363.000	9.000
364.000	9.000
365.000	9.000
366.000	15.000
367.000	5.000
368.000	12.000
369.000	14.000
370.000	11.000
371.000	16.000
372.000	13.000
373.000	10.000
374.000	17.000
375.000	11.000
376.000	25.000
377.000	15.000
378.000	30.000
379.000	31.000
380.000	32.000
381.000	50.000
382.000	52.000
383.000	83.000
384.000	82.000
385.000	92.000
386.000	102.000
387.000	95.000
388.000	88.000
389.000	73.000
390.000	78.000
391.000	47.000
392.000	29.000
393.000	34.000
394.000	26.000
395.000	22.000
396.000	19.000
397.000	25.000
398.000	16.000
399.000	10.000
400.000	20.000
401.000	17.000
402.000	19.000
403.000	19.000
404.000	35.000
405.000	19.000
406.000	23.000
407.000	24.000
408.000	21.000
409.000	27.000
410.000	24.000
411.000	25.000
412.000	22.000
413.000	19.000
414.000	21.000
415.000	21.000
416.000	19.000
417.000	17.000
418.000	29.000
419.000	27.000
420.000	21.000
421.000	14.000
422.000	28.000
423.000	26.000
424.000	30.000
425.000	22.000
426.000	27.000
427.000	29.000
428.000	25.000
429.000	24.000
430.000	19.000
431.000	28.000
432.000	22.000
433.000	33.000
434.000	27.000
435.000	18.000
436.000	37.000
437.000	31.000
438.000	33.000
439.000	32.000
440.000	27.000
441.000	33.000
442.000	22.000
443.000	49.000
444.000	29.000
445.000	40.000
446.000	39.000
447.000	34.000
448.000	46.000
449.000	34.000
450.000	36.000
451.000	45.000
452.000	37.000
453.000	38.000
454.000	43.000
455.000	31.000
456.000	30.000
457.000	48.000
458.000	55.000
459.000	43.000
460.000	52.000
461.000	39.000
462.000	43.000
463.000	53.000
464.000	35.000
465.000	40.000
466.000	35.000
467.000	24.000
468.000	49.000
469.000	43.000
470.000	47.000
471.000	52.000
472.000	36.000
473.000	49.000
474.000	40.000
475.000	49.000
476.000	50.000
477.000	47.000
478.000	38.000
479.000	47.000
480.000	49.000
481.000	44.000
482.000	28.000
483.000	44.000
484.000	44.000
485.000	56.000
486.000	52.000
487.000	43.000
488.000	40.000
489.000	47.000
490.000	44.000
491.000	43.000
492.000	52.000
493.000	57.000
494.000	38.000
495.000	53.000
496.000	42.000
497.000	48.000
498.000	56.000
499.000	59.000
500.000	56.000
501.000	65.000
502.000	57.000
503.000	62.000
504.000	53.000
505.000	70.000
506.000	57.000
507.000	59.000
508.000	74.000
509.000	52.000
510.000	68.000
511.000	61.000
512.000	54.000
513.000	74.000
514.000	72.000
515.000	71.000
516.000	73.000
517.000	66.000
518.000	59.000
519.000	68.000
520.000	76.000
521.000	90.000
522.000	60.000
523.000	82.000
524.000	49.000
525.000	71.000
526.000	78.000
527.000	77.000
528.000	75.000
529.000	55.000
530.000	84.000
531.000	74.000
532.000	81.000
533.000	82.000
534.000	91.000
535.000	74.000
536.000	99.000
537.000	97.000
538.000	73.000
539.000	58.000
540.000	90.000
541.000	76.000
542.000	93.000
543.000	78.000
544.000	88.000
545.000	96.000
546.000	87.000
547.000	83.000
548.000	82.000
549.000	93.000
550.000	97.000
551.000	93.000
552.000	106.000
553.000	82.000
554.000	87.000
555.000	86.000
556.000	107.000
557.000	91.000
558.000	91.000
559.000	99.000
560.000	112.000
561.000	102.000
562.000	99.000
563.000	102.000
564.000	88.000
565.000	93.000
566.000	83.000
567.000	108.000
568.000	93.000
569.000	117.000
570.000	84.000
571.000	101.000
572.000	93.000
573.000	120.000
574.000	84.000
575.000	120.000
576.000	99.000
577.000	102.000
578.000	106.000
579.000	102.000
580.000	115.000
581.000	118.000
582.000	122.000
583.000	85.000
584.000	129.000
585.000	108.000
586.000	88.000
587.000	99.000
588.000	130.000
589.000	128.000
590.000	113.000
591.000	125.000
592.000	120.000
593.000	135.000
594.000	110.000
595.000	110.000
596.000	142.000
597.000	112.000
598.000	115.000
599.000	120.000
600.000	121.000
601.000	129.000
602.000	126.000
603.000	131.000
604.000	109.000
605.000	112.000
606.000	133.000
607.000	146.000
608.000	130.000
609.000	111.000
610.000	129.000
611.000	145.000
612.000	135.000
613.000	153.000
614.000	142.000
615.000	117.000
616.000	136.000
617.000	136.000
618.000	109.000
619.000	144.000
620.000	132.000
621.000	135.000
622.000	127.000
623.000	147.000
624.000	125.000
625.000	156.000
626.000	132.000
627.000	121.000
628.000	148.000
629.000	139.000
630.000	164.000
631.000	118.000
632.000	151.000
633.000	138.000
634.000	137.000
635.000	145.000
636.000	120.000
637.000	158.000
638.000	170.000
639.000	149.000
640.000	164.000
641.000	133.000
642.000	162.000
643.000	154.000
644.000	177.000
645.000	160.000
646.000	137.000
647.000	172.000
648.000	172.000
649.000	155.000
650.000	163.000
651.000	175.000
652.000	177.000
653.000	172.000
654.000	160.000
655.000	154.000
656.000	163.000
657.000	171.000
658.000	161.000
659.000	190.000
660.000	183.000
661.000	161.000
662.000	165.000
663.000	173.000
664.000	188.000
665.000	166.000
666.000	179.000
667.000	177.000
668.000	172.000
669.000	163.000
670.000	172.000
671.000	203.000
672.000	192.000
673.000	206.000
674.000	169.000
675.000	192.000
676.000	177.000
677.000	165.000
678.000	193.000
679.000	172.000
680.000	194.000
681.000	168.000
682.000	187.000
683.000	188.000
684.000	165.000
685.000	178.000
686.000	176.000
687.000	193.000
688.000	187.000
689.000	166.000
690.000	175.000
691.000	170.000
692.000	196.000
693.000	177.000
694.000	196.000
695.000	201.000
696.000	167.000
697.000	192.000
698.000	204.000
699.000	203.000
700.000	195.000
701.000	209.000
702.000	220.000
703.000	200.000
704.000	202.000
705.000	200.000
706.000	212.000
707.000	216.000
708.000	205.000
709.000	204.000
710.000	210.000
711.000	194.000
712.000	212.000
713.000	224.000
714.000	201.000
715.000	234.000
716.000	205.000
717.000	222.000
718.000	238.000
719.000	201.000
720.000	203.000
721.000	202.000
722.000	222.000
723.000	228.000
724.000	209.000
725.000	224.000
726.000	205.000
727.000	223.000
728.000	246.000
729.000	227.000
730.000	203.000
731.000	214.000
732.000	231.000
733.000	221.000
734.000	230.000
735.000	257.000
736.000	220.000
737.000	219.000
738.000	214.000
739.000	238.000
740.000	232.000
741.000	228.000
742.000	231.000
743.000	213.000
744.000	231.000
745.000	204.000
746.000	245.000
747.000	224.000
748.000	252.000
749.000	230.000
750.000	220.000
751.000	219.000
752.000	233.000
753.000	245.000
754.000	228.000
755.000	234.000
756.000	265.000
757.000	230.000
758.000	239.000
759.000	237.000
760.000	226.000
761.000	236.000
762.000	245.000
763.000	236.000
764.000	239.000
765.000	262.000
766.000	224.000
767.000	258.000
768.000	255.000
769.000	242.000
770.000	231.000
771.000	266.000
772.000	303.000
773.000	262.000
774.000	244.000
775.000	297.000
776.000	239.000
777.000	248.000
778.000	234.000
779.000	235.000
780.000	268.000
781.000	268.000
782.000	250.000
783.000	273.000
784.000	267.000
785.000	275.000
786.000	262.000
787.000	243.000
788.000	256.000
789.000	254.000
790.000	248.000
791.000	240.000
792.000	273.000
793.000	250.000
794.000	248.000
795.000	266.000
796.000	251.000
797.000	256.000
798.000	243.000
799.000	250.000
800.000	262.000
801.000	256.000
802.000	267.000
803.000	264.000
804.000	235.000
805.000	261.000
806.000	231.000
807.000	283.000
808.000	247.000
809.000	284.000
810.000	297.000
811.000	268.000
812.000	260.000
813.000	265.000
814.000	244.000
815.000	260.000
816.000	278.000
817.000	290.000
818.000	296.000
819.000	276.000
820.000	297.000
821.000	279.000
822.000	285.000
823.000	307.000
824.000	261.000
825.000	259.000
826.000	279.000
827.000	255.000
828.000	283.000
829.000	281.000
830.000	279.000
831.000	277.000
832.000	287.000
833.000	297.000
834.000	301.000
835.000	296.000
836.000	281.000
837.000	291.000
838.000	276.000
839.000	308.000
840.000	282.000
841.000	321.000
842.000	314.000
843.000	329.000
844.000	341.000
845.000	316.000
846.000	276.000
847.000	333.000
848.000	313.000
849.000	329.000
850.000	305.000
851.000	328.000
852.000	312.000
853.000	343.000
854.000	318.000
855.000	330.000
856.000	365.000
857.000	326.000
858.000	339.000
859.000	359.000
860.000	368.000
861.000	348.000
862.000	346.000
863.000	401.000
864.000	342.000
865.000	391.000
866.000	369.000
867.000	373.000
868.000	422.000
869.000	433.000
870.000	423.000
871.000	431.000
872.000	430.000
873.000	470.000
874.000	466.000
875.000	479.000
876.000	513.000
877.000	531.000
878.000	543.000
879.000	591.000
880.000	587.000
881.000	634.000
882.000	707.000
883.000	709.000
884.000	748.000
885.000	830.000
886.000	874.000
887.000	955.000
888.000	975.000
889.000	957.000
890.000	1110.000
891.000	1155.000
892.000	1212.000
893.000	1266.000
894.000	1271.000
895.000	1321.000
896.000	1347.000
897.000	1332.000
898.000	1439.000
899.000	1431.000
900.000	1422.000
901.000	1393.000
902.000	1408.000
903.000	1429.000
904.000	1302.000
905.000	1362.000
906.000	1308.000
907.000	1219.000
908.000	1287.000
909.000	1144.000
910.000	1036.000
911.000	1103.000
912.000	1048.000
913.000	915.000
914.000	842.000
915.000	831.000
916.000	840.000
917.000	719.000
918.000	664.000
919.000	672.000
920.000	610.000
921.000	578.000
922.000	561.000
923.000	527.000
924.000	530.000
925.000	458.000
926.000	454.000
927.000	395.000
928.000	454.000
929.000	388.000
930.000	386.000
931.000	377.000
932.000	393.000
933.000	344.000
934.000	324.000
935.000	324.000
936.000	313.000
937.000	312.000
938.000	326.000
939.000	371.000
940.000	377.000
941.000	389.000
942.000	430.000
943.000	451.000
944.000	464.000
945.000	448.000
946.000	525.000
947.000	614.000
948.000	653.000
949.000	662.000
950.000	702.000
951.000	774.000
952.000	765.000
953.000	747.000
954.000	761.000
955.000	758.000
956.000	753.000
957.000	668.000
958.000	652.000
959.000	542.000
960.000	554.000
961.000	475.000
962.000	427.000
963.000	385.000
964.000	384.000
965.000	322.000
966.000	277.000
967.000	270.000
968.000	299.000
969.000	277.000
970.000	273.000
971.000	295.000
972.000	326.000
973.000	262.000
974.000	287.000
975.000	272.000
976.000	288.000
977.000	301.000
978.000	287.000
979.000	275.000
980.000	295.000
981.000	299.000
982.000	291.000
983.000	313.000
984.000	310.000
985.000	338.000
986.000	337.000
987.000	317.000
988.000	331.000
989.000	326.000
990.000	328.000
991.000	377.000
992.000	388.000
993.000	378.000
994.000	407.000
995.000	393.000
996.000	390.000
997.000	386.000
998.000	368.000
999.000	452.000
1000.000	357.000
1001.000	423.000
1002.000	451.000
1003.000	437.000
1004.000	456.000
1005.000	424.000
1006.000	433.000
1007.000	432.000
1008.000	394.000
1009.000	411.000
1010.000	405.000
1011.000	369.000
1012.000	424.000
1013.000	366.000
1014.000	364.000
1015.000	341.000
1016.000	342.000
1017.000	332.000
1018.000	314.000
1019.000	308.000
1020.000	329.000
1021.000	296.000
1022.000	268.000
1023.000	261.000
1024.000	256.000
