Date:	8/19/2008		Time:	9:18 AM		Version no:	0.00		Project name:	55		Sample name:	222		Section name:	section		Position	452.039995	mm	E0	0.000000	keV	E1	1.000000	keV/channel	sample surface	7.649590	cm	Tube anode:	Mo		Tube voltage:	30	kV	Tube current:	50	mA	gain	20		std. database			resultfile	result		matrix element	11		sample thickness	1.000000		air passage	0.560000	cm	comments	not in position		peaking_time	3.000000	m-sec	trigger_threshold	1229.166667	V	mca_bin_width	22.090000	no:	number_mca_channels	1024.000000	no:	gap_time	0.400000	m-sec	trigger_peaking_time	0.150000	m-sec	GAINDAC	9455		HIGHGAIN	1		TAURC	0		RCTAU	53		RCTAUFRAC	32768		livetime	9.803219	seconds	runtime	10.000502	seconds	input_count_rate	20.741044	cps	output_count_rate	16.777557	cps	triggers	203329	seconds	events_in_run	167784	seconds	channel	content		1.000	0.000
2.000	0.000
3.000	0.000
4.000	0.000
5.000	0.000
6.000	0.000
7.000	0.000
8.000	0.000
9.000	0.000
10.000	0.000
11.000	0.000
12.000	0.000
13.000	0.000
14.000	0.000
15.000	0.000
16.000	0.000
17.000	0.000
18.000	0.000
19.000	0.000
20.000	0.000
21.000	0.000
22.000	0.000
23.000	0.000
24.000	0.000
25.000	0.000
26.000	0.000
27.000	0.000
28.000	0.000
29.000	0.000
30.000	0.000
31.000	1.000
32.000	0.000
33.000	0.000
34.000	1.000
35.000	2.000
36.000	4.000
37.000	2.000
38.000	3.000
39.000	4.000
40.000	1.000
41.000	1.000
42.000	2.000
43.000	4.000
44.000	5.000
45.000	5.000
46.000	7.000
47.000	8.000
48.000	6.000
49.000	3.000
50.000	6.000
51.000	5.000
52.000	5.000
53.000	4.000
54.000	8.000
55.000	5.000
56.000	2.000
57.000	6.000
58.000	10.000
59.000	12.000
60.000	5.000
61.000	5.000
62.000	8.000
63.000	5.000
64.000	5.000
65.000	8.000
66.000	8.000
67.000	7.000
68.000	5.000
69.000	5.000
70.000	12.000
71.000	8.000
72.000	9.000
73.000	3.000
74.000	2.000
75.000	9.000
76.000	9.000
77.000	12.000
78.000	3.000
79.000	5.000
80.000	3.000
81.000	8.000
82.000	5.000
83.000	7.000
84.000	5.000
85.000	7.000
86.000	7.000
87.000	7.000
88.000	6.000
89.000	8.000
90.000	5.000
91.000	3.000
92.000	5.000
93.000	4.000
94.000	4.000
95.000	7.000
96.000	5.000
97.000	6.000
98.000	4.000
99.000	1.000
100.000	5.000
101.000	4.000
102.000	7.000
103.000	6.000
104.000	4.000
105.000	1.000
106.000	3.000
107.000	5.000
108.000	1.000
109.000	4.000
110.000	3.000
111.000	2.000
112.000	3.000
113.000	6.000
114.000	5.000
115.000	4.000
116.000	4.000
117.000	6.000
118.000	4.000
119.000	6.000
120.000	3.000
121.000	4.000
122.000	5.000
123.000	6.000
124.000	4.000
125.000	10.000
126.000	9.000
127.000	5.000
128.000	11.000
129.000	7.000
130.000	5.000
131.000	5.000
132.000	6.000
133.000	1.000
134.000	4.000
135.000	6.000
136.000	4.000
137.000	1.000
138.000	2.000
139.000	1.000
140.000	6.000
141.000	5.000
142.000	3.000
143.000	5.000
144.000	3.000
145.000	5.000
146.000	6.000
147.000	3.000
148.000	1.000
149.000	3.000
150.000	3.000
151.000	6.000
152.000	1.000
153.000	4.000
154.000	4.000
155.000	2.000
156.000	1.000
157.000	3.000
158.000	4.000
159.000	4.000
160.000	9.000
161.000	6.000
162.000	8.000
163.000	10.000
164.000	14.000
165.000	11.000
166.000	4.000
167.000	5.000
168.000	9.000
169.000	5.000
170.000	1.000
171.000	3.000
172.000	2.000
173.000	7.000
174.000	6.000
175.000	2.000
176.000	2.000
177.000	2.000
178.000	2.000
179.000	5.000
180.000	4.000
181.000	1.000
182.000	9.000
183.000	7.000
184.000	5.000
185.000	6.000
186.000	7.000
187.000	3.000
188.000	3.000
189.000	2.000
190.000	1.000
191.000	2.000
192.000	2.000
193.000	1.000
194.000	2.000
195.000	2.000
196.000	2.000
197.000	7.000
198.000	8.000
199.000	11.000
200.000	15.000
201.000	21.000
202.000	20.000
203.000	17.000
204.000	17.000
205.000	12.000
206.000	7.000
207.000	7.000
208.000	4.000
209.000	3.000
210.000	3.000
211.000	4.000
212.000	4.000
213.000	2.000
214.000	0.000
215.000	6.000
216.000	0.000
217.000	3.000
218.000	5.000
219.000	5.000
220.000	6.000
221.000	6.000
222.000	2.000
223.000	2.000
224.000	4.000
225.000	2.000
226.000	3.000
227.000	3.000
228.000	3.000
229.000	1.000
230.000	1.000
231.000	3.000
232.000	1.000
233.000	1.000
234.000	1.000
235.000	2.000
236.000	5.000
237.000	4.000
238.000	6.000
239.000	4.000
240.000	2.000
241.000	5.000
242.000	4.000
243.000	5.000
244.000	5.000
245.000	7.000
246.000	9.000
247.000	6.000
248.000	12.000
249.000	10.000
250.000	8.000
251.000	7.000
252.000	10.000
253.000	10.000
254.000	10.000
255.000	6.000
256.000	3.000
257.000	3.000
258.000	6.000
259.000	1.000
260.000	4.000
261.000	1.000
262.000	2.000
263.000	5.000
264.000	6.000
265.000	2.000
266.000	4.000
267.000	1.000
268.000	8.000
269.000	3.000
270.000	4.000
271.000	2.000
272.000	3.000
273.000	4.000
274.000	6.000
275.000	5.000
276.000	5.000
277.000	2.000
278.000	8.000
279.000	0.000
280.000	2.000
281.000	5.000
282.000	3.000
283.000	3.000
284.000	4.000
285.000	7.000
286.000	5.000
287.000	6.000
288.000	5.000
289.000	2.000
290.000	2.000
291.000	5.000
292.000	7.000
293.000	4.000
294.000	5.000
295.000	7.000
296.000	10.000
297.000	4.000
298.000	3.000
299.000	4.000
300.000	11.000
301.000	5.000
302.000	10.000
303.000	1.000
304.000	4.000
305.000	6.000
306.000	7.000
307.000	7.000
308.000	7.000
309.000	4.000
310.000	7.000
311.000	10.000
312.000	2.000
313.000	9.000
314.000	3.000
315.000	6.000
316.000	9.000
317.000	11.000
318.000	21.000
319.000	14.000
320.000	27.000
321.000	39.000
322.000	40.000
323.000	44.000
324.000	33.000
325.000	39.000
326.000	35.000
327.000	29.000
328.000	20.000
329.000	12.000
330.000	10.000
331.000	12.000
332.000	12.000
333.000	5.000
334.000	10.000
335.000	11.000
336.000	11.000
337.000	12.000
338.000	18.000
339.000	16.000
340.000	24.000
341.000	38.000
342.000	42.000
343.000	85.000
344.000	140.000
345.000	241.000
346.000	313.000
347.000	420.000
348.000	558.000
349.000	691.000
350.000	789.000
351.000	815.000
352.000	719.000
353.000	591.000
354.000	482.000
355.000	313.000
356.000	244.000
357.000	178.000
358.000	95.000
359.000	58.000
360.000	36.000
361.000	21.000
362.000	11.000
363.000	13.000
364.000	11.000
365.000	14.000
366.000	14.000
367.000	15.000
368.000	12.000
369.000	20.000
370.000	12.000
371.000	19.000
372.000	17.000
373.000	10.000
374.000	13.000
375.000	21.000
376.000	16.000
377.000	16.000
378.000	25.000
379.000	30.000
380.000	52.000
381.000	53.000
382.000	78.000
383.000	87.000
384.000	120.000
385.000	135.000
386.000	125.000
387.000	161.000
388.000	141.000
389.000	111.000
390.000	87.000
391.000	86.000
392.000	62.000
393.000	36.000
394.000	36.000
395.000	22.000
396.000	24.000
397.000	19.000
398.000	23.000
399.000	16.000
400.000	11.000
401.000	14.000
402.000	18.000
403.000	16.000
404.000	21.000
405.000	9.000
406.000	24.000
407.000	23.000
408.000	21.000
409.000	32.000
410.000	24.000
411.000	19.000
412.000	15.000
413.000	18.000
414.000	19.000
415.000	20.000
416.000	22.000
417.000	18.000
418.000	29.000
419.000	14.000
420.000	15.000
421.000	23.000
422.000	20.000
423.000	19.000
424.000	26.000
425.000	23.000
426.000	21.000
427.000	18.000
428.000	17.000
429.000	23.000
430.000	20.000
431.000	28.000
432.000	32.000
433.000	21.000
434.000	29.000
435.000	21.000
436.000	34.000
437.000	27.000
438.000	38.000
439.000	24.000
440.000	36.000
441.000	34.000
442.000	36.000
443.000	35.000
444.000	25.000
445.000	24.000
446.000	25.000
447.000	38.000
448.000	38.000
449.000	39.000
450.000	36.000
451.000	25.000
452.000	39.000
453.000	39.000
454.000	41.000
455.000	33.000
456.000	24.000
457.000	35.000
458.000	40.000
459.000	52.000
460.000	31.000
461.000	26.000
462.000	41.000
463.000	29.000
464.000	40.000
465.000	22.000
466.000	32.000
467.000	44.000
468.000	40.000
469.000	42.000
470.000	41.000
471.000	45.000
472.000	57.000
473.000	43.000
474.000	54.000
475.000	38.000
476.000	31.000
477.000	40.000
478.000	43.000
479.000	53.000
480.000	39.000
481.000	36.000
482.000	40.000
483.000	39.000
484.000	58.000
485.000	42.000
486.000	39.000
487.000	50.000
488.000	28.000
489.000	33.000
490.000	32.000
491.000	37.000
492.000	44.000
493.000	39.000
494.000	46.000
495.000	51.000
496.000	43.000
497.000	42.000
498.000	53.000
499.000	44.000
500.000	48.000
501.000	62.000
502.000	66.000
503.000	50.000
504.000	52.000
505.000	65.000
506.000	49.000
507.000	54.000
508.000	55.000
509.000	61.000
510.000	52.000
511.000	51.000
512.000	62.000
513.000	67.000
514.000	51.000
515.000	57.000
516.000	59.000
517.000	52.000
518.000	61.000
519.000	62.000
520.000	70.000
521.000	76.000
522.000	50.000
523.000	70.000
524.000	60.000
525.000	75.000
526.000	78.000
527.000	71.000
528.000	57.000
529.000	59.000
530.000	72.000
531.000	74.000
532.000	62.000
533.000	51.000
534.000	58.000
535.000	74.000
536.000	55.000
537.000	64.000
538.000	68.000
539.000	82.000
540.000	70.000
541.000	89.000
542.000	70.000
543.000	70.000
544.000	63.000
545.000	77.000
546.000	71.000
547.000	56.000
548.000	69.000
549.000	75.000
550.000	67.000
551.000	85.000
552.000	71.000
553.000	80.000
554.000	79.000
555.000	72.000
556.000	95.000
557.000	87.000
558.000	95.000
559.000	66.000
560.000	69.000
561.000	92.000
562.000	89.000
563.000	72.000
564.000	109.000
565.000	96.000
566.000	86.000
567.000	91.000
568.000	84.000
569.000	93.000
570.000	74.000
571.000	83.000
572.000	93.000
573.000	83.000
574.000	87.000
575.000	85.000
576.000	106.000
577.000	111.000
578.000	83.000
579.000	81.000
580.000	92.000
581.000	84.000
582.000	85.000
583.000	87.000
584.000	95.000
585.000	92.000
586.000	97.000
587.000	101.000
588.000	89.000
589.000	97.000
590.000	97.000
591.000	85.000
592.000	110.000
593.000	112.000
594.000	101.000
595.000	109.000
596.000	94.000
597.000	97.000
598.000	122.000
599.000	89.000
600.000	97.000
601.000	101.000
602.000	119.000
603.000	114.000
604.000	108.000
605.000	113.000
606.000	116.000
607.000	113.000
608.000	101.000
609.000	117.000
610.000	104.000
611.000	102.000
612.000	117.000
613.000	107.000
614.000	111.000
615.000	121.000
616.000	116.000
617.000	121.000
618.000	129.000
619.000	133.000
620.000	105.000
621.000	99.000
622.000	105.000
623.000	134.000
624.000	102.000
625.000	127.000
626.000	125.000
627.000	145.000
628.000	136.000
629.000	125.000
630.000	129.000
631.000	129.000
632.000	139.000
633.000	124.000
634.000	120.000
635.000	111.000
636.000	123.000
637.000	115.000
638.000	129.000
639.000	119.000
640.000	137.000
641.000	117.000
642.000	130.000
643.000	116.000
644.000	154.000
645.000	136.000
646.000	152.000
647.000	159.000
648.000	130.000
649.000	149.000
650.000	119.000
651.000	146.000
652.000	137.000
653.000	166.000
654.000	174.000
655.000	165.000
656.000	178.000
657.000	156.000
658.000	137.000
659.000	157.000
660.000	146.000
661.000	157.000
662.000	162.000
663.000	123.000
664.000	155.000
665.000	137.000
666.000	154.000
667.000	164.000
668.000	136.000
669.000	147.000
670.000	150.000
671.000	143.000
672.000	183.000
673.000	148.000
674.000	149.000
675.000	141.000
676.000	144.000
677.000	135.000
678.000	154.000
679.000	176.000
680.000	150.000
681.000	160.000
682.000	165.000
683.000	164.000
684.000	186.000
685.000	149.000
686.000	160.000
687.000	153.000
688.000	159.000
689.000	179.000
690.000	160.000
691.000	166.000
692.000	164.000
693.000	137.000
694.000	150.000
695.000	170.000
696.000	140.000
697.000	163.000
698.000	148.000
699.000	147.000
700.000	168.000
701.000	176.000
702.000	154.000
703.000	139.000
704.000	169.000
705.000	173.000
706.000	171.000
707.000	183.000
708.000	191.000
709.000	175.000
710.000	201.000
711.000	166.000
712.000	160.000
713.000	201.000
714.000	163.000
715.000	158.000
716.000	153.000
717.000	154.000
718.000	177.000
719.000	181.000
720.000	165.000
721.000	181.000
722.000	188.000
723.000	176.000
724.000	176.000
725.000	131.000
726.000	184.000
727.000	184.000
728.000	187.000
729.000	165.000
730.000	214.000
731.000	187.000
732.000	179.000
733.000	152.000
734.000	198.000
735.000	188.000
736.000	200.000
737.000	183.000
738.000	170.000
739.000	193.000
740.000	177.000
741.000	187.000
742.000	165.000
743.000	214.000
744.000	190.000
745.000	192.000
746.000	179.000
747.000	191.000
748.000	198.000
749.000	194.000
750.000	180.000
751.000	201.000
752.000	215.000
753.000	206.000
754.000	204.000
755.000	191.000
756.000	174.000
757.000	181.000
758.000	191.000
759.000	209.000
760.000	185.000
761.000	217.000
762.000	218.000
763.000	214.000
764.000	187.000
765.000	186.000
766.000	227.000
767.000	203.000
768.000	222.000
769.000	239.000
770.000	234.000
771.000	229.000
772.000	223.000
773.000	215.000
774.000	233.000
775.000	195.000
776.000	216.000
777.000	204.000
778.000	228.000
779.000	215.000
780.000	203.000
781.000	216.000
782.000	204.000
783.000	225.000
784.000	204.000
785.000	217.000
786.000	208.000
787.000	212.000
788.000	190.000
789.000	202.000
790.000	215.000
791.000	221.000
792.000	221.000
793.000	203.000
794.000	194.000
795.000	205.000
796.000	179.000
797.000	237.000
798.000	214.000
799.000	231.000
800.000	225.000
801.000	218.000
802.000	201.000
803.000	211.000
804.000	205.000
805.000	212.000
806.000	222.000
807.000	235.000
808.000	178.000
809.000	219.000
810.000	223.000
811.000	185.000
812.000	202.000
813.000	205.000
814.000	225.000
815.000	205.000
816.000	226.000
817.000	229.000
818.000	258.000
819.000	224.000
820.000	200.000
821.000	217.000
822.000	237.000
823.000	183.000
824.000	266.000
825.000	227.000
826.000	228.000
827.000	209.000
828.000	227.000
829.000	235.000
830.000	243.000
831.000	222.000
832.000	212.000
833.000	186.000
834.000	240.000
835.000	220.000
836.000	247.000
837.000	228.000
838.000	203.000
839.000	246.000
840.000	279.000
841.000	255.000
842.000	227.000
843.000	234.000
844.000	229.000
845.000	249.000
846.000	237.000
847.000	247.000
848.000	248.000
849.000	260.000
850.000	274.000
851.000	254.000
852.000	264.000
853.000	245.000
854.000	269.000
855.000	294.000
856.000	233.000
857.000	304.000
858.000	290.000
859.000	282.000
860.000	263.000
861.000	311.000
862.000	294.000
863.000	302.000
864.000	317.000
865.000	286.000
866.000	302.000
867.000	319.000
868.000	348.000
869.000	318.000
870.000	343.000
871.000	358.000
872.000	375.000
873.000	359.000
874.000	373.000
875.000	418.000
876.000	424.000
877.000	421.000
878.000	426.000
879.000	444.000
880.000	528.000
881.000	507.000
882.000	548.000
883.000	560.000
884.000	648.000
885.000	649.000
886.000	682.000
887.000	752.000
888.000	752.000
889.000	801.000
890.000	874.000
891.000	891.000
892.000	947.000
893.000	972.000
894.000	1042.000
895.000	967.000
896.000	1109.000
897.000	1075.000
898.000	1088.000
899.000	1089.000
900.000	1108.000
901.000	1132.000
902.000	1174.000
903.000	1095.000
904.000	1071.000
905.000	1073.000
906.000	1006.000
907.000	905.000
908.000	952.000
909.000	900.000
910.000	848.000
911.000	800.000
912.000	737.000
913.000	717.000
914.000	687.000
915.000	637.000
916.000	582.000
917.000	555.000
918.000	542.000
919.000	564.000
920.000	488.000
921.000	443.000
922.000	448.000
923.000	413.000
924.000	381.000
925.000	365.000
926.000	356.000
927.000	326.000
928.000	309.000
929.000	337.000
930.000	275.000
931.000	299.000
932.000	306.000
933.000	263.000
934.000	283.000
935.000	238.000
936.000	293.000
937.000	258.000
938.000	278.000
939.000	280.000
940.000	267.000
941.000	311.000
942.000	310.000
943.000	311.000
944.000	363.000
945.000	411.000
946.000	404.000
947.000	461.000
948.000	507.000
949.000	514.000
950.000	569.000
951.000	590.000
952.000	637.000
953.000	615.000
954.000	596.000
955.000	613.000
956.000	585.000
957.000	535.000
958.000	509.000
959.000	426.000
960.000	457.000
961.000	381.000
962.000	341.000
963.000	306.000
964.000	286.000
965.000	258.000
966.000	250.000
967.000	219.000
968.000	220.000
969.000	219.000
970.000	229.000
971.000	186.000
972.000	225.000
973.000	220.000
974.000	221.000
975.000	221.000
976.000	201.000
977.000	227.000
978.000	223.000
979.000	249.000
980.000	253.000
981.000	204.000
982.000	223.000
983.000	233.000
984.000	243.000
985.000	241.000
986.000	234.000
987.000	234.000
988.000	265.000
989.000	258.000
990.000	287.000
991.000	311.000
992.000	312.000
993.000	312.000
994.000	300.000
995.000	297.000
996.000	318.000
997.000	324.000
998.000	332.000
999.000	324.000
1000.000	335.000
1001.000	311.000
1002.000	347.000
1003.000	337.000
1004.000	333.000
1005.000	331.000
1006.000	307.000
1007.000	319.000
1008.000	314.000
1009.000	319.000
1010.000	313.000
1011.000	277.000
1012.000	291.000
1013.000	323.000
1014.000	280.000
1015.000	286.000
1016.000	240.000
1017.000	230.000
1018.000	257.000
1019.000	246.000
1020.000	271.000
1021.000	220.000
1022.000	223.000
1023.000	203.000
1024.000	187.000
