Date:	8/19/2008		Time:	9:26 AM		Version no:	0.00		Project name:	55		Sample name:	222		Section name:	section		Position	546.039995	mm	E0	0.000000	keV	E1	1.000000	keV/channel	sample surface	7.647123	cm	Tube anode:	Mo		Tube voltage:	30	kV	Tube current:	50	mA	gain	20		std. database			resultfile	result		matrix element	11		sample thickness	1.000000		air passage	0.560000	cm	comments	not in position		peaking_time	3.000000	m-sec	trigger_threshold	1229.166667	V	mca_bin_width	22.090000	no:	number_mca_channels	1024.000000	no:	gap_time	0.400000	m-sec	trigger_peaking_time	0.150000	m-sec	GAINDAC	9455		HIGHGAIN	1		TAURC	0		RCTAU	53		RCTAUFRAC	32768		livetime	9.668545	seconds	runtime	10.000502	seconds	input_count_rate	31.323535	cps	output_count_rate	23.291630	cps	triggers	302853	seconds	events_in_run	232928	seconds	channel	content		1.000	0.000
2.000	0.000
3.000	0.000
4.000	0.000
5.000	0.000
6.000	0.000
7.000	0.000
8.000	0.000
9.000	0.000
10.000	0.000
11.000	0.000
12.000	0.000
13.000	0.000
14.000	0.000
15.000	0.000
16.000	0.000
17.000	0.000
18.000	0.000
19.000	0.000
20.000	0.000
21.000	0.000
22.000	0.000
23.000	0.000
24.000	0.000
25.000	0.000
26.000	0.000
27.000	0.000
28.000	0.000
29.000	0.000
30.000	0.000
31.000	1.000
32.000	0.000
33.000	2.000
34.000	1.000
35.000	1.000
36.000	2.000
37.000	4.000
38.000	4.000
39.000	3.000
40.000	4.000
41.000	7.000
42.000	8.000
43.000	4.000
44.000	7.000
45.000	10.000
46.000	3.000
47.000	7.000
48.000	5.000
49.000	10.000
50.000	4.000
51.000	8.000
52.000	9.000
53.000	10.000
54.000	6.000
55.000	13.000
56.000	9.000
57.000	10.000
58.000	4.000
59.000	10.000
60.000	13.000
61.000	11.000
62.000	12.000
63.000	14.000
64.000	5.000
65.000	9.000
66.000	6.000
67.000	16.000
68.000	4.000
69.000	8.000
70.000	9.000
71.000	7.000
72.000	6.000
73.000	10.000
74.000	12.000
75.000	9.000
76.000	12.000
77.000	9.000
78.000	6.000
79.000	9.000
80.000	10.000
81.000	7.000
82.000	9.000
83.000	9.000
84.000	7.000
85.000	14.000
86.000	4.000
87.000	10.000
88.000	6.000
89.000	12.000
90.000	6.000
91.000	11.000
92.000	4.000
93.000	6.000
94.000	7.000
95.000	9.000
96.000	13.000
97.000	8.000
98.000	7.000
99.000	10.000
100.000	13.000
101.000	11.000
102.000	2.000
103.000	8.000
104.000	8.000
105.000	11.000
106.000	11.000
107.000	4.000
108.000	10.000
109.000	11.000
110.000	6.000
111.000	6.000
112.000	5.000
113.000	7.000
114.000	8.000
115.000	6.000
116.000	8.000
117.000	9.000
118.000	2.000
119.000	5.000
120.000	6.000
121.000	8.000
122.000	8.000
123.000	6.000
124.000	10.000
125.000	10.000
126.000	6.000
127.000	6.000
128.000	6.000
129.000	11.000
130.000	9.000
131.000	10.000
132.000	5.000
133.000	10.000
134.000	11.000
135.000	8.000
136.000	8.000
137.000	7.000
138.000	4.000
139.000	8.000
140.000	5.000
141.000	7.000
142.000	8.000
143.000	4.000
144.000	4.000
145.000	4.000
146.000	5.000
147.000	5.000
148.000	3.000
149.000	5.000
150.000	4.000
151.000	5.000
152.000	3.000
153.000	2.000
154.000	3.000
155.000	5.000
156.000	5.000
157.000	3.000
158.000	4.000
159.000	8.000
160.000	7.000
161.000	5.000
162.000	7.000
163.000	10.000
164.000	8.000
165.000	6.000
166.000	9.000
167.000	2.000
168.000	5.000
169.000	3.000
170.000	5.000
171.000	3.000
172.000	5.000
173.000	0.000
174.000	8.000
175.000	2.000
176.000	6.000
177.000	6.000
178.000	4.000
179.000	3.000
180.000	8.000
181.000	5.000
182.000	8.000
183.000	9.000
184.000	5.000
185.000	6.000
186.000	3.000
187.000	6.000
188.000	5.000
189.000	4.000
190.000	4.000
191.000	2.000
192.000	8.000
193.000	2.000
194.000	2.000
195.000	6.000
196.000	9.000
197.000	11.000
198.000	7.000
199.000	19.000
200.000	18.000
201.000	22.000
202.000	33.000
203.000	40.000
204.000	41.000
205.000	18.000
206.000	16.000
207.000	16.000
208.000	10.000
209.000	1.000
210.000	3.000
211.000	5.000
212.000	5.000
213.000	3.000
214.000	4.000
215.000	3.000
216.000	8.000
217.000	4.000
218.000	10.000
219.000	6.000
220.000	11.000
221.000	5.000
222.000	7.000
223.000	7.000
224.000	4.000
225.000	6.000
226.000	2.000
227.000	7.000
228.000	7.000
229.000	3.000
230.000	2.000
231.000	5.000
232.000	6.000
233.000	3.000
234.000	6.000
235.000	7.000
236.000	1.000
237.000	1.000
238.000	3.000
239.000	1.000
240.000	3.000
241.000	5.000
242.000	6.000
243.000	3.000
244.000	9.000
245.000	3.000
246.000	11.000
247.000	6.000
248.000	8.000
249.000	10.000
250.000	10.000
251.000	11.000
252.000	5.000
253.000	7.000
254.000	7.000
255.000	17.000
256.000	8.000
257.000	7.000
258.000	7.000
259.000	8.000
260.000	2.000
261.000	7.000
262.000	8.000
263.000	7.000
264.000	3.000
265.000	6.000
266.000	7.000
267.000	9.000
268.000	12.000
269.000	6.000
270.000	9.000
271.000	4.000
272.000	4.000
273.000	8.000
274.000	1.000
275.000	6.000
276.000	2.000
277.000	4.000
278.000	6.000
279.000	4.000
280.000	3.000
281.000	6.000
282.000	5.000
283.000	5.000
284.000	5.000
285.000	7.000
286.000	9.000
287.000	5.000
288.000	3.000
289.000	13.000
290.000	6.000
291.000	8.000
292.000	8.000
293.000	11.000
294.000	3.000
295.000	8.000
296.000	4.000
297.000	10.000
298.000	16.000
299.000	4.000
300.000	8.000
301.000	9.000
302.000	5.000
303.000	12.000
304.000	7.000
305.000	10.000
306.000	9.000
307.000	8.000
308.000	9.000
309.000	11.000
310.000	10.000
311.000	6.000
312.000	8.000
313.000	7.000
314.000	11.000
315.000	12.000
316.000	18.000
317.000	18.000
318.000	33.000
319.000	48.000
320.000	39.000
321.000	60.000
322.000	52.000
323.000	67.000
324.000	65.000
325.000	50.000
326.000	66.000
327.000	47.000
328.000	31.000
329.000	26.000
330.000	13.000
331.000	11.000
332.000	13.000
333.000	14.000
334.000	10.000
335.000	16.000
336.000	10.000
337.000	20.000
338.000	16.000
339.000	21.000
340.000	26.000
341.000	42.000
342.000	59.000
343.000	113.000
344.000	181.000
345.000	310.000
346.000	443.000
347.000	598.000
348.000	790.000
349.000	957.000
350.000	1076.000
351.000	1043.000
352.000	958.000
353.000	861.000
354.000	669.000
355.000	500.000
356.000	326.000
357.000	224.000
358.000	124.000
359.000	91.000
360.000	47.000
361.000	36.000
362.000	23.000
363.000	18.000
364.000	15.000
365.000	12.000
366.000	21.000
367.000	20.000
368.000	22.000
369.000	21.000
370.000	26.000
371.000	19.000
372.000	20.000
373.000	23.000
374.000	26.000
375.000	26.000
376.000	35.000
377.000	37.000
378.000	44.000
379.000	35.000
380.000	57.000
381.000	68.000
382.000	112.000
383.000	130.000
384.000	169.000
385.000	180.000
386.000	186.000
387.000	202.000
388.000	194.000
389.000	145.000
390.000	122.000
391.000	111.000
392.000	68.000
393.000	60.000
394.000	44.000
395.000	40.000
396.000	24.000
397.000	30.000
398.000	33.000
399.000	22.000
400.000	20.000
401.000	19.000
402.000	17.000
403.000	19.000
404.000	26.000
405.000	34.000
406.000	18.000
407.000	23.000
408.000	24.000
409.000	27.000
410.000	29.000
411.000	27.000
412.000	27.000
413.000	32.000
414.000	29.000
415.000	27.000
416.000	23.000
417.000	33.000
418.000	27.000
419.000	36.000
420.000	25.000
421.000	28.000
422.000	25.000
423.000	22.000
424.000	31.000
425.000	33.000
426.000	32.000
427.000	31.000
428.000	31.000
429.000	30.000
430.000	42.000
431.000	33.000
432.000	36.000
433.000	32.000
434.000	37.000
435.000	43.000
436.000	38.000
437.000	45.000
438.000	46.000
439.000	48.000
440.000	53.000
441.000	36.000
442.000	42.000
443.000	42.000
444.000	48.000
445.000	54.000
446.000	38.000
447.000	36.000
448.000	50.000
449.000	53.000
450.000	42.000
451.000	56.000
452.000	48.000
453.000	49.000
454.000	46.000
455.000	40.000
456.000	49.000
457.000	41.000
458.000	40.000
459.000	63.000
460.000	53.000
461.000	42.000
462.000	39.000
463.000	45.000
464.000	50.000
465.000	46.000
466.000	55.000
467.000	50.000
468.000	60.000
469.000	68.000
470.000	71.000
471.000	48.000
472.000	61.000
473.000	61.000
474.000	56.000
475.000	50.000
476.000	59.000
477.000	53.000
478.000	50.000
479.000	71.000
480.000	57.000
481.000	48.000
482.000	63.000
483.000	59.000
484.000	48.000
485.000	65.000
486.000	52.000
487.000	57.000
488.000	71.000
489.000	55.000
490.000	74.000
491.000	68.000
492.000	61.000
493.000	60.000
494.000	45.000
495.000	60.000
496.000	67.000
497.000	64.000
498.000	60.000
499.000	65.000
500.000	64.000
501.000	54.000
502.000	82.000
503.000	69.000
504.000	74.000
505.000	69.000
506.000	64.000
507.000	69.000
508.000	99.000
509.000	75.000
510.000	73.000
511.000	80.000
512.000	86.000
513.000	89.000
514.000	85.000
515.000	91.000
516.000	97.000
517.000	88.000
518.000	71.000
519.000	79.000
520.000	80.000
521.000	72.000
522.000	95.000
523.000	74.000
524.000	72.000
525.000	100.000
526.000	93.000
527.000	87.000
528.000	106.000
529.000	103.000
530.000	98.000
531.000	85.000
532.000	95.000
533.000	110.000
534.000	92.000
535.000	91.000
536.000	80.000
537.000	98.000
538.000	90.000
539.000	115.000
540.000	109.000
541.000	112.000
542.000	98.000
543.000	130.000
544.000	106.000
545.000	106.000
546.000	95.000
547.000	95.000
548.000	92.000
549.000	103.000
550.000	113.000
551.000	104.000
552.000	112.000
553.000	111.000
554.000	106.000
555.000	101.000
556.000	112.000
557.000	112.000
558.000	118.000
559.000	105.000
560.000	110.000
561.000	104.000
562.000	115.000
563.000	121.000
564.000	124.000
565.000	121.000
566.000	124.000
567.000	113.000
568.000	120.000
569.000	118.000
570.000	121.000
571.000	119.000
572.000	149.000
573.000	152.000
574.000	140.000
575.000	133.000
576.000	136.000
577.000	125.000
578.000	137.000
579.000	130.000
580.000	140.000
581.000	117.000
582.000	150.000
583.000	119.000
584.000	132.000
585.000	138.000
586.000	149.000
587.000	120.000
588.000	144.000
589.000	145.000
590.000	127.000
591.000	154.000
592.000	155.000
593.000	157.000
594.000	156.000
595.000	138.000
596.000	151.000
597.000	156.000
598.000	154.000
599.000	155.000
600.000	154.000
601.000	181.000
602.000	162.000
603.000	158.000
604.000	163.000
605.000	164.000
606.000	148.000
607.000	160.000
608.000	168.000
609.000	171.000
610.000	165.000
611.000	162.000
612.000	155.000
613.000	174.000
614.000	177.000
615.000	173.000
616.000	169.000
617.000	158.000
618.000	178.000
619.000	161.000
620.000	168.000
621.000	191.000
622.000	157.000
623.000	181.000
624.000	186.000
625.000	168.000
626.000	175.000
627.000	161.000
628.000	158.000
629.000	162.000
630.000	185.000
631.000	160.000
632.000	213.000
633.000	191.000
634.000	178.000
635.000	183.000
636.000	180.000
637.000	190.000
638.000	199.000
639.000	192.000
640.000	153.000
641.000	162.000
642.000	196.000
643.000	205.000
644.000	194.000
645.000	206.000
646.000	217.000
647.000	192.000
648.000	197.000
649.000	194.000
650.000	201.000
651.000	189.000
652.000	209.000
653.000	194.000
654.000	213.000
655.000	200.000
656.000	199.000
657.000	194.000
658.000	199.000
659.000	231.000
660.000	215.000
661.000	187.000
662.000	190.000
663.000	213.000
664.000	192.000
665.000	204.000
666.000	185.000
667.000	198.000
668.000	228.000
669.000	197.000
670.000	225.000
671.000	210.000
672.000	233.000
673.000	191.000
674.000	195.000
675.000	228.000
676.000	210.000
677.000	235.000
678.000	197.000
679.000	233.000
680.000	226.000
681.000	201.000
682.000	195.000
683.000	250.000
684.000	229.000
685.000	224.000
686.000	224.000
687.000	220.000
688.000	242.000
689.000	249.000
690.000	253.000
691.000	194.000
692.000	228.000
693.000	233.000
694.000	243.000
695.000	202.000
696.000	240.000
697.000	226.000
698.000	236.000
699.000	231.000
700.000	231.000
701.000	238.000
702.000	225.000
703.000	244.000
704.000	226.000
705.000	231.000
706.000	215.000
707.000	245.000
708.000	249.000
709.000	248.000
710.000	223.000
711.000	230.000
712.000	265.000
713.000	221.000
714.000	281.000
715.000	243.000
716.000	248.000
717.000	242.000
718.000	227.000
719.000	227.000
720.000	255.000
721.000	246.000
722.000	245.000
723.000	271.000
724.000	239.000
725.000	238.000
726.000	292.000
727.000	284.000
728.000	260.000
729.000	254.000
730.000	279.000
731.000	261.000
732.000	268.000
733.000	235.000
734.000	241.000
735.000	242.000
736.000	281.000
737.000	277.000
738.000	271.000
739.000	272.000
740.000	236.000
741.000	252.000
742.000	272.000
743.000	284.000
744.000	280.000
745.000	285.000
746.000	262.000
747.000	303.000
748.000	288.000
749.000	296.000
750.000	266.000
751.000	245.000
752.000	250.000
753.000	277.000
754.000	272.000
755.000	259.000
756.000	287.000
757.000	264.000
758.000	269.000
759.000	296.000
760.000	292.000
761.000	258.000
762.000	280.000
763.000	286.000
764.000	289.000
765.000	261.000
766.000	261.000
767.000	289.000
768.000	318.000
769.000	313.000
770.000	312.000
771.000	336.000
772.000	296.000
773.000	322.000
774.000	312.000
775.000	303.000
776.000	292.000
777.000	292.000
778.000	256.000
779.000	266.000
780.000	314.000
781.000	326.000
782.000	269.000
783.000	286.000
784.000	260.000
785.000	285.000
786.000	295.000
787.000	301.000
788.000	273.000
789.000	300.000
790.000	267.000
791.000	282.000
792.000	305.000
793.000	296.000
794.000	287.000
795.000	320.000
796.000	317.000
797.000	287.000
798.000	266.000
799.000	286.000
800.000	310.000
801.000	306.000
802.000	277.000
803.000	293.000
804.000	298.000
805.000	289.000
806.000	280.000
807.000	310.000
808.000	288.000
809.000	310.000
810.000	305.000
811.000	295.000
812.000	319.000
813.000	313.000
814.000	291.000
815.000	287.000
816.000	316.000
817.000	326.000
818.000	314.000
819.000	319.000
820.000	305.000
821.000	322.000
822.000	308.000
823.000	310.000
824.000	312.000
825.000	304.000
826.000	323.000
827.000	302.000
828.000	284.000
829.000	358.000
830.000	337.000
831.000	328.000
832.000	312.000
833.000	309.000
834.000	301.000
835.000	312.000
836.000	348.000
837.000	311.000
838.000	335.000
839.000	335.000
840.000	330.000
841.000	348.000
842.000	330.000
843.000	295.000
844.000	338.000
845.000	338.000
846.000	360.000
847.000	310.000
848.000	351.000
849.000	352.000
850.000	345.000
851.000	354.000
852.000	362.000
853.000	355.000
854.000	374.000
855.000	374.000
856.000	395.000
857.000	374.000
858.000	361.000
859.000	381.000
860.000	409.000
861.000	406.000
862.000	414.000
863.000	392.000
864.000	379.000
865.000	387.000
866.000	420.000
867.000	482.000
868.000	414.000
869.000	506.000
870.000	455.000
871.000	470.000
872.000	492.000
873.000	466.000
874.000	470.000
875.000	520.000
876.000	524.000
877.000	552.000
878.000	580.000
879.000	610.000
880.000	648.000
881.000	670.000
882.000	699.000
883.000	725.000
884.000	812.000
885.000	861.000
886.000	952.000
887.000	1009.000
888.000	1017.000
889.000	1122.000
890.000	1208.000
891.000	1180.000
892.000	1289.000
893.000	1284.000
894.000	1451.000
895.000	1379.000
896.000	1428.000
897.000	1518.000
898.000	1504.000
899.000	1615.000
900.000	1640.000
901.000	1564.000
902.000	1548.000
903.000	1556.000
904.000	1533.000
905.000	1492.000
906.000	1450.000
907.000	1369.000
908.000	1311.000
909.000	1225.000
910.000	1202.000
911.000	1104.000
912.000	1096.000
913.000	1052.000
914.000	988.000
915.000	920.000
916.000	909.000
917.000	872.000
918.000	819.000
919.000	724.000
920.000	677.000
921.000	626.000
922.000	594.000
923.000	554.000
924.000	535.000
925.000	483.000
926.000	509.000
927.000	483.000
928.000	455.000
929.000	460.000
930.000	436.000
931.000	431.000
932.000	374.000
933.000	371.000
934.000	385.000
935.000	383.000
936.000	355.000
937.000	379.000
938.000	392.000
939.000	352.000
940.000	390.000
941.000	406.000
942.000	461.000
943.000	400.000
944.000	486.000
945.000	528.000
946.000	561.000
947.000	614.000
948.000	676.000
949.000	679.000
950.000	722.000
951.000	787.000
952.000	832.000
953.000	725.000
954.000	827.000
955.000	849.000
956.000	723.000
957.000	769.000
958.000	677.000
959.000	637.000
960.000	562.000
961.000	501.000
962.000	458.000
963.000	440.000
964.000	379.000
965.000	327.000
966.000	318.000
967.000	342.000
968.000	327.000
969.000	314.000
970.000	289.000
971.000	292.000
972.000	258.000
973.000	274.000
974.000	276.000
975.000	300.000
976.000	308.000
977.000	292.000
978.000	323.000
979.000	279.000
980.000	292.000
981.000	293.000
982.000	323.000
983.000	329.000
984.000	324.000
985.000	355.000
986.000	343.000
987.000	338.000
988.000	327.000
989.000	367.000
990.000	336.000
991.000	360.000
992.000	370.000
993.000	428.000
994.000	370.000
995.000	400.000
996.000	420.000
997.000	404.000
998.000	448.000
999.000	432.000
1000.000	489.000
1001.000	483.000
1002.000	500.000
1003.000	451.000
1004.000	517.000
1005.000	477.000
1006.000	415.000
1007.000	453.000
1008.000	424.000
1009.000	430.000
1010.000	430.000
1011.000	416.000
1012.000	391.000
1013.000	391.000
1014.000	357.000
1015.000	371.000
1016.000	406.000
1017.000	384.000
1018.000	339.000
1019.000	372.000
1020.000	330.000
1021.000	310.000
1022.000	288.000
1023.000	270.000
1024.000	254.000
