Date:	8/19/2008		Time:	8:40 AM		Version no:	0.00		Project name:	55		Sample name:	222		Section name:	section		Position	58.039995	mm	E0	0.000000	keV	E1	1.000000	keV/channel	sample surface	7.493862	cm	Tube anode:	Mo		Tube voltage:	30	kV	Tube current:	50	mA	gain	20		std. database			resultfile	result		matrix element	11		sample thickness	1.000000		air passage	0.560000	cm	comments	not in position		peaking_time	3.000000	m-sec	trigger_threshold	1229.166667	V	mca_bin_width	22.090000	no:	number_mca_channels	1024.000000	no:	gap_time	0.400000	m-sec	trigger_peaking_time	0.150000	m-sec	GAINDAC	9455		HIGHGAIN	1		TAURC	0		RCTAU	53		RCTAUFRAC	32768		livetime	9.718885	seconds	runtime	10.000502	seconds	input_count_rate	27.168138	cps	output_count_rate	20.896550	cps	triggers	264044	seconds	events_in_run	208976	seconds	channel	content		1.000	0.000
2.000	0.000
3.000	0.000
4.000	0.000
5.000	0.000
6.000	0.000
7.000	0.000
8.000	0.000
9.000	0.000
10.000	0.000
11.000	0.000
12.000	0.000
13.000	0.000
14.000	0.000
15.000	0.000
16.000	0.000
17.000	0.000
18.000	0.000
19.000	0.000
20.000	0.000
21.000	0.000
22.000	0.000
23.000	0.000
24.000	0.000
25.000	0.000
26.000	0.000
27.000	0.000
28.000	0.000
29.000	0.000
30.000	0.000
31.000	0.000
32.000	2.000
33.000	0.000
34.000	1.000
35.000	2.000
36.000	2.000
37.000	2.000
38.000	3.000
39.000	5.000
40.000	3.000
41.000	8.000
42.000	1.000
43.000	5.000
44.000	6.000
45.000	4.000
46.000	3.000
47.000	7.000
48.000	8.000
49.000	8.000
50.000	2.000
51.000	14.000
52.000	8.000
53.000	8.000
54.000	8.000
55.000	11.000
56.000	10.000
57.000	8.000
58.000	8.000
59.000	14.000
60.000	4.000
61.000	7.000
62.000	10.000
63.000	14.000
64.000	7.000
65.000	11.000
66.000	9.000
67.000	9.000
68.000	10.000
69.000	9.000
70.000	9.000
71.000	14.000
72.000	9.000
73.000	12.000
74.000	6.000
75.000	5.000
76.000	11.000
77.000	5.000
78.000	3.000
79.000	13.000
80.000	6.000
81.000	5.000
82.000	7.000
83.000	6.000
84.000	5.000
85.000	5.000
86.000	12.000
87.000	5.000
88.000	9.000
89.000	10.000
90.000	6.000
91.000	5.000
92.000	8.000
93.000	6.000
94.000	6.000
95.000	7.000
96.000	5.000
97.000	5.000
98.000	5.000
99.000	9.000
100.000	5.000
101.000	9.000
102.000	9.000
103.000	5.000
104.000	5.000
105.000	5.000
106.000	9.000
107.000	6.000
108.000	7.000
109.000	5.000
110.000	6.000
111.000	7.000
112.000	6.000
113.000	5.000
114.000	3.000
115.000	11.000
116.000	8.000
117.000	4.000
118.000	6.000
119.000	7.000
120.000	6.000
121.000	6.000
122.000	7.000
123.000	10.000
124.000	6.000
125.000	8.000
126.000	8.000
127.000	6.000
128.000	6.000
129.000	8.000
130.000	10.000
131.000	3.000
132.000	6.000
133.000	9.000
134.000	3.000
135.000	5.000
136.000	9.000
137.000	4.000
138.000	9.000
139.000	6.000
140.000	4.000
141.000	4.000
142.000	2.000
143.000	7.000
144.000	9.000
145.000	6.000
146.000	7.000
147.000	4.000
148.000	3.000
149.000	3.000
150.000	4.000
151.000	4.000
152.000	1.000
153.000	4.000
154.000	2.000
155.000	4.000
156.000	6.000
157.000	6.000
158.000	8.000
159.000	9.000
160.000	7.000
161.000	6.000
162.000	7.000
163.000	6.000
164.000	10.000
165.000	10.000
166.000	2.000
167.000	2.000
168.000	1.000
169.000	2.000
170.000	1.000
171.000	5.000
172.000	8.000
173.000	4.000
174.000	3.000
175.000	4.000
176.000	2.000
177.000	7.000
178.000	6.000
179.000	2.000
180.000	7.000
181.000	11.000
182.000	6.000
183.000	9.000
184.000	5.000
185.000	6.000
186.000	4.000
187.000	3.000
188.000	11.000
189.000	0.000
190.000	5.000
191.000	8.000
192.000	1.000
193.000	6.000
194.000	3.000
195.000	6.000
196.000	7.000
197.000	6.000
198.000	3.000
199.000	13.000
200.000	15.000
201.000	21.000
202.000	25.000
203.000	24.000
204.000	26.000
205.000	11.000
206.000	14.000
207.000	11.000
208.000	3.000
209.000	4.000
210.000	2.000
211.000	6.000
212.000	4.000
213.000	4.000
214.000	5.000
215.000	4.000
216.000	3.000
217.000	5.000
218.000	7.000
219.000	4.000
220.000	4.000
221.000	2.000
222.000	6.000
223.000	3.000
224.000	4.000
225.000	1.000
226.000	3.000
227.000	1.000
228.000	6.000
229.000	2.000
230.000	3.000
231.000	4.000
232.000	6.000
233.000	3.000
234.000	5.000
235.000	2.000
236.000	0.000
237.000	3.000
238.000	5.000
239.000	5.000
240.000	1.000
241.000	3.000
242.000	5.000
243.000	3.000
244.000	8.000
245.000	8.000
246.000	9.000
247.000	7.000
248.000	8.000
249.000	14.000
250.000	4.000
251.000	3.000
252.000	6.000
253.000	7.000
254.000	3.000
255.000	5.000
256.000	5.000
257.000	2.000
258.000	5.000
259.000	4.000
260.000	2.000
261.000	4.000
262.000	4.000
263.000	7.000
264.000	7.000
265.000	2.000
266.000	4.000
267.000	4.000
268.000	6.000
269.000	4.000
270.000	3.000
271.000	2.000
272.000	8.000
273.000	3.000
274.000	4.000
275.000	6.000
276.000	2.000
277.000	6.000
278.000	4.000
279.000	2.000
280.000	3.000
281.000	5.000
282.000	2.000
283.000	4.000
284.000	6.000
285.000	11.000
286.000	3.000
287.000	4.000
288.000	5.000
289.000	4.000
290.000	5.000
291.000	3.000
292.000	10.000
293.000	8.000
294.000	5.000
295.000	3.000
296.000	7.000
297.000	7.000
298.000	5.000
299.000	2.000
300.000	9.000
301.000	8.000
302.000	2.000
303.000	4.000
304.000	6.000
305.000	7.000
306.000	8.000
307.000	7.000
308.000	4.000
309.000	8.000
310.000	2.000
311.000	7.000
312.000	8.000
313.000	6.000
314.000	10.000
315.000	5.000
316.000	14.000
317.000	12.000
318.000	16.000
319.000	19.000
320.000	34.000
321.000	35.000
322.000	41.000
323.000	48.000
324.000	35.000
325.000	41.000
326.000	31.000
327.000	32.000
328.000	21.000
329.000	18.000
330.000	12.000
331.000	15.000
332.000	7.000
333.000	4.000
334.000	7.000
335.000	12.000
336.000	14.000
337.000	12.000
338.000	11.000
339.000	19.000
340.000	18.000
341.000	36.000
342.000	37.000
343.000	71.000
344.000	123.000
345.000	176.000
346.000	243.000
347.000	352.000
348.000	416.000
349.000	494.000
350.000	568.000
351.000	569.000
352.000	540.000
353.000	497.000
354.000	351.000
355.000	277.000
356.000	175.000
357.000	142.000
358.000	63.000
359.000	52.000
360.000	38.000
361.000	26.000
362.000	16.000
363.000	13.000
364.000	19.000
365.000	12.000
366.000	15.000
367.000	16.000
368.000	6.000
369.000	16.000
370.000	9.000
371.000	12.000
372.000	18.000
373.000	22.000
374.000	12.000
375.000	13.000
376.000	24.000
377.000	23.000
378.000	24.000
379.000	31.000
380.000	38.000
381.000	57.000
382.000	49.000
383.000	70.000
384.000	89.000
385.000	103.000
386.000	120.000
387.000	120.000
388.000	109.000
389.000	88.000
390.000	64.000
391.000	63.000
392.000	48.000
393.000	33.000
394.000	26.000
395.000	31.000
396.000	27.000
397.000	17.000
398.000	24.000
399.000	19.000
400.000	20.000
401.000	24.000
402.000	7.000
403.000	20.000
404.000	24.000
405.000	12.000
406.000	25.000
407.000	24.000
408.000	28.000
409.000	14.000
410.000	21.000
411.000	35.000
412.000	19.000
413.000	29.000
414.000	19.000
415.000	24.000
416.000	23.000
417.000	30.000
418.000	17.000
419.000	17.000
420.000	11.000
421.000	29.000
422.000	23.000
423.000	20.000
424.000	23.000
425.000	25.000
426.000	40.000
427.000	24.000
428.000	30.000
429.000	28.000
430.000	34.000
431.000	29.000
432.000	26.000
433.000	30.000
434.000	39.000
435.000	38.000
436.000	27.000
437.000	30.000
438.000	32.000
439.000	43.000
440.000	27.000
441.000	39.000
442.000	38.000
443.000	22.000
444.000	44.000
445.000	22.000
446.000	35.000
447.000	32.000
448.000	38.000
449.000	39.000
450.000	35.000
451.000	32.000
452.000	27.000
453.000	34.000
454.000	53.000
455.000	29.000
456.000	42.000
457.000	49.000
458.000	41.000
459.000	35.000
460.000	54.000
461.000	41.000
462.000	49.000
463.000	53.000
464.000	46.000
465.000	51.000
466.000	34.000
467.000	40.000
468.000	51.000
469.000	40.000
470.000	41.000
471.000	54.000
472.000	45.000
473.000	46.000
474.000	43.000
475.000	45.000
476.000	44.000
477.000	50.000
478.000	59.000
479.000	51.000
480.000	49.000
481.000	36.000
482.000	42.000
483.000	39.000
484.000	35.000
485.000	49.000
486.000	53.000
487.000	52.000
488.000	61.000
489.000	46.000
490.000	53.000
491.000	52.000
492.000	57.000
493.000	52.000
494.000	46.000
495.000	66.000
496.000	59.000
497.000	66.000
498.000	57.000
499.000	51.000
500.000	59.000
501.000	51.000
502.000	58.000
503.000	76.000
504.000	54.000
505.000	62.000
506.000	62.000
507.000	60.000
508.000	85.000
509.000	66.000
510.000	77.000
511.000	72.000
512.000	74.000
513.000	57.000
514.000	74.000
515.000	71.000
516.000	81.000
517.000	84.000
518.000	74.000
519.000	74.000
520.000	89.000
521.000	71.000
522.000	63.000
523.000	66.000
524.000	81.000
525.000	51.000
526.000	84.000
527.000	62.000
528.000	89.000
529.000	73.000
530.000	76.000
531.000	92.000
532.000	88.000
533.000	83.000
534.000	94.000
535.000	94.000
536.000	93.000
537.000	82.000
538.000	88.000
539.000	81.000
540.000	90.000
541.000	86.000
542.000	98.000
543.000	103.000
544.000	88.000
545.000	92.000
546.000	88.000
547.000	88.000
548.000	85.000
549.000	80.000
550.000	100.000
551.000	107.000
552.000	72.000
553.000	97.000
554.000	84.000
555.000	106.000
556.000	99.000
557.000	88.000
558.000	91.000
559.000	100.000
560.000	96.000
561.000	111.000
562.000	107.000
563.000	94.000
564.000	92.000
565.000	87.000
566.000	108.000
567.000	113.000
568.000	101.000
569.000	109.000
570.000	105.000
571.000	91.000
572.000	99.000
573.000	103.000
574.000	113.000
575.000	122.000
576.000	104.000
577.000	120.000
578.000	105.000
579.000	113.000
580.000	110.000
581.000	99.000
582.000	121.000
583.000	122.000
584.000	110.000
585.000	113.000
586.000	119.000
587.000	113.000
588.000	125.000
589.000	111.000
590.000	113.000
591.000	117.000
592.000	118.000
593.000	115.000
594.000	128.000
595.000	117.000
596.000	117.000
597.000	107.000
598.000	140.000
599.000	107.000
600.000	123.000
601.000	135.000
602.000	136.000
603.000	127.000
604.000	124.000
605.000	124.000
606.000	142.000
607.000	139.000
608.000	140.000
609.000	113.000
610.000	150.000
611.000	137.000
612.000	159.000
613.000	133.000
614.000	127.000
615.000	135.000
616.000	139.000
617.000	145.000
618.000	149.000
619.000	149.000
620.000	143.000
621.000	157.000
622.000	146.000
623.000	151.000
624.000	153.000
625.000	159.000
626.000	128.000
627.000	164.000
628.000	139.000
629.000	151.000
630.000	168.000
631.000	134.000
632.000	155.000
633.000	134.000
634.000	131.000
635.000	157.000
636.000	157.000
637.000	165.000
638.000	153.000
639.000	141.000
640.000	167.000
641.000	165.000
642.000	154.000
643.000	176.000
644.000	158.000
645.000	181.000
646.000	153.000
647.000	173.000
648.000	202.000
649.000	167.000
650.000	165.000
651.000	176.000
652.000	204.000
653.000	186.000
654.000	176.000
655.000	182.000
656.000	180.000
657.000	143.000
658.000	172.000
659.000	188.000
660.000	184.000
661.000	170.000
662.000	173.000
663.000	170.000
664.000	168.000
665.000	172.000
666.000	179.000
667.000	163.000
668.000	186.000
669.000	175.000
670.000	155.000
671.000	185.000
672.000	185.000
673.000	200.000
674.000	177.000
675.000	189.000
676.000	197.000
677.000	191.000
678.000	195.000
679.000	195.000
680.000	191.000
681.000	217.000
682.000	192.000
683.000	215.000
684.000	183.000
685.000	206.000
686.000	185.000
687.000	190.000
688.000	187.000
689.000	212.000
690.000	210.000
691.000	219.000
692.000	188.000
693.000	206.000
694.000	215.000
695.000	212.000
696.000	205.000
697.000	232.000
698.000	207.000
699.000	196.000
700.000	226.000
701.000	220.000
702.000	218.000
703.000	231.000
704.000	212.000
705.000	211.000
706.000	230.000
707.000	210.000
708.000	231.000
709.000	224.000
710.000	204.000
711.000	216.000
712.000	208.000
713.000	210.000
714.000	218.000
715.000	235.000
716.000	215.000
717.000	194.000
718.000	224.000
719.000	195.000
720.000	215.000
721.000	220.000
722.000	219.000
723.000	198.000
724.000	208.000
725.000	199.000
726.000	206.000
727.000	258.000
728.000	221.000
729.000	236.000
730.000	226.000
731.000	218.000
732.000	232.000
733.000	257.000
734.000	231.000
735.000	234.000
736.000	201.000
737.000	244.000
738.000	229.000
739.000	240.000
740.000	240.000
741.000	227.000
742.000	227.000
743.000	242.000
744.000	231.000
745.000	264.000
746.000	262.000
747.000	236.000
748.000	257.000
749.000	246.000
750.000	261.000
751.000	267.000
752.000	215.000
753.000	235.000
754.000	248.000
755.000	263.000
756.000	221.000
757.000	222.000
758.000	256.000
759.000	231.000
760.000	243.000
761.000	247.000
762.000	257.000
763.000	223.000
764.000	224.000
765.000	270.000
766.000	280.000
767.000	275.000
768.000	248.000
769.000	284.000
770.000	260.000
771.000	294.000
772.000	274.000
773.000	267.000
774.000	268.000
775.000	292.000
776.000	285.000
777.000	294.000
778.000	284.000
779.000	287.000
780.000	253.000
781.000	283.000
782.000	288.000
783.000	264.000
784.000	261.000
785.000	265.000
786.000	257.000
787.000	276.000
788.000	299.000
789.000	226.000
790.000	259.000
791.000	268.000
792.000	246.000
793.000	268.000
794.000	282.000
795.000	214.000
796.000	271.000
797.000	255.000
798.000	254.000
799.000	300.000
800.000	264.000
801.000	289.000
802.000	278.000
803.000	266.000
804.000	268.000
805.000	293.000
806.000	271.000
807.000	299.000
808.000	256.000
809.000	278.000
810.000	282.000
811.000	269.000
812.000	278.000
813.000	283.000
814.000	320.000
815.000	291.000
816.000	288.000
817.000	291.000
818.000	309.000
819.000	307.000
820.000	294.000
821.000	294.000
822.000	315.000
823.000	291.000
824.000	280.000
825.000	293.000
826.000	286.000
827.000	295.000
828.000	289.000
829.000	277.000
830.000	289.000
831.000	286.000
832.000	308.000
833.000	286.000
834.000	286.000
835.000	279.000
836.000	296.000
837.000	269.000
838.000	309.000
839.000	316.000
840.000	292.000
841.000	318.000
842.000	283.000
843.000	289.000
844.000	292.000
845.000	293.000
846.000	277.000
847.000	321.000
848.000	339.000
849.000	307.000
850.000	331.000
851.000	346.000
852.000	302.000
853.000	319.000
854.000	354.000
855.000	328.000
856.000	353.000
857.000	333.000
858.000	370.000
859.000	373.000
860.000	381.000
861.000	382.000
862.000	371.000
863.000	385.000
864.000	377.000
865.000	393.000
866.000	404.000
867.000	408.000
868.000	400.000
869.000	394.000
870.000	425.000
871.000	435.000
872.000	485.000
873.000	481.000
874.000	489.000
875.000	464.000
876.000	502.000
877.000	552.000
878.000	555.000
879.000	626.000
880.000	593.000
881.000	652.000
882.000	707.000
883.000	717.000
884.000	786.000
885.000	831.000
886.000	887.000
887.000	895.000
888.000	986.000
889.000	1031.000
890.000	1135.000
891.000	1226.000
892.000	1169.000
893.000	1266.000
894.000	1312.000
895.000	1396.000
896.000	1358.000
897.000	1406.000
898.000	1414.000
899.000	1449.000
900.000	1485.000
901.000	1449.000
902.000	1423.000
903.000	1414.000
904.000	1439.000
905.000	1378.000
906.000	1339.000
907.000	1282.000
908.000	1184.000
909.000	1129.000
910.000	1194.000
911.000	1025.000
912.000	962.000
913.000	878.000
914.000	921.000
915.000	832.000
916.000	765.000
917.000	739.000
918.000	712.000
919.000	681.000
920.000	632.000
921.000	611.000
922.000	565.000
923.000	516.000
924.000	505.000
925.000	451.000
926.000	471.000
927.000	426.000
928.000	423.000
929.000	412.000
930.000	385.000
931.000	346.000
932.000	385.000
933.000	377.000
934.000	347.000
935.000	358.000
936.000	348.000
937.000	372.000
938.000	356.000
939.000	337.000
940.000	361.000
941.000	351.000
942.000	402.000
943.000	389.000
944.000	460.000
945.000	448.000
946.000	539.000
947.000	537.000
948.000	608.000
949.000	640.000
950.000	730.000
951.000	721.000
952.000	777.000
953.000	782.000
954.000	800.000
955.000	792.000
956.000	713.000
957.000	692.000
958.000	618.000
959.000	562.000
960.000	510.000
961.000	474.000
962.000	437.000
963.000	377.000
964.000	384.000
965.000	318.000
966.000	317.000
967.000	310.000
968.000	306.000
969.000	303.000
970.000	306.000
971.000	274.000
972.000	258.000
973.000	278.000
974.000	262.000
975.000	313.000
976.000	292.000
977.000	294.000
978.000	302.000
979.000	289.000
980.000	293.000
981.000	304.000
982.000	311.000
983.000	299.000
984.000	294.000
985.000	323.000
986.000	305.000
987.000	292.000
988.000	306.000
989.000	325.000
990.000	340.000
991.000	339.000
992.000	365.000
993.000	373.000
994.000	396.000
995.000	399.000
996.000	381.000
997.000	381.000
998.000	422.000
999.000	434.000
1000.000	408.000
1001.000	433.000
1002.000	421.000
1003.000	429.000
1004.000	426.000
1005.000	442.000
1006.000	414.000
1007.000	373.000
1008.000	417.000
1009.000	401.000
1010.000	412.000
1011.000	398.000
1012.000	389.000
1013.000	331.000
1014.000	325.000
1015.000	348.000
1016.000	355.000
1017.000	335.000
1018.000	325.000
1019.000	309.000
1020.000	319.000
1021.000	289.000
1022.000	282.000
1023.000	290.000
1024.000	252.000
