Date:	8/19/2008		Time:	8:43 AM		Version no:	0.00		Project name:	55		Sample name:	222		Section name:	section		Position	86.039995	mm	E0	0.000000	keV	E1	1.000000	keV/channel	sample surface	7.591915	cm	Tube anode:	Mo		Tube voltage:	30	kV	Tube current:	50	mA	gain	20		std. database			resultfile	result		matrix element	11		sample thickness	1.000000		air passage	0.560000	cm	comments	not in position		peaking_time	3.000000	m-sec	trigger_threshold	1229.166667	V	mca_bin_width	22.090000	no:	number_mca_channels	1024.000000	no:	gap_time	0.400000	m-sec	trigger_peaking_time	0.150000	m-sec	GAINDAC	9455		HIGHGAIN	1		TAURC	0		RCTAU	53		RCTAUFRAC	32768		livetime	9.666021	seconds	runtime	10.000502	seconds	input_count_rate	31.469413	cps	output_count_rate	23.362628	cps	triggers	304184	seconds	events_in_run	233638	seconds	channel	content		1.000	0.000
2.000	0.000
3.000	0.000
4.000	0.000
5.000	0.000
6.000	0.000
7.000	0.000
8.000	0.000
9.000	0.000
10.000	0.000
11.000	0.000
12.000	0.000
13.000	0.000
14.000	0.000
15.000	0.000
16.000	0.000
17.000	0.000
18.000	0.000
19.000	0.000
20.000	0.000
21.000	0.000
22.000	0.000
23.000	0.000
24.000	0.000
25.000	0.000
26.000	0.000
27.000	0.000
28.000	0.000
29.000	0.000
30.000	0.000
31.000	1.000
32.000	0.000
33.000	1.000
34.000	0.000
35.000	1.000
36.000	1.000
37.000	0.000
38.000	1.000
39.000	3.000
40.000	4.000
41.000	5.000
42.000	2.000
43.000	5.000
44.000	5.000
45.000	7.000
46.000	5.000
47.000	4.000
48.000	7.000
49.000	7.000
50.000	15.000
51.000	13.000
52.000	14.000
53.000	11.000
54.000	8.000
55.000	7.000
56.000	5.000
57.000	5.000
58.000	10.000
59.000	8.000
60.000	6.000
61.000	4.000
62.000	15.000
63.000	11.000
64.000	12.000
65.000	12.000
66.000	10.000
67.000	8.000
68.000	9.000
69.000	6.000
70.000	10.000
71.000	13.000
72.000	9.000
73.000	4.000
74.000	11.000
75.000	9.000
76.000	6.000
77.000	9.000
78.000	9.000
79.000	23.000
80.000	7.000
81.000	10.000
82.000	12.000
83.000	5.000
84.000	6.000
85.000	6.000
86.000	8.000
87.000	8.000
88.000	12.000
89.000	10.000
90.000	9.000
91.000	13.000
92.000	11.000
93.000	11.000
94.000	7.000
95.000	5.000
96.000	5.000
97.000	12.000
98.000	3.000
99.000	8.000
100.000	8.000
101.000	8.000
102.000	10.000
103.000	7.000
104.000	10.000
105.000	7.000
106.000	2.000
107.000	7.000
108.000	6.000
109.000	13.000
110.000	6.000
111.000	10.000
112.000	11.000
113.000	6.000
114.000	4.000
115.000	5.000
116.000	9.000
117.000	7.000
118.000	5.000
119.000	5.000
120.000	7.000
121.000	8.000
122.000	10.000
123.000	6.000
124.000	8.000
125.000	12.000
126.000	12.000
127.000	9.000
128.000	10.000
129.000	7.000
130.000	5.000
131.000	9.000
132.000	10.000
133.000	8.000
134.000	8.000
135.000	5.000
136.000	8.000
137.000	3.000
138.000	13.000
139.000	9.000
140.000	6.000
141.000	4.000
142.000	8.000
143.000	2.000
144.000	9.000
145.000	5.000
146.000	3.000
147.000	6.000
148.000	7.000
149.000	5.000
150.000	3.000
151.000	4.000
152.000	2.000
153.000	3.000
154.000	2.000
155.000	1.000
156.000	7.000
157.000	4.000
158.000	5.000
159.000	7.000
160.000	11.000
161.000	13.000
162.000	13.000
163.000	12.000
164.000	11.000
165.000	7.000
166.000	8.000
167.000	8.000
168.000	4.000
169.000	7.000
170.000	3.000
171.000	3.000
172.000	7.000
173.000	6.000
174.000	5.000
175.000	2.000
176.000	7.000
177.000	5.000
178.000	6.000
179.000	7.000
180.000	8.000
181.000	11.000
182.000	13.000
183.000	7.000
184.000	12.000
185.000	6.000
186.000	8.000
187.000	4.000
188.000	4.000
189.000	5.000
190.000	4.000
191.000	6.000
192.000	5.000
193.000	4.000
194.000	5.000
195.000	4.000
196.000	2.000
197.000	7.000
198.000	11.000
199.000	20.000
200.000	21.000
201.000	27.000
202.000	24.000
203.000	29.000
204.000	24.000
205.000	11.000
206.000	10.000
207.000	6.000
208.000	12.000
209.000	8.000
210.000	4.000
211.000	2.000
212.000	4.000
213.000	0.000
214.000	0.000
215.000	6.000
216.000	3.000
217.000	3.000
218.000	7.000
219.000	9.000
220.000	10.000
221.000	10.000
222.000	9.000
223.000	8.000
224.000	6.000
225.000	6.000
226.000	7.000
227.000	3.000
228.000	4.000
229.000	1.000
230.000	5.000
231.000	0.000
232.000	3.000
233.000	4.000
234.000	5.000
235.000	4.000
236.000	2.000
237.000	6.000
238.000	5.000
239.000	1.000
240.000	2.000
241.000	5.000
242.000	13.000
243.000	7.000
244.000	17.000
245.000	9.000
246.000	10.000
247.000	10.000
248.000	14.000
249.000	12.000
250.000	13.000
251.000	6.000
252.000	13.000
253.000	3.000
254.000	9.000
255.000	4.000
256.000	5.000
257.000	11.000
258.000	13.000
259.000	5.000
260.000	4.000
261.000	3.000
262.000	4.000
263.000	9.000
264.000	7.000
265.000	5.000
266.000	10.000
267.000	10.000
268.000	7.000
269.000	2.000
270.000	9.000
271.000	6.000
272.000	9.000
273.000	5.000
274.000	8.000
275.000	6.000
276.000	8.000
277.000	11.000
278.000	7.000
279.000	4.000
280.000	6.000
281.000	3.000
282.000	1.000
283.000	4.000
284.000	5.000
285.000	7.000
286.000	10.000
287.000	8.000
288.000	5.000
289.000	8.000
290.000	7.000
291.000	4.000
292.000	5.000
293.000	10.000
294.000	10.000
295.000	6.000
296.000	12.000
297.000	8.000
298.000	10.000
299.000	12.000
300.000	7.000
301.000	12.000
302.000	11.000
303.000	13.000
304.000	13.000
305.000	9.000
306.000	6.000
307.000	2.000
308.000	4.000
309.000	11.000
310.000	7.000
311.000	7.000
312.000	9.000
313.000	6.000
314.000	10.000
315.000	11.000
316.000	18.000
317.000	16.000
318.000	21.000
319.000	38.000
320.000	40.000
321.000	44.000
322.000	48.000
323.000	65.000
324.000	59.000
325.000	48.000
326.000	36.000
327.000	31.000
328.000	23.000
329.000	20.000
330.000	14.000
331.000	16.000
332.000	17.000
333.000	10.000
334.000	8.000
335.000	14.000
336.000	10.000
337.000	15.000
338.000	16.000
339.000	22.000
340.000	22.000
341.000	32.000
342.000	44.000
343.000	108.000
344.000	174.000
345.000	249.000
346.000	355.000
347.000	443.000
348.000	574.000
349.000	732.000
350.000	802.000
351.000	802.000
352.000	738.000
353.000	638.000
354.000	541.000
355.000	407.000
356.000	245.000
357.000	157.000
358.000	104.000
359.000	76.000
360.000	31.000
361.000	30.000
362.000	26.000
363.000	26.000
364.000	27.000
365.000	25.000
366.000	25.000
367.000	17.000
368.000	15.000
369.000	25.000
370.000	26.000
371.000	22.000
372.000	20.000
373.000	21.000
374.000	24.000
375.000	31.000
376.000	30.000
377.000	27.000
378.000	37.000
379.000	45.000
380.000	53.000
381.000	72.000
382.000	80.000
383.000	104.000
384.000	148.000
385.000	140.000
386.000	161.000
387.000	165.000
388.000	136.000
389.000	108.000
390.000	105.000
391.000	82.000
392.000	76.000
393.000	34.000
394.000	38.000
395.000	30.000
396.000	29.000
397.000	20.000
398.000	26.000
399.000	23.000
400.000	27.000
401.000	21.000
402.000	28.000
403.000	33.000
404.000	27.000
405.000	27.000
406.000	32.000
407.000	33.000
408.000	28.000
409.000	27.000
410.000	24.000
411.000	35.000
412.000	33.000
413.000	27.000
414.000	30.000
415.000	30.000
416.000	35.000
417.000	20.000
418.000	31.000
419.000	27.000
420.000	27.000
421.000	38.000
422.000	36.000
423.000	21.000
424.000	31.000
425.000	28.000
426.000	30.000
427.000	28.000
428.000	33.000
429.000	41.000
430.000	36.000
431.000	34.000
432.000	38.000
433.000	38.000
434.000	49.000
435.000	37.000
436.000	46.000
437.000	39.000
438.000	55.000
439.000	38.000
440.000	43.000
441.000	48.000
442.000	47.000
443.000	37.000
444.000	51.000
445.000	53.000
446.000	43.000
447.000	40.000
448.000	37.000
449.000	39.000
450.000	46.000
451.000	34.000
452.000	42.000
453.000	43.000
454.000	47.000
455.000	44.000
456.000	53.000
457.000	47.000
458.000	51.000
459.000	48.000
460.000	56.000
461.000	50.000
462.000	62.000
463.000	59.000
464.000	43.000
465.000	51.000
466.000	47.000
467.000	46.000
468.000	44.000
469.000	56.000
470.000	59.000
471.000	67.000
472.000	52.000
473.000	58.000
474.000	58.000
475.000	45.000
476.000	63.000
477.000	54.000
478.000	51.000
479.000	66.000
480.000	54.000
481.000	54.000
482.000	80.000
483.000	69.000
484.000	64.000
485.000	63.000
486.000	59.000
487.000	56.000
488.000	67.000
489.000	73.000
490.000	66.000
491.000	66.000
492.000	64.000
493.000	74.000
494.000	74.000
495.000	67.000
496.000	69.000
497.000	64.000
498.000	69.000
499.000	78.000
500.000	64.000
501.000	76.000
502.000	68.000
503.000	80.000
504.000	81.000
505.000	69.000
506.000	69.000
507.000	91.000
508.000	82.000
509.000	84.000
510.000	100.000
511.000	80.000
512.000	87.000
513.000	88.000
514.000	88.000
515.000	78.000
516.000	93.000
517.000	89.000
518.000	84.000
519.000	87.000
520.000	89.000
521.000	90.000
522.000	91.000
523.000	101.000
524.000	91.000
525.000	92.000
526.000	85.000
527.000	117.000
528.000	101.000
529.000	99.000
530.000	92.000
531.000	100.000
532.000	94.000
533.000	102.000
534.000	92.000
535.000	110.000
536.000	86.000
537.000	82.000
538.000	125.000
539.000	103.000
540.000	106.000
541.000	112.000
542.000	114.000
543.000	104.000
544.000	106.000
545.000	97.000
546.000	110.000
547.000	102.000
548.000	115.000
549.000	109.000
550.000	114.000
551.000	110.000
552.000	104.000
553.000	105.000
554.000	91.000
555.000	109.000
556.000	125.000
557.000	116.000
558.000	100.000
559.000	117.000
560.000	129.000
561.000	118.000
562.000	115.000
563.000	118.000
564.000	127.000
565.000	104.000
566.000	122.000
567.000	118.000
568.000	116.000
569.000	107.000
570.000	130.000
571.000	128.000
572.000	133.000
573.000	132.000
574.000	125.000
575.000	124.000
576.000	133.000
577.000	134.000
578.000	132.000
579.000	127.000
580.000	125.000
581.000	137.000
582.000	137.000
583.000	145.000
584.000	155.000
585.000	132.000
586.000	146.000
587.000	153.000
588.000	142.000
589.000	146.000
590.000	152.000
591.000	144.000
592.000	147.000
593.000	169.000
594.000	140.000
595.000	147.000
596.000	149.000
597.000	136.000
598.000	145.000
599.000	154.000
600.000	150.000
601.000	132.000
602.000	151.000
603.000	155.000
604.000	154.000
605.000	153.000
606.000	140.000
607.000	153.000
608.000	176.000
609.000	175.000
610.000	157.000
611.000	177.000
612.000	160.000
613.000	184.000
614.000	178.000
615.000	152.000
616.000	165.000
617.000	163.000
618.000	181.000
619.000	149.000
620.000	161.000
621.000	188.000
622.000	172.000
623.000	161.000
624.000	163.000
625.000	189.000
626.000	159.000
627.000	172.000
628.000	176.000
629.000	179.000
630.000	170.000
631.000	177.000
632.000	213.000
633.000	176.000
634.000	198.000
635.000	213.000
636.000	181.000
637.000	173.000
638.000	180.000
639.000	215.000
640.000	179.000
641.000	222.000
642.000	195.000
643.000	188.000
644.000	204.000
645.000	171.000
646.000	201.000
647.000	205.000
648.000	209.000
649.000	224.000
650.000	190.000
651.000	214.000
652.000	201.000
653.000	228.000
654.000	231.000
655.000	224.000
656.000	202.000
657.000	196.000
658.000	192.000
659.000	187.000
660.000	223.000
661.000	247.000
662.000	225.000
663.000	201.000
664.000	198.000
665.000	210.000
666.000	214.000
667.000	215.000
668.000	229.000
669.000	243.000
670.000	213.000
671.000	240.000
672.000	215.000
673.000	224.000
674.000	241.000
675.000	242.000
676.000	215.000
677.000	210.000
678.000	227.000
679.000	220.000
680.000	196.000
681.000	188.000
682.000	222.000
683.000	207.000
684.000	239.000
685.000	253.000
686.000	241.000
687.000	200.000
688.000	203.000
689.000	241.000
690.000	211.000
691.000	243.000
692.000	212.000
693.000	245.000
694.000	259.000
695.000	241.000
696.000	231.000
697.000	233.000
698.000	215.000
699.000	256.000
700.000	229.000
701.000	237.000
702.000	263.000
703.000	255.000
704.000	278.000
705.000	236.000
706.000	263.000
707.000	250.000
708.000	225.000
709.000	254.000
710.000	243.000
711.000	269.000
712.000	262.000
713.000	211.000
714.000	262.000
715.000	257.000
716.000	248.000
717.000	262.000
718.000	195.000
719.000	263.000
720.000	258.000
721.000	259.000
722.000	245.000
723.000	275.000
724.000	247.000
725.000	241.000
726.000	271.000
727.000	260.000
728.000	288.000
729.000	290.000
730.000	278.000
731.000	266.000
732.000	237.000
733.000	289.000
734.000	260.000
735.000	250.000
736.000	273.000
737.000	283.000
738.000	260.000
739.000	270.000
740.000	276.000
741.000	262.000
742.000	258.000
743.000	247.000
744.000	299.000
745.000	277.000
746.000	264.000
747.000	256.000
748.000	286.000
749.000	265.000
750.000	292.000
751.000	242.000
752.000	301.000
753.000	266.000
754.000	251.000
755.000	250.000
756.000	258.000
757.000	277.000
758.000	301.000
759.000	261.000
760.000	279.000
761.000	272.000
762.000	292.000
763.000	284.000
764.000	287.000
765.000	320.000
766.000	305.000
767.000	258.000
768.000	270.000
769.000	303.000
770.000	293.000
771.000	321.000
772.000	314.000
773.000	313.000
774.000	324.000
775.000	294.000
776.000	295.000
777.000	312.000
778.000	324.000
779.000	313.000
780.000	301.000
781.000	324.000
782.000	300.000
783.000	328.000
784.000	311.000
785.000	284.000
786.000	317.000
787.000	295.000
788.000	293.000
789.000	298.000
790.000	271.000
791.000	292.000
792.000	306.000
793.000	293.000
794.000	304.000
795.000	278.000
796.000	271.000
797.000	313.000
798.000	333.000
799.000	314.000
800.000	289.000
801.000	323.000
802.000	300.000
803.000	317.000
804.000	294.000
805.000	297.000
806.000	284.000
807.000	282.000
808.000	339.000
809.000	271.000
810.000	293.000
811.000	318.000
812.000	336.000
813.000	304.000
814.000	337.000
815.000	290.000
816.000	324.000
817.000	318.000
818.000	325.000
819.000	314.000
820.000	317.000
821.000	333.000
822.000	300.000
823.000	320.000
824.000	348.000
825.000	313.000
826.000	317.000
827.000	342.000
828.000	316.000
829.000	322.000
830.000	319.000
831.000	324.000
832.000	334.000
833.000	321.000
834.000	296.000
835.000	329.000
836.000	321.000
837.000	303.000
838.000	329.000
839.000	344.000
840.000	331.000
841.000	389.000
842.000	311.000
843.000	362.000
844.000	342.000
845.000	352.000
846.000	354.000
847.000	391.000
848.000	342.000
849.000	353.000
850.000	360.000
851.000	336.000
852.000	390.000
853.000	372.000
854.000	374.000
855.000	364.000
856.000	371.000
857.000	399.000
858.000	370.000
859.000	389.000
860.000	393.000
861.000	386.000
862.000	397.000
863.000	397.000
864.000	426.000
865.000	404.000
866.000	451.000
867.000	429.000
868.000	454.000
869.000	474.000
870.000	438.000
871.000	496.000
872.000	560.000
873.000	483.000
874.000	508.000
875.000	512.000
876.000	568.000
877.000	582.000
878.000	610.000
879.000	647.000
880.000	702.000
881.000	749.000
882.000	759.000
883.000	824.000
884.000	818.000
885.000	948.000
886.000	991.000
887.000	1009.000
888.000	1066.000
889.000	1160.000
890.000	1220.000
891.000	1213.000
892.000	1350.000
893.000	1463.000
894.000	1490.000
895.000	1446.000
896.000	1417.000
897.000	1534.000
898.000	1561.000
899.000	1529.000
900.000	1583.000
901.000	1570.000
902.000	1512.000
903.000	1555.000
904.000	1477.000
905.000	1420.000
906.000	1483.000
907.000	1348.000
908.000	1396.000
909.000	1344.000
910.000	1269.000
911.000	1142.000
912.000	1099.000
913.000	1046.000
914.000	1000.000
915.000	948.000
916.000	888.000
917.000	845.000
918.000	826.000
919.000	746.000
920.000	677.000
921.000	661.000
922.000	584.000
923.000	566.000
924.000	544.000
925.000	535.000
926.000	492.000
927.000	462.000
928.000	461.000
929.000	434.000
930.000	413.000
931.000	394.000
932.000	428.000
933.000	361.000
934.000	354.000
935.000	394.000
936.000	366.000
937.000	375.000
938.000	367.000
939.000	386.000
940.000	410.000
941.000	372.000
942.000	427.000
943.000	492.000
944.000	477.000
945.000	555.000
946.000	595.000
947.000	631.000
948.000	693.000
949.000	753.000
950.000	794.000
951.000	777.000
952.000	823.000
953.000	772.000
954.000	876.000
955.000	842.000
956.000	821.000
957.000	667.000
958.000	709.000
959.000	646.000
960.000	585.000
961.000	515.000
962.000	457.000
963.000	426.000
964.000	360.000
965.000	345.000
966.000	358.000
967.000	269.000
968.000	322.000
969.000	316.000
970.000	276.000
971.000	320.000
972.000	293.000
973.000	314.000
974.000	301.000
975.000	279.000
976.000	287.000
977.000	323.000
978.000	311.000
979.000	281.000
980.000	278.000
981.000	295.000
982.000	297.000
983.000	321.000
984.000	355.000
985.000	315.000
986.000	337.000
987.000	349.000
988.000	347.000
989.000	361.000
990.000	368.000
991.000	406.000
992.000	361.000
993.000	385.000
994.000	447.000
995.000	442.000
996.000	422.000
997.000	419.000
998.000	440.000
999.000	445.000
1000.000	427.000
1001.000	463.000
1002.000	482.000
1003.000	472.000
1004.000	434.000
1005.000	499.000
1006.000	428.000
1007.000	439.000
1008.000	435.000
1009.000	475.000
1010.000	415.000
1011.000	432.000
1012.000	385.000
1013.000	439.000
1014.000	373.000
1015.000	383.000
1016.000	352.000
1017.000	371.000
1018.000	380.000
1019.000	330.000
1020.000	327.000
1021.000	296.000
1022.000	319.000
1023.000	289.000
1024.000	299.000
