Date:	8/19/2008		Time:	9:37 AM		Version no:	0.00		Project name:	55		Sample name:	222		Section name:	section		Position	656.039995	mm	E0	0.000000	keV	E1	1.000000	keV/channel	sample surface	7.641175	cm	Tube anode:	Mo		Tube voltage:	30	kV	Tube current:	50	mA	gain	20		std. database			resultfile	result		matrix element	11		sample thickness	1.000000		air passage	0.560000	cm	comments	not in position		peaking_time	3.000000	m-sec	trigger_threshold	1229.166667	V	mca_bin_width	22.090000	no:	number_mca_channels	1024.000000	no:	gap_time	0.400000	m-sec	trigger_peaking_time	0.150000	m-sec	GAINDAC	9455		HIGHGAIN	1		TAURC	0		RCTAU	53		RCTAUFRAC	32768		livetime	9.719473	seconds	runtime	10.000502	seconds	input_count_rate	26.835097	cps	output_count_rate	20.761657	cps	triggers	260823	seconds	events_in_run	207627	seconds	channel	content		1.000	0.000
2.000	0.000
3.000	0.000
4.000	0.000
5.000	0.000
6.000	0.000
7.000	0.000
8.000	0.000
9.000	0.000
10.000	0.000
11.000	0.000
12.000	0.000
13.000	0.000
14.000	0.000
15.000	0.000
16.000	0.000
17.000	0.000
18.000	0.000
19.000	0.000
20.000	0.000
21.000	0.000
22.000	0.000
23.000	0.000
24.000	0.000
25.000	0.000
26.000	0.000
27.000	0.000
28.000	0.000
29.000	0.000
30.000	0.000
31.000	0.000
32.000	0.000
33.000	2.000
34.000	2.000
35.000	3.000
36.000	3.000
37.000	0.000
38.000	3.000
39.000	3.000
40.000	6.000
41.000	2.000
42.000	4.000
43.000	3.000
44.000	6.000
45.000	4.000
46.000	5.000
47.000	5.000
48.000	9.000
49.000	9.000
50.000	9.000
51.000	11.000
52.000	13.000
53.000	9.000
54.000	7.000
55.000	8.000
56.000	10.000
57.000	4.000
58.000	7.000
59.000	8.000
60.000	11.000
61.000	10.000
62.000	14.000
63.000	11.000
64.000	10.000
65.000	13.000
66.000	13.000
67.000	11.000
68.000	11.000
69.000	9.000
70.000	15.000
71.000	5.000
72.000	14.000
73.000	2.000
74.000	6.000
75.000	11.000
76.000	5.000
77.000	13.000
78.000	8.000
79.000	8.000
80.000	9.000
81.000	5.000
82.000	10.000
83.000	9.000
84.000	6.000
85.000	13.000
86.000	5.000
87.000	6.000
88.000	5.000
89.000	5.000
90.000	5.000
91.000	11.000
92.000	8.000
93.000	11.000
94.000	10.000
95.000	4.000
96.000	7.000
97.000	8.000
98.000	5.000
99.000	8.000
100.000	7.000
101.000	6.000
102.000	10.000
103.000	8.000
104.000	8.000
105.000	4.000
106.000	13.000
107.000	8.000
108.000	4.000
109.000	4.000
110.000	10.000
111.000	3.000
112.000	10.000
113.000	7.000
114.000	5.000
115.000	6.000
116.000	3.000
117.000	3.000
118.000	4.000
119.000	7.000
120.000	5.000
121.000	4.000
122.000	6.000
123.000	4.000
124.000	5.000
125.000	10.000
126.000	14.000
127.000	10.000
128.000	10.000
129.000	8.000
130.000	9.000
131.000	19.000
132.000	10.000
133.000	4.000
134.000	6.000
135.000	6.000
136.000	3.000
137.000	7.000
138.000	12.000
139.000	11.000
140.000	6.000
141.000	6.000
142.000	4.000
143.000	4.000
144.000	5.000
145.000	1.000
146.000	4.000
147.000	8.000
148.000	5.000
149.000	6.000
150.000	2.000
151.000	4.000
152.000	2.000
153.000	1.000
154.000	5.000
155.000	5.000
156.000	10.000
157.000	6.000
158.000	5.000
159.000	10.000
160.000	7.000
161.000	11.000
162.000	11.000
163.000	13.000
164.000	11.000
165.000	8.000
166.000	10.000
167.000	4.000
168.000	6.000
169.000	7.000
170.000	7.000
171.000	3.000
172.000	4.000
173.000	6.000
174.000	8.000
175.000	7.000
176.000	3.000
177.000	3.000
178.000	3.000
179.000	7.000
180.000	5.000
181.000	4.000
182.000	4.000
183.000	13.000
184.000	5.000
185.000	3.000
186.000	4.000
187.000	6.000
188.000	2.000
189.000	2.000
190.000	3.000
191.000	4.000
192.000	1.000
193.000	6.000
194.000	3.000
195.000	7.000
196.000	4.000
197.000	9.000
198.000	10.000
199.000	11.000
200.000	17.000
201.000	8.000
202.000	15.000
203.000	15.000
204.000	17.000
205.000	17.000
206.000	12.000
207.000	13.000
208.000	5.000
209.000	6.000
210.000	2.000
211.000	5.000
212.000	1.000
213.000	0.000
214.000	3.000
215.000	3.000
216.000	7.000
217.000	5.000
218.000	5.000
219.000	3.000
220.000	4.000
221.000	7.000
222.000	6.000
223.000	7.000
224.000	5.000
225.000	2.000
226.000	5.000
227.000	1.000
228.000	2.000
229.000	2.000
230.000	5.000
231.000	0.000
232.000	1.000
233.000	5.000
234.000	4.000
235.000	1.000
236.000	1.000
237.000	4.000
238.000	4.000
239.000	2.000
240.000	3.000
241.000	3.000
242.000	0.000
243.000	9.000
244.000	7.000
245.000	14.000
246.000	9.000
247.000	7.000
248.000	12.000
249.000	9.000
250.000	10.000
251.000	5.000
252.000	6.000
253.000	4.000
254.000	6.000
255.000	7.000
256.000	5.000
257.000	3.000
258.000	8.000
259.000	8.000
260.000	6.000
261.000	4.000
262.000	5.000
263.000	7.000
264.000	1.000
265.000	3.000
266.000	3.000
267.000	9.000
268.000	2.000
269.000	3.000
270.000	5.000
271.000	5.000
272.000	5.000
273.000	10.000
274.000	5.000
275.000	1.000
276.000	5.000
277.000	5.000
278.000	2.000
279.000	2.000
280.000	2.000
281.000	4.000
282.000	6.000
283.000	5.000
284.000	3.000
285.000	3.000
286.000	4.000
287.000	10.000
288.000	4.000
289.000	2.000
290.000	3.000
291.000	6.000
292.000	9.000
293.000	6.000
294.000	7.000
295.000	7.000
296.000	9.000
297.000	10.000
298.000	6.000
299.000	5.000
300.000	3.000
301.000	8.000
302.000	4.000
303.000	3.000
304.000	3.000
305.000	2.000
306.000	7.000
307.000	4.000
308.000	8.000
309.000	9.000
310.000	5.000
311.000	4.000
312.000	7.000
313.000	6.000
314.000	7.000
315.000	8.000
316.000	11.000
317.000	17.000
318.000	28.000
319.000	31.000
320.000	23.000
321.000	46.000
322.000	39.000
323.000	39.000
324.000	41.000
325.000	44.000
326.000	24.000
327.000	29.000
328.000	17.000
329.000	13.000
330.000	8.000
331.000	11.000
332.000	7.000
333.000	13.000
334.000	8.000
335.000	11.000
336.000	6.000
337.000	5.000
338.000	17.000
339.000	12.000
340.000	14.000
341.000	19.000
342.000	34.000
343.000	48.000
344.000	91.000
345.000	140.000
346.000	200.000
347.000	271.000
348.000	377.000
349.000	443.000
350.000	428.000
351.000	474.000
352.000	431.000
353.000	362.000
354.000	300.000
355.000	222.000
356.000	155.000
357.000	113.000
358.000	64.000
359.000	35.000
360.000	25.000
361.000	12.000
362.000	18.000
363.000	14.000
364.000	13.000
365.000	11.000
366.000	16.000
367.000	18.000
368.000	19.000
369.000	10.000
370.000	11.000
371.000	11.000
372.000	17.000
373.000	8.000
374.000	14.000
375.000	18.000
376.000	17.000
377.000	27.000
378.000	26.000
379.000	18.000
380.000	33.000
381.000	42.000
382.000	53.000
383.000	69.000
384.000	74.000
385.000	99.000
386.000	95.000
387.000	90.000
388.000	99.000
389.000	73.000
390.000	57.000
391.000	42.000
392.000	53.000
393.000	30.000
394.000	20.000
395.000	22.000
396.000	22.000
397.000	15.000
398.000	15.000
399.000	10.000
400.000	14.000
401.000	18.000
402.000	12.000
403.000	15.000
404.000	22.000
405.000	15.000
406.000	22.000
407.000	22.000
408.000	23.000
409.000	25.000
410.000	21.000
411.000	16.000
412.000	19.000
413.000	26.000
414.000	24.000
415.000	9.000
416.000	22.000
417.000	25.000
418.000	22.000
419.000	29.000
420.000	25.000
421.000	18.000
422.000	22.000
423.000	19.000
424.000	19.000
425.000	29.000
426.000	21.000
427.000	25.000
428.000	18.000
429.000	30.000
430.000	25.000
431.000	23.000
432.000	16.000
433.000	28.000
434.000	22.000
435.000	33.000
436.000	33.000
437.000	23.000
438.000	30.000
439.000	21.000
440.000	27.000
441.000	29.000
442.000	34.000
443.000	32.000
444.000	26.000
445.000	30.000
446.000	32.000
447.000	28.000
448.000	35.000
449.000	41.000
450.000	24.000
451.000	32.000
452.000	29.000
453.000	32.000
454.000	37.000
455.000	31.000
456.000	34.000
457.000	31.000
458.000	36.000
459.000	39.000
460.000	33.000
461.000	29.000
462.000	40.000
463.000	34.000
464.000	32.000
465.000	35.000
466.000	34.000
467.000	33.000
468.000	46.000
469.000	42.000
470.000	36.000
471.000	47.000
472.000	41.000
473.000	35.000
474.000	48.000
475.000	39.000
476.000	31.000
477.000	47.000
478.000	42.000
479.000	33.000
480.000	35.000
481.000	43.000
482.000	55.000
483.000	44.000
484.000	53.000
485.000	35.000
486.000	47.000
487.000	46.000
488.000	43.000
489.000	57.000
490.000	44.000
491.000	50.000
492.000	44.000
493.000	51.000
494.000	45.000
495.000	40.000
496.000	49.000
497.000	41.000
498.000	47.000
499.000	43.000
500.000	50.000
501.000	48.000
502.000	45.000
503.000	41.000
504.000	58.000
505.000	63.000
506.000	50.000
507.000	57.000
508.000	66.000
509.000	58.000
510.000	58.000
511.000	44.000
512.000	55.000
513.000	50.000
514.000	58.000
515.000	57.000
516.000	63.000
517.000	54.000
518.000	62.000
519.000	63.000
520.000	67.000
521.000	55.000
522.000	66.000
523.000	74.000
524.000	66.000
525.000	75.000
526.000	59.000
527.000	69.000
528.000	56.000
529.000	64.000
530.000	74.000
531.000	67.000
532.000	63.000
533.000	80.000
534.000	54.000
535.000	81.000
536.000	45.000
537.000	66.000
538.000	81.000
539.000	74.000
540.000	72.000
541.000	69.000
542.000	80.000
543.000	80.000
544.000	81.000
545.000	83.000
546.000	95.000
547.000	69.000
548.000	78.000
549.000	76.000
550.000	73.000
551.000	85.000
552.000	80.000
553.000	91.000
554.000	70.000
555.000	70.000
556.000	82.000
557.000	85.000
558.000	109.000
559.000	101.000
560.000	73.000
561.000	82.000
562.000	84.000
563.000	83.000
564.000	103.000
565.000	97.000
566.000	85.000
567.000	80.000
568.000	91.000
569.000	91.000
570.000	82.000
571.000	107.000
572.000	109.000
573.000	94.000
574.000	96.000
575.000	99.000
576.000	95.000
577.000	88.000
578.000	95.000
579.000	88.000
580.000	104.000
581.000	93.000
582.000	105.000
583.000	98.000
584.000	106.000
585.000	116.000
586.000	109.000
587.000	108.000
588.000	110.000
589.000	130.000
590.000	112.000
591.000	99.000
592.000	98.000
593.000	107.000
594.000	117.000
595.000	96.000
596.000	126.000
597.000	106.000
598.000	109.000
599.000	119.000
600.000	90.000
601.000	114.000
602.000	119.000
603.000	125.000
604.000	113.000
605.000	139.000
606.000	129.000
607.000	122.000
608.000	110.000
609.000	125.000
610.000	138.000
611.000	158.000
612.000	123.000
613.000	136.000
614.000	120.000
615.000	121.000
616.000	124.000
617.000	132.000
618.000	156.000
619.000	128.000
620.000	129.000
621.000	126.000
622.000	134.000
623.000	140.000
624.000	149.000
625.000	141.000
626.000	150.000
627.000	136.000
628.000	160.000
629.000	159.000
630.000	146.000
631.000	148.000
632.000	125.000
633.000	155.000
634.000	144.000
635.000	146.000
636.000	148.000
637.000	143.000
638.000	169.000
639.000	129.000
640.000	147.000
641.000	178.000
642.000	150.000
643.000	155.000
644.000	167.000
645.000	157.000
646.000	169.000
647.000	167.000
648.000	169.000
649.000	172.000
650.000	177.000
651.000	182.000
652.000	168.000
653.000	156.000
654.000	152.000
655.000	152.000
656.000	150.000
657.000	177.000
658.000	179.000
659.000	190.000
660.000	155.000
661.000	183.000
662.000	157.000
663.000	165.000
664.000	184.000
665.000	162.000
666.000	167.000
667.000	171.000
668.000	182.000
669.000	197.000
670.000	146.000
671.000	201.000
672.000	177.000
673.000	182.000
674.000	197.000
675.000	192.000
676.000	170.000
677.000	179.000
678.000	188.000
679.000	201.000
680.000	215.000
681.000	184.000
682.000	175.000
683.000	199.000
684.000	189.000
685.000	176.000
686.000	197.000
687.000	181.000
688.000	177.000
689.000	188.000
690.000	198.000
691.000	190.000
692.000	208.000
693.000	197.000
694.000	213.000
695.000	215.000
696.000	192.000
697.000	198.000
698.000	189.000
699.000	201.000
700.000	196.000
701.000	193.000
702.000	205.000
703.000	203.000
704.000	190.000
705.000	197.000
706.000	198.000
707.000	207.000
708.000	190.000
709.000	226.000
710.000	199.000
711.000	203.000
712.000	193.000
713.000	196.000
714.000	177.000
715.000	197.000
716.000	213.000
717.000	217.000
718.000	198.000
719.000	199.000
720.000	227.000
721.000	230.000
722.000	234.000
723.000	228.000
724.000	214.000
725.000	222.000
726.000	205.000
727.000	254.000
728.000	203.000
729.000	251.000
730.000	226.000
731.000	216.000
732.000	246.000
733.000	216.000
734.000	210.000
735.000	225.000
736.000	219.000
737.000	216.000
738.000	238.000
739.000	247.000
740.000	223.000
741.000	241.000
742.000	246.000
743.000	227.000
744.000	251.000
745.000	229.000
746.000	240.000
747.000	253.000
748.000	220.000
749.000	233.000
750.000	250.000
751.000	228.000
752.000	237.000
753.000	243.000
754.000	221.000
755.000	227.000
756.000	235.000
757.000	281.000
758.000	249.000
759.000	255.000
760.000	238.000
761.000	248.000
762.000	260.000
763.000	250.000
764.000	235.000
765.000	252.000
766.000	292.000
767.000	257.000
768.000	232.000
769.000	299.000
770.000	256.000
771.000	281.000
772.000	240.000
773.000	275.000
774.000	312.000
775.000	287.000
776.000	309.000
777.000	270.000
778.000	282.000
779.000	277.000
780.000	253.000
781.000	259.000
782.000	263.000
783.000	244.000
784.000	265.000
785.000	263.000
786.000	236.000
787.000	243.000
788.000	253.000
789.000	261.000
790.000	239.000
791.000	279.000
792.000	227.000
793.000	251.000
794.000	262.000
795.000	247.000
796.000	240.000
797.000	258.000
798.000	249.000
799.000	240.000
800.000	249.000
801.000	276.000
802.000	292.000
803.000	253.000
804.000	291.000
805.000	271.000
806.000	277.000
807.000	278.000
808.000	305.000
809.000	252.000
810.000	293.000
811.000	264.000
812.000	257.000
813.000	251.000
814.000	274.000
815.000	277.000
816.000	302.000
817.000	300.000
818.000	273.000
819.000	270.000
820.000	293.000
821.000	306.000
822.000	302.000
823.000	343.000
824.000	308.000
825.000	302.000
826.000	290.000
827.000	275.000
828.000	277.000
829.000	288.000
830.000	323.000
831.000	270.000
832.000	304.000
833.000	266.000
834.000	309.000
835.000	289.000
836.000	264.000
837.000	314.000
838.000	303.000
839.000	294.000
840.000	320.000
841.000	295.000
842.000	314.000
843.000	292.000
844.000	304.000
845.000	316.000
846.000	308.000
847.000	328.000
848.000	319.000
849.000	315.000
850.000	324.000
851.000	320.000
852.000	334.000
853.000	321.000
854.000	366.000
855.000	339.000
856.000	345.000
857.000	344.000
858.000	381.000
859.000	341.000
860.000	394.000
861.000	399.000
862.000	368.000
863.000	398.000
864.000	391.000
865.000	399.000
866.000	407.000
867.000	390.000
868.000	450.000
869.000	393.000
870.000	483.000
871.000	454.000
872.000	473.000
873.000	427.000
874.000	492.000
875.000	475.000
876.000	510.000
877.000	563.000
878.000	602.000
879.000	586.000
880.000	641.000
881.000	667.000
882.000	681.000
883.000	706.000
884.000	805.000
885.000	782.000
886.000	899.000
887.000	911.000
888.000	1010.000
889.000	998.000
890.000	1142.000
891.000	1151.000
892.000	1204.000
893.000	1271.000
894.000	1310.000
895.000	1324.000
896.000	1447.000
897.000	1436.000
898.000	1405.000
899.000	1460.000
900.000	1474.000
901.000	1486.000
902.000	1440.000
903.000	1422.000
904.000	1323.000
905.000	1318.000
906.000	1402.000
907.000	1295.000
908.000	1264.000
909.000	1156.000
910.000	1129.000
911.000	1105.000
912.000	1036.000
913.000	1024.000
914.000	937.000
915.000	884.000
916.000	785.000
917.000	757.000
918.000	755.000
919.000	637.000
920.000	658.000
921.000	632.000
922.000	554.000
923.000	526.000
924.000	483.000
925.000	457.000
926.000	435.000
927.000	423.000
928.000	414.000
929.000	437.000
930.000	411.000
931.000	385.000
932.000	378.000
933.000	355.000
934.000	365.000
935.000	368.000
936.000	329.000
937.000	380.000
938.000	368.000
939.000	354.000
940.000	360.000
941.000	410.000
942.000	383.000
943.000	436.000
944.000	465.000
945.000	483.000
946.000	568.000
947.000	592.000
948.000	640.000
949.000	668.000
950.000	745.000
951.000	686.000
952.000	770.000
953.000	806.000
954.000	781.000
955.000	777.000
956.000	759.000
957.000	720.000
958.000	625.000
959.000	577.000
960.000	577.000
961.000	514.000
962.000	414.000
963.000	425.000
964.000	384.000
965.000	349.000
966.000	302.000
967.000	256.000
968.000	285.000
969.000	302.000
970.000	274.000
971.000	268.000
972.000	272.000
973.000	310.000
974.000	296.000
975.000	296.000
976.000	274.000
977.000	278.000
978.000	283.000
979.000	307.000
980.000	330.000
981.000	309.000
982.000	325.000
983.000	306.000
984.000	289.000
985.000	309.000
986.000	332.000
987.000	357.000
988.000	352.000
989.000	341.000
990.000	354.000
991.000	382.000
992.000	356.000
993.000	390.000
994.000	388.000
995.000	401.000
996.000	417.000
997.000	433.000
998.000	421.000
999.000	451.000
1000.000	456.000
1001.000	400.000
1002.000	434.000
1003.000	442.000
1004.000	462.000
1005.000	433.000
1006.000	409.000
1007.000	434.000
1008.000	403.000
1009.000	413.000
1010.000	424.000
1011.000	389.000
1012.000	430.000
1013.000	385.000
1014.000	410.000
1015.000	392.000
1016.000	370.000
1017.000	380.000
1018.000	334.000
1019.000	347.000
1020.000	305.000
1021.000	304.000
1022.000	281.000
1023.000	256.000
1024.000	273.000
