Date:	8/19/2008		Time:	10:01 AM		Version no:	0.00		Project name:	55		Sample name:	222		Section name:	section		Position	912.039995	mm	E0	0.000000	keV	E1	1.000000	keV/channel	sample surface	7.792735	cm	Tube anode:	Mo		Tube voltage:	30	kV	Tube current:	50	mA	gain	20		std. database			resultfile	result		matrix element	11		sample thickness	1.000000		air passage	0.560000	cm	comments	not in position		peaking_time	3.000000	m-sec	trigger_threshold	1229.166667	V	mca_bin_width	22.090000	no:	number_mca_channels	1024.000000	no:	gap_time	0.400000	m-sec	trigger_peaking_time	0.150000	m-sec	GAINDAC	9455		HIGHGAIN	1		TAURC	0		RCTAU	53		RCTAUFRAC	32768		livetime	9.699445	seconds	runtime	10.000502	seconds	input_count_rate	29.159401	cps	output_count_rate	22.079592	cps	triggers	282830	seconds	events_in_run	220807	seconds	channel	content		1.000	0.000
2.000	0.000
3.000	0.000
4.000	0.000
5.000	0.000
6.000	0.000
7.000	0.000
8.000	0.000
9.000	0.000
10.000	0.000
11.000	0.000
12.000	0.000
13.000	0.000
14.000	0.000
15.000	0.000
16.000	0.000
17.000	0.000
18.000	0.000
19.000	0.000
20.000	0.000
21.000	0.000
22.000	0.000
23.000	0.000
24.000	0.000
25.000	0.000
26.000	0.000
27.000	0.000
28.000	0.000
29.000	0.000
30.000	0.000
31.000	0.000
32.000	0.000
33.000	0.000
34.000	0.000
35.000	2.000
36.000	3.000
37.000	1.000
38.000	2.000
39.000	2.000
40.000	2.000
41.000	2.000
42.000	6.000
43.000	6.000
44.000	7.000
45.000	5.000
46.000	9.000
47.000	6.000
48.000	3.000
49.000	9.000
50.000	6.000
51.000	3.000
52.000	6.000
53.000	11.000
54.000	14.000
55.000	13.000
56.000	13.000
57.000	10.000
58.000	9.000
59.000	18.000
60.000	10.000
61.000	9.000
62.000	7.000
63.000	12.000
64.000	13.000
65.000	12.000
66.000	11.000
67.000	8.000
68.000	11.000
69.000	11.000
70.000	7.000
71.000	4.000
72.000	7.000
73.000	5.000
74.000	7.000
75.000	5.000
76.000	12.000
77.000	5.000
78.000	6.000
79.000	7.000
80.000	10.000
81.000	8.000
82.000	5.000
83.000	8.000
84.000	16.000
85.000	5.000
86.000	7.000
87.000	5.000
88.000	12.000
89.000	5.000
90.000	7.000
91.000	9.000
92.000	13.000
93.000	12.000
94.000	7.000
95.000	4.000
96.000	6.000
97.000	10.000
98.000	6.000
99.000	7.000
100.000	7.000
101.000	10.000
102.000	6.000
103.000	6.000
104.000	16.000
105.000	5.000
106.000	7.000
107.000	8.000
108.000	3.000
109.000	7.000
110.000	7.000
111.000	11.000
112.000	10.000
113.000	7.000
114.000	3.000
115.000	6.000
116.000	4.000
117.000	7.000
118.000	8.000
119.000	11.000
120.000	7.000
121.000	7.000
122.000	8.000
123.000	7.000
124.000	11.000
125.000	10.000
126.000	10.000
127.000	11.000
128.000	8.000
129.000	5.000
130.000	9.000
131.000	8.000
132.000	6.000
133.000	8.000
134.000	10.000
135.000	10.000
136.000	3.000
137.000	4.000
138.000	5.000
139.000	8.000
140.000	2.000
141.000	3.000
142.000	6.000
143.000	7.000
144.000	2.000
145.000	5.000
146.000	5.000
147.000	1.000
148.000	3.000
149.000	5.000
150.000	4.000
151.000	2.000
152.000	7.000
153.000	6.000
154.000	3.000
155.000	5.000
156.000	9.000
157.000	3.000
158.000	9.000
159.000	4.000
160.000	10.000
161.000	8.000
162.000	8.000
163.000	14.000
164.000	13.000
165.000	7.000
166.000	7.000
167.000	6.000
168.000	3.000
169.000	2.000
170.000	3.000
171.000	2.000
172.000	2.000
173.000	4.000
174.000	6.000
175.000	12.000
176.000	5.000
177.000	5.000
178.000	10.000
179.000	8.000
180.000	11.000
181.000	15.000
182.000	11.000
183.000	8.000
184.000	10.000
185.000	5.000
186.000	3.000
187.000	4.000
188.000	4.000
189.000	2.000
190.000	5.000
191.000	3.000
192.000	8.000
193.000	3.000
194.000	4.000
195.000	7.000
196.000	8.000
197.000	5.000
198.000	8.000
199.000	18.000
200.000	23.000
201.000	25.000
202.000	30.000
203.000	41.000
204.000	45.000
205.000	29.000
206.000	18.000
207.000	19.000
208.000	6.000
209.000	2.000
210.000	2.000
211.000	3.000
212.000	2.000
213.000	2.000
214.000	5.000
215.000	7.000
216.000	8.000
217.000	3.000
218.000	6.000
219.000	8.000
220.000	9.000
221.000	10.000
222.000	4.000
223.000	7.000
224.000	3.000
225.000	3.000
226.000	1.000
227.000	2.000
228.000	5.000
229.000	5.000
230.000	2.000
231.000	5.000
232.000	8.000
233.000	4.000
234.000	2.000
235.000	2.000
236.000	3.000
237.000	3.000
238.000	6.000
239.000	6.000
240.000	5.000
241.000	8.000
242.000	10.000
243.000	12.000
244.000	9.000
245.000	11.000
246.000	8.000
247.000	20.000
248.000	12.000
249.000	12.000
250.000	14.000
251.000	8.000
252.000	15.000
253.000	12.000
254.000	11.000
255.000	9.000
256.000	11.000
257.000	4.000
258.000	11.000
259.000	7.000
260.000	5.000
261.000	1.000
262.000	6.000
263.000	6.000
264.000	10.000
265.000	8.000
266.000	7.000
267.000	14.000
268.000	9.000
269.000	13.000
270.000	5.000
271.000	10.000
272.000	5.000
273.000	6.000
274.000	7.000
275.000	5.000
276.000	6.000
277.000	6.000
278.000	6.000
279.000	4.000
280.000	3.000
281.000	6.000
282.000	4.000
283.000	6.000
284.000	5.000
285.000	12.000
286.000	6.000
287.000	3.000
288.000	9.000
289.000	7.000
290.000	9.000
291.000	11.000
292.000	6.000
293.000	16.000
294.000	6.000
295.000	8.000
296.000	7.000
297.000	12.000
298.000	10.000
299.000	6.000
300.000	8.000
301.000	4.000
302.000	10.000
303.000	10.000
304.000	13.000
305.000	10.000
306.000	12.000
307.000	5.000
308.000	13.000
309.000	3.000
310.000	7.000
311.000	8.000
312.000	4.000
313.000	3.000
314.000	12.000
315.000	11.000
316.000	24.000
317.000	17.000
318.000	23.000
319.000	19.000
320.000	35.000
321.000	44.000
322.000	53.000
323.000	44.000
324.000	39.000
325.000	46.000
326.000	49.000
327.000	38.000
328.000	23.000
329.000	20.000
330.000	16.000
331.000	10.000
332.000	8.000
333.000	19.000
334.000	14.000
335.000	12.000
336.000	16.000
337.000	15.000
338.000	12.000
339.000	21.000
340.000	29.000
341.000	53.000
342.000	88.000
343.000	113.000
344.000	180.000
345.000	305.000
346.000	422.000
347.000	604.000
348.000	842.000
349.000	939.000
350.000	1078.000
351.000	1002.000
352.000	911.000
353.000	830.000
354.000	629.000
355.000	487.000
356.000	313.000
357.000	232.000
358.000	132.000
359.000	81.000
360.000	53.000
361.000	27.000
362.000	33.000
363.000	16.000
364.000	25.000
365.000	18.000
366.000	28.000
367.000	20.000
368.000	14.000
369.000	17.000
370.000	18.000
371.000	11.000
372.000	13.000
373.000	15.000
374.000	20.000
375.000	27.000
376.000	34.000
377.000	23.000
378.000	44.000
379.000	53.000
380.000	57.000
381.000	80.000
382.000	100.000
383.000	133.000
384.000	156.000
385.000	187.000
386.000	216.000
387.000	179.000
388.000	165.000
389.000	173.000
390.000	136.000
391.000	116.000
392.000	87.000
393.000	43.000
394.000	49.000
395.000	42.000
396.000	33.000
397.000	31.000
398.000	30.000
399.000	34.000
400.000	18.000
401.000	24.000
402.000	26.000
403.000	34.000
404.000	24.000
405.000	28.000
406.000	29.000
407.000	28.000
408.000	24.000
409.000	21.000
410.000	33.000
411.000	36.000
412.000	29.000
413.000	27.000
414.000	22.000
415.000	21.000
416.000	28.000
417.000	39.000
418.000	32.000
419.000	37.000
420.000	38.000
421.000	36.000
422.000	47.000
423.000	30.000
424.000	34.000
425.000	33.000
426.000	33.000
427.000	35.000
428.000	42.000
429.000	33.000
430.000	43.000
431.000	31.000
432.000	37.000
433.000	37.000
434.000	50.000
435.000	34.000
436.000	28.000
437.000	28.000
438.000	40.000
439.000	44.000
440.000	49.000
441.000	49.000
442.000	46.000
443.000	46.000
444.000	49.000
445.000	39.000
446.000	43.000
447.000	49.000
448.000	39.000
449.000	41.000
450.000	46.000
451.000	40.000
452.000	38.000
453.000	51.000
454.000	41.000
455.000	31.000
456.000	49.000
457.000	53.000
458.000	53.000
459.000	60.000
460.000	55.000
461.000	50.000
462.000	46.000
463.000	50.000
464.000	48.000
465.000	43.000
466.000	41.000
467.000	57.000
468.000	59.000
469.000	54.000
470.000	47.000
471.000	55.000
472.000	48.000
473.000	53.000
474.000	64.000
475.000	57.000
476.000	65.000
477.000	63.000
478.000	68.000
479.000	73.000
480.000	54.000
481.000	65.000
482.000	46.000
483.000	52.000
484.000	56.000
485.000	65.000
486.000	51.000
487.000	74.000
488.000	58.000
489.000	76.000
490.000	63.000
491.000	74.000
492.000	69.000
493.000	66.000
494.000	77.000
495.000	54.000
496.000	64.000
497.000	66.000
498.000	49.000
499.000	53.000
500.000	82.000
501.000	68.000
502.000	68.000
503.000	74.000
504.000	79.000
505.000	91.000
506.000	66.000
507.000	88.000
508.000	70.000
509.000	76.000
510.000	70.000
511.000	82.000
512.000	80.000
513.000	93.000
514.000	94.000
515.000	85.000
516.000	82.000
517.000	68.000
518.000	93.000
519.000	82.000
520.000	83.000
521.000	73.000
522.000	87.000
523.000	87.000
524.000	97.000
525.000	106.000
526.000	103.000
527.000	85.000
528.000	91.000
529.000	98.000
530.000	86.000
531.000	94.000
532.000	90.000
533.000	81.000
534.000	90.000
535.000	100.000
536.000	113.000
537.000	95.000
538.000	89.000
539.000	106.000
540.000	92.000
541.000	99.000
542.000	120.000
543.000	93.000
544.000	99.000
545.000	97.000
546.000	99.000
547.000	119.000
548.000	89.000
549.000	97.000
550.000	107.000
551.000	90.000
552.000	118.000
553.000	104.000
554.000	100.000
555.000	117.000
556.000	103.000
557.000	111.000
558.000	122.000
559.000	112.000
560.000	118.000
561.000	117.000
562.000	110.000
563.000	121.000
564.000	115.000
565.000	126.000
566.000	118.000
567.000	102.000
568.000	115.000
569.000	145.000
570.000	120.000
571.000	118.000
572.000	123.000
573.000	144.000
574.000	134.000
575.000	145.000
576.000	141.000
577.000	104.000
578.000	124.000
579.000	140.000
580.000	129.000
581.000	128.000
582.000	138.000
583.000	126.000
584.000	156.000
585.000	133.000
586.000	138.000
587.000	134.000
588.000	128.000
589.000	130.000
590.000	127.000
591.000	144.000
592.000	120.000
593.000	121.000
594.000	123.000
595.000	139.000
596.000	152.000
597.000	128.000
598.000	155.000
599.000	141.000
600.000	128.000
601.000	145.000
602.000	146.000
603.000	142.000
604.000	150.000
605.000	146.000
606.000	162.000
607.000	145.000
608.000	167.000
609.000	155.000
610.000	159.000
611.000	184.000
612.000	160.000
613.000	146.000
614.000	173.000
615.000	163.000
616.000	158.000
617.000	175.000
618.000	157.000
619.000	150.000
620.000	169.000
621.000	152.000
622.000	157.000
623.000	177.000
624.000	183.000
625.000	143.000
626.000	165.000
627.000	166.000
628.000	163.000
629.000	151.000
630.000	167.000
631.000	159.000
632.000	173.000
633.000	190.000
634.000	170.000
635.000	161.000
636.000	159.000
637.000	173.000
638.000	192.000
639.000	170.000
640.000	185.000
641.000	189.000
642.000	203.000
643.000	188.000
644.000	196.000
645.000	213.000
646.000	170.000
647.000	197.000
648.000	212.000
649.000	205.000
650.000	181.000
651.000	186.000
652.000	189.000
653.000	223.000
654.000	185.000
655.000	226.000
656.000	200.000
657.000	203.000
658.000	205.000
659.000	211.000
660.000	181.000
661.000	185.000
662.000	215.000
663.000	185.000
664.000	181.000
665.000	187.000
666.000	208.000
667.000	199.000
668.000	234.000
669.000	248.000
670.000	202.000
671.000	209.000
672.000	219.000
673.000	214.000
674.000	190.000
675.000	198.000
676.000	206.000
677.000	191.000
678.000	228.000
679.000	202.000
680.000	234.000
681.000	202.000
682.000	206.000
683.000	192.000
684.000	215.000
685.000	217.000
686.000	204.000
687.000	230.000
688.000	231.000
689.000	212.000
690.000	222.000
691.000	192.000
692.000	224.000
693.000	232.000
694.000	234.000
695.000	216.000
696.000	219.000
697.000	218.000
698.000	231.000
699.000	222.000
700.000	198.000
701.000	220.000
702.000	200.000
703.000	224.000
704.000	235.000
705.000	228.000
706.000	248.000
707.000	232.000
708.000	243.000
709.000	262.000
710.000	203.000
711.000	242.000
712.000	250.000
713.000	244.000
714.000	226.000
715.000	234.000
716.000	241.000
717.000	250.000
718.000	241.000
719.000	250.000
720.000	238.000
721.000	245.000
722.000	217.000
723.000	255.000
724.000	233.000
725.000	237.000
726.000	237.000
727.000	254.000
728.000	247.000
729.000	264.000
730.000	263.000
731.000	233.000
732.000	278.000
733.000	248.000
734.000	256.000
735.000	255.000
736.000	248.000
737.000	277.000
738.000	254.000
739.000	285.000
740.000	277.000
741.000	232.000
742.000	232.000
743.000	263.000
744.000	280.000
745.000	267.000
746.000	270.000
747.000	273.000
748.000	254.000
749.000	277.000
750.000	269.000
751.000	239.000
752.000	270.000
753.000	276.000
754.000	259.000
755.000	247.000
756.000	235.000
757.000	258.000
758.000	274.000
759.000	272.000
760.000	243.000
761.000	278.000
762.000	264.000
763.000	266.000
764.000	270.000
765.000	250.000
766.000	251.000
767.000	299.000
768.000	296.000
769.000	302.000
770.000	294.000
771.000	271.000
772.000	309.000
773.000	295.000
774.000	279.000
775.000	311.000
776.000	322.000
777.000	285.000
778.000	287.000
779.000	287.000
780.000	262.000
781.000	297.000
782.000	275.000
783.000	271.000
784.000	268.000
785.000	279.000
786.000	285.000
787.000	264.000
788.000	255.000
789.000	308.000
790.000	310.000
791.000	263.000
792.000	274.000
793.000	273.000
794.000	309.000
795.000	272.000
796.000	264.000
797.000	271.000
798.000	272.000
799.000	270.000
800.000	286.000
801.000	299.000
802.000	259.000
803.000	293.000
804.000	278.000
805.000	286.000
806.000	311.000
807.000	274.000
808.000	274.000
809.000	291.000
810.000	286.000
811.000	295.000
812.000	323.000
813.000	293.000
814.000	304.000
815.000	273.000
816.000	286.000
817.000	306.000
818.000	298.000
819.000	276.000
820.000	301.000
821.000	303.000
822.000	307.000
823.000	296.000
824.000	306.000
825.000	286.000
826.000	312.000
827.000	291.000
828.000	291.000
829.000	306.000
830.000	298.000
831.000	323.000
832.000	285.000
833.000	316.000
834.000	303.000
835.000	321.000
836.000	309.000
837.000	327.000
838.000	280.000
839.000	329.000
840.000	339.000
841.000	305.000
842.000	304.000
843.000	325.000
844.000	327.000
845.000	302.000
846.000	311.000
847.000	309.000
848.000	316.000
849.000	347.000
850.000	330.000
851.000	333.000
852.000	352.000
853.000	316.000
854.000	329.000
855.000	328.000
856.000	340.000
857.000	358.000
858.000	347.000
859.000	360.000
860.000	351.000
861.000	393.000
862.000	376.000
863.000	367.000
864.000	411.000
865.000	396.000
866.000	422.000
867.000	377.000
868.000	417.000
869.000	411.000
870.000	436.000
871.000	409.000
872.000	445.000
873.000	461.000
874.000	498.000
875.000	516.000
876.000	518.000
877.000	560.000
878.000	579.000
879.000	600.000
880.000	606.000
881.000	634.000
882.000	693.000
883.000	753.000
884.000	779.000
885.000	832.000
886.000	902.000
887.000	967.000
888.000	1005.000
889.000	1009.000
890.000	1059.000
891.000	1111.000
892.000	1216.000
893.000	1338.000
894.000	1280.000
895.000	1340.000
896.000	1335.000
897.000	1382.000
898.000	1414.000
899.000	1483.000
900.000	1448.000
901.000	1427.000
902.000	1451.000
903.000	1495.000
904.000	1380.000
905.000	1336.000
906.000	1318.000
907.000	1318.000
908.000	1188.000
909.000	1251.000
910.000	1150.000
911.000	1038.000
912.000	1063.000
913.000	938.000
914.000	915.000
915.000	849.000
916.000	818.000
917.000	759.000
918.000	718.000
919.000	717.000
920.000	635.000
921.000	584.000
922.000	556.000
923.000	555.000
924.000	503.000
925.000	491.000
926.000	449.000
927.000	449.000
928.000	415.000
929.000	387.000
930.000	404.000
931.000	388.000
932.000	382.000
933.000	374.000
934.000	350.000
935.000	348.000
936.000	365.000
937.000	331.000
938.000	298.000
939.000	358.000
940.000	343.000
941.000	381.000
942.000	412.000
943.000	434.000
944.000	456.000
945.000	466.000
946.000	512.000
947.000	562.000
948.000	683.000
949.000	659.000
950.000	706.000
951.000	773.000
952.000	804.000
953.000	803.000
954.000	757.000
955.000	752.000
956.000	725.000
957.000	678.000
958.000	590.000
959.000	574.000
960.000	526.000
961.000	475.000
962.000	445.000
963.000	374.000
964.000	349.000
965.000	328.000
966.000	275.000
967.000	293.000
968.000	304.000
969.000	260.000
970.000	272.000
971.000	255.000
972.000	274.000
973.000	276.000
974.000	272.000
975.000	256.000
976.000	278.000
977.000	299.000
978.000	288.000
979.000	286.000
980.000	279.000
981.000	317.000
982.000	296.000
983.000	326.000
984.000	301.000
985.000	321.000
986.000	308.000
987.000	303.000
988.000	308.000
989.000	318.000
990.000	366.000
991.000	360.000
992.000	373.000
993.000	347.000
994.000	368.000
995.000	387.000
996.000	391.000
997.000	371.000
998.000	442.000
999.000	407.000
1000.000	412.000
1001.000	420.000
1002.000	398.000
1003.000	426.000
1004.000	429.000
1005.000	395.000
1006.000	404.000
1007.000	418.000
1008.000	366.000
1009.000	382.000
1010.000	394.000
1011.000	426.000
1012.000	392.000
1013.000	371.000
1014.000	342.000
1015.000	375.000
1016.000	357.000
1017.000	348.000
1018.000	310.000
1019.000	342.000
1020.000	299.000
1021.000	328.000
1022.000	274.000
1023.000	254.000
1024.000	267.000
