Date:	8/19/2008		Time:	9:23 AM		Version no:	0.00		Project name:	55		Sample name:	222		Section name:	section		Position	510.039995	mm	E0	0.000000	keV	E1	1.000000	keV/channel	sample surface	7.690740	cm	Tube anode:	Mo		Tube voltage:	30	kV	Tube current:	50	mA	gain	20		std. database			resultfile	result		matrix element	11		sample thickness	1.000000		air passage	0.560000	cm	comments	not in position		peaking_time	3.000000	m-sec	trigger_threshold	1229.166667	V	mca_bin_width	22.090000	no:	number_mca_channels	1024.000000	no:	gap_time	0.400000	m-sec	trigger_peaking_time	0.150000	m-sec	GAINDAC	9455		HIGHGAIN	1		TAURC	0		RCTAU	53		RCTAUFRAC	32768		livetime	9.664906	seconds	runtime	10.000502	seconds	input_count_rate	31.070247	cps	output_count_rate	23.184637	cps	triggers	300291	seconds	events_in_run	231858	seconds	channel	content		1.000	0.000
2.000	0.000
3.000	0.000
4.000	0.000
5.000	0.000
6.000	0.000
7.000	0.000
8.000	0.000
9.000	0.000
10.000	0.000
11.000	0.000
12.000	0.000
13.000	0.000
14.000	0.000
15.000	0.000
16.000	0.000
17.000	0.000
18.000	0.000
19.000	0.000
20.000	0.000
21.000	0.000
22.000	0.000
23.000	0.000
24.000	0.000
25.000	0.000
26.000	0.000
27.000	0.000
28.000	0.000
29.000	0.000
30.000	0.000
31.000	0.000
32.000	1.000
33.000	2.000
34.000	1.000
35.000	0.000
36.000	1.000
37.000	4.000
38.000	1.000
39.000	2.000
40.000	0.000
41.000	7.000
42.000	2.000
43.000	3.000
44.000	7.000
45.000	6.000
46.000	3.000
47.000	7.000
48.000	5.000
49.000	6.000
50.000	7.000
51.000	10.000
52.000	13.000
53.000	11.000
54.000	7.000
55.000	9.000
56.000	11.000
57.000	17.000
58.000	7.000
59.000	9.000
60.000	6.000
61.000	8.000
62.000	12.000
63.000	11.000
64.000	8.000
65.000	10.000
66.000	15.000
67.000	14.000
68.000	7.000
69.000	16.000
70.000	9.000
71.000	7.000
72.000	16.000
73.000	12.000
74.000	7.000
75.000	5.000
76.000	11.000
77.000	5.000
78.000	6.000
79.000	13.000
80.000	11.000
81.000	6.000
82.000	8.000
83.000	12.000
84.000	8.000
85.000	13.000
86.000	10.000
87.000	12.000
88.000	9.000
89.000	9.000
90.000	14.000
91.000	10.000
92.000	4.000
93.000	12.000
94.000	9.000
95.000	10.000
96.000	12.000
97.000	11.000
98.000	11.000
99.000	7.000
100.000	7.000
101.000	7.000
102.000	9.000
103.000	6.000
104.000	10.000
105.000	7.000
106.000	8.000
107.000	8.000
108.000	2.000
109.000	12.000
110.000	6.000
111.000	10.000
112.000	9.000
113.000	4.000
114.000	4.000
115.000	7.000
116.000	8.000
117.000	6.000
118.000	4.000
119.000	6.000
120.000	13.000
121.000	5.000
122.000	8.000
123.000	7.000
124.000	11.000
125.000	15.000
126.000	10.000
127.000	8.000
128.000	7.000
129.000	7.000
130.000	9.000
131.000	7.000
132.000	6.000
133.000	5.000
134.000	5.000
135.000	6.000
136.000	4.000
137.000	3.000
138.000	5.000
139.000	2.000
140.000	7.000
141.000	3.000
142.000	3.000
143.000	3.000
144.000	5.000
145.000	5.000
146.000	4.000
147.000	6.000
148.000	2.000
149.000	7.000
150.000	6.000
151.000	4.000
152.000	6.000
153.000	4.000
154.000	7.000
155.000	3.000
156.000	5.000
157.000	2.000
158.000	10.000
159.000	8.000
160.000	8.000
161.000	6.000
162.000	11.000
163.000	6.000
164.000	9.000
165.000	5.000
166.000	5.000
167.000	6.000
168.000	3.000
169.000	7.000
170.000	3.000
171.000	2.000
172.000	6.000
173.000	3.000
174.000	5.000
175.000	5.000
176.000	2.000
177.000	3.000
178.000	7.000
179.000	6.000
180.000	5.000
181.000	6.000
182.000	7.000
183.000	8.000
184.000	10.000
185.000	6.000
186.000	3.000
187.000	5.000
188.000	2.000
189.000	3.000
190.000	0.000
191.000	3.000
192.000	6.000
193.000	5.000
194.000	6.000
195.000	4.000
196.000	5.000
197.000	7.000
198.000	7.000
199.000	16.000
200.000	15.000
201.000	15.000
202.000	22.000
203.000	24.000
204.000	18.000
205.000	14.000
206.000	20.000
207.000	5.000
208.000	6.000
209.000	7.000
210.000	2.000
211.000	3.000
212.000	3.000
213.000	5.000
214.000	6.000
215.000	8.000
216.000	5.000
217.000	7.000
218.000	4.000
219.000	5.000
220.000	10.000
221.000	11.000
222.000	6.000
223.000	4.000
224.000	3.000
225.000	9.000
226.000	7.000
227.000	3.000
228.000	4.000
229.000	4.000
230.000	4.000
231.000	1.000
232.000	1.000
233.000	1.000
234.000	3.000
235.000	4.000
236.000	4.000
237.000	5.000
238.000	0.000
239.000	4.000
240.000	2.000
241.000	6.000
242.000	4.000
243.000	10.000
244.000	9.000
245.000	6.000
246.000	6.000
247.000	5.000
248.000	11.000
249.000	6.000
250.000	9.000
251.000	6.000
252.000	3.000
253.000	6.000
254.000	4.000
255.000	8.000
256.000	4.000
257.000	3.000
258.000	6.000
259.000	3.000
260.000	5.000
261.000	7.000
262.000	6.000
263.000	7.000
264.000	5.000
265.000	2.000
266.000	5.000
267.000	4.000
268.000	3.000
269.000	8.000
270.000	6.000
271.000	4.000
272.000	5.000
273.000	3.000
274.000	2.000
275.000	5.000
276.000	6.000
277.000	5.000
278.000	5.000
279.000	4.000
280.000	9.000
281.000	5.000
282.000	5.000
283.000	3.000
284.000	4.000
285.000	8.000
286.000	9.000
287.000	5.000
288.000	12.000
289.000	4.000
290.000	9.000
291.000	10.000
292.000	8.000
293.000	7.000
294.000	10.000
295.000	5.000
296.000	5.000
297.000	8.000
298.000	7.000
299.000	10.000
300.000	8.000
301.000	3.000
302.000	10.000
303.000	8.000
304.000	8.000
305.000	7.000
306.000	8.000
307.000	5.000
308.000	9.000
309.000	6.000
310.000	10.000
311.000	7.000
312.000	19.000
313.000	6.000
314.000	5.000
315.000	12.000
316.000	8.000
317.000	20.000
318.000	28.000
319.000	38.000
320.000	41.000
321.000	54.000
322.000	48.000
323.000	64.000
324.000	48.000
325.000	53.000
326.000	52.000
327.000	30.000
328.000	33.000
329.000	19.000
330.000	16.000
331.000	16.000
332.000	10.000
333.000	7.000
334.000	13.000
335.000	9.000
336.000	15.000
337.000	11.000
338.000	22.000
339.000	15.000
340.000	17.000
341.000	24.000
342.000	47.000
343.000	80.000
344.000	128.000
345.000	159.000
346.000	273.000
347.000	392.000
348.000	482.000
349.000	593.000
350.000	609.000
351.000	599.000
352.000	586.000
353.000	517.000
354.000	391.000
355.000	319.000
356.000	208.000
357.000	138.000
358.000	113.000
359.000	47.000
360.000	39.000
361.000	33.000
362.000	18.000
363.000	16.000
364.000	14.000
365.000	21.000
366.000	16.000
367.000	15.000
368.000	16.000
369.000	14.000
370.000	9.000
371.000	21.000
372.000	17.000
373.000	19.000
374.000	15.000
375.000	25.000
376.000	27.000
377.000	25.000
378.000	25.000
379.000	33.000
380.000	39.000
381.000	61.000
382.000	62.000
383.000	89.000
384.000	103.000
385.000	118.000
386.000	117.000
387.000	130.000
388.000	123.000
389.000	130.000
390.000	78.000
391.000	73.000
392.000	54.000
393.000	47.000
394.000	24.000
395.000	32.000
396.000	27.000
397.000	26.000
398.000	21.000
399.000	27.000
400.000	28.000
401.000	28.000
402.000	19.000
403.000	31.000
404.000	25.000
405.000	30.000
406.000	24.000
407.000	24.000
408.000	24.000
409.000	37.000
410.000	21.000
411.000	26.000
412.000	31.000
413.000	25.000
414.000	33.000
415.000	27.000
416.000	18.000
417.000	28.000
418.000	32.000
419.000	18.000
420.000	33.000
421.000	35.000
422.000	24.000
423.000	31.000
424.000	31.000
425.000	27.000
426.000	39.000
427.000	38.000
428.000	36.000
429.000	31.000
430.000	35.000
431.000	34.000
432.000	38.000
433.000	32.000
434.000	37.000
435.000	29.000
436.000	44.000
437.000	40.000
438.000	46.000
439.000	35.000
440.000	48.000
441.000	46.000
442.000	36.000
443.000	45.000
444.000	51.000
445.000	39.000
446.000	45.000
447.000	30.000
448.000	44.000
449.000	50.000
450.000	49.000
451.000	44.000
452.000	39.000
453.000	53.000
454.000	49.000
455.000	50.000
456.000	39.000
457.000	47.000
458.000	49.000
459.000	50.000
460.000	51.000
461.000	48.000
462.000	51.000
463.000	42.000
464.000	49.000
465.000	49.000
466.000	45.000
467.000	43.000
468.000	56.000
469.000	64.000
470.000	56.000
471.000	48.000
472.000	69.000
473.000	39.000
474.000	63.000
475.000	59.000
476.000	47.000
477.000	47.000
478.000	57.000
479.000	55.000
480.000	69.000
481.000	59.000
482.000	50.000
483.000	54.000
484.000	55.000
485.000	55.000
486.000	61.000
487.000	54.000
488.000	45.000
489.000	47.000
490.000	60.000
491.000	67.000
492.000	73.000
493.000	57.000
494.000	65.000
495.000	68.000
496.000	54.000
497.000	76.000
498.000	69.000
499.000	68.000
500.000	70.000
501.000	70.000
502.000	76.000
503.000	80.000
504.000	61.000
505.000	64.000
506.000	78.000
507.000	74.000
508.000	74.000
509.000	74.000
510.000	85.000
511.000	81.000
512.000	85.000
513.000	68.000
514.000	72.000
515.000	91.000
516.000	84.000
517.000	86.000
518.000	78.000
519.000	65.000
520.000	78.000
521.000	79.000
522.000	92.000
523.000	86.000
524.000	94.000
525.000	104.000
526.000	82.000
527.000	87.000
528.000	87.000
529.000	97.000
530.000	98.000
531.000	93.000
532.000	76.000
533.000	103.000
534.000	80.000
535.000	91.000
536.000	89.000
537.000	90.000
538.000	97.000
539.000	80.000
540.000	109.000
541.000	111.000
542.000	86.000
543.000	95.000
544.000	96.000
545.000	102.000
546.000	69.000
547.000	113.000
548.000	90.000
549.000	88.000
550.000	102.000
551.000	99.000
552.000	110.000
553.000	84.000
554.000	91.000
555.000	92.000
556.000	115.000
557.000	107.000
558.000	112.000
559.000	115.000
560.000	113.000
561.000	119.000
562.000	108.000
563.000	151.000
564.000	121.000
565.000	93.000
566.000	106.000
567.000	113.000
568.000	127.000
569.000	114.000
570.000	117.000
571.000	119.000
572.000	111.000
573.000	114.000
574.000	103.000
575.000	129.000
576.000	137.000
577.000	139.000
578.000	134.000
579.000	122.000
580.000	126.000
581.000	135.000
582.000	116.000
583.000	145.000
584.000	125.000
585.000	146.000
586.000	143.000
587.000	108.000
588.000	137.000
589.000	114.000
590.000	146.000
591.000	137.000
592.000	143.000
593.000	146.000
594.000	126.000
595.000	149.000
596.000	162.000
597.000	135.000
598.000	125.000
599.000	131.000
600.000	143.000
601.000	135.000
602.000	142.000
603.000	136.000
604.000	134.000
605.000	133.000
606.000	127.000
607.000	160.000
608.000	147.000
609.000	157.000
610.000	151.000
611.000	177.000
612.000	158.000
613.000	156.000
614.000	159.000
615.000	145.000
616.000	150.000
617.000	153.000
618.000	169.000
619.000	151.000
620.000	171.000
621.000	167.000
622.000	144.000
623.000	166.000
624.000	152.000
625.000	156.000
626.000	171.000
627.000	174.000
628.000	159.000
629.000	164.000
630.000	190.000
631.000	173.000
632.000	187.000
633.000	164.000
634.000	192.000
635.000	164.000
636.000	173.000
637.000	196.000
638.000	182.000
639.000	177.000
640.000	199.000
641.000	179.000
642.000	179.000
643.000	169.000
644.000	193.000
645.000	190.000
646.000	218.000
647.000	193.000
648.000	199.000
649.000	194.000
650.000	185.000
651.000	206.000
652.000	194.000
653.000	187.000
654.000	171.000
655.000	198.000
656.000	210.000
657.000	208.000
658.000	210.000
659.000	209.000
660.000	169.000
661.000	213.000
662.000	193.000
663.000	192.000
664.000	193.000
665.000	209.000
666.000	230.000
667.000	204.000
668.000	194.000
669.000	221.000
670.000	194.000
671.000	187.000
672.000	232.000
673.000	216.000
674.000	213.000
675.000	216.000
676.000	185.000
677.000	219.000
678.000	203.000
679.000	205.000
680.000	224.000
681.000	221.000
682.000	240.000
683.000	198.000
684.000	236.000
685.000	229.000
686.000	245.000
687.000	227.000
688.000	240.000
689.000	237.000
690.000	204.000
691.000	220.000
692.000	215.000
693.000	207.000
694.000	215.000
695.000	220.000
696.000	211.000
697.000	264.000
698.000	231.000
699.000	235.000
700.000	250.000
701.000	220.000
702.000	258.000
703.000	220.000
704.000	231.000
705.000	232.000
706.000	208.000
707.000	241.000
708.000	236.000
709.000	268.000
710.000	241.000
711.000	230.000
712.000	226.000
713.000	211.000
714.000	225.000
715.000	254.000
716.000	223.000
717.000	224.000
718.000	238.000
719.000	235.000
720.000	235.000
721.000	223.000
722.000	266.000
723.000	235.000
724.000	264.000
725.000	252.000
726.000	253.000
727.000	253.000
728.000	257.000
729.000	241.000
730.000	275.000
731.000	257.000
732.000	263.000
733.000	285.000
734.000	287.000
735.000	266.000
736.000	271.000
737.000	278.000
738.000	263.000
739.000	261.000
740.000	280.000
741.000	241.000
742.000	268.000
743.000	280.000
744.000	262.000
745.000	267.000
746.000	249.000
747.000	267.000
748.000	273.000
749.000	254.000
750.000	261.000
751.000	270.000
752.000	265.000
753.000	282.000
754.000	263.000
755.000	256.000
756.000	277.000
757.000	274.000
758.000	281.000
759.000	290.000
760.000	248.000
761.000	250.000
762.000	296.000
763.000	295.000
764.000	279.000
765.000	276.000
766.000	273.000
767.000	317.000
768.000	306.000
769.000	291.000
770.000	299.000
771.000	296.000
772.000	318.000
773.000	292.000
774.000	291.000
775.000	285.000
776.000	315.000
777.000	292.000
778.000	262.000
779.000	290.000
780.000	288.000
781.000	292.000
782.000	286.000
783.000	290.000
784.000	299.000
785.000	289.000
786.000	251.000
787.000	313.000
788.000	278.000
789.000	259.000
790.000	264.000
791.000	276.000
792.000	289.000
793.000	293.000
794.000	287.000
795.000	277.000
796.000	327.000
797.000	312.000
798.000	300.000
799.000	283.000
800.000	308.000
801.000	304.000
802.000	302.000
803.000	293.000
804.000	313.000
805.000	314.000
806.000	320.000
807.000	281.000
808.000	318.000
809.000	337.000
810.000	318.000
811.000	284.000
812.000	326.000
813.000	293.000
814.000	330.000
815.000	326.000
816.000	315.000
817.000	313.000
818.000	333.000
819.000	286.000
820.000	312.000
821.000	303.000
822.000	341.000
823.000	303.000
824.000	311.000
825.000	301.000
826.000	317.000
827.000	336.000
828.000	310.000
829.000	308.000
830.000	279.000
831.000	356.000
832.000	299.000
833.000	326.000
834.000	334.000
835.000	355.000
836.000	338.000
837.000	335.000
838.000	328.000
839.000	342.000
840.000	327.000
841.000	332.000
842.000	328.000
843.000	320.000
844.000	350.000
845.000	331.000
846.000	342.000
847.000	331.000
848.000	367.000
849.000	333.000
850.000	339.000
851.000	376.000
852.000	379.000
853.000	361.000
854.000	400.000
855.000	330.000
856.000	364.000
857.000	373.000
858.000	416.000
859.000	396.000
860.000	378.000
861.000	366.000
862.000	405.000
863.000	422.000
864.000	458.000
865.000	460.000
866.000	430.000
867.000	477.000
868.000	398.000
869.000	470.000
870.000	477.000
871.000	481.000
872.000	495.000
873.000	469.000
874.000	538.000
875.000	525.000
876.000	534.000
877.000	546.000
878.000	632.000
879.000	670.000
880.000	686.000
881.000	723.000
882.000	768.000
883.000	783.000
884.000	843.000
885.000	924.000
886.000	923.000
887.000	1015.000
888.000	1085.000
889.000	1104.000
890.000	1162.000
891.000	1241.000
892.000	1316.000
893.000	1371.000
894.000	1429.000
895.000	1445.000
896.000	1453.000
897.000	1526.000
898.000	1588.000
899.000	1592.000
900.000	1588.000
901.000	1655.000
902.000	1646.000
903.000	1550.000
904.000	1582.000
905.000	1508.000
906.000	1452.000
907.000	1403.000
908.000	1371.000
909.000	1352.000
910.000	1197.000
911.000	1195.000
912.000	1134.000
913.000	1060.000
914.000	1030.000
915.000	957.000
916.000	927.000
917.000	821.000
918.000	852.000
919.000	736.000
920.000	713.000
921.000	655.000
922.000	627.000
923.000	579.000
924.000	559.000
925.000	551.000
926.000	517.000
927.000	490.000
928.000	486.000
929.000	419.000
930.000	425.000
931.000	400.000
932.000	418.000
933.000	413.000
934.000	387.000
935.000	400.000
936.000	391.000
937.000	389.000
938.000	342.000
939.000	380.000
940.000	378.000
941.000	403.000
942.000	421.000
943.000	460.000
944.000	455.000
945.000	559.000
946.000	619.000
947.000	670.000
948.000	698.000
949.000	689.000
950.000	802.000
951.000	839.000
952.000	801.000
953.000	864.000
954.000	836.000
955.000	832.000
956.000	799.000
957.000	732.000
958.000	726.000
959.000	651.000
960.000	561.000
961.000	523.000
962.000	488.000
963.000	424.000
964.000	363.000
965.000	394.000
966.000	347.000
967.000	334.000
968.000	346.000
969.000	318.000
970.000	324.000
971.000	291.000
972.000	323.000
973.000	332.000
974.000	305.000
975.000	288.000
976.000	307.000
977.000	339.000
978.000	326.000
979.000	294.000
980.000	309.000
981.000	290.000
982.000	337.000
983.000	325.000
984.000	312.000
985.000	383.000
986.000	346.000
987.000	344.000
988.000	362.000
989.000	346.000
990.000	408.000
991.000	424.000
992.000	415.000
993.000	413.000
994.000	450.000
995.000	427.000
996.000	425.000
997.000	426.000
998.000	424.000
999.000	470.000
1000.000	439.000
1001.000	476.000
1002.000	468.000
1003.000	466.000
1004.000	493.000
1005.000	498.000
1006.000	462.000
1007.000	476.000
1008.000	434.000
1009.000	433.000
1010.000	416.000
1011.000	460.000
1012.000	440.000
1013.000	383.000
1014.000	433.000
1015.000	390.000
1016.000	337.000
1017.000	352.000
1018.000	392.000
1019.000	369.000
1020.000	341.000
1021.000	338.000
1022.000	292.000
1023.000	318.000
1024.000	303.000
