Date:	8/19/2008		Time:	9:00 AM		Version no:	0.00		Project name:	55		Sample name:	222		Section name:	section		Position	264.039995	mm	E0	0.000000	keV	E1	1.000000	keV/channel	sample surface	7.521317	cm	Tube anode:	Mo		Tube voltage:	30	kV	Tube current:	50	mA	gain	20		std. database			resultfile	result		matrix element	11		sample thickness	1.000000		air passage	0.560000	cm	comments	not in position		peaking_time	3.000000	m-sec	trigger_threshold	1229.166667	V	mca_bin_width	22.090000	no:	number_mca_channels	1024.000000	no:	gap_time	0.400000	m-sec	trigger_peaking_time	0.150000	m-sec	GAINDAC	9455		HIGHGAIN	1		TAURC	0		RCTAU	53		RCTAUFRAC	32768		livetime	9.689694	seconds	runtime	10.000503	seconds	input_count_rate	29.160156	cps	output_count_rate	22.084789	cps	triggers	282553	seconds	events_in_run	220859	seconds	channel	content		1.000	0.000
2.000	0.000
3.000	0.000
4.000	0.000
5.000	0.000
6.000	0.000
7.000	0.000
8.000	0.000
9.000	0.000
10.000	0.000
11.000	0.000
12.000	0.000
13.000	0.000
14.000	0.000
15.000	0.000
16.000	0.000
17.000	0.000
18.000	0.000
19.000	0.000
20.000	0.000
21.000	0.000
22.000	0.000
23.000	0.000
24.000	0.000
25.000	0.000
26.000	0.000
27.000	0.000
28.000	0.000
29.000	0.000
30.000	0.000
31.000	0.000
32.000	2.000
33.000	1.000
34.000	0.000
35.000	2.000
36.000	2.000
37.000	2.000
38.000	2.000
39.000	3.000
40.000	1.000
41.000	4.000
42.000	5.000
43.000	4.000
44.000	7.000
45.000	4.000
46.000	5.000
47.000	6.000
48.000	8.000
49.000	10.000
50.000	5.000
51.000	11.000
52.000	8.000
53.000	4.000
54.000	14.000
55.000	7.000
56.000	10.000
57.000	8.000
58.000	14.000
59.000	11.000
60.000	16.000
61.000	14.000
62.000	8.000
63.000	9.000
64.000	14.000
65.000	16.000
66.000	12.000
67.000	6.000
68.000	10.000
69.000	9.000
70.000	6.000
71.000	6.000
72.000	10.000
73.000	13.000
74.000	10.000
75.000	7.000
76.000	9.000
77.000	5.000
78.000	5.000
79.000	8.000
80.000	10.000
81.000	10.000
82.000	4.000
83.000	8.000
84.000	8.000
85.000	8.000
86.000	14.000
87.000	5.000
88.000	9.000
89.000	9.000
90.000	6.000
91.000	7.000
92.000	8.000
93.000	8.000
94.000	7.000
95.000	6.000
96.000	9.000
97.000	8.000
98.000	9.000
99.000	7.000
100.000	3.000
101.000	5.000
102.000	6.000
103.000	8.000
104.000	6.000
105.000	5.000
106.000	5.000
107.000	10.000
108.000	10.000
109.000	7.000
110.000	7.000
111.000	9.000
112.000	10.000
113.000	8.000
114.000	6.000
115.000	8.000
116.000	2.000
117.000	6.000
118.000	6.000
119.000	5.000
120.000	5.000
121.000	7.000
122.000	4.000
123.000	10.000
124.000	8.000
125.000	7.000
126.000	13.000
127.000	6.000
128.000	10.000
129.000	6.000
130.000	11.000
131.000	4.000
132.000	7.000
133.000	12.000
134.000	9.000
135.000	10.000
136.000	5.000
137.000	2.000
138.000	7.000
139.000	8.000
140.000	4.000
141.000	5.000
142.000	5.000
143.000	5.000
144.000	4.000
145.000	5.000
146.000	8.000
147.000	6.000
148.000	5.000
149.000	4.000
150.000	5.000
151.000	1.000
152.000	3.000
153.000	6.000
154.000	7.000
155.000	6.000
156.000	9.000
157.000	6.000
158.000	4.000
159.000	7.000
160.000	9.000
161.000	9.000
162.000	12.000
163.000	12.000
164.000	13.000
165.000	9.000
166.000	10.000
167.000	8.000
168.000	7.000
169.000	6.000
170.000	11.000
171.000	5.000
172.000	1.000
173.000	3.000
174.000	6.000
175.000	3.000
176.000	6.000
177.000	5.000
178.000	2.000
179.000	3.000
180.000	7.000
181.000	3.000
182.000	12.000
183.000	10.000
184.000	7.000
185.000	6.000
186.000	5.000
187.000	6.000
188.000	5.000
189.000	4.000
190.000	1.000
191.000	5.000
192.000	3.000
193.000	6.000
194.000	3.000
195.000	3.000
196.000	8.000
197.000	8.000
198.000	11.000
199.000	13.000
200.000	18.000
201.000	23.000
202.000	16.000
203.000	20.000
204.000	18.000
205.000	18.000
206.000	9.000
207.000	10.000
208.000	4.000
209.000	9.000
210.000	4.000
211.000	5.000
212.000	6.000
213.000	4.000
214.000	4.000
215.000	5.000
216.000	3.000
217.000	6.000
218.000	7.000
219.000	3.000
220.000	6.000
221.000	1.000
222.000	4.000
223.000	2.000
224.000	7.000
225.000	11.000
226.000	4.000
227.000	3.000
228.000	2.000
229.000	5.000
230.000	3.000
231.000	1.000
232.000	2.000
233.000	5.000
234.000	6.000
235.000	7.000
236.000	1.000
237.000	7.000
238.000	5.000
239.000	3.000
240.000	5.000
241.000	3.000
242.000	4.000
243.000	5.000
244.000	6.000
245.000	8.000
246.000	3.000
247.000	8.000
248.000	12.000
249.000	8.000
250.000	10.000
251.000	7.000
252.000	10.000
253.000	2.000
254.000	6.000
255.000	10.000
256.000	6.000
257.000	8.000
258.000	8.000
259.000	4.000
260.000	2.000
261.000	5.000
262.000	3.000
263.000	5.000
264.000	2.000
265.000	2.000
266.000	3.000
267.000	10.000
268.000	9.000
269.000	6.000
270.000	6.000
271.000	4.000
272.000	8.000
273.000	8.000
274.000	6.000
275.000	4.000
276.000	8.000
277.000	6.000
278.000	5.000
279.000	4.000
280.000	4.000
281.000	9.000
282.000	2.000
283.000	5.000
284.000	5.000
285.000	3.000
286.000	4.000
287.000	2.000
288.000	4.000
289.000	7.000
290.000	6.000
291.000	8.000
292.000	7.000
293.000	6.000
294.000	9.000
295.000	8.000
296.000	3.000
297.000	4.000
298.000	7.000
299.000	5.000
300.000	7.000
301.000	8.000
302.000	7.000
303.000	9.000
304.000	13.000
305.000	9.000
306.000	10.000
307.000	4.000
308.000	6.000
309.000	7.000
310.000	8.000
311.000	10.000
312.000	7.000
313.000	6.000
314.000	11.000
315.000	9.000
316.000	16.000
317.000	19.000
318.000	17.000
319.000	20.000
320.000	28.000
321.000	42.000
322.000	45.000
323.000	50.000
324.000	49.000
325.000	33.000
326.000	33.000
327.000	22.000
328.000	25.000
329.000	17.000
330.000	9.000
331.000	14.000
332.000	13.000
333.000	5.000
334.000	10.000
335.000	5.000
336.000	13.000
337.000	15.000
338.000	13.000
339.000	17.000
340.000	27.000
341.000	25.000
342.000	35.000
343.000	72.000
344.000	100.000
345.000	175.000
346.000	208.000
347.000	343.000
348.000	394.000
349.000	500.000
350.000	576.000
351.000	579.000
352.000	487.000
353.000	467.000
354.000	376.000
355.000	264.000
356.000	188.000
357.000	143.000
358.000	83.000
359.000	48.000
360.000	38.000
361.000	25.000
362.000	20.000
363.000	12.000
364.000	18.000
365.000	12.000
366.000	15.000
367.000	11.000
368.000	20.000
369.000	15.000
370.000	11.000
371.000	17.000
372.000	18.000
373.000	18.000
374.000	14.000
375.000	17.000
376.000	27.000
377.000	33.000
378.000	17.000
379.000	22.000
380.000	33.000
381.000	68.000
382.000	60.000
383.000	74.000
384.000	90.000
385.000	111.000
386.000	115.000
387.000	119.000
388.000	103.000
389.000	81.000
390.000	71.000
391.000	51.000
392.000	64.000
393.000	43.000
394.000	22.000
395.000	28.000
396.000	21.000
397.000	20.000
398.000	27.000
399.000	18.000
400.000	18.000
401.000	18.000
402.000	14.000
403.000	32.000
404.000	18.000
405.000	16.000
406.000	24.000
407.000	20.000
408.000	26.000
409.000	14.000
410.000	28.000
411.000	11.000
412.000	31.000
413.000	29.000
414.000	32.000
415.000	19.000
416.000	20.000
417.000	19.000
418.000	21.000
419.000	26.000
420.000	22.000
421.000	21.000
422.000	31.000
423.000	19.000
424.000	25.000
425.000	29.000
426.000	22.000
427.000	29.000
428.000	31.000
429.000	38.000
430.000	23.000
431.000	18.000
432.000	28.000
433.000	28.000
434.000	31.000
435.000	25.000
436.000	27.000
437.000	35.000
438.000	34.000
439.000	27.000
440.000	29.000
441.000	33.000
442.000	31.000
443.000	38.000
444.000	34.000
445.000	37.000
446.000	49.000
447.000	27.000
448.000	39.000
449.000	52.000
450.000	29.000
451.000	38.000
452.000	54.000
453.000	28.000
454.000	37.000
455.000	46.000
456.000	41.000
457.000	39.000
458.000	45.000
459.000	38.000
460.000	35.000
461.000	45.000
462.000	36.000
463.000	35.000
464.000	45.000
465.000	39.000
466.000	41.000
467.000	42.000
468.000	49.000
469.000	52.000
470.000	39.000
471.000	44.000
472.000	51.000
473.000	52.000
474.000	34.000
475.000	48.000
476.000	49.000
477.000	55.000
478.000	54.000
479.000	41.000
480.000	48.000
481.000	48.000
482.000	41.000
483.000	44.000
484.000	46.000
485.000	45.000
486.000	60.000
487.000	42.000
488.000	61.000
489.000	42.000
490.000	50.000
491.000	52.000
492.000	62.000
493.000	38.000
494.000	48.000
495.000	58.000
496.000	46.000
497.000	66.000
498.000	58.000
499.000	45.000
500.000	70.000
501.000	65.000
502.000	58.000
503.000	59.000
504.000	74.000
505.000	60.000
506.000	66.000
507.000	69.000
508.000	49.000
509.000	45.000
510.000	73.000
511.000	58.000
512.000	57.000
513.000	73.000
514.000	70.000
515.000	70.000
516.000	66.000
517.000	64.000
518.000	65.000
519.000	70.000
520.000	54.000
521.000	61.000
522.000	80.000
523.000	92.000
524.000	68.000
525.000	75.000
526.000	62.000
527.000	81.000
528.000	77.000
529.000	89.000
530.000	73.000
531.000	88.000
532.000	62.000
533.000	71.000
534.000	84.000
535.000	84.000
536.000	81.000
537.000	80.000
538.000	98.000
539.000	95.000
540.000	79.000
541.000	89.000
542.000	90.000
543.000	69.000
544.000	76.000
545.000	71.000
546.000	93.000
547.000	88.000
548.000	83.000
549.000	85.000
550.000	92.000
551.000	99.000
552.000	82.000
553.000	90.000
554.000	102.000
555.000	97.000
556.000	94.000
557.000	88.000
558.000	90.000
559.000	95.000
560.000	110.000
561.000	115.000
562.000	74.000
563.000	99.000
564.000	94.000
565.000	86.000
566.000	101.000
567.000	93.000
568.000	110.000
569.000	119.000
570.000	103.000
571.000	114.000
572.000	98.000
573.000	109.000
574.000	104.000
575.000	114.000
576.000	116.000
577.000	107.000
578.000	118.000
579.000	122.000
580.000	102.000
581.000	105.000
582.000	98.000
583.000	133.000
584.000	104.000
585.000	117.000
586.000	112.000
587.000	117.000
588.000	129.000
589.000	125.000
590.000	124.000
591.000	106.000
592.000	116.000
593.000	134.000
594.000	130.000
595.000	134.000
596.000	126.000
597.000	127.000
598.000	141.000
599.000	132.000
600.000	112.000
601.000	139.000
602.000	124.000
603.000	125.000
604.000	126.000
605.000	142.000
606.000	122.000
607.000	159.000
608.000	139.000
609.000	146.000
610.000	139.000
611.000	120.000
612.000	148.000
613.000	149.000
614.000	156.000
615.000	133.000
616.000	163.000
617.000	127.000
618.000	144.000
619.000	143.000
620.000	120.000
621.000	146.000
622.000	132.000
623.000	162.000
624.000	150.000
625.000	153.000
626.000	171.000
627.000	150.000
628.000	146.000
629.000	153.000
630.000	153.000
631.000	158.000
632.000	151.000
633.000	151.000
634.000	164.000
635.000	156.000
636.000	159.000
637.000	160.000
638.000	162.000
639.000	157.000
640.000	140.000
641.000	166.000
642.000	182.000
643.000	182.000
644.000	175.000
645.000	152.000
646.000	154.000
647.000	158.000
648.000	193.000
649.000	186.000
650.000	174.000
651.000	190.000
652.000	183.000
653.000	180.000
654.000	174.000
655.000	187.000
656.000	170.000
657.000	191.000
658.000	165.000
659.000	193.000
660.000	180.000
661.000	168.000
662.000	170.000
663.000	179.000
664.000	192.000
665.000	220.000
666.000	189.000
667.000	204.000
668.000	174.000
669.000	199.000
670.000	206.000
671.000	196.000
672.000	188.000
673.000	180.000
674.000	180.000
675.000	186.000
676.000	183.000
677.000	177.000
678.000	178.000
679.000	236.000
680.000	169.000
681.000	206.000
682.000	186.000
683.000	195.000
684.000	203.000
685.000	198.000
686.000	212.000
687.000	194.000
688.000	245.000
689.000	182.000
690.000	207.000
691.000	187.000
692.000	219.000
693.000	213.000
694.000	214.000
695.000	221.000
696.000	202.000
697.000	186.000
698.000	205.000
699.000	227.000
700.000	212.000
701.000	221.000
702.000	203.000
703.000	215.000
704.000	229.000
705.000	233.000
706.000	227.000
707.000	233.000
708.000	209.000
709.000	232.000
710.000	205.000
711.000	231.000
712.000	241.000
713.000	231.000
714.000	252.000
715.000	236.000
716.000	232.000
717.000	212.000
718.000	243.000
719.000	224.000
720.000	222.000
721.000	212.000
722.000	215.000
723.000	242.000
724.000	250.000
725.000	249.000
726.000	247.000
727.000	238.000
728.000	201.000
729.000	241.000
730.000	254.000
731.000	244.000
732.000	254.000
733.000	247.000
734.000	246.000
735.000	269.000
736.000	259.000
737.000	239.000
738.000	250.000
739.000	233.000
740.000	244.000
741.000	251.000
742.000	267.000
743.000	240.000
744.000	213.000
745.000	260.000
746.000	246.000
747.000	263.000
748.000	260.000
749.000	272.000
750.000	215.000
751.000	247.000
752.000	294.000
753.000	276.000
754.000	254.000
755.000	271.000
756.000	237.000
757.000	280.000
758.000	276.000
759.000	264.000
760.000	296.000
761.000	288.000
762.000	265.000
763.000	264.000
764.000	272.000
765.000	258.000
766.000	288.000
767.000	273.000
768.000	271.000
769.000	267.000
770.000	310.000
771.000	291.000
772.000	305.000
773.000	326.000
774.000	282.000
775.000	260.000
776.000	273.000
777.000	306.000
778.000	290.000
779.000	301.000
780.000	258.000
781.000	269.000
782.000	294.000
783.000	268.000
784.000	261.000
785.000	323.000
786.000	281.000
787.000	258.000
788.000	270.000
789.000	266.000
790.000	279.000
791.000	261.000
792.000	278.000
793.000	277.000
794.000	257.000
795.000	284.000
796.000	277.000
797.000	280.000
798.000	298.000
799.000	264.000
800.000	266.000
801.000	291.000
802.000	268.000
803.000	284.000
804.000	312.000
805.000	315.000
806.000	282.000
807.000	290.000
808.000	274.000
809.000	296.000
810.000	308.000
811.000	281.000
812.000	283.000
813.000	297.000
814.000	289.000
815.000	291.000
816.000	306.000
817.000	275.000
818.000	317.000
819.000	314.000
820.000	319.000
821.000	332.000
822.000	309.000
823.000	305.000
824.000	316.000
825.000	301.000
826.000	300.000
827.000	330.000
828.000	277.000
829.000	293.000
830.000	320.000
831.000	305.000
832.000	300.000
833.000	298.000
834.000	306.000
835.000	279.000
836.000	298.000
837.000	343.000
838.000	289.000
839.000	302.000
840.000	326.000
841.000	330.000
842.000	322.000
843.000	327.000
844.000	316.000
845.000	337.000
846.000	308.000
847.000	361.000
848.000	325.000
849.000	340.000
850.000	342.000
851.000	342.000
852.000	366.000
853.000	359.000
854.000	321.000
855.000	334.000
856.000	372.000
857.000	376.000
858.000	345.000
859.000	391.000
860.000	406.000
861.000	424.000
862.000	420.000
863.000	437.000
864.000	425.000
865.000	402.000
866.000	432.000
867.000	425.000
868.000	433.000
869.000	460.000
870.000	464.000
871.000	478.000
872.000	456.000
873.000	515.000
874.000	517.000
875.000	497.000
876.000	553.000
877.000	612.000
878.000	583.000
879.000	660.000
880.000	691.000
881.000	700.000
882.000	733.000
883.000	770.000
884.000	842.000
885.000	826.000
886.000	972.000
887.000	989.000
888.000	1095.000
889.000	1090.000
890.000	1131.000
891.000	1190.000
892.000	1343.000
893.000	1309.000
894.000	1398.000
895.000	1432.000
896.000	1456.000
897.000	1590.000
898.000	1461.000
899.000	1523.000
900.000	1537.000
901.000	1470.000
902.000	1511.000
903.000	1493.000
904.000	1561.000
905.000	1421.000
906.000	1450.000
907.000	1354.000
908.000	1335.000
909.000	1278.000
910.000	1231.000
911.000	1162.000
912.000	1086.000
913.000	1019.000
914.000	974.000
915.000	906.000
916.000	847.000
917.000	797.000
918.000	787.000
919.000	694.000
920.000	682.000
921.000	656.000
922.000	580.000
923.000	566.000
924.000	527.000
925.000	517.000
926.000	452.000
927.000	496.000
928.000	471.000
929.000	436.000
930.000	417.000
931.000	387.000
932.000	399.000
933.000	408.000
934.000	388.000
935.000	352.000
936.000	380.000
937.000	359.000
938.000	338.000
939.000	380.000
940.000	406.000
941.000	416.000
942.000	439.000
943.000	470.000
944.000	530.000
945.000	529.000
946.000	596.000
947.000	638.000
948.000	687.000
949.000	712.000
950.000	752.000
951.000	780.000
952.000	776.000
953.000	828.000
954.000	781.000
955.000	801.000
956.000	784.000
957.000	741.000
958.000	634.000
959.000	689.000
960.000	525.000
961.000	529.000
962.000	464.000
963.000	401.000
964.000	410.000
965.000	374.000
966.000	326.000
967.000	312.000
968.000	300.000
969.000	330.000
970.000	303.000
971.000	330.000
972.000	287.000
973.000	285.000
974.000	321.000
975.000	317.000
976.000	354.000
977.000	333.000
978.000	311.000
979.000	306.000
980.000	312.000
981.000	326.000
982.000	324.000
983.000	320.000
984.000	313.000
985.000	332.000
986.000	314.000
987.000	353.000
988.000	385.000
989.000	348.000
990.000	364.000
991.000	399.000
992.000	397.000
993.000	349.000
994.000	415.000
995.000	420.000
996.000	399.000
997.000	415.000
998.000	417.000
999.000	468.000
1000.000	444.000
1001.000	470.000
1002.000	482.000
1003.000	474.000
1004.000	450.000
1005.000	432.000
1006.000	441.000
1007.000	419.000
1008.000	426.000
1009.000	485.000
1010.000	455.000
1011.000	451.000
1012.000	419.000
1013.000	401.000
1014.000	384.000
1015.000	412.000
1016.000	378.000
1017.000	374.000
1018.000	332.000
1019.000	338.000
1020.000	355.000
1021.000	316.000
1022.000	328.000
1023.000	271.000
1024.000	267.000
