Date:	8/19/2008		Time:	9:18 AM		Version no:	0.00		Project name:	55		Sample name:	222		Section name:	section		Position	456.039995	mm	E0	0.000000	keV	E1	1.000000	keV/channel	sample surface	7.673979	cm	Tube anode:	Mo		Tube voltage:	30	kV	Tube current:	50	mA	gain	20		std. database			resultfile	result		matrix element	11		sample thickness	1.000000		air passage	0.560000	cm	comments	in position		peaking_time	3.000000	m-sec	trigger_threshold	1229.166667	V	mca_bin_width	22.090000	no:	number_mca_channels	1024.000000	no:	gap_time	0.400000	m-sec	trigger_peaking_time	0.150000	m-sec	GAINDAC	9455		HIGHGAIN	1		TAURC	0		RCTAU	53		RCTAUFRAC	32768		livetime	9.717447	seconds	runtime	10.000533	seconds	input_count_rate	27.989244	cps	output_count_rate	21.441558	cps	triggers	271984	seconds	events_in_run	214427	seconds	channel	content		1.000	0.000
2.000	0.000
3.000	0.000
4.000	0.000
5.000	0.000
6.000	0.000
7.000	0.000
8.000	0.000
9.000	0.000
10.000	0.000
11.000	0.000
12.000	0.000
13.000	0.000
14.000	0.000
15.000	0.000
16.000	0.000
17.000	0.000
18.000	0.000
19.000	0.000
20.000	0.000
21.000	0.000
22.000	0.000
23.000	0.000
24.000	0.000
25.000	0.000
26.000	0.000
27.000	0.000
28.000	0.000
29.000	0.000
30.000	0.000
31.000	0.000
32.000	0.000
33.000	0.000
34.000	0.000
35.000	0.000
36.000	1.000
37.000	1.000
38.000	3.000
39.000	2.000
40.000	1.000
41.000	1.000
42.000	2.000
43.000	3.000
44.000	9.000
45.000	10.000
46.000	2.000
47.000	5.000
48.000	9.000
49.000	8.000
50.000	7.000
51.000	6.000
52.000	8.000
53.000	10.000
54.000	10.000
55.000	5.000
56.000	7.000
57.000	9.000
58.000	12.000
59.000	8.000
60.000	13.000
61.000	2.000
62.000	17.000
63.000	13.000
64.000	8.000
65.000	11.000
66.000	8.000
67.000	11.000
68.000	13.000
69.000	9.000
70.000	16.000
71.000	6.000
72.000	8.000
73.000	4.000
74.000	6.000
75.000	8.000
76.000	12.000
77.000	10.000
78.000	8.000
79.000	3.000
80.000	10.000
81.000	10.000
82.000	13.000
83.000	7.000
84.000	6.000
85.000	6.000
86.000	5.000
87.000	10.000
88.000	6.000
89.000	7.000
90.000	8.000
91.000	14.000
92.000	12.000
93.000	13.000
94.000	3.000
95.000	8.000
96.000	16.000
97.000	4.000
98.000	6.000
99.000	8.000
100.000	9.000
101.000	4.000
102.000	7.000
103.000	7.000
104.000	10.000
105.000	6.000
106.000	13.000
107.000	5.000
108.000	9.000
109.000	9.000
110.000	5.000
111.000	4.000
112.000	2.000
113.000	7.000
114.000	7.000
115.000	8.000
116.000	10.000
117.000	6.000
118.000	3.000
119.000	9.000
120.000	9.000
121.000	5.000
122.000	3.000
123.000	6.000
124.000	9.000
125.000	11.000
126.000	8.000
127.000	8.000
128.000	9.000
129.000	5.000
130.000	5.000
131.000	10.000
132.000	8.000
133.000	2.000
134.000	9.000
135.000	4.000
136.000	10.000
137.000	3.000
138.000	7.000
139.000	6.000
140.000	3.000
141.000	2.000
142.000	2.000
143.000	6.000
144.000	8.000
145.000	4.000
146.000	6.000
147.000	2.000
148.000	4.000
149.000	5.000
150.000	4.000
151.000	5.000
152.000	6.000
153.000	7.000
154.000	5.000
155.000	4.000
156.000	1.000
157.000	4.000
158.000	7.000
159.000	7.000
160.000	11.000
161.000	10.000
162.000	11.000
163.000	13.000
164.000	11.000
165.000	3.000
166.000	11.000
167.000	4.000
168.000	3.000
169.000	2.000
170.000	4.000
171.000	1.000
172.000	3.000
173.000	7.000
174.000	6.000
175.000	5.000
176.000	5.000
177.000	2.000
178.000	3.000
179.000	7.000
180.000	7.000
181.000	13.000
182.000	5.000
183.000	10.000
184.000	7.000
185.000	5.000
186.000	6.000
187.000	4.000
188.000	1.000
189.000	4.000
190.000	3.000
191.000	8.000
192.000	2.000
193.000	1.000
194.000	3.000
195.000	7.000
196.000	8.000
197.000	10.000
198.000	8.000
199.000	21.000
200.000	19.000
201.000	14.000
202.000	28.000
203.000	21.000
204.000	22.000
205.000	16.000
206.000	12.000
207.000	3.000
208.000	5.000
209.000	5.000
210.000	7.000
211.000	2.000
212.000	4.000
213.000	3.000
214.000	1.000
215.000	2.000
216.000	4.000
217.000	6.000
218.000	5.000
219.000	9.000
220.000	6.000
221.000	6.000
222.000	9.000
223.000	9.000
224.000	6.000
225.000	2.000
226.000	7.000
227.000	3.000
228.000	5.000
229.000	4.000
230.000	2.000
231.000	5.000
232.000	1.000
233.000	1.000
234.000	1.000
235.000	4.000
236.000	3.000
237.000	2.000
238.000	3.000
239.000	6.000
240.000	1.000
241.000	4.000
242.000	5.000
243.000	2.000
244.000	6.000
245.000	8.000
246.000	10.000
247.000	10.000
248.000	11.000
249.000	9.000
250.000	17.000
251.000	10.000
252.000	8.000
253.000	5.000
254.000	13.000
255.000	8.000
256.000	9.000
257.000	3.000
258.000	5.000
259.000	7.000
260.000	6.000
261.000	6.000
262.000	7.000
263.000	4.000
264.000	3.000
265.000	6.000
266.000	5.000
267.000	2.000
268.000	2.000
269.000	10.000
270.000	10.000
271.000	9.000
272.000	2.000
273.000	8.000
274.000	6.000
275.000	4.000
276.000	10.000
277.000	6.000
278.000	5.000
279.000	6.000
280.000	8.000
281.000	8.000
282.000	3.000
283.000	6.000
284.000	6.000
285.000	6.000
286.000	7.000
287.000	5.000
288.000	8.000
289.000	5.000
290.000	9.000
291.000	5.000
292.000	10.000
293.000	8.000
294.000	8.000
295.000	9.000
296.000	4.000
297.000	9.000
298.000	11.000
299.000	10.000
300.000	4.000
301.000	13.000
302.000	9.000
303.000	14.000
304.000	5.000
305.000	7.000
306.000	10.000
307.000	9.000
308.000	7.000
309.000	9.000
310.000	8.000
311.000	5.000
312.000	14.000
313.000	8.000
314.000	8.000
315.000	13.000
316.000	10.000
317.000	16.000
318.000	20.000
319.000	26.000
320.000	34.000
321.000	46.000
322.000	57.000
323.000	51.000
324.000	59.000
325.000	49.000
326.000	33.000
327.000	48.000
328.000	21.000
329.000	21.000
330.000	16.000
331.000	18.000
332.000	13.000
333.000	15.000
334.000	11.000
335.000	10.000
336.000	14.000
337.000	15.000
338.000	14.000
339.000	21.000
340.000	30.000
341.000	45.000
342.000	72.000
343.000	123.000
344.000	227.000
345.000	361.000
346.000	535.000
347.000	710.000
348.000	927.000
349.000	1047.000
350.000	1167.000
351.000	1150.000
352.000	1099.000
353.000	904.000
354.000	711.000
355.000	550.000
356.000	376.000
357.000	233.000
358.000	137.000
359.000	77.000
360.000	63.000
361.000	44.000
362.000	18.000
363.000	20.000
364.000	18.000
365.000	20.000
366.000	23.000
367.000	19.000
368.000	24.000
369.000	16.000
370.000	22.000
371.000	16.000
372.000	20.000
373.000	25.000
374.000	24.000
375.000	35.000
376.000	27.000
377.000	20.000
378.000	34.000
379.000	54.000
380.000	79.000
381.000	92.000
382.000	114.000
383.000	130.000
384.000	159.000
385.000	221.000
386.000	248.000
387.000	186.000
388.000	205.000
389.000	175.000
390.000	133.000
391.000	104.000
392.000	93.000
393.000	70.000
394.000	38.000
395.000	31.000
396.000	27.000
397.000	22.000
398.000	22.000
399.000	21.000
400.000	24.000
401.000	25.000
402.000	29.000
403.000	24.000
404.000	27.000
405.000	22.000
406.000	30.000
407.000	29.000
408.000	27.000
409.000	23.000
410.000	15.000
411.000	40.000
412.000	16.000
413.000	15.000
414.000	16.000
415.000	20.000
416.000	26.000
417.000	27.000
418.000	19.000
419.000	28.000
420.000	32.000
421.000	35.000
422.000	27.000
423.000	22.000
424.000	27.000
425.000	29.000
426.000	33.000
427.000	28.000
428.000	36.000
429.000	33.000
430.000	40.000
431.000	36.000
432.000	37.000
433.000	39.000
434.000	33.000
435.000	33.000
436.000	34.000
437.000	40.000
438.000	28.000
439.000	45.000
440.000	44.000
441.000	32.000
442.000	35.000
443.000	44.000
444.000	42.000
445.000	41.000
446.000	31.000
447.000	39.000
448.000	46.000
449.000	41.000
450.000	45.000
451.000	34.000
452.000	54.000
453.000	52.000
454.000	42.000
455.000	41.000
456.000	33.000
457.000	47.000
458.000	35.000
459.000	33.000
460.000	49.000
461.000	38.000
462.000	53.000
463.000	44.000
464.000	48.000
465.000	44.000
466.000	49.000
467.000	52.000
468.000	53.000
469.000	45.000
470.000	56.000
471.000	47.000
472.000	55.000
473.000	54.000
474.000	47.000
475.000	43.000
476.000	45.000
477.000	51.000
478.000	56.000
479.000	49.000
480.000	57.000
481.000	57.000
482.000	53.000
483.000	46.000
484.000	56.000
485.000	50.000
486.000	58.000
487.000	53.000
488.000	67.000
489.000	58.000
490.000	61.000
491.000	56.000
492.000	53.000
493.000	53.000
494.000	45.000
495.000	64.000
496.000	61.000
497.000	67.000
498.000	66.000
499.000	67.000
500.000	62.000
501.000	60.000
502.000	66.000
503.000	70.000
504.000	75.000
505.000	70.000
506.000	59.000
507.000	85.000
508.000	70.000
509.000	71.000
510.000	70.000
511.000	77.000
512.000	82.000
513.000	69.000
514.000	85.000
515.000	67.000
516.000	70.000
517.000	89.000
518.000	75.000
519.000	83.000
520.000	106.000
521.000	75.000
522.000	77.000
523.000	87.000
524.000	87.000
525.000	80.000
526.000	90.000
527.000	79.000
528.000	82.000
529.000	83.000
530.000	101.000
531.000	91.000
532.000	96.000
533.000	100.000
534.000	87.000
535.000	76.000
536.000	81.000
537.000	100.000
538.000	84.000
539.000	78.000
540.000	90.000
541.000	89.000
542.000	95.000
543.000	90.000
544.000	73.000
545.000	95.000
546.000	90.000
547.000	96.000
548.000	93.000
549.000	99.000
550.000	104.000
551.000	102.000
552.000	93.000
553.000	99.000
554.000	72.000
555.000	84.000
556.000	99.000
557.000	99.000
558.000	107.000
559.000	110.000
560.000	112.000
561.000	108.000
562.000	86.000
563.000	114.000
564.000	112.000
565.000	124.000
566.000	105.000
567.000	100.000
568.000	112.000
569.000	116.000
570.000	122.000
571.000	125.000
572.000	106.000
573.000	103.000
574.000	127.000
575.000	124.000
576.000	121.000
577.000	121.000
578.000	113.000
579.000	132.000
580.000	137.000
581.000	127.000
582.000	116.000
583.000	133.000
584.000	129.000
585.000	111.000
586.000	133.000
587.000	127.000
588.000	104.000
589.000	127.000
590.000	113.000
591.000	123.000
592.000	121.000
593.000	131.000
594.000	139.000
595.000	139.000
596.000	135.000
597.000	137.000
598.000	147.000
599.000	146.000
600.000	137.000
601.000	126.000
602.000	156.000
603.000	140.000
604.000	151.000
605.000	132.000
606.000	130.000
607.000	149.000
608.000	152.000
609.000	161.000
610.000	149.000
611.000	154.000
612.000	133.000
613.000	162.000
614.000	150.000
615.000	150.000
616.000	167.000
617.000	175.000
618.000	130.000
619.000	148.000
620.000	152.000
621.000	139.000
622.000	155.000
623.000	173.000
624.000	143.000
625.000	146.000
626.000	165.000
627.000	168.000
628.000	149.000
629.000	184.000
630.000	158.000
631.000	168.000
632.000	187.000
633.000	156.000
634.000	190.000
635.000	153.000
636.000	187.000
637.000	163.000
638.000	181.000
639.000	192.000
640.000	156.000
641.000	185.000
642.000	164.000
643.000	160.000
644.000	182.000
645.000	176.000
646.000	193.000
647.000	195.000
648.000	174.000
649.000	189.000
650.000	177.000
651.000	192.000
652.000	187.000
653.000	188.000
654.000	213.000
655.000	192.000
656.000	182.000
657.000	178.000
658.000	172.000
659.000	197.000
660.000	184.000
661.000	195.000
662.000	202.000
663.000	217.000
664.000	196.000
665.000	175.000
666.000	198.000
667.000	174.000
668.000	199.000
669.000	228.000
670.000	186.000
671.000	185.000
672.000	202.000
673.000	192.000
674.000	173.000
675.000	217.000
676.000	196.000
677.000	183.000
678.000	197.000
679.000	223.000
680.000	211.000
681.000	200.000
682.000	179.000
683.000	198.000
684.000	201.000
685.000	179.000
686.000	200.000
687.000	212.000
688.000	228.000
689.000	211.000
690.000	213.000
691.000	239.000
692.000	210.000
693.000	213.000
694.000	226.000
695.000	221.000
696.000	170.000
697.000	224.000
698.000	196.000
699.000	225.000
700.000	240.000
701.000	237.000
702.000	209.000
703.000	215.000
704.000	214.000
705.000	216.000
706.000	198.000
707.000	205.000
708.000	236.000
709.000	219.000
710.000	189.000
711.000	227.000
712.000	209.000
713.000	206.000
714.000	214.000
715.000	206.000
716.000	224.000
717.000	218.000
718.000	243.000
719.000	238.000
720.000	228.000
721.000	215.000
722.000	236.000
723.000	250.000
724.000	215.000
725.000	245.000
726.000	239.000
727.000	223.000
728.000	239.000
729.000	227.000
730.000	261.000
731.000	254.000
732.000	251.000
733.000	227.000
734.000	251.000
735.000	246.000
736.000	263.000
737.000	254.000
738.000	255.000
739.000	233.000
740.000	218.000
741.000	254.000
742.000	242.000
743.000	222.000
744.000	237.000
745.000	254.000
746.000	231.000
747.000	244.000
748.000	253.000
749.000	226.000
750.000	245.000
751.000	229.000
752.000	227.000
753.000	244.000
754.000	240.000
755.000	223.000
756.000	230.000
757.000	259.000
758.000	238.000
759.000	237.000
760.000	251.000
761.000	253.000
762.000	232.000
763.000	237.000
764.000	260.000
765.000	261.000
766.000	267.000
767.000	280.000
768.000	244.000
769.000	272.000
770.000	242.000
771.000	253.000
772.000	234.000
773.000	286.000
774.000	283.000
775.000	289.000
776.000	297.000
777.000	263.000
778.000	255.000
779.000	275.000
780.000	247.000
781.000	278.000
782.000	270.000
783.000	291.000
784.000	296.000
785.000	269.000
786.000	265.000
787.000	253.000
788.000	265.000
789.000	260.000
790.000	283.000
791.000	240.000
792.000	278.000
793.000	250.000
794.000	246.000
795.000	255.000
796.000	259.000
797.000	263.000
798.000	278.000
799.000	243.000
800.000	268.000
801.000	252.000
802.000	292.000
803.000	246.000
804.000	283.000
805.000	259.000
806.000	258.000
807.000	308.000
808.000	274.000
809.000	286.000
810.000	284.000
811.000	285.000
812.000	263.000
813.000	252.000
814.000	290.000
815.000	314.000
816.000	277.000
817.000	297.000
818.000	246.000
819.000	277.000
820.000	277.000
821.000	277.000
822.000	323.000
823.000	279.000
824.000	271.000
825.000	278.000
826.000	268.000
827.000	260.000
828.000	292.000
829.000	304.000
830.000	297.000
831.000	280.000
832.000	303.000
833.000	302.000
834.000	288.000
835.000	281.000
836.000	282.000
837.000	275.000
838.000	279.000
839.000	322.000
840.000	298.000
841.000	300.000
842.000	332.000
843.000	314.000
844.000	293.000
845.000	305.000
846.000	308.000
847.000	326.000
848.000	331.000
849.000	305.000
850.000	334.000
851.000	288.000
852.000	320.000
853.000	320.000
854.000	327.000
855.000	349.000
856.000	374.000
857.000	348.000
858.000	352.000
859.000	363.000
860.000	347.000
861.000	361.000
862.000	353.000
863.000	388.000
864.000	390.000
865.000	412.000
866.000	373.000
867.000	374.000
868.000	414.000
869.000	384.000
870.000	381.000
871.000	404.000
872.000	450.000
873.000	469.000
874.000	483.000
875.000	458.000
876.000	505.000
877.000	508.000
878.000	559.000
879.000	544.000
880.000	592.000
881.000	657.000
882.000	639.000
883.000	679.000
884.000	807.000
885.000	793.000
886.000	833.000
887.000	869.000
888.000	984.000
889.000	1002.000
890.000	1073.000
891.000	1109.000
892.000	1233.000
893.000	1279.000
894.000	1306.000
895.000	1431.000
896.000	1348.000
897.000	1353.000
898.000	1359.000
899.000	1421.000
900.000	1392.000
901.000	1430.000
902.000	1448.000
903.000	1338.000
904.000	1407.000
905.000	1321.000
906.000	1331.000
907.000	1241.000
908.000	1214.000
909.000	1171.000
910.000	1107.000
911.000	1075.000
912.000	986.000
913.000	952.000
914.000	902.000
915.000	800.000
916.000	755.000
917.000	747.000
918.000	713.000
919.000	687.000
920.000	617.000
921.000	560.000
922.000	543.000
923.000	479.000
924.000	510.000
925.000	467.000
926.000	457.000
927.000	463.000
928.000	387.000
929.000	377.000
930.000	371.000
931.000	375.000
932.000	369.000
933.000	344.000
934.000	365.000
935.000	337.000
936.000	350.000
937.000	369.000
938.000	298.000
939.000	340.000
940.000	375.000
941.000	363.000
942.000	374.000
943.000	402.000
944.000	447.000
945.000	462.000
946.000	518.000
947.000	588.000
948.000	611.000
949.000	688.000
950.000	679.000
951.000	732.000
952.000	774.000
953.000	755.000
954.000	770.000
955.000	725.000
956.000	652.000
957.000	719.000
958.000	668.000
959.000	537.000
960.000	526.000
961.000	478.000
962.000	382.000
963.000	389.000
964.000	332.000
965.000	302.000
966.000	275.000
967.000	308.000
968.000	274.000
969.000	255.000
970.000	300.000
971.000	291.000
972.000	293.000
973.000	280.000
974.000	243.000
975.000	260.000
976.000	273.000
977.000	277.000
978.000	256.000
979.000	280.000
980.000	285.000
981.000	304.000
982.000	315.000
983.000	297.000
984.000	289.000
985.000	286.000
986.000	298.000
987.000	313.000
988.000	317.000
989.000	319.000
990.000	324.000
991.000	350.000
992.000	370.000
993.000	366.000
994.000	336.000
995.000	376.000
996.000	381.000
997.000	417.000
998.000	418.000
999.000	396.000
1000.000	423.000
1001.000	452.000
1002.000	390.000
1003.000	417.000
1004.000	438.000
1005.000	417.000
1006.000	431.000
1007.000	391.000
1008.000	400.000
1009.000	437.000
1010.000	388.000
1011.000	420.000
1012.000	369.000
1013.000	397.000
1014.000	358.000
1015.000	366.000
1016.000	343.000
1017.000	317.000
1018.000	343.000
1019.000	295.000
1020.000	299.000
1021.000	301.000
1022.000	265.000
1023.000	243.000
1024.000	256.000
