Date:	8/19/2008		Time:	8:39 AM		Version no:	0.00		Project name:	55		Sample name:	222		Section name:	section		Position	48.039995	mm	E0	0.000000	keV	E1	1.000000	keV/channel	sample surface	7.594325	cm	Tube anode:	Mo		Tube voltage:	30	kV	Tube current:	50	mA	gain	20		std. database			resultfile	result		matrix element	11		sample thickness	1.000000		air passage	0.560000	cm	comments	in position		peaking_time	3.000000	m-sec	trigger_threshold	1229.166667	V	mca_bin_width	22.090000	no:	number_mca_channels	1024.000000	no:	gap_time	0.400000	m-sec	trigger_peaking_time	0.150000	m-sec	GAINDAC	9455		HIGHGAIN	1		TAURC	0		RCTAU	53		RCTAUFRAC	32768		livetime	9.684930	seconds	runtime	10.000502	seconds	input_count_rate	29.587928	cps	output_count_rate	22.298582	cps	triggers	286557	seconds	events_in_run	222997	seconds	channel	content		1.000	0.000
2.000	0.000
3.000	0.000
4.000	0.000
5.000	0.000
6.000	0.000
7.000	0.000
8.000	0.000
9.000	0.000
10.000	0.000
11.000	0.000
12.000	0.000
13.000	0.000
14.000	0.000
15.000	0.000
16.000	0.000
17.000	0.000
18.000	0.000
19.000	0.000
20.000	0.000
21.000	0.000
22.000	0.000
23.000	0.000
24.000	0.000
25.000	0.000
26.000	0.000
27.000	0.000
28.000	0.000
29.000	0.000
30.000	0.000
31.000	1.000
32.000	1.000
33.000	1.000
34.000	2.000
35.000	1.000
36.000	1.000
37.000	1.000
38.000	0.000
39.000	3.000
40.000	4.000
41.000	3.000
42.000	1.000
43.000	1.000
44.000	4.000
45.000	7.000
46.000	7.000
47.000	7.000
48.000	5.000
49.000	12.000
50.000	6.000
51.000	6.000
52.000	7.000
53.000	9.000
54.000	8.000
55.000	10.000
56.000	13.000
57.000	2.000
58.000	10.000
59.000	11.000
60.000	9.000
61.000	10.000
62.000	8.000
63.000	13.000
64.000	4.000
65.000	11.000
66.000	9.000
67.000	11.000
68.000	8.000
69.000	9.000
70.000	13.000
71.000	13.000
72.000	7.000
73.000	14.000
74.000	8.000
75.000	13.000
76.000	8.000
77.000	8.000
78.000	7.000
79.000	13.000
80.000	13.000
81.000	11.000
82.000	7.000
83.000	6.000
84.000	12.000
85.000	4.000
86.000	11.000
87.000	7.000
88.000	9.000
89.000	11.000
90.000	6.000
91.000	6.000
92.000	4.000
93.000	10.000
94.000	9.000
95.000	8.000
96.000	8.000
97.000	10.000
98.000	13.000
99.000	11.000
100.000	6.000
101.000	6.000
102.000	9.000
103.000	8.000
104.000	8.000
105.000	6.000
106.000	5.000
107.000	6.000
108.000	11.000
109.000	6.000
110.000	8.000
111.000	7.000
112.000	9.000
113.000	6.000
114.000	10.000
115.000	7.000
116.000	7.000
117.000	10.000
118.000	4.000
119.000	5.000
120.000	12.000
121.000	5.000
122.000	7.000
123.000	3.000
124.000	5.000
125.000	10.000
126.000	8.000
127.000	8.000
128.000	8.000
129.000	12.000
130.000	7.000
131.000	7.000
132.000	6.000
133.000	9.000
134.000	3.000
135.000	14.000
136.000	5.000
137.000	4.000
138.000	8.000
139.000	4.000
140.000	4.000
141.000	7.000
142.000	3.000
143.000	3.000
144.000	5.000
145.000	6.000
146.000	4.000
147.000	7.000
148.000	9.000
149.000	9.000
150.000	2.000
151.000	6.000
152.000	5.000
153.000	4.000
154.000	7.000
155.000	4.000
156.000	5.000
157.000	10.000
158.000	4.000
159.000	7.000
160.000	5.000
161.000	8.000
162.000	10.000
163.000	8.000
164.000	11.000
165.000	8.000
166.000	6.000
167.000	6.000
168.000	7.000
169.000	0.000
170.000	4.000
171.000	6.000
172.000	5.000
173.000	6.000
174.000	7.000
175.000	2.000
176.000	4.000
177.000	5.000
178.000	12.000
179.000	6.000
180.000	4.000
181.000	10.000
182.000	6.000
183.000	8.000
184.000	12.000
185.000	4.000
186.000	2.000
187.000	4.000
188.000	4.000
189.000	3.000
190.000	5.000
191.000	3.000
192.000	2.000
193.000	3.000
194.000	4.000
195.000	4.000
196.000	3.000
197.000	11.000
198.000	8.000
199.000	15.000
200.000	19.000
201.000	26.000
202.000	30.000
203.000	18.000
204.000	22.000
205.000	19.000
206.000	18.000
207.000	5.000
208.000	11.000
209.000	8.000
210.000	6.000
211.000	1.000
212.000	2.000
213.000	2.000
214.000	8.000
215.000	3.000
216.000	2.000
217.000	6.000
218.000	8.000
219.000	6.000
220.000	7.000
221.000	7.000
222.000	9.000
223.000	6.000
224.000	7.000
225.000	5.000
226.000	4.000
227.000	4.000
228.000	9.000
229.000	4.000
230.000	3.000
231.000	2.000
232.000	4.000
233.000	3.000
234.000	2.000
235.000	4.000
236.000	2.000
237.000	5.000
238.000	4.000
239.000	1.000
240.000	3.000
241.000	4.000
242.000	6.000
243.000	6.000
244.000	17.000
245.000	11.000
246.000	9.000
247.000	11.000
248.000	13.000
249.000	13.000
250.000	12.000
251.000	12.000
252.000	9.000
253.000	7.000
254.000	8.000
255.000	4.000
256.000	9.000
257.000	8.000
258.000	3.000
259.000	9.000
260.000	6.000
261.000	8.000
262.000	7.000
263.000	7.000
264.000	1.000
265.000	7.000
266.000	7.000
267.000	10.000
268.000	9.000
269.000	7.000
270.000	7.000
271.000	7.000
272.000	5.000
273.000	7.000
274.000	4.000
275.000	1.000
276.000	5.000
277.000	3.000
278.000	4.000
279.000	6.000
280.000	7.000
281.000	8.000
282.000	6.000
283.000	2.000
284.000	8.000
285.000	4.000
286.000	13.000
287.000	3.000
288.000	5.000
289.000	3.000
290.000	8.000
291.000	6.000
292.000	7.000
293.000	5.000
294.000	12.000
295.000	10.000
296.000	10.000
297.000	8.000
298.000	10.000
299.000	11.000
300.000	6.000
301.000	8.000
302.000	5.000
303.000	9.000
304.000	6.000
305.000	10.000
306.000	11.000
307.000	8.000
308.000	15.000
309.000	8.000
310.000	7.000
311.000	6.000
312.000	7.000
313.000	12.000
314.000	7.000
315.000	10.000
316.000	8.000
317.000	13.000
318.000	19.000
319.000	29.000
320.000	25.000
321.000	35.000
322.000	42.000
323.000	39.000
324.000	48.000
325.000	30.000
326.000	37.000
327.000	35.000
328.000	25.000
329.000	22.000
330.000	13.000
331.000	16.000
332.000	11.000
333.000	4.000
334.000	12.000
335.000	9.000
336.000	13.000
337.000	10.000
338.000	11.000
339.000	28.000
340.000	18.000
341.000	31.000
342.000	43.000
343.000	92.000
344.000	151.000
345.000	182.000
346.000	289.000
347.000	376.000
348.000	475.000
349.000	631.000
350.000	632.000
351.000	684.000
352.000	569.000
353.000	559.000
354.000	397.000
355.000	311.000
356.000	214.000
357.000	138.000
358.000	91.000
359.000	55.000
360.000	36.000
361.000	22.000
362.000	14.000
363.000	22.000
364.000	24.000
365.000	11.000
366.000	14.000
367.000	21.000
368.000	15.000
369.000	10.000
370.000	12.000
371.000	14.000
372.000	28.000
373.000	16.000
374.000	18.000
375.000	18.000
376.000	26.000
377.000	31.000
378.000	30.000
379.000	46.000
380.000	66.000
381.000	50.000
382.000	77.000
383.000	96.000
384.000	87.000
385.000	99.000
386.000	124.000
387.000	119.000
388.000	125.000
389.000	111.000
390.000	91.000
391.000	52.000
392.000	44.000
393.000	37.000
394.000	28.000
395.000	23.000
396.000	28.000
397.000	16.000
398.000	21.000
399.000	25.000
400.000	26.000
401.000	20.000
402.000	15.000
403.000	21.000
404.000	26.000
405.000	19.000
406.000	24.000
407.000	33.000
408.000	22.000
409.000	21.000
410.000	26.000
411.000	35.000
412.000	19.000
413.000	28.000
414.000	26.000
415.000	37.000
416.000	30.000
417.000	33.000
418.000	29.000
419.000	26.000
420.000	27.000
421.000	28.000
422.000	27.000
423.000	39.000
424.000	27.000
425.000	26.000
426.000	21.000
427.000	26.000
428.000	27.000
429.000	27.000
430.000	33.000
431.000	31.000
432.000	27.000
433.000	30.000
434.000	29.000
435.000	27.000
436.000	23.000
437.000	29.000
438.000	44.000
439.000	32.000
440.000	34.000
441.000	33.000
442.000	44.000
443.000	48.000
444.000	42.000
445.000	35.000
446.000	47.000
447.000	33.000
448.000	55.000
449.000	41.000
450.000	33.000
451.000	44.000
452.000	41.000
453.000	43.000
454.000	45.000
455.000	48.000
456.000	53.000
457.000	39.000
458.000	48.000
459.000	48.000
460.000	49.000
461.000	46.000
462.000	59.000
463.000	33.000
464.000	35.000
465.000	53.000
466.000	42.000
467.000	48.000
468.000	48.000
469.000	44.000
470.000	40.000
471.000	46.000
472.000	53.000
473.000	69.000
474.000	63.000
475.000	42.000
476.000	50.000
477.000	59.000
478.000	55.000
479.000	44.000
480.000	53.000
481.000	60.000
482.000	52.000
483.000	46.000
484.000	48.000
485.000	49.000
486.000	53.000
487.000	56.000
488.000	56.000
489.000	63.000
490.000	59.000
491.000	67.000
492.000	65.000
493.000	52.000
494.000	59.000
495.000	66.000
496.000	56.000
497.000	78.000
498.000	63.000
499.000	55.000
500.000	56.000
501.000	77.000
502.000	57.000
503.000	62.000
504.000	69.000
505.000	69.000
506.000	62.000
507.000	67.000
508.000	67.000
509.000	60.000
510.000	76.000
511.000	78.000
512.000	54.000
513.000	81.000
514.000	63.000
515.000	68.000
516.000	65.000
517.000	69.000
518.000	78.000
519.000	80.000
520.000	68.000
521.000	66.000
522.000	85.000
523.000	83.000
524.000	90.000
525.000	92.000
526.000	104.000
527.000	80.000
528.000	91.000
529.000	80.000
530.000	80.000
531.000	92.000
532.000	79.000
533.000	87.000
534.000	99.000
535.000	76.000
536.000	94.000
537.000	80.000
538.000	86.000
539.000	76.000
540.000	93.000
541.000	82.000
542.000	83.000
543.000	98.000
544.000	83.000
545.000	64.000
546.000	102.000
547.000	93.000
548.000	90.000
549.000	107.000
550.000	86.000
551.000	104.000
552.000	87.000
553.000	97.000
554.000	110.000
555.000	99.000
556.000	115.000
557.000	102.000
558.000	104.000
559.000	109.000
560.000	96.000
561.000	101.000
562.000	87.000
563.000	111.000
564.000	109.000
565.000	114.000
566.000	107.000
567.000	116.000
568.000	121.000
569.000	94.000
570.000	121.000
571.000	116.000
572.000	119.000
573.000	126.000
574.000	104.000
575.000	114.000
576.000	134.000
577.000	123.000
578.000	127.000
579.000	117.000
580.000	127.000
581.000	124.000
582.000	122.000
583.000	122.000
584.000	124.000
585.000	121.000
586.000	126.000
587.000	113.000
588.000	123.000
589.000	137.000
590.000	118.000
591.000	133.000
592.000	125.000
593.000	156.000
594.000	124.000
595.000	128.000
596.000	120.000
597.000	142.000
598.000	139.000
599.000	156.000
600.000	124.000
601.000	135.000
602.000	149.000
603.000	126.000
604.000	162.000
605.000	154.000
606.000	160.000
607.000	132.000
608.000	124.000
609.000	142.000
610.000	154.000
611.000	161.000
612.000	158.000
613.000	148.000
614.000	157.000
615.000	156.000
616.000	156.000
617.000	167.000
618.000	169.000
619.000	165.000
620.000	169.000
621.000	143.000
622.000	149.000
623.000	157.000
624.000	174.000
625.000	133.000
626.000	163.000
627.000	158.000
628.000	128.000
629.000	174.000
630.000	153.000
631.000	181.000
632.000	180.000
633.000	141.000
634.000	146.000
635.000	174.000
636.000	134.000
637.000	171.000
638.000	163.000
639.000	186.000
640.000	147.000
641.000	173.000
642.000	172.000
643.000	199.000
644.000	181.000
645.000	166.000
646.000	208.000
647.000	174.000
648.000	183.000
649.000	166.000
650.000	171.000
651.000	199.000
652.000	205.000
653.000	171.000
654.000	199.000
655.000	186.000
656.000	195.000
657.000	186.000
658.000	200.000
659.000	186.000
660.000	181.000
661.000	178.000
662.000	168.000
663.000	195.000
664.000	188.000
665.000	195.000
666.000	187.000
667.000	205.000
668.000	183.000
669.000	186.000
670.000	183.000
671.000	216.000
672.000	209.000
673.000	188.000
674.000	201.000
675.000	191.000
676.000	213.000
677.000	231.000
678.000	208.000
679.000	183.000
680.000	199.000
681.000	207.000
682.000	220.000
683.000	221.000
684.000	220.000
685.000	207.000
686.000	229.000
687.000	210.000
688.000	221.000
689.000	193.000
690.000	219.000
691.000	206.000
692.000	238.000
693.000	208.000
694.000	215.000
695.000	209.000
696.000	223.000
697.000	213.000
698.000	219.000
699.000	200.000
700.000	235.000
701.000	219.000
702.000	183.000
703.000	207.000
704.000	237.000
705.000	252.000
706.000	229.000
707.000	209.000
708.000	215.000
709.000	242.000
710.000	253.000
711.000	237.000
712.000	234.000
713.000	206.000
714.000	231.000
715.000	241.000
716.000	247.000
717.000	253.000
718.000	247.000
719.000	232.000
720.000	244.000
721.000	247.000
722.000	263.000
723.000	246.000
724.000	224.000
725.000	226.000
726.000	247.000
727.000	276.000
728.000	248.000
729.000	289.000
730.000	238.000
731.000	249.000
732.000	247.000
733.000	269.000
734.000	261.000
735.000	238.000
736.000	241.000
737.000	279.000
738.000	267.000
739.000	237.000
740.000	268.000
741.000	255.000
742.000	257.000
743.000	284.000
744.000	270.000
745.000	242.000
746.000	256.000
747.000	250.000
748.000	258.000
749.000	244.000
750.000	255.000
751.000	247.000
752.000	236.000
753.000	268.000
754.000	238.000
755.000	256.000
756.000	268.000
757.000	265.000
758.000	261.000
759.000	270.000
760.000	260.000
761.000	264.000
762.000	258.000
763.000	260.000
764.000	280.000
765.000	271.000
766.000	265.000
767.000	282.000
768.000	289.000
769.000	297.000
770.000	265.000
771.000	306.000
772.000	289.000
773.000	300.000
774.000	280.000
775.000	299.000
776.000	268.000
777.000	292.000
778.000	300.000
779.000	304.000
780.000	252.000
781.000	289.000
782.000	312.000
783.000	283.000
784.000	289.000
785.000	298.000
786.000	297.000
787.000	273.000
788.000	288.000
789.000	263.000
790.000	283.000
791.000	282.000
792.000	277.000
793.000	305.000
794.000	271.000
795.000	275.000
796.000	262.000
797.000	264.000
798.000	282.000
799.000	283.000
800.000	296.000
801.000	284.000
802.000	280.000
803.000	282.000
804.000	272.000
805.000	328.000
806.000	262.000
807.000	306.000
808.000	319.000
809.000	285.000
810.000	291.000
811.000	278.000
812.000	321.000
813.000	278.000
814.000	314.000
815.000	309.000
816.000	276.000
817.000	265.000
818.000	294.000
819.000	290.000
820.000	316.000
821.000	328.000
822.000	330.000
823.000	305.000
824.000	291.000
825.000	315.000
826.000	286.000
827.000	321.000
828.000	311.000
829.000	286.000
830.000	344.000
831.000	307.000
832.000	336.000
833.000	317.000
834.000	289.000
835.000	325.000
836.000	296.000
837.000	346.000
838.000	336.000
839.000	326.000
840.000	308.000
841.000	345.000
842.000	342.000
843.000	318.000
844.000	329.000
845.000	320.000
846.000	307.000
847.000	348.000
848.000	337.000
849.000	360.000
850.000	323.000
851.000	337.000
852.000	351.000
853.000	376.000
854.000	399.000
855.000	396.000
856.000	398.000
857.000	377.000
858.000	402.000
859.000	390.000
860.000	386.000
861.000	363.000
862.000	402.000
863.000	395.000
864.000	371.000
865.000	397.000
866.000	408.000
867.000	434.000
868.000	393.000
869.000	424.000
870.000	453.000
871.000	446.000
872.000	504.000
873.000	477.000
874.000	493.000
875.000	504.000
876.000	557.000
877.000	598.000
878.000	626.000
879.000	634.000
880.000	633.000
881.000	712.000
882.000	741.000
883.000	833.000
884.000	815.000
885.000	938.000
886.000	934.000
887.000	1018.000
888.000	994.000
889.000	1079.000
890.000	1180.000
891.000	1202.000
892.000	1316.000
893.000	1377.000
894.000	1358.000
895.000	1453.000
896.000	1448.000
897.000	1460.000
898.000	1573.000
899.000	1569.000
900.000	1515.000
901.000	1537.000
902.000	1517.000
903.000	1438.000
904.000	1486.000
905.000	1431.000
906.000	1342.000
907.000	1356.000
908.000	1251.000
909.000	1218.000
910.000	1198.000
911.000	1108.000
912.000	1013.000
913.000	1024.000
914.000	932.000
915.000	897.000
916.000	904.000
917.000	782.000
918.000	760.000
919.000	708.000
920.000	663.000
921.000	616.000
922.000	666.000
923.000	525.000
924.000	526.000
925.000	495.000
926.000	490.000
927.000	460.000
928.000	427.000
929.000	431.000
930.000	397.000
931.000	398.000
932.000	395.000
933.000	384.000
934.000	369.000
935.000	367.000
936.000	378.000
937.000	375.000
938.000	394.000
939.000	361.000
940.000	380.000
941.000	428.000
942.000	391.000
943.000	449.000
944.000	519.000
945.000	543.000
946.000	578.000
947.000	650.000
948.000	663.000
949.000	764.000
950.000	753.000
951.000	771.000
952.000	808.000
953.000	781.000
954.000	814.000
955.000	755.000
956.000	764.000
957.000	719.000
958.000	699.000
959.000	609.000
960.000	508.000
961.000	496.000
962.000	450.000
963.000	416.000
964.000	383.000
965.000	345.000
966.000	328.000
967.000	327.000
968.000	301.000
969.000	309.000
970.000	316.000
971.000	290.000
972.000	277.000
973.000	295.000
974.000	273.000
975.000	292.000
976.000	273.000
977.000	298.000
978.000	302.000
979.000	314.000
980.000	339.000
981.000	334.000
982.000	304.000
983.000	321.000
984.000	346.000
985.000	332.000
986.000	337.000
987.000	326.000
988.000	361.000
989.000	358.000
990.000	379.000
991.000	398.000
992.000	389.000
993.000	403.000
994.000	401.000
995.000	402.000
996.000	456.000
997.000	390.000
998.000	451.000
999.000	411.000
1000.000	450.000
1001.000	442.000
1002.000	423.000
1003.000	437.000
1004.000	468.000
1005.000	465.000
1006.000	453.000
1007.000	422.000
1008.000	389.000
1009.000	420.000
1010.000	419.000
1011.000	420.000
1012.000	414.000
1013.000	407.000
1014.000	396.000
1015.000	359.000
1016.000	347.000
1017.000	374.000
1018.000	321.000
1019.000	351.000
1020.000	310.000
1021.000	303.000
1022.000	303.000
1023.000	283.000
1024.000	280.000
