Date:	8/19/2008		Time:	9:01 AM		Version no:	0.00		Project name:	55		Sample name:	222		Section name:	section		Position	274.039995	mm	E0	0.000000	keV	E1	1.000000	keV/channel	sample surface	7.508709	cm	Tube anode:	Mo		Tube voltage:	30	kV	Tube current:	50	mA	gain	20		std. database			resultfile	result		matrix element	11		sample thickness	1.000000		air passage	0.560000	cm	comments	in position		peaking_time	3.000000	m-sec	trigger_threshold	1229.166667	V	mca_bin_width	22.090000	no:	number_mca_channels	1024.000000	no:	gap_time	0.400000	m-sec	trigger_peaking_time	0.150000	m-sec	GAINDAC	9455		HIGHGAIN	1		TAURC	0		RCTAU	53		RCTAUFRAC	32768		livetime	9.687918	seconds	runtime	10.000503	seconds	input_count_rate	29.397234	cps	output_count_rate	22.274579	cps	triggers	284798	seconds	events_in_run	222757	seconds	channel	content		1.000	0.000
2.000	0.000
3.000	0.000
4.000	0.000
5.000	0.000
6.000	0.000
7.000	0.000
8.000	0.000
9.000	0.000
10.000	0.000
11.000	0.000
12.000	0.000
13.000	0.000
14.000	0.000
15.000	0.000
16.000	0.000
17.000	0.000
18.000	0.000
19.000	0.000
20.000	0.000
21.000	0.000
22.000	0.000
23.000	0.000
24.000	0.000
25.000	0.000
26.000	0.000
27.000	0.000
28.000	0.000
29.000	0.000
30.000	0.000
31.000	0.000
32.000	1.000
33.000	0.000
34.000	1.000
35.000	1.000
36.000	1.000
37.000	0.000
38.000	1.000
39.000	1.000
40.000	0.000
41.000	4.000
42.000	2.000
43.000	3.000
44.000	3.000
45.000	7.000
46.000	5.000
47.000	6.000
48.000	3.000
49.000	10.000
50.000	8.000
51.000	9.000
52.000	6.000
53.000	12.000
54.000	11.000
55.000	20.000
56.000	10.000
57.000	12.000
58.000	11.000
59.000	16.000
60.000	15.000
61.000	8.000
62.000	13.000
63.000	8.000
64.000	6.000
65.000	9.000
66.000	11.000
67.000	6.000
68.000	12.000
69.000	6.000
70.000	14.000
71.000	11.000
72.000	6.000
73.000	10.000
74.000	16.000
75.000	13.000
76.000	10.000
77.000	9.000
78.000	10.000
79.000	6.000
80.000	13.000
81.000	6.000
82.000	9.000
83.000	11.000
84.000	10.000
85.000	10.000
86.000	8.000
87.000	3.000
88.000	11.000
89.000	8.000
90.000	4.000
91.000	11.000
92.000	5.000
93.000	4.000
94.000	6.000
95.000	8.000
96.000	3.000
97.000	5.000
98.000	6.000
99.000	7.000
100.000	14.000
101.000	4.000
102.000	9.000
103.000	9.000
104.000	5.000
105.000	6.000
106.000	9.000
107.000	7.000
108.000	6.000
109.000	3.000
110.000	11.000
111.000	4.000
112.000	9.000
113.000	5.000
114.000	1.000
115.000	6.000
116.000	13.000
117.000	7.000
118.000	5.000
119.000	6.000
120.000	5.000
121.000	10.000
122.000	6.000
123.000	9.000
124.000	11.000
125.000	13.000
126.000	5.000
127.000	7.000
128.000	10.000
129.000	6.000
130.000	10.000
131.000	11.000
132.000	7.000
133.000	8.000
134.000	9.000
135.000	6.000
136.000	3.000
137.000	7.000
138.000	4.000
139.000	5.000
140.000	7.000
141.000	5.000
142.000	7.000
143.000	6.000
144.000	6.000
145.000	5.000
146.000	6.000
147.000	4.000
148.000	5.000
149.000	3.000
150.000	8.000
151.000	7.000
152.000	3.000
153.000	5.000
154.000	7.000
155.000	2.000
156.000	6.000
157.000	4.000
158.000	6.000
159.000	4.000
160.000	8.000
161.000	8.000
162.000	9.000
163.000	15.000
164.000	14.000
165.000	9.000
166.000	6.000
167.000	3.000
168.000	2.000
169.000	4.000
170.000	1.000
171.000	5.000
172.000	6.000
173.000	3.000
174.000	2.000
175.000	2.000
176.000	6.000
177.000	10.000
178.000	9.000
179.000	9.000
180.000	6.000
181.000	11.000
182.000	7.000
183.000	8.000
184.000	10.000
185.000	5.000
186.000	4.000
187.000	5.000
188.000	6.000
189.000	7.000
190.000	3.000
191.000	5.000
192.000	6.000
193.000	6.000
194.000	9.000
195.000	5.000
196.000	4.000
197.000	3.000
198.000	10.000
199.000	13.000
200.000	28.000
201.000	13.000
202.000	18.000
203.000	17.000
204.000	16.000
205.000	11.000
206.000	16.000
207.000	13.000
208.000	7.000
209.000	3.000
210.000	3.000
211.000	4.000
212.000	4.000
213.000	0.000
214.000	2.000
215.000	1.000
216.000	3.000
217.000	6.000
218.000	8.000
219.000	6.000
220.000	6.000
221.000	5.000
222.000	1.000
223.000	7.000
224.000	7.000
225.000	3.000
226.000	2.000
227.000	4.000
228.000	2.000
229.000	5.000
230.000	2.000
231.000	3.000
232.000	2.000
233.000	3.000
234.000	1.000
235.000	2.000
236.000	4.000
237.000	3.000
238.000	2.000
239.000	4.000
240.000	4.000
241.000	9.000
242.000	5.000
243.000	6.000
244.000	7.000
245.000	7.000
246.000	12.000
247.000	13.000
248.000	16.000
249.000	6.000
250.000	6.000
251.000	10.000
252.000	8.000
253.000	6.000
254.000	5.000
255.000	6.000
256.000	4.000
257.000	5.000
258.000	3.000
259.000	8.000
260.000	2.000
261.000	6.000
262.000	3.000
263.000	7.000
264.000	3.000
265.000	7.000
266.000	2.000
267.000	7.000
268.000	4.000
269.000	8.000
270.000	5.000
271.000	5.000
272.000	5.000
273.000	6.000
274.000	7.000
275.000	9.000
276.000	8.000
277.000	5.000
278.000	5.000
279.000	4.000
280.000	8.000
281.000	4.000
282.000	5.000
283.000	2.000
284.000	5.000
285.000	5.000
286.000	5.000
287.000	10.000
288.000	2.000
289.000	8.000
290.000	8.000
291.000	9.000
292.000	2.000
293.000	9.000
294.000	4.000
295.000	9.000
296.000	9.000
297.000	10.000
298.000	6.000
299.000	2.000
300.000	6.000
301.000	6.000
302.000	5.000
303.000	6.000
304.000	5.000
305.000	7.000
306.000	3.000
307.000	5.000
308.000	15.000
309.000	4.000
310.000	7.000
311.000	9.000
312.000	4.000
313.000	6.000
314.000	8.000
315.000	15.000
316.000	12.000
317.000	17.000
318.000	15.000
319.000	23.000
320.000	28.000
321.000	35.000
322.000	59.000
323.000	32.000
324.000	45.000
325.000	36.000
326.000	33.000
327.000	31.000
328.000	15.000
329.000	14.000
330.000	21.000
331.000	12.000
332.000	10.000
333.000	9.000
334.000	10.000
335.000	6.000
336.000	13.000
337.000	19.000
338.000	10.000
339.000	17.000
340.000	19.000
341.000	32.000
342.000	47.000
343.000	74.000
344.000	133.000
345.000	203.000
346.000	288.000
347.000	417.000
348.000	508.000
349.000	542.000
350.000	634.000
351.000	604.000
352.000	594.000
353.000	522.000
354.000	405.000
355.000	297.000
356.000	214.000
357.000	158.000
358.000	93.000
359.000	47.000
360.000	35.000
361.000	25.000
362.000	15.000
363.000	12.000
364.000	13.000
365.000	16.000
366.000	16.000
367.000	13.000
368.000	13.000
369.000	14.000
370.000	16.000
371.000	18.000
372.000	21.000
373.000	25.000
374.000	13.000
375.000	19.000
376.000	12.000
377.000	24.000
378.000	23.000
379.000	39.000
380.000	36.000
381.000	59.000
382.000	63.000
383.000	92.000
384.000	96.000
385.000	124.000
386.000	123.000
387.000	104.000
388.000	118.000
389.000	105.000
390.000	73.000
391.000	68.000
392.000	67.000
393.000	24.000
394.000	33.000
395.000	18.000
396.000	22.000
397.000	17.000
398.000	20.000
399.000	29.000
400.000	25.000
401.000	15.000
402.000	27.000
403.000	24.000
404.000	28.000
405.000	15.000
406.000	7.000
407.000	12.000
408.000	28.000
409.000	20.000
410.000	23.000
411.000	24.000
412.000	29.000
413.000	31.000
414.000	20.000
415.000	27.000
416.000	18.000
417.000	22.000
418.000	33.000
419.000	20.000
420.000	31.000
421.000	20.000
422.000	24.000
423.000	20.000
424.000	26.000
425.000	36.000
426.000	18.000
427.000	30.000
428.000	21.000
429.000	30.000
430.000	28.000
431.000	35.000
432.000	32.000
433.000	29.000
434.000	28.000
435.000	28.000
436.000	34.000
437.000	23.000
438.000	29.000
439.000	33.000
440.000	33.000
441.000	37.000
442.000	42.000
443.000	32.000
444.000	45.000
445.000	46.000
446.000	37.000
447.000	28.000
448.000	36.000
449.000	31.000
450.000	37.000
451.000	30.000
452.000	32.000
453.000	38.000
454.000	38.000
455.000	36.000
456.000	27.000
457.000	37.000
458.000	30.000
459.000	47.000
460.000	48.000
461.000	36.000
462.000	43.000
463.000	32.000
464.000	39.000
465.000	52.000
466.000	43.000
467.000	28.000
468.000	43.000
469.000	41.000
470.000	54.000
471.000	45.000
472.000	46.000
473.000	51.000
474.000	52.000
475.000	41.000
476.000	43.000
477.000	32.000
478.000	53.000
479.000	52.000
480.000	38.000
481.000	52.000
482.000	45.000
483.000	48.000
484.000	45.000
485.000	67.000
486.000	58.000
487.000	65.000
488.000	44.000
489.000	50.000
490.000	61.000
491.000	59.000
492.000	49.000
493.000	44.000
494.000	52.000
495.000	45.000
496.000	55.000
497.000	46.000
498.000	58.000
499.000	56.000
500.000	65.000
501.000	61.000
502.000	58.000
503.000	57.000
504.000	78.000
505.000	61.000
506.000	69.000
507.000	50.000
508.000	80.000
509.000	58.000
510.000	67.000
511.000	73.000
512.000	53.000
513.000	58.000
514.000	66.000
515.000	64.000
516.000	71.000
517.000	57.000
518.000	65.000
519.000	80.000
520.000	62.000
521.000	79.000
522.000	83.000
523.000	83.000
524.000	81.000
525.000	86.000
526.000	68.000
527.000	76.000
528.000	83.000
529.000	76.000
530.000	75.000
531.000	68.000
532.000	73.000
533.000	80.000
534.000	84.000
535.000	85.000
536.000	74.000
537.000	81.000
538.000	82.000
539.000	79.000
540.000	80.000
541.000	91.000
542.000	79.000
543.000	87.000
544.000	100.000
545.000	95.000
546.000	82.000
547.000	89.000
548.000	74.000
549.000	93.000
550.000	107.000
551.000	87.000
552.000	107.000
553.000	93.000
554.000	109.000
555.000	79.000
556.000	95.000
557.000	108.000
558.000	97.000
559.000	98.000
560.000	109.000
561.000	115.000
562.000	88.000
563.000	97.000
564.000	103.000
565.000	102.000
566.000	112.000
567.000	114.000
568.000	111.000
569.000	90.000
570.000	93.000
571.000	114.000
572.000	105.000
573.000	96.000
574.000	88.000
575.000	114.000
576.000	121.000
577.000	122.000
578.000	112.000
579.000	105.000
580.000	122.000
581.000	118.000
582.000	135.000
583.000	104.000
584.000	99.000
585.000	114.000
586.000	129.000
587.000	110.000
588.000	123.000
589.000	117.000
590.000	117.000
591.000	115.000
592.000	112.000
593.000	128.000
594.000	104.000
595.000	120.000
596.000	95.000
597.000	136.000
598.000	131.000
599.000	123.000
600.000	134.000
601.000	106.000
602.000	141.000
603.000	132.000
604.000	134.000
605.000	132.000
606.000	136.000
607.000	140.000
608.000	136.000
609.000	119.000
610.000	139.000
611.000	155.000
612.000	127.000
613.000	152.000
614.000	157.000
615.000	134.000
616.000	128.000
617.000	145.000
618.000	158.000
619.000	160.000
620.000	167.000
621.000	148.000
622.000	143.000
623.000	131.000
624.000	153.000
625.000	162.000
626.000	142.000
627.000	122.000
628.000	148.000
629.000	160.000
630.000	175.000
631.000	162.000
632.000	173.000
633.000	171.000
634.000	178.000
635.000	141.000
636.000	158.000
637.000	154.000
638.000	183.000
639.000	161.000
640.000	158.000
641.000	182.000
642.000	152.000
643.000	158.000
644.000	169.000
645.000	155.000
646.000	166.000
647.000	160.000
648.000	160.000
649.000	168.000
650.000	158.000
651.000	176.000
652.000	185.000
653.000	194.000
654.000	174.000
655.000	161.000
656.000	197.000
657.000	207.000
658.000	188.000
659.000	186.000
660.000	179.000
661.000	174.000
662.000	171.000
663.000	167.000
664.000	199.000
665.000	179.000
666.000	192.000
667.000	189.000
668.000	192.000
669.000	179.000
670.000	176.000
671.000	185.000
672.000	189.000
673.000	200.000
674.000	196.000
675.000	204.000
676.000	201.000
677.000	181.000
678.000	185.000
679.000	196.000
680.000	204.000
681.000	213.000
682.000	188.000
683.000	180.000
684.000	210.000
685.000	211.000
686.000	210.000
687.000	221.000
688.000	200.000
689.000	192.000
690.000	209.000
691.000	205.000
692.000	197.000
693.000	228.000
694.000	226.000
695.000	216.000
696.000	216.000
697.000	236.000
698.000	196.000
699.000	222.000
700.000	222.000
701.000	215.000
702.000	209.000
703.000	217.000
704.000	209.000
705.000	199.000
706.000	208.000
707.000	227.000
708.000	202.000
709.000	205.000
710.000	220.000
711.000	236.000
712.000	200.000
713.000	202.000
714.000	240.000
715.000	225.000
716.000	252.000
717.000	233.000
718.000	223.000
719.000	216.000
720.000	239.000
721.000	237.000
722.000	243.000
723.000	246.000
724.000	236.000
725.000	270.000
726.000	224.000
727.000	227.000
728.000	238.000
729.000	232.000
730.000	261.000
731.000	281.000
732.000	247.000
733.000	228.000
734.000	242.000
735.000	235.000
736.000	257.000
737.000	272.000
738.000	233.000
739.000	246.000
740.000	254.000
741.000	258.000
742.000	245.000
743.000	246.000
744.000	242.000
745.000	213.000
746.000	246.000
747.000	250.000
748.000	226.000
749.000	256.000
750.000	250.000
751.000	250.000
752.000	274.000
753.000	262.000
754.000	245.000
755.000	263.000
756.000	207.000
757.000	262.000
758.000	258.000
759.000	263.000
760.000	279.000
761.000	249.000
762.000	264.000
763.000	278.000
764.000	266.000
765.000	272.000
766.000	259.000
767.000	305.000
768.000	273.000
769.000	314.000
770.000	295.000
771.000	285.000
772.000	310.000
773.000	280.000
774.000	315.000
775.000	287.000
776.000	304.000
777.000	279.000
778.000	262.000
779.000	283.000
780.000	279.000
781.000	284.000
782.000	294.000
783.000	255.000
784.000	276.000
785.000	276.000
786.000	249.000
787.000	279.000
788.000	251.000
789.000	282.000
790.000	294.000
791.000	259.000
792.000	247.000
793.000	274.000
794.000	296.000
795.000	275.000
796.000	287.000
797.000	294.000
798.000	283.000
799.000	303.000
800.000	292.000
801.000	252.000
802.000	286.000
803.000	278.000
804.000	283.000
805.000	277.000
806.000	292.000
807.000	296.000
808.000	305.000
809.000	317.000
810.000	277.000
811.000	296.000
812.000	289.000
813.000	272.000
814.000	306.000
815.000	285.000
816.000	329.000
817.000	315.000
818.000	289.000
819.000	324.000
820.000	299.000
821.000	311.000
822.000	329.000
823.000	291.000
824.000	301.000
825.000	305.000
826.000	304.000
827.000	291.000
828.000	312.000
829.000	311.000
830.000	312.000
831.000	330.000
832.000	309.000
833.000	304.000
834.000	316.000
835.000	319.000
836.000	333.000
837.000	293.000
838.000	299.000
839.000	319.000
840.000	345.000
841.000	328.000
842.000	332.000
843.000	306.000
844.000	326.000
845.000	355.000
846.000	334.000
847.000	347.000
848.000	375.000
849.000	352.000
850.000	332.000
851.000	338.000
852.000	357.000
853.000	332.000
854.000	346.000
855.000	374.000
856.000	395.000
857.000	400.000
858.000	348.000
859.000	407.000
860.000	362.000
861.000	417.000
862.000	400.000
863.000	369.000
864.000	408.000
865.000	416.000
866.000	431.000
867.000	459.000
868.000	418.000
869.000	429.000
870.000	469.000
871.000	478.000
872.000	469.000
873.000	509.000
874.000	524.000
875.000	566.000
876.000	552.000
877.000	573.000
878.000	617.000
879.000	634.000
880.000	668.000
881.000	734.000
882.000	770.000
883.000	807.000
884.000	886.000
885.000	932.000
886.000	915.000
887.000	1001.000
888.000	1115.000
889.000	1214.000
890.000	1161.000
891.000	1249.000
892.000	1292.000
893.000	1335.000
894.000	1405.000
895.000	1455.000
896.000	1413.000
897.000	1486.000
898.000	1540.000
899.000	1503.000
900.000	1506.000
901.000	1595.000
902.000	1576.000
903.000	1549.000
904.000	1522.000
905.000	1462.000
906.000	1390.000
907.000	1364.000
908.000	1285.000
909.000	1275.000
910.000	1162.000
911.000	1185.000
912.000	1058.000
913.000	1036.000
914.000	961.000
915.000	936.000
916.000	872.000
917.000	770.000
918.000	794.000
919.000	739.000
920.000	714.000
921.000	634.000
922.000	645.000
923.000	556.000
924.000	520.000
925.000	544.000
926.000	467.000
927.000	427.000
928.000	423.000
929.000	413.000
930.000	429.000
931.000	424.000
932.000	396.000
933.000	389.000
934.000	372.000
935.000	402.000
936.000	385.000
937.000	366.000
938.000	390.000
939.000	368.000
940.000	351.000
941.000	434.000
942.000	423.000
943.000	471.000
944.000	475.000
945.000	521.000
946.000	600.000
947.000	625.000
948.000	679.000
949.000	723.000
950.000	760.000
951.000	776.000
952.000	837.000
953.000	839.000
954.000	840.000
955.000	762.000
956.000	757.000
957.000	757.000
958.000	652.000
959.000	582.000
960.000	569.000
961.000	521.000
962.000	433.000
963.000	423.000
964.000	402.000
965.000	327.000
966.000	329.000
967.000	327.000
968.000	313.000
969.000	296.000
970.000	277.000
971.000	329.000
972.000	329.000
973.000	315.000
974.000	314.000
975.000	286.000
976.000	308.000
977.000	291.000
978.000	326.000
979.000	313.000
980.000	337.000
981.000	308.000
982.000	311.000
983.000	302.000
984.000	340.000
985.000	314.000
986.000	342.000
987.000	358.000
988.000	366.000
989.000	352.000
990.000	374.000
991.000	397.000
992.000	360.000
993.000	397.000
994.000	407.000
995.000	451.000
996.000	440.000
997.000	419.000
998.000	411.000
999.000	401.000
1000.000	443.000
1001.000	465.000
1002.000	439.000
1003.000	448.000
1004.000	481.000
1005.000	459.000
1006.000	480.000
1007.000	465.000
1008.000	487.000
1009.000	442.000
1010.000	421.000
1011.000	447.000
1012.000	416.000
1013.000	402.000
1014.000	404.000
1015.000	383.000
1016.000	352.000
1017.000	335.000
1018.000	359.000
1019.000	367.000
1020.000	357.000
1021.000	290.000
1022.000	302.000
1023.000	298.000
1024.000	307.000
