Date:	8/19/2008		Time:	8:53 AM		Version no:	0.00		Project name:	55		Sample name:	222		Section name:	section		Position	194.039995	mm	E0	0.000000	keV	E1	1.000000	keV/channel	sample surface	7.683264	cm	Tube anode:	Mo		Tube voltage:	30	kV	Tube current:	50	mA	gain	20		std. database			resultfile	result		matrix element	11		sample thickness	1.000000		air passage	0.560000	cm	comments	in position		peaking_time	3.000000	m-sec	trigger_threshold	1229.166667	V	mca_bin_width	22.090000	no:	number_mca_channels	1024.000000	no:	gap_time	0.400000	m-sec	trigger_peaking_time	0.150000	m-sec	GAINDAC	9455		HIGHGAIN	1		TAURC	0		RCTAU	53		RCTAUFRAC	32768		livetime	9.665529	seconds	runtime	10.000502	seconds	input_count_rate	31.011650	cps	output_count_rate	23.124140	cps	triggers	299744	seconds	events_in_run	231253	seconds	channel	content		1.000	0.000
2.000	0.000
3.000	0.000
4.000	0.000
5.000	0.000
6.000	0.000
7.000	0.000
8.000	0.000
9.000	0.000
10.000	0.000
11.000	0.000
12.000	0.000
13.000	0.000
14.000	0.000
15.000	0.000
16.000	0.000
17.000	0.000
18.000	0.000
19.000	0.000
20.000	0.000
21.000	0.000
22.000	0.000
23.000	0.000
24.000	0.000
25.000	0.000
26.000	0.000
27.000	0.000
28.000	0.000
29.000	0.000
30.000	0.000
31.000	2.000
32.000	2.000
33.000	0.000
34.000	0.000
35.000	0.000
36.000	0.000
37.000	1.000
38.000	3.000
39.000	5.000
40.000	2.000
41.000	5.000
42.000	5.000
43.000	4.000
44.000	3.000
45.000	11.000
46.000	4.000
47.000	6.000
48.000	9.000
49.000	2.000
50.000	7.000
51.000	8.000
52.000	8.000
53.000	7.000
54.000	7.000
55.000	7.000
56.000	4.000
57.000	12.000
58.000	15.000
59.000	4.000
60.000	14.000
61.000	7.000
62.000	9.000
63.000	11.000
64.000	11.000
65.000	6.000
66.000	15.000
67.000	15.000
68.000	10.000
69.000	6.000
70.000	10.000
71.000	10.000
72.000	10.000
73.000	9.000
74.000	10.000
75.000	9.000
76.000	8.000
77.000	12.000
78.000	7.000
79.000	3.000
80.000	10.000
81.000	11.000
82.000	7.000
83.000	13.000
84.000	10.000
85.000	7.000
86.000	13.000
87.000	7.000
88.000	10.000
89.000	12.000
90.000	4.000
91.000	8.000
92.000	11.000
93.000	7.000
94.000	16.000
95.000	12.000
96.000	9.000
97.000	4.000
98.000	13.000
99.000	12.000
100.000	7.000
101.000	8.000
102.000	6.000
103.000	10.000
104.000	4.000
105.000	6.000
106.000	12.000
107.000	12.000
108.000	5.000
109.000	10.000
110.000	5.000
111.000	9.000
112.000	9.000
113.000	5.000
114.000	4.000
115.000	4.000
116.000	10.000
117.000	8.000
118.000	5.000
119.000	9.000
120.000	10.000
121.000	4.000
122.000	6.000
123.000	6.000
124.000	9.000
125.000	8.000
126.000	5.000
127.000	9.000
128.000	10.000
129.000	5.000
130.000	7.000
131.000	6.000
132.000	11.000
133.000	7.000
134.000	6.000
135.000	4.000
136.000	7.000
137.000	4.000
138.000	3.000
139.000	5.000
140.000	3.000
141.000	2.000
142.000	6.000
143.000	4.000
144.000	6.000
145.000	2.000
146.000	8.000
147.000	2.000
148.000	6.000
149.000	6.000
150.000	2.000
151.000	0.000
152.000	4.000
153.000	5.000
154.000	7.000
155.000	6.000
156.000	3.000
157.000	6.000
158.000	3.000
159.000	5.000
160.000	9.000
161.000	7.000
162.000	11.000
163.000	14.000
164.000	6.000
165.000	9.000
166.000	9.000
167.000	6.000
168.000	3.000
169.000	5.000
170.000	2.000
171.000	3.000
172.000	4.000
173.000	3.000
174.000	4.000
175.000	3.000
176.000	1.000
177.000	7.000
178.000	3.000
179.000	8.000
180.000	15.000
181.000	7.000
182.000	11.000
183.000	5.000
184.000	4.000
185.000	11.000
186.000	8.000
187.000	5.000
188.000	2.000
189.000	3.000
190.000	5.000
191.000	7.000
192.000	5.000
193.000	4.000
194.000	5.000
195.000	4.000
196.000	11.000
197.000	13.000
198.000	11.000
199.000	21.000
200.000	18.000
201.000	26.000
202.000	30.000
203.000	24.000
204.000	26.000
205.000	25.000
206.000	14.000
207.000	10.000
208.000	12.000
209.000	6.000
210.000	3.000
211.000	3.000
212.000	7.000
213.000	5.000
214.000	2.000
215.000	6.000
216.000	2.000
217.000	2.000
218.000	9.000
219.000	8.000
220.000	7.000
221.000	8.000
222.000	13.000
223.000	7.000
224.000	4.000
225.000	9.000
226.000	8.000
227.000	1.000
228.000	1.000
229.000	3.000
230.000	5.000
231.000	1.000
232.000	1.000
233.000	6.000
234.000	1.000
235.000	2.000
236.000	8.000
237.000	2.000
238.000	1.000
239.000	4.000
240.000	4.000
241.000	5.000
242.000	8.000
243.000	8.000
244.000	6.000
245.000	18.000
246.000	13.000
247.000	15.000
248.000	9.000
249.000	13.000
250.000	11.000
251.000	7.000
252.000	5.000
253.000	9.000
254.000	8.000
255.000	3.000
256.000	11.000
257.000	6.000
258.000	4.000
259.000	4.000
260.000	3.000
261.000	5.000
262.000	4.000
263.000	6.000
264.000	6.000
265.000	4.000
266.000	5.000
267.000	6.000
268.000	8.000
269.000	5.000
270.000	5.000
271.000	13.000
272.000	6.000
273.000	6.000
274.000	8.000
275.000	2.000
276.000	4.000
277.000	7.000
278.000	6.000
279.000	4.000
280.000	3.000
281.000	7.000
282.000	4.000
283.000	6.000
284.000	3.000
285.000	4.000
286.000	8.000
287.000	3.000
288.000	11.000
289.000	5.000
290.000	8.000
291.000	7.000
292.000	8.000
293.000	12.000
294.000	9.000
295.000	3.000
296.000	8.000
297.000	6.000
298.000	7.000
299.000	9.000
300.000	4.000
301.000	10.000
302.000	9.000
303.000	10.000
304.000	3.000
305.000	8.000
306.000	1.000
307.000	3.000
308.000	9.000
309.000	5.000
310.000	7.000
311.000	11.000
312.000	5.000
313.000	8.000
314.000	7.000
315.000	10.000
316.000	10.000
317.000	23.000
318.000	14.000
319.000	21.000
320.000	29.000
321.000	58.000
322.000	49.000
323.000	51.000
324.000	46.000
325.000	53.000
326.000	51.000
327.000	25.000
328.000	31.000
329.000	23.000
330.000	14.000
331.000	17.000
332.000	11.000
333.000	13.000
334.000	7.000
335.000	11.000
336.000	17.000
337.000	9.000
338.000	18.000
339.000	25.000
340.000	9.000
341.000	44.000
342.000	54.000
343.000	89.000
344.000	133.000
345.000	231.000
346.000	357.000
347.000	444.000
348.000	601.000
349.000	694.000
350.000	778.000
351.000	787.000
352.000	743.000
353.000	616.000
354.000	489.000
355.000	376.000
356.000	291.000
357.000	150.000
358.000	95.000
359.000	60.000
360.000	35.000
361.000	29.000
362.000	18.000
363.000	23.000
364.000	18.000
365.000	19.000
366.000	13.000
367.000	14.000
368.000	17.000
369.000	20.000
370.000	15.000
371.000	9.000
372.000	14.000
373.000	15.000
374.000	12.000
375.000	24.000
376.000	25.000
377.000	27.000
378.000	33.000
379.000	42.000
380.000	45.000
381.000	56.000
382.000	65.000
383.000	114.000
384.000	120.000
385.000	128.000
386.000	139.000
387.000	158.000
388.000	141.000
389.000	127.000
390.000	90.000
391.000	80.000
392.000	58.000
393.000	49.000
394.000	33.000
395.000	32.000
396.000	28.000
397.000	21.000
398.000	27.000
399.000	16.000
400.000	22.000
401.000	18.000
402.000	21.000
403.000	22.000
404.000	29.000
405.000	19.000
406.000	33.000
407.000	25.000
408.000	19.000
409.000	22.000
410.000	28.000
411.000	19.000
412.000	19.000
413.000	23.000
414.000	30.000
415.000	17.000
416.000	28.000
417.000	23.000
418.000	29.000
419.000	38.000
420.000	35.000
421.000	27.000
422.000	37.000
423.000	33.000
424.000	26.000
425.000	22.000
426.000	24.000
427.000	32.000
428.000	32.000
429.000	35.000
430.000	27.000
431.000	30.000
432.000	36.000
433.000	30.000
434.000	31.000
435.000	37.000
436.000	35.000
437.000	30.000
438.000	35.000
439.000	40.000
440.000	38.000
441.000	44.000
442.000	37.000
443.000	41.000
444.000	47.000
445.000	51.000
446.000	30.000
447.000	56.000
448.000	36.000
449.000	33.000
450.000	42.000
451.000	38.000
452.000	42.000
453.000	38.000
454.000	39.000
455.000	40.000
456.000	39.000
457.000	44.000
458.000	48.000
459.000	44.000
460.000	44.000
461.000	41.000
462.000	42.000
463.000	48.000
464.000	40.000
465.000	53.000
466.000	45.000
467.000	46.000
468.000	37.000
469.000	53.000
470.000	59.000
471.000	54.000
472.000	62.000
473.000	68.000
474.000	70.000
475.000	59.000
476.000	49.000
477.000	39.000
478.000	54.000
479.000	54.000
480.000	55.000
481.000	54.000
482.000	59.000
483.000	54.000
484.000	53.000
485.000	42.000
486.000	59.000
487.000	56.000
488.000	50.000
489.000	42.000
490.000	71.000
491.000	53.000
492.000	53.000
493.000	57.000
494.000	56.000
495.000	70.000
496.000	71.000
497.000	57.000
498.000	61.000
499.000	56.000
500.000	62.000
501.000	62.000
502.000	73.000
503.000	65.000
504.000	67.000
505.000	57.000
506.000	70.000
507.000	60.000
508.000	72.000
509.000	73.000
510.000	71.000
511.000	87.000
512.000	84.000
513.000	71.000
514.000	68.000
515.000	67.000
516.000	75.000
517.000	83.000
518.000	103.000
519.000	79.000
520.000	66.000
521.000	70.000
522.000	85.000
523.000	97.000
524.000	81.000
525.000	90.000
526.000	91.000
527.000	70.000
528.000	89.000
529.000	80.000
530.000	93.000
531.000	66.000
532.000	79.000
533.000	74.000
534.000	90.000
535.000	102.000
536.000	88.000
537.000	100.000
538.000	103.000
539.000	90.000
540.000	94.000
541.000	94.000
542.000	98.000
543.000	87.000
544.000	93.000
545.000	92.000
546.000	105.000
547.000	80.000
548.000	83.000
549.000	97.000
550.000	88.000
551.000	94.000
552.000	94.000
553.000	100.000
554.000	82.000
555.000	86.000
556.000	103.000
557.000	105.000
558.000	77.000
559.000	109.000
560.000	119.000
561.000	102.000
562.000	111.000
563.000	109.000
564.000	117.000
565.000	83.000
566.000	92.000
567.000	108.000
568.000	114.000
569.000	126.000
570.000	114.000
571.000	114.000
572.000	116.000
573.000	129.000
574.000	133.000
575.000	105.000
576.000	104.000
577.000	106.000
578.000	118.000
579.000	142.000
580.000	114.000
581.000	116.000
582.000	133.000
583.000	110.000
584.000	122.000
585.000	119.000
586.000	118.000
587.000	117.000
588.000	158.000
589.000	128.000
590.000	112.000
591.000	139.000
592.000	134.000
593.000	123.000
594.000	120.000
595.000	147.000
596.000	136.000
597.000	127.000
598.000	164.000
599.000	159.000
600.000	138.000
601.000	148.000
602.000	152.000
603.000	141.000
604.000	147.000
605.000	133.000
606.000	157.000
607.000	168.000
608.000	145.000
609.000	149.000
610.000	168.000
611.000	136.000
612.000	174.000
613.000	160.000
614.000	147.000
615.000	166.000
616.000	180.000
617.000	169.000
618.000	161.000
619.000	171.000
620.000	150.000
621.000	160.000
622.000	155.000
623.000	170.000
624.000	159.000
625.000	181.000
626.000	158.000
627.000	155.000
628.000	178.000
629.000	174.000
630.000	164.000
631.000	170.000
632.000	150.000
633.000	187.000
634.000	188.000
635.000	166.000
636.000	198.000
637.000	168.000
638.000	201.000
639.000	176.000
640.000	147.000
641.000	189.000
642.000	190.000
643.000	194.000
644.000	195.000
645.000	204.000
646.000	199.000
647.000	197.000
648.000	181.000
649.000	177.000
650.000	172.000
651.000	203.000
652.000	201.000
653.000	206.000
654.000	203.000
655.000	203.000
656.000	183.000
657.000	226.000
658.000	195.000
659.000	194.000
660.000	213.000
661.000	169.000
662.000	206.000
663.000	222.000
664.000	198.000
665.000	167.000
666.000	195.000
667.000	186.000
668.000	193.000
669.000	204.000
670.000	184.000
671.000	183.000
672.000	195.000
673.000	191.000
674.000	199.000
675.000	221.000
676.000	210.000
677.000	202.000
678.000	213.000
679.000	207.000
680.000	219.000
681.000	223.000
682.000	199.000
683.000	206.000
684.000	234.000
685.000	192.000
686.000	197.000
687.000	224.000
688.000	219.000
689.000	210.000
690.000	204.000
691.000	250.000
692.000	209.000
693.000	241.000
694.000	198.000
695.000	218.000
696.000	263.000
697.000	242.000
698.000	208.000
699.000	219.000
700.000	236.000
701.000	259.000
702.000	204.000
703.000	205.000
704.000	228.000
705.000	233.000
706.000	247.000
707.000	261.000
708.000	240.000
709.000	259.000
710.000	260.000
711.000	243.000
712.000	247.000
713.000	246.000
714.000	230.000
715.000	233.000
716.000	234.000
717.000	255.000
718.000	239.000
719.000	242.000
720.000	227.000
721.000	252.000
722.000	249.000
723.000	238.000
724.000	266.000
725.000	284.000
726.000	269.000
727.000	229.000
728.000	241.000
729.000	234.000
730.000	281.000
731.000	251.000
732.000	277.000
733.000	265.000
734.000	284.000
735.000	273.000
736.000	296.000
737.000	257.000
738.000	263.000
739.000	262.000
740.000	277.000
741.000	255.000
742.000	271.000
743.000	236.000
744.000	268.000
745.000	282.000
746.000	237.000
747.000	261.000
748.000	270.000
749.000	276.000
750.000	267.000
751.000	278.000
752.000	260.000
753.000	265.000
754.000	271.000
755.000	278.000
756.000	259.000
757.000	263.000
758.000	278.000
759.000	259.000
760.000	284.000
761.000	249.000
762.000	291.000
763.000	267.000
764.000	270.000
765.000	280.000
766.000	265.000
767.000	292.000
768.000	285.000
769.000	300.000
770.000	335.000
771.000	314.000
772.000	330.000
773.000	311.000
774.000	314.000
775.000	339.000
776.000	282.000
777.000	303.000
778.000	282.000
779.000	310.000
780.000	293.000
781.000	284.000
782.000	304.000
783.000	293.000
784.000	292.000
785.000	283.000
786.000	282.000
787.000	301.000
788.000	285.000
789.000	280.000
790.000	275.000
791.000	277.000
792.000	305.000
793.000	283.000
794.000	294.000
795.000	293.000
796.000	285.000
797.000	286.000
798.000	270.000
799.000	295.000
800.000	317.000
801.000	298.000
802.000	299.000
803.000	313.000
804.000	323.000
805.000	349.000
806.000	310.000
807.000	318.000
808.000	314.000
809.000	289.000
810.000	284.000
811.000	324.000
812.000	267.000
813.000	314.000
814.000	302.000
815.000	274.000
816.000	284.000
817.000	296.000
818.000	356.000
819.000	288.000
820.000	303.000
821.000	306.000
822.000	334.000
823.000	342.000
824.000	322.000
825.000	320.000
826.000	354.000
827.000	308.000
828.000	326.000
829.000	344.000
830.000	326.000
831.000	305.000
832.000	317.000
833.000	293.000
834.000	302.000
835.000	327.000
836.000	320.000
837.000	324.000
838.000	324.000
839.000	296.000
840.000	326.000
841.000	318.000
842.000	310.000
843.000	304.000
844.000	337.000
845.000	329.000
846.000	358.000
847.000	359.000
848.000	364.000
849.000	349.000
850.000	333.000
851.000	368.000
852.000	340.000
853.000	357.000
854.000	377.000
855.000	379.000
856.000	368.000
857.000	406.000
858.000	391.000
859.000	440.000
860.000	414.000
861.000	398.000
862.000	392.000
863.000	420.000
864.000	389.000
865.000	431.000
866.000	418.000
867.000	448.000
868.000	482.000
869.000	487.000
870.000	463.000
871.000	491.000
872.000	498.000
873.000	500.000
874.000	529.000
875.000	569.000
876.000	577.000
877.000	588.000
878.000	637.000
879.000	635.000
880.000	663.000
881.000	724.000
882.000	751.000
883.000	765.000
884.000	901.000
885.000	865.000
886.000	963.000
887.000	1034.000
888.000	1042.000
889.000	1171.000
890.000	1178.000
891.000	1235.000
892.000	1332.000
893.000	1393.000
894.000	1429.000
895.000	1503.000
896.000	1507.000
897.000	1619.000
898.000	1627.000
899.000	1577.000
900.000	1543.000
901.000	1543.000
902.000	1618.000
903.000	1485.000
904.000	1452.000
905.000	1499.000
906.000	1483.000
907.000	1382.000
908.000	1351.000
909.000	1339.000
910.000	1280.000
911.000	1196.000
912.000	1113.000
913.000	1021.000
914.000	965.000
915.000	922.000
916.000	921.000
917.000	824.000
918.000	790.000
919.000	735.000
920.000	673.000
921.000	630.000
922.000	629.000
923.000	607.000
924.000	552.000
925.000	511.000
926.000	511.000
927.000	457.000
928.000	496.000
929.000	417.000
930.000	432.000
931.000	406.000
932.000	446.000
933.000	391.000
934.000	413.000
935.000	388.000
936.000	383.000
937.000	388.000
938.000	380.000
939.000	392.000
940.000	409.000
941.000	389.000
942.000	466.000
943.000	432.000
944.000	542.000
945.000	491.000
946.000	597.000
947.000	605.000
948.000	682.000
949.000	799.000
950.000	781.000
951.000	795.000
952.000	819.000
953.000	788.000
954.000	830.000
955.000	819.000
956.000	759.000
957.000	792.000
958.000	700.000
959.000	618.000
960.000	574.000
961.000	541.000
962.000	450.000
963.000	423.000
964.000	381.000
965.000	359.000
966.000	345.000
967.000	338.000
968.000	308.000
969.000	300.000
970.000	294.000
971.000	296.000
972.000	308.000
973.000	311.000
974.000	304.000
975.000	294.000
976.000	312.000
977.000	328.000
978.000	297.000
979.000	305.000
980.000	332.000
981.000	341.000
982.000	341.000
983.000	355.000
984.000	343.000
985.000	362.000
986.000	360.000
987.000	372.000
988.000	357.000
989.000	400.000
990.000	410.000
991.000	378.000
992.000	394.000
993.000	400.000
994.000	397.000
995.000	458.000
996.000	462.000
997.000	421.000
998.000	454.000
999.000	449.000
1000.000	462.000
1001.000	517.000
1002.000	461.000
1003.000	456.000
1004.000	460.000
1005.000	444.000
1006.000	433.000
1007.000	459.000
1008.000	461.000
1009.000	450.000
1010.000	462.000
1011.000	426.000
1012.000	432.000
1013.000	405.000
1014.000	392.000
1015.000	384.000
1016.000	330.000
1017.000	340.000
1018.000	375.000
1019.000	331.000
1020.000	343.000
1021.000	329.000
1022.000	288.000
1023.000	298.000
1024.000	280.000
