Date:	8/19/2008		Time:	8:52 AM		Version no:	0.00		Project name:	55		Sample name:	222		Section name:	section		Position	176.039995	mm	E0	0.000000	keV	E1	1.000000	keV/channel	sample surface	7.622632	cm	Tube anode:	Mo		Tube voltage:	30	kV	Tube current:	50	mA	gain	20		std. database			resultfile	result		matrix element	11		sample thickness	1.000000		air passage	0.560000	cm	comments	not in position		peaking_time	3.000000	m-sec	trigger_threshold	1229.166667	V	mca_bin_width	22.090000	no:	number_mca_channels	1024.000000	no:	gap_time	0.400000	m-sec	trigger_peaking_time	0.150000	m-sec	GAINDAC	9455		HIGHGAIN	1		TAURC	0		RCTAU	53		RCTAUFRAC	32768		livetime	9.726994	seconds	runtime	10.000502	seconds	input_count_rate	26.910985	cps	output_count_rate	20.821056	cps	triggers	261763	seconds	events_in_run	208221	seconds	channel	content		1.000	0.000
2.000	0.000
3.000	0.000
4.000	0.000
5.000	0.000
6.000	0.000
7.000	0.000
8.000	0.000
9.000	0.000
10.000	0.000
11.000	0.000
12.000	0.000
13.000	0.000
14.000	0.000
15.000	0.000
16.000	0.000
17.000	0.000
18.000	0.000
19.000	0.000
20.000	0.000
21.000	0.000
22.000	0.000
23.000	0.000
24.000	0.000
25.000	0.000
26.000	0.000
27.000	0.000
28.000	0.000
29.000	0.000
30.000	0.000
31.000	0.000
32.000	1.000
33.000	0.000
34.000	0.000
35.000	1.000
36.000	1.000
37.000	2.000
38.000	1.000
39.000	0.000
40.000	0.000
41.000	3.000
42.000	0.000
43.000	6.000
44.000	5.000
45.000	2.000
46.000	4.000
47.000	7.000
48.000	7.000
49.000	6.000
50.000	7.000
51.000	11.000
52.000	9.000
53.000	9.000
54.000	10.000
55.000	7.000
56.000	9.000
57.000	11.000
58.000	12.000
59.000	12.000
60.000	5.000
61.000	4.000
62.000	15.000
63.000	7.000
64.000	9.000
65.000	11.000
66.000	7.000
67.000	6.000
68.000	12.000
69.000	12.000
70.000	10.000
71.000	15.000
72.000	14.000
73.000	11.000
74.000	8.000
75.000	9.000
76.000	7.000
77.000	5.000
78.000	10.000
79.000	7.000
80.000	12.000
81.000	8.000
82.000	10.000
83.000	6.000
84.000	11.000
85.000	9.000
86.000	6.000
87.000	6.000
88.000	3.000
89.000	12.000
90.000	7.000
91.000	4.000
92.000	5.000
93.000	5.000
94.000	9.000
95.000	5.000
96.000	10.000
97.000	6.000
98.000	7.000
99.000	11.000
100.000	4.000
101.000	5.000
102.000	11.000
103.000	7.000
104.000	14.000
105.000	5.000
106.000	5.000
107.000	6.000
108.000	10.000
109.000	8.000
110.000	12.000
111.000	6.000
112.000	2.000
113.000	6.000
114.000	8.000
115.000	5.000
116.000	2.000
117.000	5.000
118.000	5.000
119.000	6.000
120.000	3.000
121.000	4.000
122.000	9.000
123.000	6.000
124.000	8.000
125.000	6.000
126.000	11.000
127.000	6.000
128.000	9.000
129.000	11.000
130.000	7.000
131.000	9.000
132.000	8.000
133.000	5.000
134.000	7.000
135.000	7.000
136.000	4.000
137.000	9.000
138.000	2.000
139.000	8.000
140.000	6.000
141.000	8.000
142.000	2.000
143.000	3.000
144.000	5.000
145.000	8.000
146.000	4.000
147.000	12.000
148.000	5.000
149.000	7.000
150.000	3.000
151.000	3.000
152.000	4.000
153.000	2.000
154.000	2.000
155.000	5.000
156.000	5.000
157.000	3.000
158.000	6.000
159.000	12.000
160.000	9.000
161.000	9.000
162.000	11.000
163.000	13.000
164.000	9.000
165.000	5.000
166.000	6.000
167.000	5.000
168.000	6.000
169.000	4.000
170.000	2.000
171.000	4.000
172.000	2.000
173.000	5.000
174.000	10.000
175.000	4.000
176.000	3.000
177.000	6.000
178.000	5.000
179.000	10.000
180.000	14.000
181.000	8.000
182.000	9.000
183.000	6.000
184.000	11.000
185.000	6.000
186.000	6.000
187.000	4.000
188.000	6.000
189.000	4.000
190.000	5.000
191.000	5.000
192.000	4.000
193.000	7.000
194.000	8.000
195.000	6.000
196.000	9.000
197.000	10.000
198.000	13.000
199.000	15.000
200.000	17.000
201.000	30.000
202.000	34.000
203.000	27.000
204.000	28.000
205.000	17.000
206.000	22.000
207.000	16.000
208.000	6.000
209.000	6.000
210.000	6.000
211.000	3.000
212.000	2.000
213.000	3.000
214.000	8.000
215.000	5.000
216.000	5.000
217.000	3.000
218.000	5.000
219.000	8.000
220.000	7.000
221.000	8.000
222.000	5.000
223.000	7.000
224.000	6.000
225.000	5.000
226.000	5.000
227.000	5.000
228.000	3.000
229.000	3.000
230.000	1.000
231.000	4.000
232.000	5.000
233.000	2.000
234.000	0.000
235.000	1.000
236.000	3.000
237.000	1.000
238.000	3.000
239.000	2.000
240.000	3.000
241.000	5.000
242.000	7.000
243.000	5.000
244.000	5.000
245.000	11.000
246.000	9.000
247.000	10.000
248.000	10.000
249.000	8.000
250.000	8.000
251.000	7.000
252.000	6.000
253.000	6.000
254.000	8.000
255.000	4.000
256.000	10.000
257.000	4.000
258.000	3.000
259.000	10.000
260.000	8.000
261.000	3.000
262.000	8.000
263.000	6.000
264.000	10.000
265.000	7.000
266.000	3.000
267.000	5.000
268.000	7.000
269.000	9.000
270.000	4.000
271.000	11.000
272.000	6.000
273.000	6.000
274.000	8.000
275.000	8.000
276.000	6.000
277.000	3.000
278.000	9.000
279.000	9.000
280.000	7.000
281.000	4.000
282.000	7.000
283.000	6.000
284.000	9.000
285.000	5.000
286.000	9.000
287.000	2.000
288.000	9.000
289.000	7.000
290.000	5.000
291.000	1.000
292.000	8.000
293.000	6.000
294.000	8.000
295.000	8.000
296.000	8.000
297.000	13.000
298.000	3.000
299.000	9.000
300.000	8.000
301.000	9.000
302.000	3.000
303.000	6.000
304.000	9.000
305.000	7.000
306.000	8.000
307.000	7.000
308.000	6.000
309.000	10.000
310.000	10.000
311.000	6.000
312.000	11.000
313.000	9.000
314.000	6.000
315.000	17.000
316.000	19.000
317.000	16.000
318.000	20.000
319.000	26.000
320.000	40.000
321.000	37.000
322.000	36.000
323.000	48.000
324.000	51.000
325.000	35.000
326.000	32.000
327.000	30.000
328.000	21.000
329.000	20.000
330.000	18.000
331.000	10.000
332.000	11.000
333.000	9.000
334.000	9.000
335.000	10.000
336.000	9.000
337.000	17.000
338.000	14.000
339.000	18.000
340.000	21.000
341.000	28.000
342.000	71.000
343.000	96.000
344.000	151.000
345.000	248.000
346.000	384.000
347.000	524.000
348.000	651.000
349.000	805.000
350.000	830.000
351.000	813.000
352.000	786.000
353.000	687.000
354.000	505.000
355.000	379.000
356.000	277.000
357.000	213.000
358.000	110.000
359.000	74.000
360.000	45.000
361.000	28.000
362.000	14.000
363.000	27.000
364.000	23.000
365.000	12.000
366.000	13.000
367.000	17.000
368.000	20.000
369.000	20.000
370.000	14.000
371.000	17.000
372.000	22.000
373.000	17.000
374.000	28.000
375.000	20.000
376.000	24.000
377.000	20.000
378.000	33.000
379.000	50.000
380.000	58.000
381.000	67.000
382.000	76.000
383.000	109.000
384.000	117.000
385.000	114.000
386.000	148.000
387.000	164.000
388.000	156.000
389.000	138.000
390.000	119.000
391.000	71.000
392.000	63.000
393.000	43.000
394.000	49.000
395.000	31.000
396.000	30.000
397.000	18.000
398.000	18.000
399.000	25.000
400.000	14.000
401.000	18.000
402.000	25.000
403.000	18.000
404.000	17.000
405.000	20.000
406.000	17.000
407.000	22.000
408.000	33.000
409.000	30.000
410.000	16.000
411.000	24.000
412.000	30.000
413.000	18.000
414.000	26.000
415.000	28.000
416.000	28.000
417.000	25.000
418.000	31.000
419.000	34.000
420.000	23.000
421.000	26.000
422.000	29.000
423.000	19.000
424.000	33.000
425.000	27.000
426.000	40.000
427.000	26.000
428.000	30.000
429.000	24.000
430.000	29.000
431.000	32.000
432.000	27.000
433.000	30.000
434.000	34.000
435.000	31.000
436.000	32.000
437.000	33.000
438.000	35.000
439.000	42.000
440.000	31.000
441.000	39.000
442.000	29.000
443.000	51.000
444.000	35.000
445.000	42.000
446.000	38.000
447.000	26.000
448.000	38.000
449.000	38.000
450.000	47.000
451.000	44.000
452.000	49.000
453.000	49.000
454.000	41.000
455.000	38.000
456.000	44.000
457.000	58.000
458.000	33.000
459.000	46.000
460.000	52.000
461.000	40.000
462.000	59.000
463.000	33.000
464.000	47.000
465.000	50.000
466.000	37.000
467.000	49.000
468.000	49.000
469.000	46.000
470.000	60.000
471.000	36.000
472.000	44.000
473.000	57.000
474.000	45.000
475.000	52.000
476.000	58.000
477.000	54.000
478.000	54.000
479.000	57.000
480.000	52.000
481.000	54.000
482.000	42.000
483.000	50.000
484.000	45.000
485.000	56.000
486.000	61.000
487.000	38.000
488.000	50.000
489.000	51.000
490.000	41.000
491.000	50.000
492.000	52.000
493.000	53.000
494.000	52.000
495.000	59.000
496.000	46.000
497.000	65.000
498.000	62.000
499.000	46.000
500.000	60.000
501.000	71.000
502.000	70.000
503.000	63.000
504.000	72.000
505.000	60.000
506.000	56.000
507.000	50.000
508.000	79.000
509.000	65.000
510.000	57.000
511.000	80.000
512.000	84.000
513.000	75.000
514.000	86.000
515.000	74.000
516.000	62.000
517.000	69.000
518.000	72.000
519.000	73.000
520.000	73.000
521.000	66.000
522.000	86.000
523.000	67.000
524.000	65.000
525.000	87.000
526.000	63.000
527.000	76.000
528.000	79.000
529.000	86.000
530.000	82.000
531.000	77.000
532.000	77.000
533.000	78.000
534.000	82.000
535.000	79.000
536.000	87.000
537.000	86.000
538.000	76.000
539.000	90.000
540.000	78.000
541.000	71.000
542.000	95.000
543.000	74.000
544.000	108.000
545.000	77.000
546.000	87.000
547.000	89.000
548.000	78.000
549.000	84.000
550.000	93.000
551.000	90.000
552.000	93.000
553.000	85.000
554.000	93.000
555.000	84.000
556.000	97.000
557.000	92.000
558.000	84.000
559.000	111.000
560.000	88.000
561.000	86.000
562.000	93.000
563.000	100.000
564.000	113.000
565.000	102.000
566.000	109.000
567.000	95.000
568.000	90.000
569.000	93.000
570.000	104.000
571.000	113.000
572.000	103.000
573.000	109.000
574.000	109.000
575.000	116.000
576.000	106.000
577.000	119.000
578.000	111.000
579.000	96.000
580.000	137.000
581.000	115.000
582.000	104.000
583.000	111.000
584.000	109.000
585.000	129.000
586.000	123.000
587.000	112.000
588.000	111.000
589.000	106.000
590.000	109.000
591.000	139.000
592.000	119.000
593.000	105.000
594.000	114.000
595.000	132.000
596.000	112.000
597.000	117.000
598.000	132.000
599.000	133.000
600.000	126.000
601.000	126.000
602.000	119.000
603.000	120.000
604.000	129.000
605.000	124.000
606.000	149.000
607.000	145.000
608.000	126.000
609.000	120.000
610.000	149.000
611.000	114.000
612.000	153.000
613.000	127.000
614.000	145.000
615.000	151.000
616.000	116.000
617.000	136.000
618.000	147.000
619.000	151.000
620.000	147.000
621.000	150.000
622.000	122.000
623.000	152.000
624.000	146.000
625.000	146.000
626.000	146.000
627.000	144.000
628.000	138.000
629.000	136.000
630.000	155.000
631.000	169.000
632.000	145.000
633.000	119.000
634.000	145.000
635.000	157.000
636.000	146.000
637.000	140.000
638.000	174.000
639.000	147.000
640.000	160.000
641.000	138.000
642.000	144.000
643.000	147.000
644.000	157.000
645.000	166.000
646.000	142.000
647.000	155.000
648.000	167.000
649.000	166.000
650.000	191.000
651.000	159.000
652.000	168.000
653.000	195.000
654.000	185.000
655.000	168.000
656.000	202.000
657.000	179.000
658.000	176.000
659.000	184.000
660.000	169.000
661.000	182.000
662.000	183.000
663.000	164.000
664.000	182.000
665.000	170.000
666.000	176.000
667.000	161.000
668.000	171.000
669.000	173.000
670.000	184.000
671.000	201.000
672.000	187.000
673.000	204.000
674.000	175.000
675.000	178.000
676.000	197.000
677.000	167.000
678.000	187.000
679.000	173.000
680.000	201.000
681.000	193.000
682.000	162.000
683.000	165.000
684.000	183.000
685.000	198.000
686.000	184.000
687.000	206.000
688.000	223.000
689.000	208.000
690.000	204.000
691.000	202.000
692.000	219.000
693.000	182.000
694.000	202.000
695.000	196.000
696.000	210.000
697.000	215.000
698.000	220.000
699.000	200.000
700.000	199.000
701.000	197.000
702.000	199.000
703.000	204.000
704.000	194.000
705.000	226.000
706.000	212.000
707.000	179.000
708.000	232.000
709.000	214.000
710.000	198.000
711.000	218.000
712.000	226.000
713.000	224.000
714.000	195.000
715.000	206.000
716.000	185.000
717.000	229.000
718.000	208.000
719.000	234.000
720.000	207.000
721.000	208.000
722.000	222.000
723.000	201.000
724.000	219.000
725.000	228.000
726.000	222.000
727.000	211.000
728.000	217.000
729.000	203.000
730.000	230.000
731.000	218.000
732.000	224.000
733.000	235.000
734.000	223.000
735.000	227.000
736.000	243.000
737.000	228.000
738.000	223.000
739.000	226.000
740.000	229.000
741.000	226.000
742.000	251.000
743.000	247.000
744.000	224.000
745.000	216.000
746.000	244.000
747.000	240.000
748.000	220.000
749.000	227.000
750.000	230.000
751.000	222.000
752.000	225.000
753.000	255.000
754.000	198.000
755.000	234.000
756.000	231.000
757.000	230.000
758.000	258.000
759.000	211.000
760.000	248.000
761.000	237.000
762.000	227.000
763.000	270.000
764.000	220.000
765.000	241.000
766.000	255.000
767.000	243.000
768.000	246.000
769.000	281.000
770.000	278.000
771.000	231.000
772.000	303.000
773.000	282.000
774.000	273.000
775.000	268.000
776.000	248.000
777.000	274.000
778.000	269.000
779.000	234.000
780.000	269.000
781.000	267.000
782.000	253.000
783.000	264.000
784.000	259.000
785.000	279.000
786.000	228.000
787.000	261.000
788.000	264.000
789.000	260.000
790.000	251.000
791.000	251.000
792.000	259.000
793.000	265.000
794.000	249.000
795.000	227.000
796.000	262.000
797.000	228.000
798.000	239.000
799.000	279.000
800.000	248.000
801.000	279.000
802.000	290.000
803.000	253.000
804.000	243.000
805.000	257.000
806.000	264.000
807.000	258.000
808.000	259.000
809.000	280.000
810.000	258.000
811.000	281.000
812.000	272.000
813.000	262.000
814.000	297.000
815.000	282.000
816.000	272.000
817.000	256.000
818.000	294.000
819.000	282.000
820.000	318.000
821.000	280.000
822.000	266.000
823.000	289.000
824.000	275.000
825.000	271.000
826.000	304.000
827.000	255.000
828.000	262.000
829.000	316.000
830.000	290.000
831.000	299.000
832.000	271.000
833.000	272.000
834.000	270.000
835.000	281.000
836.000	285.000
837.000	272.000
838.000	291.000
839.000	298.000
840.000	310.000
841.000	299.000
842.000	340.000
843.000	318.000
844.000	324.000
845.000	272.000
846.000	333.000
847.000	325.000
848.000	304.000
849.000	336.000
850.000	306.000
851.000	286.000
852.000	304.000
853.000	328.000
854.000	304.000
855.000	300.000
856.000	321.000
857.000	343.000
858.000	363.000
859.000	373.000
860.000	337.000
861.000	374.000
862.000	381.000
863.000	373.000
864.000	370.000
865.000	387.000
866.000	362.000
867.000	389.000
868.000	450.000
869.000	390.000
870.000	440.000
871.000	424.000
872.000	432.000
873.000	491.000
874.000	457.000
875.000	469.000
876.000	503.000
877.000	538.000
878.000	564.000
879.000	600.000
880.000	612.000
881.000	670.000
882.000	641.000
883.000	713.000
884.000	742.000
885.000	814.000
886.000	863.000
887.000	907.000
888.000	916.000
889.000	999.000
890.000	1047.000
891.000	1114.000
892.000	1214.000
893.000	1237.000
894.000	1301.000
895.000	1241.000
896.000	1348.000
897.000	1388.000
898.000	1334.000
899.000	1372.000
900.000	1344.000
901.000	1438.000
902.000	1434.000
903.000	1408.000
904.000	1278.000
905.000	1308.000
906.000	1263.000
907.000	1226.000
908.000	1160.000
909.000	1096.000
910.000	1128.000
911.000	1061.000
912.000	961.000
913.000	909.000
914.000	862.000
915.000	856.000
916.000	729.000
917.000	727.000
918.000	688.000
919.000	628.000
920.000	566.000
921.000	592.000
922.000	508.000
923.000	496.000
924.000	522.000
925.000	457.000
926.000	471.000
927.000	423.000
928.000	452.000
929.000	400.000
930.000	382.000
931.000	362.000
932.000	346.000
933.000	336.000
934.000	318.000
935.000	376.000
936.000	305.000
937.000	342.000
938.000	378.000
939.000	369.000
940.000	346.000
941.000	340.000
942.000	402.000
943.000	409.000
944.000	463.000
945.000	490.000
946.000	513.000
947.000	565.000
948.000	606.000
949.000	642.000
950.000	663.000
951.000	695.000
952.000	730.000
953.000	716.000
954.000	729.000
955.000	735.000
956.000	723.000
957.000	655.000
958.000	634.000
959.000	575.000
960.000	533.000
961.000	440.000
962.000	431.000
963.000	366.000
964.000	344.000
965.000	311.000
966.000	277.000
967.000	295.000
968.000	287.000
969.000	267.000
970.000	283.000
971.000	255.000
972.000	271.000
973.000	273.000
974.000	275.000
975.000	276.000
976.000	277.000
977.000	276.000
978.000	307.000
979.000	305.000
980.000	280.000
981.000	276.000
982.000	287.000
983.000	328.000
984.000	297.000
985.000	332.000
986.000	319.000
987.000	301.000
988.000	296.000
989.000	324.000
990.000	348.000
991.000	348.000
992.000	334.000
993.000	386.000
994.000	398.000
995.000	378.000
996.000	400.000
997.000	387.000
998.000	418.000
999.000	423.000
1000.000	413.000
1001.000	429.000
1002.000	466.000
1003.000	438.000
1004.000	426.000
1005.000	400.000
1006.000	391.000
1007.000	403.000
1008.000	394.000
1009.000	396.000
1010.000	369.000
1011.000	382.000
1012.000	381.000
1013.000	375.000
1014.000	353.000
1015.000	401.000
1016.000	340.000
1017.000	348.000
1018.000	331.000
1019.000	316.000
1020.000	291.000
1021.000	272.000
1022.000	255.000
1023.000	243.000
1024.000	262.000
