Date:	8/19/2008		Time:	8:47 AM		Version no:	0.00		Project name:	55		Sample name:	222		Section name:	section		Position	130.039995	mm	E0	0.000000	keV	E1	1.000000	keV/channel	sample surface	7.602580	cm	Tube anode:	Mo		Tube voltage:	30	kV	Tube current:	50	mA	gain	20		std. database			resultfile	result		matrix element	11		sample thickness	1.000000		air passage	0.560000	cm	comments	not in position		peaking_time	3.000000	m-sec	trigger_threshold	1229.166667	V	mca_bin_width	22.090000	no:	number_mca_channels	1024.000000	no:	gap_time	0.400000	m-sec	trigger_peaking_time	0.150000	m-sec	GAINDAC	9455		HIGHGAIN	1		TAURC	0		RCTAU	53		RCTAUFRAC	32768		livetime	9.705610	seconds	runtime	10.000503	seconds	input_count_rate	28.146504	cps	output_count_rate	21.520517	cps	triggers	273179	seconds	events_in_run	215216	seconds	channel	content		1.000	0.000
2.000	0.000
3.000	0.000
4.000	0.000
5.000	0.000
6.000	0.000
7.000	0.000
8.000	0.000
9.000	0.000
10.000	0.000
11.000	0.000
12.000	0.000
13.000	0.000
14.000	0.000
15.000	0.000
16.000	0.000
17.000	0.000
18.000	0.000
19.000	0.000
20.000	0.000
21.000	0.000
22.000	0.000
23.000	0.000
24.000	0.000
25.000	0.000
26.000	0.000
27.000	0.000
28.000	0.000
29.000	0.000
30.000	0.000
31.000	0.000
32.000	0.000
33.000	2.000
34.000	3.000
35.000	0.000
36.000	2.000
37.000	3.000
38.000	2.000
39.000	2.000
40.000	4.000
41.000	1.000
42.000	6.000
43.000	2.000
44.000	1.000
45.000	9.000
46.000	3.000
47.000	7.000
48.000	6.000
49.000	4.000
50.000	6.000
51.000	11.000
52.000	13.000
53.000	8.000
54.000	10.000
55.000	8.000
56.000	10.000
57.000	6.000
58.000	7.000
59.000	7.000
60.000	10.000
61.000	10.000
62.000	6.000
63.000	8.000
64.000	8.000
65.000	10.000
66.000	11.000
67.000	7.000
68.000	8.000
69.000	9.000
70.000	14.000
71.000	7.000
72.000	9.000
73.000	9.000
74.000	9.000
75.000	11.000
76.000	8.000
77.000	8.000
78.000	11.000
79.000	9.000
80.000	12.000
81.000	9.000
82.000	6.000
83.000	13.000
84.000	7.000
85.000	11.000
86.000	6.000
87.000	14.000
88.000	3.000
89.000	7.000
90.000	6.000
91.000	11.000
92.000	3.000
93.000	3.000
94.000	9.000
95.000	6.000
96.000	11.000
97.000	11.000
98.000	3.000
99.000	10.000
100.000	14.000
101.000	6.000
102.000	6.000
103.000	6.000
104.000	9.000
105.000	4.000
106.000	11.000
107.000	6.000
108.000	4.000
109.000	9.000
110.000	8.000
111.000	7.000
112.000	11.000
113.000	6.000
114.000	8.000
115.000	7.000
116.000	5.000
117.000	2.000
118.000	6.000
119.000	3.000
120.000	3.000
121.000	5.000
122.000	6.000
123.000	8.000
124.000	7.000
125.000	10.000
126.000	11.000
127.000	13.000
128.000	11.000
129.000	8.000
130.000	8.000
131.000	5.000
132.000	11.000
133.000	6.000
134.000	4.000
135.000	3.000
136.000	6.000
137.000	4.000
138.000	8.000
139.000	4.000
140.000	6.000
141.000	8.000
142.000	1.000
143.000	7.000
144.000	5.000
145.000	12.000
146.000	5.000
147.000	3.000
148.000	1.000
149.000	3.000
150.000	7.000
151.000	7.000
152.000	6.000
153.000	3.000
154.000	2.000
155.000	5.000
156.000	4.000
157.000	4.000
158.000	5.000
159.000	8.000
160.000	10.000
161.000	5.000
162.000	12.000
163.000	13.000
164.000	9.000
165.000	6.000
166.000	4.000
167.000	2.000
168.000	7.000
169.000	4.000
170.000	7.000
171.000	3.000
172.000	5.000
173.000	0.000
174.000	7.000
175.000	4.000
176.000	6.000
177.000	3.000
178.000	11.000
179.000	2.000
180.000	1.000
181.000	14.000
182.000	7.000
183.000	7.000
184.000	9.000
185.000	6.000
186.000	5.000
187.000	3.000
188.000	6.000
189.000	6.000
190.000	3.000
191.000	5.000
192.000	2.000
193.000	3.000
194.000	3.000
195.000	8.000
196.000	6.000
197.000	5.000
198.000	14.000
199.000	15.000
200.000	18.000
201.000	25.000
202.000	31.000
203.000	22.000
204.000	17.000
205.000	19.000
206.000	10.000
207.000	11.000
208.000	6.000
209.000	5.000
210.000	4.000
211.000	4.000
212.000	6.000
213.000	3.000
214.000	3.000
215.000	1.000
216.000	6.000
217.000	5.000
218.000	8.000
219.000	5.000
220.000	4.000
221.000	6.000
222.000	3.000
223.000	4.000
224.000	7.000
225.000	4.000
226.000	4.000
227.000	5.000
228.000	1.000
229.000	4.000
230.000	5.000
231.000	2.000
232.000	0.000
233.000	1.000
234.000	5.000
235.000	8.000
236.000	5.000
237.000	6.000
238.000	4.000
239.000	4.000
240.000	4.000
241.000	0.000
242.000	3.000
243.000	11.000
244.000	8.000
245.000	8.000
246.000	12.000
247.000	10.000
248.000	9.000
249.000	13.000
250.000	10.000
251.000	9.000
252.000	10.000
253.000	12.000
254.000	7.000
255.000	5.000
256.000	5.000
257.000	10.000
258.000	10.000
259.000	6.000
260.000	5.000
261.000	3.000
262.000	5.000
263.000	3.000
264.000	7.000
265.000	4.000
266.000	7.000
267.000	10.000
268.000	3.000
269.000	7.000
270.000	8.000
271.000	4.000
272.000	2.000
273.000	5.000
274.000	4.000
275.000	4.000
276.000	5.000
277.000	1.000
278.000	6.000
279.000	4.000
280.000	5.000
281.000	6.000
282.000	4.000
283.000	9.000
284.000	7.000
285.000	4.000
286.000	10.000
287.000	7.000
288.000	4.000
289.000	7.000
290.000	9.000
291.000	7.000
292.000	6.000
293.000	7.000
294.000	10.000
295.000	8.000
296.000	7.000
297.000	4.000
298.000	9.000
299.000	4.000
300.000	6.000
301.000	8.000
302.000	6.000
303.000	8.000
304.000	6.000
305.000	5.000
306.000	10.000
307.000	8.000
308.000	8.000
309.000	13.000
310.000	7.000
311.000	9.000
312.000	6.000
313.000	7.000
314.000	10.000
315.000	7.000
316.000	16.000
317.000	18.000
318.000	28.000
319.000	30.000
320.000	40.000
321.000	52.000
322.000	37.000
323.000	48.000
324.000	54.000
325.000	41.000
326.000	54.000
327.000	26.000
328.000	20.000
329.000	17.000
330.000	16.000
331.000	15.000
332.000	14.000
333.000	5.000
334.000	11.000
335.000	15.000
336.000	19.000
337.000	12.000
338.000	10.000
339.000	19.000
340.000	22.000
341.000	30.000
342.000	60.000
343.000	81.000
344.000	140.000
345.000	214.000
346.000	303.000
347.000	397.000
348.000	526.000
349.000	631.000
350.000	664.000
351.000	657.000
352.000	609.000
353.000	563.000
354.000	431.000
355.000	338.000
356.000	209.000
357.000	153.000
358.000	89.000
359.000	55.000
360.000	36.000
361.000	19.000
362.000	21.000
363.000	12.000
364.000	19.000
365.000	16.000
366.000	17.000
367.000	18.000
368.000	19.000
369.000	14.000
370.000	19.000
371.000	20.000
372.000	14.000
373.000	19.000
374.000	16.000
375.000	26.000
376.000	19.000
377.000	22.000
378.000	26.000
379.000	48.000
380.000	51.000
381.000	71.000
382.000	76.000
383.000	74.000
384.000	104.000
385.000	130.000
386.000	119.000
387.000	136.000
388.000	126.000
389.000	101.000
390.000	67.000
391.000	71.000
392.000	50.000
393.000	46.000
394.000	35.000
395.000	27.000
396.000	28.000
397.000	27.000
398.000	26.000
399.000	19.000
400.000	23.000
401.000	20.000
402.000	20.000
403.000	20.000
404.000	19.000
405.000	17.000
406.000	16.000
407.000	27.000
408.000	31.000
409.000	27.000
410.000	17.000
411.000	30.000
412.000	15.000
413.000	26.000
414.000	34.000
415.000	22.000
416.000	25.000
417.000	18.000
418.000	24.000
419.000	15.000
420.000	23.000
421.000	23.000
422.000	27.000
423.000	29.000
424.000	26.000
425.000	37.000
426.000	30.000
427.000	30.000
428.000	33.000
429.000	39.000
430.000	38.000
431.000	24.000
432.000	29.000
433.000	34.000
434.000	28.000
435.000	41.000
436.000	45.000
437.000	31.000
438.000	28.000
439.000	27.000
440.000	38.000
441.000	32.000
442.000	49.000
443.000	33.000
444.000	35.000
445.000	43.000
446.000	40.000
447.000	32.000
448.000	49.000
449.000	53.000
450.000	38.000
451.000	42.000
452.000	28.000
453.000	43.000
454.000	36.000
455.000	38.000
456.000	44.000
457.000	40.000
458.000	44.000
459.000	43.000
460.000	52.000
461.000	37.000
462.000	55.000
463.000	60.000
464.000	49.000
465.000	38.000
466.000	55.000
467.000	52.000
468.000	44.000
469.000	50.000
470.000	59.000
471.000	56.000
472.000	61.000
473.000	57.000
474.000	47.000
475.000	56.000
476.000	59.000
477.000	49.000
478.000	67.000
479.000	65.000
480.000	41.000
481.000	67.000
482.000	48.000
483.000	52.000
484.000	56.000
485.000	44.000
486.000	53.000
487.000	64.000
488.000	50.000
489.000	44.000
490.000	57.000
491.000	53.000
492.000	59.000
493.000	49.000
494.000	73.000
495.000	63.000
496.000	49.000
497.000	58.000
498.000	64.000
499.000	59.000
500.000	69.000
501.000	74.000
502.000	70.000
503.000	62.000
504.000	81.000
505.000	62.000
506.000	88.000
507.000	78.000
508.000	60.000
509.000	78.000
510.000	85.000
511.000	71.000
512.000	68.000
513.000	77.000
514.000	62.000
515.000	78.000
516.000	97.000
517.000	76.000
518.000	71.000
519.000	78.000
520.000	69.000
521.000	83.000
522.000	77.000
523.000	78.000
524.000	95.000
525.000	85.000
526.000	94.000
527.000	64.000
528.000	88.000
529.000	76.000
530.000	95.000
531.000	91.000
532.000	81.000
533.000	86.000
534.000	89.000
535.000	91.000
536.000	90.000
537.000	93.000
538.000	106.000
539.000	93.000
540.000	78.000
541.000	129.000
542.000	82.000
543.000	114.000
544.000	113.000
545.000	99.000
546.000	106.000
547.000	93.000
548.000	101.000
549.000	96.000
550.000	100.000
551.000	100.000
552.000	101.000
553.000	86.000
554.000	111.000
555.000	99.000
556.000	96.000
557.000	110.000
558.000	106.000
559.000	98.000
560.000	111.000
561.000	128.000
562.000	97.000
563.000	115.000
564.000	122.000
565.000	113.000
566.000	107.000
567.000	104.000
568.000	119.000
569.000	88.000
570.000	110.000
571.000	122.000
572.000	130.000
573.000	110.000
574.000	118.000
575.000	118.000
576.000	127.000
577.000	126.000
578.000	129.000
579.000	132.000
580.000	120.000
581.000	130.000
582.000	127.000
583.000	122.000
584.000	130.000
585.000	134.000
586.000	116.000
587.000	124.000
588.000	115.000
589.000	132.000
590.000	136.000
591.000	146.000
592.000	136.000
593.000	114.000
594.000	127.000
595.000	118.000
596.000	143.000
597.000	134.000
598.000	134.000
599.000	121.000
600.000	133.000
601.000	129.000
602.000	161.000
603.000	123.000
604.000	128.000
605.000	138.000
606.000	123.000
607.000	137.000
608.000	141.000
609.000	134.000
610.000	140.000
611.000	157.000
612.000	127.000
613.000	146.000
614.000	149.000
615.000	137.000
616.000	128.000
617.000	157.000
618.000	156.000
619.000	147.000
620.000	145.000
621.000	159.000
622.000	150.000
623.000	139.000
624.000	153.000
625.000	153.000
626.000	159.000
627.000	158.000
628.000	172.000
629.000	144.000
630.000	156.000
631.000	182.000
632.000	165.000
633.000	159.000
634.000	165.000
635.000	160.000
636.000	176.000
637.000	164.000
638.000	186.000
639.000	173.000
640.000	180.000
641.000	188.000
642.000	174.000
643.000	189.000
644.000	154.000
645.000	189.000
646.000	173.000
647.000	188.000
648.000	189.000
649.000	179.000
650.000	181.000
651.000	194.000
652.000	206.000
653.000	163.000
654.000	191.000
655.000	188.000
656.000	165.000
657.000	203.000
658.000	185.000
659.000	218.000
660.000	192.000
661.000	189.000
662.000	202.000
663.000	191.000
664.000	185.000
665.000	188.000
666.000	185.000
667.000	177.000
668.000	185.000
669.000	184.000
670.000	195.000
671.000	200.000
672.000	186.000
673.000	195.000
674.000	182.000
675.000	208.000
676.000	211.000
677.000	214.000
678.000	194.000
679.000	196.000
680.000	211.000
681.000	197.000
682.000	185.000
683.000	215.000
684.000	201.000
685.000	205.000
686.000	199.000
687.000	218.000
688.000	222.000
689.000	202.000
690.000	205.000
691.000	209.000
692.000	203.000
693.000	213.000
694.000	196.000
695.000	234.000
696.000	223.000
697.000	224.000
698.000	201.000
699.000	229.000
700.000	205.000
701.000	205.000
702.000	234.000
703.000	208.000
704.000	214.000
705.000	212.000
706.000	211.000
707.000	215.000
708.000	213.000
709.000	202.000
710.000	224.000
711.000	228.000
712.000	231.000
713.000	228.000
714.000	234.000
715.000	235.000
716.000	224.000
717.000	228.000
718.000	221.000
719.000	221.000
720.000	241.000
721.000	214.000
722.000	221.000
723.000	218.000
724.000	254.000
725.000	247.000
726.000	260.000
727.000	229.000
728.000	241.000
729.000	267.000
730.000	247.000
731.000	253.000
732.000	234.000
733.000	230.000
734.000	238.000
735.000	265.000
736.000	233.000
737.000	218.000
738.000	254.000
739.000	253.000
740.000	237.000
741.000	240.000
742.000	245.000
743.000	254.000
744.000	253.000
745.000	230.000
746.000	248.000
747.000	253.000
748.000	254.000
749.000	221.000
750.000	252.000
751.000	268.000
752.000	242.000
753.000	238.000
754.000	244.000
755.000	225.000
756.000	236.000
757.000	230.000
758.000	279.000
759.000	312.000
760.000	234.000
761.000	240.000
762.000	237.000
763.000	249.000
764.000	244.000
765.000	257.000
766.000	264.000
767.000	296.000
768.000	272.000
769.000	274.000
770.000	310.000
771.000	289.000
772.000	289.000
773.000	277.000
774.000	310.000
775.000	264.000
776.000	275.000
777.000	295.000
778.000	236.000
779.000	257.000
780.000	253.000
781.000	285.000
782.000	273.000
783.000	284.000
784.000	236.000
785.000	232.000
786.000	246.000
787.000	306.000
788.000	274.000
789.000	247.000
790.000	227.000
791.000	241.000
792.000	259.000
793.000	275.000
794.000	271.000
795.000	260.000
796.000	279.000
797.000	273.000
798.000	270.000
799.000	267.000
800.000	322.000
801.000	305.000
802.000	274.000
803.000	262.000
804.000	286.000
805.000	285.000
806.000	304.000
807.000	279.000
808.000	289.000
809.000	255.000
810.000	287.000
811.000	318.000
812.000	287.000
813.000	276.000
814.000	305.000
815.000	275.000
816.000	307.000
817.000	266.000
818.000	293.000
819.000	277.000
820.000	291.000
821.000	323.000
822.000	252.000
823.000	286.000
824.000	286.000
825.000	278.000
826.000	265.000
827.000	313.000
828.000	300.000
829.000	287.000
830.000	281.000
831.000	292.000
832.000	299.000
833.000	277.000
834.000	316.000
835.000	283.000
836.000	304.000
837.000	308.000
838.000	299.000
839.000	297.000
840.000	287.000
841.000	311.000
842.000	275.000
843.000	323.000
844.000	316.000
845.000	337.000
846.000	295.000
847.000	291.000
848.000	329.000
849.000	320.000
850.000	349.000
851.000	356.000
852.000	339.000
853.000	303.000
854.000	369.000
855.000	347.000
856.000	363.000
857.000	350.000
858.000	350.000
859.000	358.000
860.000	334.000
861.000	344.000
862.000	368.000
863.000	378.000
864.000	376.000
865.000	415.000
866.000	385.000
867.000	385.000
868.000	392.000
869.000	468.000
870.000	440.000
871.000	477.000
872.000	468.000
873.000	444.000
874.000	456.000
875.000	506.000
876.000	556.000
877.000	519.000
878.000	568.000
879.000	615.000
880.000	623.000
881.000	724.000
882.000	678.000
883.000	730.000
884.000	789.000
885.000	823.000
886.000	880.000
887.000	1009.000
888.000	1041.000
889.000	1057.000
890.000	1120.000
891.000	1182.000
892.000	1206.000
893.000	1313.000
894.000	1336.000
895.000	1272.000
896.000	1413.000
897.000	1461.000
898.000	1395.000
899.000	1397.000
900.000	1453.000
901.000	1497.000
902.000	1454.000
903.000	1413.000
904.000	1455.000
905.000	1318.000
906.000	1318.000
907.000	1276.000
908.000	1270.000
909.000	1165.000
910.000	1146.000
911.000	1043.000
912.000	1008.000
913.000	979.000
914.000	849.000
915.000	808.000
916.000	804.000
917.000	711.000
918.000	721.000
919.000	631.000
920.000	589.000
921.000	614.000
922.000	569.000
923.000	502.000
924.000	478.000
925.000	503.000
926.000	454.000
927.000	396.000
928.000	412.000
929.000	394.000
930.000	373.000
931.000	396.000
932.000	365.000
933.000	350.000
934.000	373.000
935.000	356.000
936.000	369.000
937.000	337.000
938.000	355.000
939.000	366.000
940.000	387.000
941.000	392.000
942.000	387.000
943.000	381.000
944.000	435.000
945.000	495.000
946.000	552.000
947.000	591.000
948.000	636.000
949.000	702.000
950.000	703.000
951.000	736.000
952.000	768.000
953.000	696.000
954.000	800.000
955.000	761.000
956.000	756.000
957.000	642.000
958.000	630.000
959.000	573.000
960.000	504.000
961.000	496.000
962.000	401.000
963.000	386.000
964.000	364.000
965.000	305.000
966.000	309.000
967.000	329.000
968.000	285.000
969.000	295.000
970.000	308.000
971.000	280.000
972.000	272.000
973.000	259.000
974.000	254.000
975.000	261.000
976.000	289.000
977.000	278.000
978.000	274.000
979.000	283.000
980.000	295.000
981.000	282.000
982.000	335.000
983.000	328.000
984.000	309.000
985.000	318.000
986.000	309.000
987.000	313.000
988.000	331.000
989.000	354.000
990.000	361.000
991.000	358.000
992.000	362.000
993.000	343.000
994.000	362.000
995.000	373.000
996.000	398.000
997.000	382.000
998.000	416.000
999.000	399.000
1000.000	405.000
1001.000	419.000
1002.000	456.000
1003.000	421.000
1004.000	408.000
1005.000	441.000
1006.000	420.000
1007.000	413.000
1008.000	444.000
1009.000	419.000
1010.000	391.000
1011.000	396.000
1012.000	377.000
1013.000	394.000
1014.000	361.000
1015.000	322.000
1016.000	323.000
1017.000	333.000
1018.000	340.000
1019.000	351.000
1020.000	292.000
1021.000	308.000
1022.000	269.000
1023.000	292.000
1024.000	260.000
