Date:	8/19/2008		Time:	9:33 AM		Version no:	0.00		Project name:	55		Sample name:	222		Section name:	section		Position	612.039995	mm	E0	0.000000	keV	E1	1.000000	keV/channel	sample surface	7.663478	cm	Tube anode:	Mo		Tube voltage:	30	kV	Tube current:	50	mA	gain	20		std. database			resultfile	result		matrix element	11		sample thickness	1.000000		air passage	0.560000	cm	comments	in position		peaking_time	3.000000	m-sec	trigger_threshold	1229.166667	V	mca_bin_width	22.090000	no:	number_mca_channels	1024.000000	no:	gap_time	0.400000	m-sec	trigger_peaking_time	0.150000	m-sec	GAINDAC	9455		HIGHGAIN	1		TAURC	0		RCTAU	53		RCTAUFRAC	32768		livetime	9.676360	seconds	runtime	10.000502	seconds	input_count_rate	30.345709	cps	output_count_rate	22.773658	cps	triggers	293636	seconds	events_in_run	227748	seconds	channel	content		1.000	0.000
2.000	0.000
3.000	0.000
4.000	0.000
5.000	0.000
6.000	0.000
7.000	0.000
8.000	0.000
9.000	0.000
10.000	0.000
11.000	0.000
12.000	0.000
13.000	0.000
14.000	0.000
15.000	0.000
16.000	0.000
17.000	0.000
18.000	0.000
19.000	0.000
20.000	0.000
21.000	0.000
22.000	0.000
23.000	0.000
24.000	0.000
25.000	0.000
26.000	0.000
27.000	0.000
28.000	0.000
29.000	0.000
30.000	0.000
31.000	0.000
32.000	0.000
33.000	1.000
34.000	0.000
35.000	3.000
36.000	1.000
37.000	2.000
38.000	2.000
39.000	1.000
40.000	3.000
41.000	3.000
42.000	4.000
43.000	2.000
44.000	6.000
45.000	3.000
46.000	10.000
47.000	4.000
48.000	4.000
49.000	7.000
50.000	6.000
51.000	8.000
52.000	16.000
53.000	5.000
54.000	10.000
55.000	6.000
56.000	11.000
57.000	10.000
58.000	9.000
59.000	9.000
60.000	14.000
61.000	15.000
62.000	9.000
63.000	13.000
64.000	11.000
65.000	12.000
66.000	7.000
67.000	9.000
68.000	9.000
69.000	14.000
70.000	12.000
71.000	13.000
72.000	12.000
73.000	7.000
74.000	8.000
75.000	8.000
76.000	14.000
77.000	13.000
78.000	8.000
79.000	5.000
80.000	7.000
81.000	11.000
82.000	10.000
83.000	3.000
84.000	3.000
85.000	4.000
86.000	4.000
87.000	12.000
88.000	6.000
89.000	12.000
90.000	4.000
91.000	6.000
92.000	9.000
93.000	12.000
94.000	3.000
95.000	10.000
96.000	7.000
97.000	10.000
98.000	6.000
99.000	7.000
100.000	7.000
101.000	4.000
102.000	7.000
103.000	5.000
104.000	4.000
105.000	9.000
106.000	9.000
107.000	5.000
108.000	8.000
109.000	6.000
110.000	7.000
111.000	7.000
112.000	6.000
113.000	4.000
114.000	8.000
115.000	5.000
116.000	6.000
117.000	7.000
118.000	8.000
119.000	11.000
120.000	7.000
121.000	10.000
122.000	3.000
123.000	10.000
124.000	9.000
125.000	9.000
126.000	11.000
127.000	12.000
128.000	11.000
129.000	8.000
130.000	5.000
131.000	3.000
132.000	10.000
133.000	4.000
134.000	3.000
135.000	7.000
136.000	8.000
137.000	4.000
138.000	11.000
139.000	5.000
140.000	6.000
141.000	10.000
142.000	2.000
143.000	3.000
144.000	10.000
145.000	6.000
146.000	9.000
147.000	4.000
148.000	8.000
149.000	8.000
150.000	2.000
151.000	3.000
152.000	9.000
153.000	3.000
154.000	4.000
155.000	7.000
156.000	7.000
157.000	4.000
158.000	3.000
159.000	10.000
160.000	9.000
161.000	8.000
162.000	8.000
163.000	6.000
164.000	15.000
165.000	10.000
166.000	6.000
167.000	6.000
168.000	6.000
169.000	6.000
170.000	2.000
171.000	2.000
172.000	7.000
173.000	4.000
174.000	3.000
175.000	9.000
176.000	5.000
177.000	5.000
178.000	7.000
179.000	8.000
180.000	5.000
181.000	7.000
182.000	12.000
183.000	13.000
184.000	6.000
185.000	7.000
186.000	3.000
187.000	3.000
188.000	5.000
189.000	4.000
190.000	3.000
191.000	4.000
192.000	5.000
193.000	7.000
194.000	7.000
195.000	5.000
196.000	4.000
197.000	11.000
198.000	6.000
199.000	10.000
200.000	24.000
201.000	32.000
202.000	42.000
203.000	25.000
204.000	24.000
205.000	19.000
206.000	11.000
207.000	15.000
208.000	7.000
209.000	5.000
210.000	5.000
211.000	1.000
212.000	0.000
213.000	4.000
214.000	6.000
215.000	3.000
216.000	5.000
217.000	6.000
218.000	14.000
219.000	7.000
220.000	9.000
221.000	7.000
222.000	10.000
223.000	5.000
224.000	4.000
225.000	4.000
226.000	4.000
227.000	5.000
228.000	4.000
229.000	3.000
230.000	4.000
231.000	6.000
232.000	6.000
233.000	2.000
234.000	5.000
235.000	5.000
236.000	4.000
237.000	4.000
238.000	2.000
239.000	2.000
240.000	2.000
241.000	3.000
242.000	3.000
243.000	7.000
244.000	4.000
245.000	8.000
246.000	8.000
247.000	13.000
248.000	16.000
249.000	14.000
250.000	10.000
251.000	6.000
252.000	9.000
253.000	4.000
254.000	4.000
255.000	2.000
256.000	6.000
257.000	3.000
258.000	7.000
259.000	6.000
260.000	13.000
261.000	7.000
262.000	4.000
263.000	3.000
264.000	7.000
265.000	8.000
266.000	3.000
267.000	6.000
268.000	5.000
269.000	10.000
270.000	5.000
271.000	4.000
272.000	6.000
273.000	4.000
274.000	7.000
275.000	5.000
276.000	3.000
277.000	3.000
278.000	5.000
279.000	2.000
280.000	5.000
281.000	6.000
282.000	8.000
283.000	5.000
284.000	2.000
285.000	5.000
286.000	11.000
287.000	7.000
288.000	8.000
289.000	7.000
290.000	4.000
291.000	6.000
292.000	6.000
293.000	7.000
294.000	8.000
295.000	12.000
296.000	8.000
297.000	10.000
298.000	9.000
299.000	11.000
300.000	11.000
301.000	7.000
302.000	9.000
303.000	8.000
304.000	6.000
305.000	6.000
306.000	4.000
307.000	11.000
308.000	7.000
309.000	11.000
310.000	7.000
311.000	9.000
312.000	6.000
313.000	11.000
314.000	12.000
315.000	13.000
316.000	17.000
317.000	21.000
318.000	27.000
319.000	37.000
320.000	43.000
321.000	62.000
322.000	64.000
323.000	58.000
324.000	62.000
325.000	60.000
326.000	46.000
327.000	47.000
328.000	26.000
329.000	20.000
330.000	19.000
331.000	12.000
332.000	15.000
333.000	11.000
334.000	11.000
335.000	9.000
336.000	19.000
337.000	11.000
338.000	16.000
339.000	12.000
340.000	25.000
341.000	28.000
342.000	48.000
343.000	71.000
344.000	150.000
345.000	216.000
346.000	326.000
347.000	464.000
348.000	574.000
349.000	734.000
350.000	814.000
351.000	745.000
352.000	782.000
353.000	605.000
354.000	498.000
355.000	370.000
356.000	254.000
357.000	143.000
358.000	102.000
359.000	83.000
360.000	37.000
361.000	24.000
362.000	18.000
363.000	17.000
364.000	16.000
365.000	10.000
366.000	20.000
367.000	19.000
368.000	26.000
369.000	19.000
370.000	18.000
371.000	10.000
372.000	13.000
373.000	22.000
374.000	19.000
375.000	21.000
376.000	26.000
377.000	39.000
378.000	27.000
379.000	25.000
380.000	45.000
381.000	77.000
382.000	79.000
383.000	82.000
384.000	120.000
385.000	154.000
386.000	133.000
387.000	159.000
388.000	112.000
389.000	126.000
390.000	92.000
391.000	83.000
392.000	53.000
393.000	47.000
394.000	39.000
395.000	30.000
396.000	18.000
397.000	28.000
398.000	20.000
399.000	16.000
400.000	12.000
401.000	24.000
402.000	19.000
403.000	29.000
404.000	16.000
405.000	22.000
406.000	30.000
407.000	28.000
408.000	26.000
409.000	31.000
410.000	28.000
411.000	26.000
412.000	25.000
413.000	25.000
414.000	24.000
415.000	30.000
416.000	27.000
417.000	34.000
418.000	31.000
419.000	26.000
420.000	27.000
421.000	28.000
422.000	42.000
423.000	17.000
424.000	35.000
425.000	31.000
426.000	32.000
427.000	36.000
428.000	34.000
429.000	29.000
430.000	36.000
431.000	33.000
432.000	31.000
433.000	37.000
434.000	35.000
435.000	25.000
436.000	29.000
437.000	31.000
438.000	34.000
439.000	26.000
440.000	36.000
441.000	39.000
442.000	38.000
443.000	39.000
444.000	29.000
445.000	42.000
446.000	41.000
447.000	33.000
448.000	50.000
449.000	35.000
450.000	43.000
451.000	35.000
452.000	40.000
453.000	46.000
454.000	33.000
455.000	46.000
456.000	58.000
457.000	53.000
458.000	42.000
459.000	60.000
460.000	53.000
461.000	49.000
462.000	41.000
463.000	47.000
464.000	36.000
465.000	55.000
466.000	53.000
467.000	53.000
468.000	48.000
469.000	42.000
470.000	45.000
471.000	55.000
472.000	51.000
473.000	61.000
474.000	55.000
475.000	47.000
476.000	67.000
477.000	49.000
478.000	40.000
479.000	65.000
480.000	51.000
481.000	45.000
482.000	58.000
483.000	62.000
484.000	48.000
485.000	52.000
486.000	60.000
487.000	50.000
488.000	49.000
489.000	58.000
490.000	59.000
491.000	53.000
492.000	53.000
493.000	52.000
494.000	59.000
495.000	63.000
496.000	55.000
497.000	67.000
498.000	69.000
499.000	50.000
500.000	50.000
501.000	78.000
502.000	63.000
503.000	62.000
504.000	79.000
505.000	73.000
506.000	71.000
507.000	74.000
508.000	72.000
509.000	56.000
510.000	71.000
511.000	84.000
512.000	75.000
513.000	75.000
514.000	67.000
515.000	84.000
516.000	73.000
517.000	70.000
518.000	73.000
519.000	77.000
520.000	94.000
521.000	57.000
522.000	101.000
523.000	82.000
524.000	86.000
525.000	87.000
526.000	86.000
527.000	73.000
528.000	91.000
529.000	86.000
530.000	79.000
531.000	91.000
532.000	104.000
533.000	83.000
534.000	107.000
535.000	91.000
536.000	78.000
537.000	85.000
538.000	87.000
539.000	82.000
540.000	87.000
541.000	102.000
542.000	98.000
543.000	107.000
544.000	102.000
545.000	97.000
546.000	98.000
547.000	93.000
548.000	100.000
549.000	87.000
550.000	116.000
551.000	91.000
552.000	110.000
553.000	78.000
554.000	88.000
555.000	94.000
556.000	99.000
557.000	106.000
558.000	104.000
559.000	97.000
560.000	117.000
561.000	104.000
562.000	117.000
563.000	115.000
564.000	104.000
565.000	121.000
566.000	105.000
567.000	96.000
568.000	114.000
569.000	141.000
570.000	128.000
571.000	107.000
572.000	122.000
573.000	101.000
574.000	99.000
575.000	111.000
576.000	141.000
577.000	122.000
578.000	122.000
579.000	119.000
580.000	118.000
581.000	122.000
582.000	124.000
583.000	118.000
584.000	132.000
585.000	131.000
586.000	122.000
587.000	137.000
588.000	112.000
589.000	123.000
590.000	123.000
591.000	136.000
592.000	147.000
593.000	111.000
594.000	157.000
595.000	143.000
596.000	125.000
597.000	145.000
598.000	128.000
599.000	166.000
600.000	128.000
601.000	125.000
602.000	132.000
603.000	135.000
604.000	149.000
605.000	140.000
606.000	144.000
607.000	163.000
608.000	154.000
609.000	156.000
610.000	131.000
611.000	168.000
612.000	157.000
613.000	139.000
614.000	160.000
615.000	170.000
616.000	152.000
617.000	124.000
618.000	149.000
619.000	161.000
620.000	166.000
621.000	136.000
622.000	155.000
623.000	164.000
624.000	147.000
625.000	162.000
626.000	155.000
627.000	176.000
628.000	149.000
629.000	173.000
630.000	185.000
631.000	175.000
632.000	171.000
633.000	154.000
634.000	174.000
635.000	168.000
636.000	166.000
637.000	162.000
638.000	152.000
639.000	173.000
640.000	177.000
641.000	186.000
642.000	185.000
643.000	151.000
644.000	183.000
645.000	199.000
646.000	175.000
647.000	165.000
648.000	178.000
649.000	197.000
650.000	238.000
651.000	217.000
652.000	170.000
653.000	186.000
654.000	195.000
655.000	210.000
656.000	196.000
657.000	171.000
658.000	193.000
659.000	162.000
660.000	214.000
661.000	203.000
662.000	178.000
663.000	184.000
664.000	176.000
665.000	187.000
666.000	183.000
667.000	189.000
668.000	211.000
669.000	210.000
670.000	204.000
671.000	198.000
672.000	196.000
673.000	213.000
674.000	182.000
675.000	201.000
676.000	198.000
677.000	220.000
678.000	201.000
679.000	203.000
680.000	193.000
681.000	218.000
682.000	210.000
683.000	202.000
684.000	231.000
685.000	208.000
686.000	220.000
687.000	242.000
688.000	191.000
689.000	211.000
690.000	213.000
691.000	239.000
692.000	206.000
693.000	213.000
694.000	243.000
695.000	236.000
696.000	219.000
697.000	225.000
698.000	256.000
699.000	221.000
700.000	228.000
701.000	249.000
702.000	234.000
703.000	249.000
704.000	214.000
705.000	248.000
706.000	199.000
707.000	235.000
708.000	227.000
709.000	217.000
710.000	245.000
711.000	230.000
712.000	237.000
713.000	246.000
714.000	253.000
715.000	258.000
716.000	224.000
717.000	227.000
718.000	250.000
719.000	228.000
720.000	228.000
721.000	268.000
722.000	232.000
723.000	252.000
724.000	237.000
725.000	247.000
726.000	231.000
727.000	258.000
728.000	246.000
729.000	255.000
730.000	246.000
731.000	268.000
732.000	244.000
733.000	260.000
734.000	243.000
735.000	277.000
736.000	234.000
737.000	260.000
738.000	232.000
739.000	239.000
740.000	229.000
741.000	235.000
742.000	280.000
743.000	274.000
744.000	271.000
745.000	272.000
746.000	250.000
747.000	252.000
748.000	260.000
749.000	257.000
750.000	258.000
751.000	274.000
752.000	245.000
753.000	294.000
754.000	275.000
755.000	258.000
756.000	241.000
757.000	259.000
758.000	297.000
759.000	263.000
760.000	278.000
761.000	278.000
762.000	255.000
763.000	263.000
764.000	289.000
765.000	273.000
766.000	308.000
767.000	269.000
768.000	260.000
769.000	313.000
770.000	315.000
771.000	309.000
772.000	327.000
773.000	290.000
774.000	280.000
775.000	307.000
776.000	286.000
777.000	286.000
778.000	318.000
779.000	307.000
780.000	249.000
781.000	260.000
782.000	307.000
783.000	262.000
784.000	288.000
785.000	304.000
786.000	277.000
787.000	289.000
788.000	297.000
789.000	264.000
790.000	269.000
791.000	285.000
792.000	329.000
793.000	282.000
794.000	305.000
795.000	308.000
796.000	292.000
797.000	299.000
798.000	302.000
799.000	261.000
800.000	296.000
801.000	292.000
802.000	290.000
803.000	298.000
804.000	272.000
805.000	318.000
806.000	304.000
807.000	314.000
808.000	325.000
809.000	278.000
810.000	282.000
811.000	293.000
812.000	291.000
813.000	299.000
814.000	285.000
815.000	304.000
816.000	316.000
817.000	294.000
818.000	317.000
819.000	304.000
820.000	303.000
821.000	315.000
822.000	299.000
823.000	344.000
824.000	330.000
825.000	293.000
826.000	313.000
827.000	303.000
828.000	297.000
829.000	302.000
830.000	315.000
831.000	307.000
832.000	299.000
833.000	315.000
834.000	315.000
835.000	322.000
836.000	291.000
837.000	295.000
838.000	323.000
839.000	319.000
840.000	301.000
841.000	350.000
842.000	311.000
843.000	333.000
844.000	352.000
845.000	338.000
846.000	330.000
847.000	345.000
848.000	382.000
849.000	332.000
850.000	346.000
851.000	338.000
852.000	371.000
853.000	363.000
854.000	307.000
855.000	342.000
856.000	409.000
857.000	387.000
858.000	356.000
859.000	370.000
860.000	422.000
861.000	370.000
862.000	394.000
863.000	464.000
864.000	413.000
865.000	392.000
866.000	426.000
867.000	415.000
868.000	450.000
869.000	453.000
870.000	469.000
871.000	477.000
872.000	508.000
873.000	443.000
874.000	481.000
875.000	510.000
876.000	587.000
877.000	584.000
878.000	594.000
879.000	603.000
880.000	643.000
881.000	673.000
882.000	740.000
883.000	880.000
884.000	793.000
885.000	898.000
886.000	957.000
887.000	1014.000
888.000	1123.000
889.000	1121.000
890.000	1191.000
891.000	1269.000
892.000	1237.000
893.000	1332.000
894.000	1369.000
895.000	1434.000
896.000	1494.000
897.000	1493.000
898.000	1471.000
899.000	1528.000
900.000	1523.000
901.000	1570.000
902.000	1527.000
903.000	1466.000
904.000	1457.000
905.000	1500.000
906.000	1423.000
907.000	1420.000
908.000	1321.000
909.000	1319.000
910.000	1208.000
911.000	1077.000
912.000	1096.000
913.000	1055.000
914.000	991.000
915.000	944.000
916.000	879.000
917.000	819.000
918.000	782.000
919.000	693.000
920.000	673.000
921.000	663.000
922.000	631.000
923.000	556.000
924.000	564.000
925.000	514.000
926.000	492.000
927.000	465.000
928.000	459.000
929.000	464.000
930.000	425.000
931.000	437.000
932.000	403.000
933.000	388.000
934.000	418.000
935.000	331.000
936.000	373.000
937.000	335.000
938.000	365.000
939.000	380.000
940.000	407.000
941.000	401.000
942.000	394.000
943.000	460.000
944.000	500.000
945.000	509.000
946.000	546.000
947.000	643.000
948.000	686.000
949.000	727.000
950.000	756.000
951.000	759.000
952.000	789.000
953.000	815.000
954.000	804.000
955.000	769.000
956.000	729.000
957.000	759.000
958.000	629.000
959.000	609.000
960.000	612.000
961.000	538.000
962.000	487.000
963.000	437.000
964.000	393.000
965.000	375.000
966.000	367.000
967.000	324.000
968.000	311.000
969.000	329.000
970.000	298.000
971.000	328.000
972.000	291.000
973.000	326.000
974.000	317.000
975.000	316.000
976.000	303.000
977.000	330.000
978.000	298.000
979.000	299.000
980.000	360.000
981.000	328.000
982.000	328.000
983.000	330.000
984.000	311.000
985.000	331.000
986.000	351.000
987.000	338.000
988.000	376.000
989.000	370.000
990.000	372.000
991.000	379.000
992.000	417.000
993.000	407.000
994.000	384.000
995.000	459.000
996.000	436.000
997.000	438.000
998.000	437.000
999.000	429.000
1000.000	449.000
1001.000	509.000
1002.000	426.000
1003.000	462.000
1004.000	490.000
1005.000	449.000
1006.000	430.000
1007.000	402.000
1008.000	421.000
1009.000	464.000
1010.000	435.000
1011.000	419.000
1012.000	402.000
1013.000	413.000
1014.000	387.000
1015.000	384.000
1016.000	365.000
1017.000	355.000
1018.000	383.000
1019.000	313.000
1020.000	321.000
1021.000	307.000
1022.000	324.000
1023.000	275.000
1024.000	267.000
