Date:	8/19/2008		Time:	8:39 AM		Version no:	0.00		Project name:	55		Sample name:	222		Section name:	section		Position	40.039995	mm	E0	0.000000	keV	E1	1.000000	keV/channel	sample surface	7.595824	cm	Tube anode:	Mo		Tube voltage:	30	kV	Tube current:	50	mA	gain	20		std. database			resultfile	result		matrix element	11		sample thickness	1.000000		air passage	0.560000	cm	comments	not in position		peaking_time	3.000000	m-sec	trigger_threshold	1229.166667	V	mca_bin_width	22.090000	no:	number_mca_channels	1024.000000	no:	gap_time	0.400000	m-sec	trigger_peaking_time	0.150000	m-sec	GAINDAC	9455		HIGHGAIN	1		TAURC	0		RCTAU	53		RCTAUFRAC	32768		livetime	9.716258	seconds	runtime	10.000503	seconds	input_count_rate	27.338610	cps	output_count_rate	21.043741	cps	triggers	265629	seconds	events_in_run	210448	seconds	channel	content		1.000	0.000
2.000	0.000
3.000	0.000
4.000	0.000
5.000	0.000
6.000	0.000
7.000	0.000
8.000	0.000
9.000	0.000
10.000	0.000
11.000	0.000
12.000	0.000
13.000	0.000
14.000	0.000
15.000	0.000
16.000	0.000
17.000	0.000
18.000	0.000
19.000	0.000
20.000	0.000
21.000	0.000
22.000	0.000
23.000	0.000
24.000	0.000
25.000	0.000
26.000	0.000
27.000	0.000
28.000	0.000
29.000	0.000
30.000	0.000
31.000	0.000
32.000	0.000
33.000	0.000
34.000	0.000
35.000	0.000
36.000	1.000
37.000	0.000
38.000	1.000
39.000	3.000
40.000	0.000
41.000	4.000
42.000	1.000
43.000	0.000
44.000	1.000
45.000	5.000
46.000	7.000
47.000	13.000
48.000	6.000
49.000	13.000
50.000	5.000
51.000	6.000
52.000	11.000
53.000	13.000
54.000	11.000
55.000	6.000
56.000	6.000
57.000	10.000
58.000	11.000
59.000	6.000
60.000	11.000
61.000	7.000
62.000	7.000
63.000	9.000
64.000	16.000
65.000	9.000
66.000	7.000
67.000	9.000
68.000	8.000
69.000	4.000
70.000	7.000
71.000	9.000
72.000	11.000
73.000	17.000
74.000	6.000
75.000	5.000
76.000	8.000
77.000	13.000
78.000	6.000
79.000	9.000
80.000	11.000
81.000	12.000
82.000	4.000
83.000	5.000
84.000	7.000
85.000	7.000
86.000	6.000
87.000	3.000
88.000	10.000
89.000	6.000
90.000	11.000
91.000	7.000
92.000	5.000
93.000	8.000
94.000	7.000
95.000	6.000
96.000	11.000
97.000	7.000
98.000	12.000
99.000	11.000
100.000	5.000
101.000	8.000
102.000	7.000
103.000	6.000
104.000	8.000
105.000	6.000
106.000	8.000
107.000	7.000
108.000	9.000
109.000	10.000
110.000	9.000
111.000	6.000
112.000	5.000
113.000	10.000
114.000	8.000
115.000	6.000
116.000	1.000
117.000	6.000
118.000	5.000
119.000	11.000
120.000	1.000
121.000	10.000
122.000	8.000
123.000	3.000
124.000	6.000
125.000	13.000
126.000	11.000
127.000	8.000
128.000	6.000
129.000	9.000
130.000	6.000
131.000	7.000
132.000	3.000
133.000	7.000
134.000	4.000
135.000	5.000
136.000	5.000
137.000	6.000
138.000	9.000
139.000	5.000
140.000	5.000
141.000	2.000
142.000	4.000
143.000	2.000
144.000	5.000
145.000	3.000
146.000	3.000
147.000	5.000
148.000	2.000
149.000	5.000
150.000	2.000
151.000	4.000
152.000	2.000
153.000	6.000
154.000	4.000
155.000	2.000
156.000	3.000
157.000	4.000
158.000	9.000
159.000	7.000
160.000	7.000
161.000	10.000
162.000	8.000
163.000	11.000
164.000	9.000
165.000	4.000
166.000	11.000
167.000	10.000
168.000	7.000
169.000	4.000
170.000	7.000
171.000	6.000
172.000	5.000
173.000	5.000
174.000	4.000
175.000	4.000
176.000	5.000
177.000	4.000
178.000	10.000
179.000	5.000
180.000	10.000
181.000	4.000
182.000	13.000
183.000	10.000
184.000	7.000
185.000	6.000
186.000	9.000
187.000	4.000
188.000	3.000
189.000	1.000
190.000	0.000
191.000	3.000
192.000	3.000
193.000	6.000
194.000	6.000
195.000	6.000
196.000	8.000
197.000	5.000
198.000	9.000
199.000	13.000
200.000	26.000
201.000	31.000
202.000	35.000
203.000	38.000
204.000	27.000
205.000	30.000
206.000	20.000
207.000	13.000
208.000	11.000
209.000	5.000
210.000	5.000
211.000	4.000
212.000	3.000
213.000	2.000
214.000	3.000
215.000	1.000
216.000	5.000
217.000	3.000
218.000	5.000
219.000	10.000
220.000	4.000
221.000	4.000
222.000	2.000
223.000	6.000
224.000	4.000
225.000	5.000
226.000	3.000
227.000	4.000
228.000	2.000
229.000	4.000
230.000	5.000
231.000	3.000
232.000	4.000
233.000	2.000
234.000	0.000
235.000	4.000
236.000	6.000
237.000	3.000
238.000	4.000
239.000	5.000
240.000	6.000
241.000	7.000
242.000	3.000
243.000	10.000
244.000	3.000
245.000	10.000
246.000	11.000
247.000	15.000
248.000	13.000
249.000	14.000
250.000	7.000
251.000	11.000
252.000	7.000
253.000	11.000
254.000	6.000
255.000	7.000
256.000	6.000
257.000	11.000
258.000	3.000
259.000	4.000
260.000	6.000
261.000	7.000
262.000	8.000
263.000	8.000
264.000	7.000
265.000	12.000
266.000	6.000
267.000	9.000
268.000	3.000
269.000	6.000
270.000	7.000
271.000	9.000
272.000	5.000
273.000	6.000
274.000	3.000
275.000	7.000
276.000	4.000
277.000	4.000
278.000	8.000
279.000	9.000
280.000	6.000
281.000	2.000
282.000	5.000
283.000	9.000
284.000	6.000
285.000	3.000
286.000	6.000
287.000	9.000
288.000	4.000
289.000	6.000
290.000	4.000
291.000	4.000
292.000	9.000
293.000	4.000
294.000	7.000
295.000	11.000
296.000	6.000
297.000	8.000
298.000	7.000
299.000	9.000
300.000	6.000
301.000	9.000
302.000	7.000
303.000	12.000
304.000	4.000
305.000	7.000
306.000	11.000
307.000	2.000
308.000	10.000
309.000	4.000
310.000	7.000
311.000	4.000
312.000	9.000
313.000	7.000
314.000	6.000
315.000	11.000
316.000	6.000
317.000	17.000
318.000	22.000
319.000	30.000
320.000	33.000
321.000	44.000
322.000	35.000
323.000	35.000
324.000	39.000
325.000	38.000
326.000	38.000
327.000	20.000
328.000	33.000
329.000	13.000
330.000	15.000
331.000	11.000
332.000	13.000
333.000	17.000
334.000	11.000
335.000	10.000
336.000	18.000
337.000	13.000
338.000	15.000
339.000	16.000
340.000	31.000
341.000	28.000
342.000	49.000
343.000	104.000
344.000	151.000
345.000	236.000
346.000	343.000
347.000	455.000
348.000	568.000
349.000	729.000
350.000	826.000
351.000	807.000
352.000	736.000
353.000	637.000
354.000	505.000
355.000	343.000
356.000	274.000
357.000	158.000
358.000	105.000
359.000	53.000
360.000	50.000
361.000	36.000
362.000	18.000
363.000	13.000
364.000	11.000
365.000	18.000
366.000	17.000
367.000	17.000
368.000	16.000
369.000	17.000
370.000	21.000
371.000	14.000
372.000	17.000
373.000	29.000
374.000	18.000
375.000	25.000
376.000	24.000
377.000	35.000
378.000	37.000
379.000	38.000
380.000	40.000
381.000	68.000
382.000	85.000
383.000	106.000
384.000	118.000
385.000	133.000
386.000	144.000
387.000	142.000
388.000	149.000
389.000	104.000
390.000	78.000
391.000	77.000
392.000	50.000
393.000	47.000
394.000	27.000
395.000	28.000
396.000	20.000
397.000	25.000
398.000	20.000
399.000	22.000
400.000	13.000
401.000	18.000
402.000	16.000
403.000	22.000
404.000	22.000
405.000	19.000
406.000	22.000
407.000	22.000
408.000	16.000
409.000	19.000
410.000	26.000
411.000	24.000
412.000	32.000
413.000	29.000
414.000	34.000
415.000	28.000
416.000	26.000
417.000	20.000
418.000	15.000
419.000	24.000
420.000	27.000
421.000	21.000
422.000	22.000
423.000	31.000
424.000	19.000
425.000	22.000
426.000	21.000
427.000	26.000
428.000	33.000
429.000	27.000
430.000	30.000
431.000	31.000
432.000	31.000
433.000	27.000
434.000	24.000
435.000	40.000
436.000	30.000
437.000	16.000
438.000	30.000
439.000	41.000
440.000	29.000
441.000	31.000
442.000	41.000
443.000	30.000
444.000	49.000
445.000	40.000
446.000	36.000
447.000	32.000
448.000	37.000
449.000	45.000
450.000	36.000
451.000	35.000
452.000	32.000
453.000	39.000
454.000	38.000
455.000	42.000
456.000	45.000
457.000	38.000
458.000	38.000
459.000	31.000
460.000	51.000
461.000	41.000
462.000	45.000
463.000	38.000
464.000	45.000
465.000	28.000
466.000	45.000
467.000	47.000
468.000	38.000
469.000	40.000
470.000	33.000
471.000	51.000
472.000	41.000
473.000	47.000
474.000	46.000
475.000	37.000
476.000	44.000
477.000	53.000
478.000	56.000
479.000	41.000
480.000	60.000
481.000	34.000
482.000	50.000
483.000	49.000
484.000	54.000
485.000	43.000
486.000	46.000
487.000	61.000
488.000	48.000
489.000	51.000
490.000	41.000
491.000	53.000
492.000	46.000
493.000	60.000
494.000	57.000
495.000	50.000
496.000	50.000
497.000	56.000
498.000	49.000
499.000	45.000
500.000	61.000
501.000	50.000
502.000	52.000
503.000	41.000
504.000	66.000
505.000	71.000
506.000	63.000
507.000	69.000
508.000	56.000
509.000	73.000
510.000	63.000
511.000	58.000
512.000	68.000
513.000	70.000
514.000	70.000
515.000	55.000
516.000	63.000
517.000	65.000
518.000	71.000
519.000	66.000
520.000	74.000
521.000	85.000
522.000	72.000
523.000	78.000
524.000	64.000
525.000	81.000
526.000	89.000
527.000	84.000
528.000	83.000
529.000	84.000
530.000	75.000
531.000	91.000
532.000	65.000
533.000	79.000
534.000	81.000
535.000	65.000
536.000	69.000
537.000	87.000
538.000	71.000
539.000	72.000
540.000	81.000
541.000	91.000
542.000	86.000
543.000	80.000
544.000	84.000
545.000	78.000
546.000	89.000
547.000	84.000
548.000	90.000
549.000	80.000
550.000	101.000
551.000	94.000
552.000	97.000
553.000	89.000
554.000	99.000
555.000	88.000
556.000	91.000
557.000	89.000
558.000	96.000
559.000	94.000
560.000	104.000
561.000	91.000
562.000	88.000
563.000	91.000
564.000	104.000
565.000	103.000
566.000	115.000
567.000	96.000
568.000	97.000
569.000	103.000
570.000	94.000
571.000	77.000
572.000	103.000
573.000	90.000
574.000	93.000
575.000	113.000
576.000	78.000
577.000	98.000
578.000	100.000
579.000	110.000
580.000	106.000
581.000	116.000
582.000	97.000
583.000	113.000
584.000	100.000
585.000	113.000
586.000	91.000
587.000	126.000
588.000	119.000
589.000	117.000
590.000	107.000
591.000	126.000
592.000	104.000
593.000	127.000
594.000	97.000
595.000	109.000
596.000	104.000
597.000	119.000
598.000	122.000
599.000	123.000
600.000	119.000
601.000	129.000
602.000	116.000
603.000	105.000
604.000	135.000
605.000	124.000
606.000	129.000
607.000	139.000
608.000	144.000
609.000	134.000
610.000	128.000
611.000	120.000
612.000	144.000
613.000	127.000
614.000	152.000
615.000	150.000
616.000	124.000
617.000	123.000
618.000	144.000
619.000	131.000
620.000	166.000
621.000	130.000
622.000	157.000
623.000	153.000
624.000	140.000
625.000	139.000
626.000	141.000
627.000	142.000
628.000	111.000
629.000	139.000
630.000	149.000
631.000	157.000
632.000	148.000
633.000	160.000
634.000	158.000
635.000	150.000
636.000	151.000
637.000	145.000
638.000	149.000
639.000	163.000
640.000	169.000
641.000	157.000
642.000	157.000
643.000	161.000
644.000	166.000
645.000	154.000
646.000	155.000
647.000	165.000
648.000	184.000
649.000	189.000
650.000	177.000
651.000	200.000
652.000	168.000
653.000	179.000
654.000	171.000
655.000	174.000
656.000	174.000
657.000	193.000
658.000	164.000
659.000	179.000
660.000	155.000
661.000	164.000
662.000	164.000
663.000	157.000
664.000	177.000
665.000	174.000
666.000	141.000
667.000	191.000
668.000	177.000
669.000	165.000
670.000	184.000
671.000	162.000
672.000	186.000
673.000	175.000
674.000	173.000
675.000	174.000
676.000	185.000
677.000	205.000
678.000	197.000
679.000	190.000
680.000	193.000
681.000	193.000
682.000	180.000
683.000	179.000
684.000	182.000
685.000	200.000
686.000	194.000
687.000	181.000
688.000	197.000
689.000	192.000
690.000	197.000
691.000	179.000
692.000	216.000
693.000	205.000
694.000	187.000
695.000	195.000
696.000	176.000
697.000	201.000
698.000	226.000
699.000	209.000
700.000	198.000
701.000	210.000
702.000	210.000
703.000	230.000
704.000	210.000
705.000	201.000
706.000	178.000
707.000	197.000
708.000	210.000
709.000	198.000
710.000	210.000
711.000	209.000
712.000	208.000
713.000	228.000
714.000	203.000
715.000	184.000
716.000	209.000
717.000	204.000
718.000	212.000
719.000	228.000
720.000	225.000
721.000	215.000
722.000	218.000
723.000	212.000
724.000	192.000
725.000	228.000
726.000	234.000
727.000	221.000
728.000	218.000
729.000	232.000
730.000	217.000
731.000	209.000
732.000	231.000
733.000	230.000
734.000	230.000
735.000	230.000
736.000	266.000
737.000	245.000
738.000	225.000
739.000	225.000
740.000	227.000
741.000	219.000
742.000	213.000
743.000	235.000
744.000	242.000
745.000	233.000
746.000	222.000
747.000	245.000
748.000	233.000
749.000	243.000
750.000	242.000
751.000	213.000
752.000	239.000
753.000	241.000
754.000	247.000
755.000	236.000
756.000	253.000
757.000	237.000
758.000	256.000
759.000	252.000
760.000	225.000
761.000	225.000
762.000	251.000
763.000	272.000
764.000	231.000
765.000	246.000
766.000	255.000
767.000	284.000
768.000	261.000
769.000	258.000
770.000	268.000
771.000	258.000
772.000	286.000
773.000	259.000
774.000	283.000
775.000	299.000
776.000	286.000
777.000	270.000
778.000	266.000
779.000	282.000
780.000	249.000
781.000	266.000
782.000	236.000
783.000	269.000
784.000	242.000
785.000	242.000
786.000	277.000
787.000	269.000
788.000	244.000
789.000	254.000
790.000	257.000
791.000	235.000
792.000	229.000
793.000	251.000
794.000	274.000
795.000	284.000
796.000	250.000
797.000	268.000
798.000	285.000
799.000	263.000
800.000	249.000
801.000	246.000
802.000	256.000
803.000	283.000
804.000	255.000
805.000	286.000
806.000	256.000
807.000	254.000
808.000	286.000
809.000	256.000
810.000	265.000
811.000	275.000
812.000	287.000
813.000	272.000
814.000	278.000
815.000	283.000
816.000	292.000
817.000	285.000
818.000	281.000
819.000	297.000
820.000	281.000
821.000	284.000
822.000	265.000
823.000	260.000
824.000	288.000
825.000	295.000
826.000	272.000
827.000	304.000
828.000	276.000
829.000	297.000
830.000	288.000
831.000	298.000
832.000	310.000
833.000	304.000
834.000	279.000
835.000	298.000
836.000	301.000
837.000	312.000
838.000	288.000
839.000	301.000
840.000	302.000
841.000	284.000
842.000	297.000
843.000	314.000
844.000	342.000
845.000	285.000
846.000	334.000
847.000	295.000
848.000	309.000
849.000	314.000
850.000	334.000
851.000	307.000
852.000	350.000
853.000	330.000
854.000	312.000
855.000	321.000
856.000	335.000
857.000	357.000
858.000	350.000
859.000	374.000
860.000	359.000
861.000	332.000
862.000	389.000
863.000	355.000
864.000	417.000
865.000	352.000
866.000	419.000
867.000	405.000
868.000	423.000
869.000	429.000
870.000	413.000
871.000	453.000
872.000	440.000
873.000	448.000
874.000	439.000
875.000	495.000
876.000	538.000
877.000	550.000
878.000	574.000
879.000	616.000
880.000	553.000
881.000	716.000
882.000	678.000
883.000	735.000
884.000	819.000
885.000	837.000
886.000	937.000
887.000	887.000
888.000	1015.000
889.000	965.000
890.000	1137.000
891.000	1191.000
892.000	1187.000
893.000	1304.000
894.000	1299.000
895.000	1329.000
896.000	1320.000
897.000	1435.000
898.000	1421.000
899.000	1506.000
900.000	1472.000
901.000	1466.000
902.000	1406.000
903.000	1420.000
904.000	1348.000
905.000	1322.000
906.000	1256.000
907.000	1159.000
908.000	1160.000
909.000	1145.000
910.000	1066.000
911.000	1108.000
912.000	988.000
913.000	967.000
914.000	884.000
915.000	860.000
916.000	825.000
917.000	724.000
918.000	699.000
919.000	714.000
920.000	640.000
921.000	592.000
922.000	560.000
923.000	550.000
924.000	509.000
925.000	479.000
926.000	461.000
927.000	446.000
928.000	432.000
929.000	447.000
930.000	367.000
931.000	359.000
932.000	370.000
933.000	379.000
934.000	378.000
935.000	369.000
936.000	356.000
937.000	351.000
938.000	352.000
939.000	346.000
940.000	360.000
941.000	376.000
942.000	440.000
943.000	396.000
944.000	451.000
945.000	557.000
946.000	475.000
947.000	586.000
948.000	620.000
949.000	670.000
950.000	739.000
951.000	737.000
952.000	725.000
953.000	781.000
954.000	811.000
955.000	724.000
956.000	733.000
957.000	682.000
958.000	658.000
959.000	543.000
960.000	530.000
961.000	482.000
962.000	453.000
963.000	385.000
964.000	342.000
965.000	334.000
966.000	301.000
967.000	312.000
968.000	310.000
969.000	287.000
970.000	280.000
971.000	268.000
972.000	283.000
973.000	276.000
974.000	292.000
975.000	283.000
976.000	290.000
977.000	280.000
978.000	313.000
979.000	308.000
980.000	265.000
981.000	276.000
982.000	268.000
983.000	289.000
984.000	321.000
985.000	333.000
986.000	325.000
987.000	300.000
988.000	356.000
989.000	325.000
990.000	342.000
991.000	372.000
992.000	383.000
993.000	370.000
994.000	406.000
995.000	373.000
996.000	409.000
997.000	400.000
998.000	422.000
999.000	425.000
1000.000	435.000
1001.000	413.000
1002.000	446.000
1003.000	477.000
1004.000	464.000
1005.000	435.000
1006.000	416.000
1007.000	413.000
1008.000	418.000
1009.000	402.000
1010.000	395.000
1011.000	395.000
1012.000	397.000
1013.000	385.000
1014.000	404.000
1015.000	373.000
1016.000	354.000
1017.000	345.000
1018.000	355.000
1019.000	301.000
1020.000	312.000
1021.000	333.000
1022.000	267.000
1023.000	299.000
1024.000	258.000
