Date:	8/19/2008		Time:	9:33 AM		Version no:	0.00		Project name:	55		Sample name:	222		Section name:	section		Position	616.039995	mm	E0	0.000000	keV	E1	1.000000	keV/channel	sample surface	7.648401	cm	Tube anode:	Mo		Tube voltage:	30	kV	Tube current:	50	mA	gain	20		std. database			resultfile	result		matrix element	11		sample thickness	1.000000		air passage	0.560000	cm	comments	not in position		peaking_time	3.000000	m-sec	trigger_threshold	1229.166667	V	mca_bin_width	22.090000	no:	number_mca_channels	1024.000000	no:	gap_time	0.400000	m-sec	trigger_peaking_time	0.150000	m-sec	GAINDAC	9455		HIGHGAIN	1		TAURC	0		RCTAU	53		RCTAUFRAC	32768		livetime	9.694008	seconds	runtime	10.000502	seconds	input_count_rate	28.851431	cps	output_count_rate	21.925900	cps	triggers	279686	seconds	events_in_run	219270	seconds	channel	content		1.000	0.000
2.000	0.000
3.000	0.000
4.000	0.000
5.000	0.000
6.000	0.000
7.000	0.000
8.000	0.000
9.000	0.000
10.000	0.000
11.000	0.000
12.000	0.000
13.000	0.000
14.000	0.000
15.000	0.000
16.000	0.000
17.000	0.000
18.000	0.000
19.000	0.000
20.000	0.000
21.000	0.000
22.000	0.000
23.000	0.000
24.000	0.000
25.000	0.000
26.000	0.000
27.000	0.000
28.000	0.000
29.000	0.000
30.000	0.000
31.000	1.000
32.000	0.000
33.000	0.000
34.000	1.000
35.000	3.000
36.000	1.000
37.000	1.000
38.000	2.000
39.000	4.000
40.000	2.000
41.000	0.000
42.000	5.000
43.000	1.000
44.000	3.000
45.000	3.000
46.000	10.000
47.000	7.000
48.000	12.000
49.000	4.000
50.000	12.000
51.000	7.000
52.000	8.000
53.000	10.000
54.000	9.000
55.000	9.000
56.000	6.000
57.000	15.000
58.000	5.000
59.000	12.000
60.000	11.000
61.000	14.000
62.000	6.000
63.000	14.000
64.000	13.000
65.000	15.000
66.000	17.000
67.000	11.000
68.000	8.000
69.000	14.000
70.000	9.000
71.000	7.000
72.000	19.000
73.000	6.000
74.000	12.000
75.000	7.000
76.000	10.000
77.000	15.000
78.000	8.000
79.000	11.000
80.000	10.000
81.000	12.000
82.000	6.000
83.000	10.000
84.000	3.000
85.000	9.000
86.000	14.000
87.000	8.000
88.000	9.000
89.000	4.000
90.000	6.000
91.000	13.000
92.000	7.000
93.000	8.000
94.000	7.000
95.000	13.000
96.000	14.000
97.000	7.000
98.000	5.000
99.000	8.000
100.000	11.000
101.000	7.000
102.000	8.000
103.000	7.000
104.000	10.000
105.000	4.000
106.000	9.000
107.000	5.000
108.000	6.000
109.000	2.000
110.000	9.000
111.000	6.000
112.000	6.000
113.000	8.000
114.000	2.000
115.000	7.000
116.000	6.000
117.000	4.000
118.000	7.000
119.000	7.000
120.000	5.000
121.000	5.000
122.000	4.000
123.000	3.000
124.000	2.000
125.000	3.000
126.000	6.000
127.000	7.000
128.000	12.000
129.000	9.000
130.000	9.000
131.000	3.000
132.000	5.000
133.000	5.000
134.000	6.000
135.000	2.000
136.000	9.000
137.000	9.000
138.000	3.000
139.000	7.000
140.000	5.000
141.000	4.000
142.000	6.000
143.000	1.000
144.000	9.000
145.000	3.000
146.000	10.000
147.000	3.000
148.000	2.000
149.000	3.000
150.000	2.000
151.000	6.000
152.000	4.000
153.000	7.000
154.000	6.000
155.000	3.000
156.000	2.000
157.000	6.000
158.000	10.000
159.000	7.000
160.000	5.000
161.000	9.000
162.000	7.000
163.000	11.000
164.000	12.000
165.000	8.000
166.000	5.000
167.000	6.000
168.000	6.000
169.000	2.000
170.000	5.000
171.000	0.000
172.000	4.000
173.000	4.000
174.000	6.000
175.000	2.000
176.000	3.000
177.000	1.000
178.000	2.000
179.000	1.000
180.000	5.000
181.000	6.000
182.000	8.000
183.000	7.000
184.000	8.000
185.000	5.000
186.000	6.000
187.000	1.000
188.000	2.000
189.000	2.000
190.000	2.000
191.000	3.000
192.000	5.000
193.000	5.000
194.000	3.000
195.000	1.000
196.000	4.000
197.000	4.000
198.000	13.000
199.000	17.000
200.000	21.000
201.000	26.000
202.000	27.000
203.000	30.000
204.000	21.000
205.000	18.000
206.000	15.000
207.000	10.000
208.000	6.000
209.000	14.000
210.000	1.000
211.000	4.000
212.000	0.000
213.000	1.000
214.000	6.000
215.000	5.000
216.000	3.000
217.000	6.000
218.000	11.000
219.000	6.000
220.000	9.000
221.000	7.000
222.000	4.000
223.000	5.000
224.000	4.000
225.000	6.000
226.000	8.000
227.000	3.000
228.000	4.000
229.000	3.000
230.000	4.000
231.000	2.000
232.000	4.000
233.000	2.000
234.000	6.000
235.000	7.000
236.000	3.000
237.000	3.000
238.000	2.000
239.000	4.000
240.000	2.000
241.000	3.000
242.000	7.000
243.000	8.000
244.000	5.000
245.000	10.000
246.000	13.000
247.000	10.000
248.000	11.000
249.000	13.000
250.000	11.000
251.000	7.000
252.000	5.000
253.000	10.000
254.000	6.000
255.000	4.000
256.000	9.000
257.000	9.000
258.000	9.000
259.000	4.000
260.000	7.000
261.000	6.000
262.000	4.000
263.000	5.000
264.000	3.000
265.000	3.000
266.000	1.000
267.000	7.000
268.000	4.000
269.000	1.000
270.000	6.000
271.000	9.000
272.000	9.000
273.000	6.000
274.000	8.000
275.000	8.000
276.000	3.000
277.000	6.000
278.000	3.000
279.000	3.000
280.000	8.000
281.000	4.000
282.000	5.000
283.000	5.000
284.000	8.000
285.000	10.000
286.000	6.000
287.000	9.000
288.000	7.000
289.000	4.000
290.000	2.000
291.000	6.000
292.000	7.000
293.000	9.000
294.000	9.000
295.000	8.000
296.000	7.000
297.000	6.000
298.000	3.000
299.000	5.000
300.000	11.000
301.000	6.000
302.000	10.000
303.000	11.000
304.000	14.000
305.000	6.000
306.000	11.000
307.000	9.000
308.000	5.000
309.000	8.000
310.000	9.000
311.000	6.000
312.000	4.000
313.000	9.000
314.000	8.000
315.000	14.000
316.000	8.000
317.000	17.000
318.000	28.000
319.000	39.000
320.000	48.000
321.000	49.000
322.000	57.000
323.000	48.000
324.000	54.000
325.000	44.000
326.000	33.000
327.000	23.000
328.000	28.000
329.000	16.000
330.000	14.000
331.000	13.000
332.000	8.000
333.000	10.000
334.000	25.000
335.000	19.000
336.000	11.000
337.000	18.000
338.000	13.000
339.000	20.000
340.000	26.000
341.000	25.000
342.000	57.000
343.000	69.000
344.000	118.000
345.000	198.000
346.000	324.000
347.000	391.000
348.000	524.000
349.000	594.000
350.000	667.000
351.000	698.000
352.000	645.000
353.000	547.000
354.000	467.000
355.000	320.000
356.000	207.000
357.000	154.000
358.000	93.000
359.000	60.000
360.000	47.000
361.000	21.000
362.000	25.000
363.000	20.000
364.000	19.000
365.000	16.000
366.000	24.000
367.000	19.000
368.000	12.000
369.000	17.000
370.000	16.000
371.000	12.000
372.000	18.000
373.000	21.000
374.000	17.000
375.000	18.000
376.000	22.000
377.000	19.000
378.000	20.000
379.000	40.000
380.000	41.000
381.000	72.000
382.000	62.000
383.000	83.000
384.000	96.000
385.000	123.000
386.000	146.000
387.000	147.000
388.000	110.000
389.000	109.000
390.000	109.000
391.000	73.000
392.000	56.000
393.000	49.000
394.000	30.000
395.000	24.000
396.000	19.000
397.000	23.000
398.000	15.000
399.000	24.000
400.000	23.000
401.000	10.000
402.000	26.000
403.000	18.000
404.000	22.000
405.000	28.000
406.000	31.000
407.000	31.000
408.000	27.000
409.000	28.000
410.000	17.000
411.000	23.000
412.000	26.000
413.000	20.000
414.000	27.000
415.000	19.000
416.000	23.000
417.000	19.000
418.000	28.000
419.000	28.000
420.000	30.000
421.000	25.000
422.000	27.000
423.000	16.000
424.000	23.000
425.000	27.000
426.000	28.000
427.000	24.000
428.000	24.000
429.000	28.000
430.000	25.000
431.000	23.000
432.000	30.000
433.000	33.000
434.000	32.000
435.000	30.000
436.000	30.000
437.000	32.000
438.000	40.000
439.000	41.000
440.000	43.000
441.000	33.000
442.000	54.000
443.000	39.000
444.000	32.000
445.000	28.000
446.000	38.000
447.000	34.000
448.000	41.000
449.000	35.000
450.000	33.000
451.000	44.000
452.000	46.000
453.000	42.000
454.000	38.000
455.000	42.000
456.000	39.000
457.000	39.000
458.000	41.000
459.000	44.000
460.000	42.000
461.000	42.000
462.000	39.000
463.000	36.000
464.000	44.000
465.000	34.000
466.000	40.000
467.000	50.000
468.000	47.000
469.000	44.000
470.000	61.000
471.000	43.000
472.000	51.000
473.000	56.000
474.000	60.000
475.000	58.000
476.000	58.000
477.000	55.000
478.000	50.000
479.000	46.000
480.000	48.000
481.000	54.000
482.000	55.000
483.000	60.000
484.000	49.000
485.000	49.000
486.000	51.000
487.000	51.000
488.000	53.000
489.000	52.000
490.000	62.000
491.000	64.000
492.000	66.000
493.000	59.000
494.000	65.000
495.000	61.000
496.000	40.000
497.000	61.000
498.000	73.000
499.000	72.000
500.000	65.000
501.000	52.000
502.000	62.000
503.000	67.000
504.000	66.000
505.000	68.000
506.000	52.000
507.000	58.000
508.000	70.000
509.000	84.000
510.000	82.000
511.000	63.000
512.000	70.000
513.000	68.000
514.000	60.000
515.000	67.000
516.000	89.000
517.000	82.000
518.000	84.000
519.000	81.000
520.000	85.000
521.000	76.000
522.000	82.000
523.000	75.000
524.000	99.000
525.000	81.000
526.000	77.000
527.000	52.000
528.000	87.000
529.000	91.000
530.000	82.000
531.000	89.000
532.000	92.000
533.000	74.000
534.000	92.000
535.000	86.000
536.000	82.000
537.000	85.000
538.000	100.000
539.000	89.000
540.000	78.000
541.000	86.000
542.000	74.000
543.000	81.000
544.000	71.000
545.000	76.000
546.000	82.000
547.000	88.000
548.000	89.000
549.000	83.000
550.000	104.000
551.000	87.000
552.000	91.000
553.000	80.000
554.000	98.000
555.000	93.000
556.000	88.000
557.000	93.000
558.000	93.000
559.000	92.000
560.000	97.000
561.000	102.000
562.000	90.000
563.000	104.000
564.000	95.000
565.000	101.000
566.000	110.000
567.000	102.000
568.000	81.000
569.000	104.000
570.000	95.000
571.000	106.000
572.000	133.000
573.000	127.000
574.000	104.000
575.000	106.000
576.000	118.000
577.000	117.000
578.000	120.000
579.000	120.000
580.000	132.000
581.000	130.000
582.000	116.000
583.000	127.000
584.000	131.000
585.000	133.000
586.000	117.000
587.000	118.000
588.000	122.000
589.000	134.000
590.000	122.000
591.000	117.000
592.000	116.000
593.000	123.000
594.000	141.000
595.000	128.000
596.000	142.000
597.000	130.000
598.000	146.000
599.000	133.000
600.000	122.000
601.000	125.000
602.000	133.000
603.000	126.000
604.000	144.000
605.000	133.000
606.000	148.000
607.000	131.000
608.000	134.000
609.000	149.000
610.000	133.000
611.000	139.000
612.000	128.000
613.000	134.000
614.000	137.000
615.000	164.000
616.000	147.000
617.000	153.000
618.000	132.000
619.000	178.000
620.000	141.000
621.000	130.000
622.000	140.000
623.000	152.000
624.000	163.000
625.000	160.000
626.000	161.000
627.000	158.000
628.000	154.000
629.000	182.000
630.000	151.000
631.000	166.000
632.000	182.000
633.000	152.000
634.000	154.000
635.000	172.000
636.000	181.000
637.000	172.000
638.000	163.000
639.000	163.000
640.000	150.000
641.000	155.000
642.000	169.000
643.000	144.000
644.000	167.000
645.000	168.000
646.000	166.000
647.000	179.000
648.000	156.000
649.000	176.000
650.000	180.000
651.000	179.000
652.000	203.000
653.000	184.000
654.000	198.000
655.000	173.000
656.000	166.000
657.000	168.000
658.000	196.000
659.000	178.000
660.000	198.000
661.000	191.000
662.000	196.000
663.000	182.000
664.000	188.000
665.000	202.000
666.000	190.000
667.000	151.000
668.000	190.000
669.000	187.000
670.000	193.000
671.000	185.000
672.000	218.000
673.000	164.000
674.000	189.000
675.000	187.000
676.000	218.000
677.000	194.000
678.000	196.000
679.000	208.000
680.000	214.000
681.000	221.000
682.000	193.000
683.000	210.000
684.000	206.000
685.000	185.000
686.000	178.000
687.000	204.000
688.000	218.000
689.000	229.000
690.000	218.000
691.000	222.000
692.000	225.000
693.000	228.000
694.000	231.000
695.000	209.000
696.000	219.000
697.000	230.000
698.000	204.000
699.000	233.000
700.000	210.000
701.000	233.000
702.000	223.000
703.000	218.000
704.000	202.000
705.000	226.000
706.000	197.000
707.000	207.000
708.000	198.000
709.000	237.000
710.000	204.000
711.000	225.000
712.000	209.000
713.000	250.000
714.000	217.000
715.000	267.000
716.000	233.000
717.000	212.000
718.000	229.000
719.000	231.000
720.000	226.000
721.000	230.000
722.000	241.000
723.000	221.000
724.000	242.000
725.000	230.000
726.000	257.000
727.000	237.000
728.000	258.000
729.000	225.000
730.000	243.000
731.000	266.000
732.000	228.000
733.000	266.000
734.000	251.000
735.000	210.000
736.000	243.000
737.000	227.000
738.000	266.000
739.000	252.000
740.000	225.000
741.000	233.000
742.000	223.000
743.000	245.000
744.000	223.000
745.000	251.000
746.000	244.000
747.000	246.000
748.000	245.000
749.000	248.000
750.000	252.000
751.000	236.000
752.000	224.000
753.000	233.000
754.000	267.000
755.000	238.000
756.000	266.000
757.000	238.000
758.000	250.000
759.000	258.000
760.000	234.000
761.000	244.000
762.000	269.000
763.000	241.000
764.000	274.000
765.000	271.000
766.000	279.000
767.000	287.000
768.000	284.000
769.000	255.000
770.000	269.000
771.000	313.000
772.000	292.000
773.000	293.000
774.000	241.000
775.000	309.000
776.000	300.000
777.000	278.000
778.000	314.000
779.000	273.000
780.000	309.000
781.000	262.000
782.000	274.000
783.000	271.000
784.000	278.000
785.000	250.000
786.000	272.000
787.000	245.000
788.000	290.000
789.000	294.000
790.000	256.000
791.000	273.000
792.000	273.000
793.000	271.000
794.000	284.000
795.000	262.000
796.000	261.000
797.000	253.000
798.000	261.000
799.000	287.000
800.000	254.000
801.000	298.000
802.000	278.000
803.000	264.000
804.000	302.000
805.000	268.000
806.000	285.000
807.000	314.000
808.000	269.000
809.000	289.000
810.000	324.000
811.000	289.000
812.000	290.000
813.000	281.000
814.000	263.000
815.000	280.000
816.000	293.000
817.000	284.000
818.000	248.000
819.000	306.000
820.000	305.000
821.000	314.000
822.000	294.000
823.000	306.000
824.000	332.000
825.000	308.000
826.000	303.000
827.000	297.000
828.000	305.000
829.000	310.000
830.000	323.000
831.000	318.000
832.000	327.000
833.000	284.000
834.000	305.000
835.000	315.000
836.000	326.000
837.000	310.000
838.000	306.000
839.000	305.000
840.000	320.000
841.000	287.000
842.000	288.000
843.000	323.000
844.000	319.000
845.000	327.000
846.000	315.000
847.000	339.000
848.000	341.000
849.000	314.000
850.000	298.000
851.000	341.000
852.000	349.000
853.000	337.000
854.000	347.000
855.000	355.000
856.000	340.000
857.000	369.000
858.000	342.000
859.000	387.000
860.000	359.000
861.000	348.000
862.000	394.000
863.000	414.000
864.000	369.000
865.000	418.000
866.000	397.000
867.000	442.000
868.000	441.000
869.000	436.000
870.000	457.000
871.000	450.000
872.000	453.000
873.000	452.000
874.000	483.000
875.000	503.000
876.000	539.000
877.000	565.000
878.000	592.000
879.000	612.000
880.000	636.000
881.000	675.000
882.000	705.000
883.000	740.000
884.000	797.000
885.000	871.000
886.000	883.000
887.000	957.000
888.000	1007.000
889.000	1116.000
890.000	1134.000
891.000	1217.000
892.000	1276.000
893.000	1311.000
894.000	1332.000
895.000	1452.000
896.000	1428.000
897.000	1439.000
898.000	1533.000
899.000	1495.000
900.000	1518.000
901.000	1464.000
902.000	1395.000
903.000	1487.000
904.000	1408.000
905.000	1371.000
906.000	1345.000
907.000	1297.000
908.000	1278.000
909.000	1190.000
910.000	1135.000
911.000	1123.000
912.000	1103.000
913.000	1008.000
914.000	956.000
915.000	903.000
916.000	821.000
917.000	734.000
918.000	771.000
919.000	746.000
920.000	706.000
921.000	638.000
922.000	598.000
923.000	550.000
924.000	538.000
925.000	569.000
926.000	472.000
927.000	456.000
928.000	454.000
929.000	408.000
930.000	406.000
931.000	389.000
932.000	377.000
933.000	345.000
934.000	364.000
935.000	389.000
936.000	377.000
937.000	395.000
938.000	373.000
939.000	344.000
940.000	401.000
941.000	396.000
942.000	409.000
943.000	450.000
944.000	496.000
945.000	487.000
946.000	587.000
947.000	625.000
948.000	632.000
949.000	693.000
950.000	747.000
951.000	813.000
952.000	767.000
953.000	845.000
954.000	763.000
955.000	793.000
956.000	795.000
957.000	691.000
958.000	645.000
959.000	587.000
960.000	563.000
961.000	523.000
962.000	435.000
963.000	404.000
964.000	374.000
965.000	348.000
966.000	333.000
967.000	319.000
968.000	323.000
969.000	258.000
970.000	339.000
971.000	306.000
972.000	290.000
973.000	284.000
974.000	304.000
975.000	296.000
976.000	269.000
977.000	322.000
978.000	301.000
979.000	304.000
980.000	313.000
981.000	324.000
982.000	339.000
983.000	302.000
984.000	338.000
985.000	325.000
986.000	321.000
987.000	348.000
988.000	324.000
989.000	362.000
990.000	368.000
991.000	369.000
992.000	346.000
993.000	393.000
994.000	420.000
995.000	434.000
996.000	418.000
997.000	430.000
998.000	417.000
999.000	401.000
1000.000	446.000
1001.000	449.000
1002.000	479.000
1003.000	474.000
1004.000	459.000
1005.000	424.000
1006.000	475.000
1007.000	415.000
1008.000	457.000
1009.000	467.000
1010.000	456.000
1011.000	432.000
1012.000	437.000
1013.000	406.000
1014.000	418.000
1015.000	352.000
1016.000	384.000
1017.000	350.000
1018.000	349.000
1019.000	328.000
1020.000	288.000
1021.000	270.000
1022.000	323.000
1023.000	301.000
1024.000	290.000
