Date:	8/19/2008		Time:	8:46 AM		Version no:	0.00		Project name:	55		Sample name:	222		Section name:	section		Position	118.039995	mm	E0	0.000000	keV	E1	1.000000	keV/channel	sample surface	7.383042	cm	Tube anode:	Mo		Tube voltage:	30	kV	Tube current:	50	mA	gain	20		std. database			resultfile	result		matrix element	11		sample thickness	1.000000		air passage	0.560000	cm	comments	not in position		peaking_time	3.000000	m-sec	trigger_threshold	1229.166667	V	mca_bin_width	22.090000	no:	number_mca_channels	1024.000000	no:	gap_time	0.400000	m-sec	trigger_peaking_time	0.150000	m-sec	GAINDAC	9455		HIGHGAIN	1		TAURC	0		RCTAU	53		RCTAUFRAC	32768		livetime	9.723536	seconds	runtime	10.000502	seconds	input_count_rate	26.637326	cps	output_count_rate	20.630665	cps	triggers	259009	seconds	events_in_run	206317	seconds	channel	content		1.000	0.000
2.000	0.000
3.000	0.000
4.000	0.000
5.000	0.000
6.000	0.000
7.000	0.000
8.000	0.000
9.000	0.000
10.000	0.000
11.000	0.000
12.000	0.000
13.000	0.000
14.000	0.000
15.000	0.000
16.000	0.000
17.000	0.000
18.000	0.000
19.000	0.000
20.000	0.000
21.000	0.000
22.000	0.000
23.000	0.000
24.000	0.000
25.000	0.000
26.000	0.000
27.000	0.000
28.000	0.000
29.000	0.000
30.000	0.000
31.000	0.000
32.000	1.000
33.000	2.000
34.000	3.000
35.000	0.000
36.000	1.000
37.000	5.000
38.000	4.000
39.000	3.000
40.000	3.000
41.000	2.000
42.000	3.000
43.000	1.000
44.000	3.000
45.000	4.000
46.000	5.000
47.000	6.000
48.000	6.000
49.000	5.000
50.000	10.000
51.000	7.000
52.000	6.000
53.000	3.000
54.000	5.000
55.000	8.000
56.000	10.000
57.000	8.000
58.000	5.000
59.000	8.000
60.000	9.000
61.000	11.000
62.000	12.000
63.000	9.000
64.000	11.000
65.000	11.000
66.000	8.000
67.000	5.000
68.000	8.000
69.000	9.000
70.000	15.000
71.000	9.000
72.000	5.000
73.000	8.000
74.000	10.000
75.000	3.000
76.000	12.000
77.000	6.000
78.000	9.000
79.000	9.000
80.000	4.000
81.000	5.000
82.000	8.000
83.000	10.000
84.000	7.000
85.000	7.000
86.000	14.000
87.000	9.000
88.000	9.000
89.000	7.000
90.000	5.000
91.000	7.000
92.000	9.000
93.000	3.000
94.000	6.000
95.000	11.000
96.000	6.000
97.000	9.000
98.000	4.000
99.000	7.000
100.000	5.000
101.000	4.000
102.000	6.000
103.000	7.000
104.000	6.000
105.000	7.000
106.000	5.000
107.000	7.000
108.000	6.000
109.000	4.000
110.000	7.000
111.000	6.000
112.000	6.000
113.000	6.000
114.000	3.000
115.000	6.000
116.000	6.000
117.000	7.000
118.000	6.000
119.000	5.000
120.000	6.000
121.000	4.000
122.000	4.000
123.000	7.000
124.000	8.000
125.000	6.000
126.000	12.000
127.000	11.000
128.000	7.000
129.000	11.000
130.000	5.000
131.000	10.000
132.000	6.000
133.000	3.000
134.000	6.000
135.000	4.000
136.000	10.000
137.000	6.000
138.000	5.000
139.000	5.000
140.000	5.000
141.000	5.000
142.000	4.000
143.000	3.000
144.000	3.000
145.000	2.000
146.000	2.000
147.000	3.000
148.000	5.000
149.000	4.000
150.000	4.000
151.000	5.000
152.000	4.000
153.000	5.000
154.000	5.000
155.000	8.000
156.000	5.000
157.000	5.000
158.000	5.000
159.000	3.000
160.000	5.000
161.000	8.000
162.000	13.000
163.000	9.000
164.000	4.000
165.000	9.000
166.000	7.000
167.000	4.000
168.000	5.000
169.000	2.000
170.000	2.000
171.000	2.000
172.000	2.000
173.000	4.000
174.000	3.000
175.000	3.000
176.000	8.000
177.000	3.000
178.000	8.000
179.000	10.000
180.000	5.000
181.000	7.000
182.000	5.000
183.000	8.000
184.000	6.000
185.000	3.000
186.000	4.000
187.000	4.000
188.000	5.000
189.000	3.000
190.000	1.000
191.000	4.000
192.000	4.000
193.000	7.000
194.000	0.000
195.000	4.000
196.000	7.000
197.000	7.000
198.000	10.000
199.000	9.000
200.000	14.000
201.000	22.000
202.000	15.000
203.000	21.000
204.000	14.000
205.000	15.000
206.000	12.000
207.000	9.000
208.000	9.000
209.000	7.000
210.000	0.000
211.000	2.000
212.000	2.000
213.000	2.000
214.000	3.000
215.000	3.000
216.000	2.000
217.000	9.000
218.000	7.000
219.000	6.000
220.000	7.000
221.000	8.000
222.000	4.000
223.000	3.000
224.000	4.000
225.000	9.000
226.000	3.000
227.000	6.000
228.000	6.000
229.000	3.000
230.000	2.000
231.000	3.000
232.000	2.000
233.000	3.000
234.000	1.000
235.000	3.000
236.000	0.000
237.000	5.000
238.000	7.000
239.000	2.000
240.000	5.000
241.000	4.000
242.000	5.000
243.000	1.000
244.000	4.000
245.000	5.000
246.000	13.000
247.000	10.000
248.000	6.000
249.000	6.000
250.000	12.000
251.000	10.000
252.000	3.000
253.000	3.000
254.000	6.000
255.000	2.000
256.000	7.000
257.000	7.000
258.000	5.000
259.000	3.000
260.000	6.000
261.000	3.000
262.000	3.000
263.000	5.000
264.000	8.000
265.000	2.000
266.000	5.000
267.000	4.000
268.000	3.000
269.000	6.000
270.000	5.000
271.000	4.000
272.000	2.000
273.000	4.000
274.000	5.000
275.000	5.000
276.000	2.000
277.000	10.000
278.000	4.000
279.000	10.000
280.000	1.000
281.000	2.000
282.000	3.000
283.000	6.000
284.000	7.000
285.000	6.000
286.000	7.000
287.000	4.000
288.000	4.000
289.000	2.000
290.000	6.000
291.000	4.000
292.000	9.000
293.000	1.000
294.000	9.000
295.000	3.000
296.000	3.000
297.000	6.000
298.000	5.000
299.000	5.000
300.000	5.000
301.000	3.000
302.000	5.000
303.000	5.000
304.000	4.000
305.000	4.000
306.000	4.000
307.000	5.000
308.000	2.000
309.000	8.000
310.000	9.000
311.000	7.000
312.000	5.000
313.000	5.000
314.000	18.000
315.000	6.000
316.000	12.000
317.000	14.000
318.000	11.000
319.000	24.000
320.000	23.000
321.000	27.000
322.000	34.000
323.000	42.000
324.000	43.000
325.000	32.000
326.000	24.000
327.000	18.000
328.000	24.000
329.000	13.000
330.000	9.000
331.000	9.000
332.000	2.000
333.000	9.000
334.000	11.000
335.000	10.000
336.000	6.000
337.000	13.000
338.000	5.000
339.000	16.000
340.000	20.000
341.000	37.000
342.000	38.000
343.000	73.000
344.000	113.000
345.000	206.000
346.000	283.000
347.000	405.000
348.000	521.000
349.000	586.000
350.000	632.000
351.000	651.000
352.000	638.000
353.000	583.000
354.000	413.000
355.000	293.000
356.000	217.000
357.000	138.000
358.000	81.000
359.000	46.000
360.000	35.000
361.000	23.000
362.000	22.000
363.000	12.000
364.000	11.000
365.000	10.000
366.000	7.000
367.000	12.000
368.000	15.000
369.000	10.000
370.000	12.000
371.000	15.000
372.000	24.000
373.000	12.000
374.000	11.000
375.000	19.000
376.000	25.000
377.000	20.000
378.000	25.000
379.000	25.000
380.000	43.000
381.000	58.000
382.000	69.000
383.000	80.000
384.000	96.000
385.000	125.000
386.000	115.000
387.000	132.000
388.000	100.000
389.000	82.000
390.000	86.000
391.000	63.000
392.000	53.000
393.000	28.000
394.000	32.000
395.000	20.000
396.000	20.000
397.000	20.000
398.000	21.000
399.000	15.000
400.000	18.000
401.000	22.000
402.000	16.000
403.000	17.000
404.000	22.000
405.000	20.000
406.000	16.000
407.000	16.000
408.000	23.000
409.000	18.000
410.000	19.000
411.000	15.000
412.000	22.000
413.000	15.000
414.000	26.000
415.000	14.000
416.000	23.000
417.000	15.000
418.000	15.000
419.000	18.000
420.000	24.000
421.000	22.000
422.000	23.000
423.000	22.000
424.000	21.000
425.000	22.000
426.000	22.000
427.000	20.000
428.000	23.000
429.000	24.000
430.000	32.000
431.000	25.000
432.000	19.000
433.000	29.000
434.000	29.000
435.000	28.000
436.000	35.000
437.000	32.000
438.000	25.000
439.000	27.000
440.000	30.000
441.000	27.000
442.000	28.000
443.000	29.000
444.000	35.000
445.000	21.000
446.000	25.000
447.000	39.000
448.000	28.000
449.000	32.000
450.000	30.000
451.000	31.000
452.000	31.000
453.000	30.000
454.000	34.000
455.000	31.000
456.000	35.000
457.000	43.000
458.000	32.000
459.000	27.000
460.000	38.000
461.000	46.000
462.000	39.000
463.000	32.000
464.000	43.000
465.000	29.000
466.000	31.000
467.000	35.000
468.000	38.000
469.000	50.000
470.000	37.000
471.000	39.000
472.000	52.000
473.000	35.000
474.000	46.000
475.000	42.000
476.000	40.000
477.000	41.000
478.000	44.000
479.000	30.000
480.000	34.000
481.000	46.000
482.000	36.000
483.000	42.000
484.000	46.000
485.000	38.000
486.000	49.000
487.000	41.000
488.000	43.000
489.000	53.000
490.000	49.000
491.000	53.000
492.000	53.000
493.000	55.000
494.000	46.000
495.000	54.000
496.000	46.000
497.000	55.000
498.000	56.000
499.000	37.000
500.000	54.000
501.000	52.000
502.000	56.000
503.000	47.000
504.000	55.000
505.000	52.000
506.000	48.000
507.000	55.000
508.000	44.000
509.000	56.000
510.000	60.000
511.000	50.000
512.000	44.000
513.000	62.000
514.000	59.000
515.000	59.000
516.000	65.000
517.000	55.000
518.000	64.000
519.000	71.000
520.000	69.000
521.000	62.000
522.000	57.000
523.000	64.000
524.000	71.000
525.000	83.000
526.000	70.000
527.000	76.000
528.000	81.000
529.000	70.000
530.000	52.000
531.000	60.000
532.000	58.000
533.000	80.000
534.000	82.000
535.000	79.000
536.000	66.000
537.000	73.000
538.000	77.000
539.000	77.000
540.000	75.000
541.000	82.000
542.000	66.000
543.000	66.000
544.000	70.000
545.000	75.000
546.000	87.000
547.000	84.000
548.000	81.000
549.000	72.000
550.000	90.000
551.000	80.000
552.000	71.000
553.000	90.000
554.000	100.000
555.000	89.000
556.000	90.000
557.000	111.000
558.000	74.000
559.000	89.000
560.000	98.000
561.000	66.000
562.000	81.000
563.000	104.000
564.000	102.000
565.000	88.000
566.000	101.000
567.000	103.000
568.000	83.000
569.000	92.000
570.000	101.000
571.000	98.000
572.000	90.000
573.000	101.000
574.000	89.000
575.000	87.000
576.000	99.000
577.000	99.000
578.000	96.000
579.000	97.000
580.000	111.000
581.000	105.000
582.000	102.000
583.000	91.000
584.000	116.000
585.000	116.000
586.000	117.000
587.000	97.000
588.000	115.000
589.000	116.000
590.000	115.000
591.000	105.000
592.000	114.000
593.000	100.000
594.000	103.000
595.000	111.000
596.000	131.000
597.000	114.000
598.000	111.000
599.000	114.000
600.000	124.000
601.000	136.000
602.000	127.000
603.000	119.000
604.000	96.000
605.000	127.000
606.000	119.000
607.000	132.000
608.000	120.000
609.000	111.000
610.000	136.000
611.000	127.000
612.000	148.000
613.000	129.000
614.000	125.000
615.000	117.000
616.000	118.000
617.000	111.000
618.000	146.000
619.000	139.000
620.000	132.000
621.000	128.000
622.000	139.000
623.000	146.000
624.000	110.000
625.000	158.000
626.000	122.000
627.000	134.000
628.000	147.000
629.000	140.000
630.000	131.000
631.000	135.000
632.000	146.000
633.000	153.000
634.000	137.000
635.000	136.000
636.000	151.000
637.000	148.000
638.000	135.000
639.000	147.000
640.000	171.000
641.000	153.000
642.000	166.000
643.000	173.000
644.000	165.000
645.000	165.000
646.000	160.000
647.000	181.000
648.000	155.000
649.000	169.000
650.000	168.000
651.000	149.000
652.000	199.000
653.000	159.000
654.000	182.000
655.000	164.000
656.000	190.000
657.000	172.000
658.000	160.000
659.000	192.000
660.000	159.000
661.000	179.000
662.000	176.000
663.000	163.000
664.000	166.000
665.000	178.000
666.000	158.000
667.000	182.000
668.000	177.000
669.000	181.000
670.000	175.000
671.000	180.000
672.000	154.000
673.000	187.000
674.000	218.000
675.000	168.000
676.000	169.000
677.000	166.000
678.000	206.000
679.000	201.000
680.000	180.000
681.000	196.000
682.000	182.000
683.000	200.000
684.000	201.000
685.000	206.000
686.000	185.000
687.000	204.000
688.000	193.000
689.000	179.000
690.000	201.000
691.000	194.000
692.000	217.000
693.000	193.000
694.000	200.000
695.000	176.000
696.000	196.000
697.000	222.000
698.000	208.000
699.000	187.000
700.000	234.000
701.000	208.000
702.000	203.000
703.000	196.000
704.000	227.000
705.000	200.000
706.000	213.000
707.000	208.000
708.000	236.000
709.000	232.000
710.000	234.000
711.000	202.000
712.000	208.000
713.000	207.000
714.000	204.000
715.000	210.000
716.000	201.000
717.000	228.000
718.000	201.000
719.000	232.000
720.000	239.000
721.000	227.000
722.000	227.000
723.000	220.000
724.000	229.000
725.000	193.000
726.000	225.000
727.000	221.000
728.000	259.000
729.000	235.000
730.000	233.000
731.000	228.000
732.000	219.000
733.000	239.000
734.000	237.000
735.000	224.000
736.000	260.000
737.000	261.000
738.000	227.000
739.000	235.000
740.000	221.000
741.000	238.000
742.000	242.000
743.000	212.000
744.000	236.000
745.000	231.000
746.000	259.000
747.000	233.000
748.000	215.000
749.000	228.000
750.000	258.000
751.000	268.000
752.000	247.000
753.000	241.000
754.000	221.000
755.000	243.000
756.000	249.000
757.000	237.000
758.000	232.000
759.000	209.000
760.000	246.000
761.000	259.000
762.000	228.000
763.000	227.000
764.000	266.000
765.000	254.000
766.000	255.000
767.000	262.000
768.000	264.000
769.000	259.000
770.000	284.000
771.000	280.000
772.000	299.000
773.000	288.000
774.000	284.000
775.000	281.000
776.000	269.000
777.000	274.000
778.000	279.000
779.000	263.000
780.000	275.000
781.000	272.000
782.000	256.000
783.000	250.000
784.000	257.000
785.000	256.000
786.000	277.000
787.000	279.000
788.000	281.000
789.000	257.000
790.000	256.000
791.000	247.000
792.000	274.000
793.000	279.000
794.000	282.000
795.000	274.000
796.000	278.000
797.000	249.000
798.000	253.000
799.000	243.000
800.000	270.000
801.000	276.000
802.000	291.000
803.000	280.000
804.000	271.000
805.000	246.000
806.000	272.000
807.000	286.000
808.000	272.000
809.000	252.000
810.000	263.000
811.000	265.000
812.000	270.000
813.000	278.000
814.000	294.000
815.000	268.000
816.000	301.000
817.000	289.000
818.000	288.000
819.000	315.000
820.000	296.000
821.000	296.000
822.000	298.000
823.000	273.000
824.000	290.000
825.000	265.000
826.000	274.000
827.000	297.000
828.000	274.000
829.000	287.000
830.000	288.000
831.000	263.000
832.000	288.000
833.000	283.000
834.000	294.000
835.000	311.000
836.000	288.000
837.000	285.000
838.000	300.000
839.000	311.000
840.000	329.000
841.000	270.000
842.000	319.000
843.000	321.000
844.000	304.000
845.000	307.000
846.000	330.000
847.000	294.000
848.000	326.000
849.000	289.000
850.000	280.000
851.000	352.000
852.000	303.000
853.000	327.000
854.000	313.000
855.000	354.000
856.000	364.000
857.000	381.000
858.000	348.000
859.000	367.000
860.000	379.000
861.000	361.000
862.000	412.000
863.000	405.000
864.000	421.000
865.000	359.000
866.000	427.000
867.000	442.000
868.000	382.000
869.000	431.000
870.000	427.000
871.000	492.000
872.000	481.000
873.000	458.000
874.000	483.000
875.000	536.000
876.000	513.000
877.000	545.000
878.000	552.000
879.000	612.000
880.000	650.000
881.000	628.000
882.000	675.000
883.000	732.000
884.000	762.000
885.000	870.000
886.000	924.000
887.000	988.000
888.000	996.000
889.000	978.000
890.000	1050.000
891.000	1233.000
892.000	1238.000
893.000	1258.000
894.000	1356.000
895.000	1344.000
896.000	1425.000
897.000	1425.000
898.000	1360.000
899.000	1421.000
900.000	1428.000
901.000	1446.000
902.000	1435.000
903.000	1428.000
904.000	1309.000
905.000	1282.000
906.000	1332.000
907.000	1239.000
908.000	1205.000
909.000	1176.000
910.000	1117.000
911.000	1075.000
912.000	1030.000
913.000	986.000
914.000	890.000
915.000	886.000
916.000	795.000
917.000	714.000
918.000	679.000
919.000	677.000
920.000	590.000
921.000	628.000
922.000	551.000
923.000	526.000
924.000	514.000
925.000	481.000
926.000	432.000
927.000	415.000
928.000	428.000
929.000	408.000
930.000	401.000
931.000	381.000
932.000	328.000
933.000	407.000
934.000	377.000
935.000	342.000
936.000	343.000
937.000	340.000
938.000	347.000
939.000	353.000
940.000	369.000
941.000	396.000
942.000	447.000
943.000	402.000
944.000	486.000
945.000	511.000
946.000	489.000
947.000	540.000
948.000	618.000
949.000	727.000
950.000	693.000
951.000	769.000
952.000	745.000
953.000	758.000
954.000	741.000
955.000	752.000
956.000	728.000
957.000	660.000
958.000	623.000
959.000	539.000
960.000	536.000
961.000	422.000
962.000	391.000
963.000	365.000
964.000	349.000
965.000	315.000
966.000	270.000
967.000	290.000
968.000	283.000
969.000	258.000
970.000	275.000
971.000	262.000
972.000	240.000
973.000	304.000
974.000	273.000
975.000	275.000
976.000	295.000
977.000	308.000
978.000	258.000
979.000	289.000
980.000	303.000
981.000	286.000
982.000	291.000
983.000	291.000
984.000	329.000
985.000	322.000
986.000	327.000
987.000	347.000
988.000	335.000
989.000	364.000
990.000	307.000
991.000	346.000
992.000	388.000
993.000	333.000
994.000	381.000
995.000	385.000
996.000	377.000
997.000	408.000
998.000	410.000
999.000	422.000
1000.000	420.000
1001.000	415.000
1002.000	436.000
1003.000	421.000
1004.000	454.000
1005.000	407.000
1006.000	432.000
1007.000	395.000
1008.000	430.000
1009.000	418.000
1010.000	359.000
1011.000	367.000
1012.000	350.000
1013.000	370.000
1014.000	349.000
1015.000	373.000
1016.000	308.000
1017.000	307.000
1018.000	326.000
1019.000	308.000
1020.000	312.000
1021.000	291.000
1022.000	260.000
1023.000	252.000
1024.000	255.000
