Date:	8/19/2008		Time:	9:49 AM		Version no:	0.00		Project name:	55		Sample name:	222		Section name:	section		Position	782.039995	mm	E0	0.000000	keV	E1	1.000000	keV/channel	sample surface	7.792906	cm	Tube anode:	Mo		Tube voltage:	30	kV	Tube current:	50	mA	gain	20		std. database			resultfile	result		matrix element	11		sample thickness	1.000000		air passage	0.560000	cm	comments	not in position		peaking_time	3.000000	m-sec	trigger_threshold	1229.166667	V	mca_bin_width	22.090000	no:	number_mca_channels	1024.000000	no:	gap_time	0.400000	m-sec	trigger_peaking_time	0.150000	m-sec	GAINDAC	9455		HIGHGAIN	1		TAURC	0		RCTAU	53		RCTAUFRAC	32768		livetime	9.718806	seconds	runtime	10.000502	seconds	input_count_rate	27.630247	cps	output_count_rate	21.243733	cps	triggers	268533	seconds	events_in_run	212448	seconds	channel	content		1.000	0.000
2.000	0.000
3.000	0.000
4.000	0.000
5.000	0.000
6.000	0.000
7.000	0.000
8.000	0.000
9.000	0.000
10.000	0.000
11.000	0.000
12.000	0.000
13.000	0.000
14.000	0.000
15.000	0.000
16.000	0.000
17.000	0.000
18.000	0.000
19.000	0.000
20.000	0.000
21.000	0.000
22.000	0.000
23.000	0.000
24.000	0.000
25.000	0.000
26.000	0.000
27.000	0.000
28.000	0.000
29.000	0.000
30.000	0.000
31.000	0.000
32.000	1.000
33.000	1.000
34.000	0.000
35.000	0.000
36.000	1.000
37.000	0.000
38.000	0.000
39.000	5.000
40.000	3.000
41.000	2.000
42.000	2.000
43.000	4.000
44.000	4.000
45.000	7.000
46.000	7.000
47.000	7.000
48.000	6.000
49.000	9.000
50.000	12.000
51.000	8.000
52.000	9.000
53.000	9.000
54.000	10.000
55.000	9.000
56.000	7.000
57.000	8.000
58.000	10.000
59.000	13.000
60.000	6.000
61.000	7.000
62.000	11.000
63.000	11.000
64.000	13.000
65.000	10.000
66.000	11.000
67.000	15.000
68.000	20.000
69.000	10.000
70.000	6.000
71.000	7.000
72.000	9.000
73.000	12.000
74.000	7.000
75.000	6.000
76.000	7.000
77.000	8.000
78.000	4.000
79.000	7.000
80.000	6.000
81.000	11.000
82.000	8.000
83.000	10.000
84.000	12.000
85.000	8.000
86.000	6.000
87.000	6.000
88.000	7.000
89.000	7.000
90.000	7.000
91.000	5.000
92.000	11.000
93.000	7.000
94.000	5.000
95.000	13.000
96.000	4.000
97.000	9.000
98.000	9.000
99.000	11.000
100.000	6.000
101.000	11.000
102.000	7.000
103.000	8.000
104.000	4.000
105.000	5.000
106.000	4.000
107.000	7.000
108.000	7.000
109.000	6.000
110.000	10.000
111.000	6.000
112.000	6.000
113.000	11.000
114.000	9.000
115.000	6.000
116.000	6.000
117.000	8.000
118.000	8.000
119.000	11.000
120.000	8.000
121.000	5.000
122.000	8.000
123.000	4.000
124.000	7.000
125.000	10.000
126.000	9.000
127.000	6.000
128.000	9.000
129.000	10.000
130.000	8.000
131.000	11.000
132.000	18.000
133.000	12.000
134.000	5.000
135.000	3.000
136.000	5.000
137.000	5.000
138.000	5.000
139.000	2.000
140.000	3.000
141.000	4.000
142.000	1.000
143.000	5.000
144.000	4.000
145.000	2.000
146.000	3.000
147.000	4.000
148.000	6.000
149.000	5.000
150.000	2.000
151.000	5.000
152.000	4.000
153.000	3.000
154.000	11.000
155.000	5.000
156.000	2.000
157.000	3.000
158.000	2.000
159.000	5.000
160.000	10.000
161.000	6.000
162.000	6.000
163.000	14.000
164.000	10.000
165.000	9.000
166.000	5.000
167.000	8.000
168.000	1.000
169.000	0.000
170.000	6.000
171.000	6.000
172.000	2.000
173.000	5.000
174.000	2.000
175.000	2.000
176.000	3.000
177.000	10.000
178.000	5.000
179.000	9.000
180.000	17.000
181.000	9.000
182.000	14.000
183.000	16.000
184.000	10.000
185.000	11.000
186.000	7.000
187.000	5.000
188.000	2.000
189.000	2.000
190.000	3.000
191.000	2.000
192.000	5.000
193.000	4.000
194.000	5.000
195.000	6.000
196.000	4.000
197.000	9.000
198.000	17.000
199.000	23.000
200.000	30.000
201.000	32.000
202.000	43.000
203.000	33.000
204.000	34.000
205.000	32.000
206.000	21.000
207.000	23.000
208.000	16.000
209.000	11.000
210.000	6.000
211.000	2.000
212.000	3.000
213.000	9.000
214.000	1.000
215.000	4.000
216.000	4.000
217.000	5.000
218.000	7.000
219.000	8.000
220.000	12.000
221.000	9.000
222.000	8.000
223.000	12.000
224.000	8.000
225.000	5.000
226.000	4.000
227.000	5.000
228.000	3.000
229.000	0.000
230.000	4.000
231.000	4.000
232.000	2.000
233.000	4.000
234.000	2.000
235.000	0.000
236.000	2.000
237.000	3.000
238.000	2.000
239.000	4.000
240.000	3.000
241.000	6.000
242.000	7.000
243.000	1.000
244.000	11.000
245.000	13.000
246.000	16.000
247.000	15.000
248.000	23.000
249.000	25.000
250.000	14.000
251.000	13.000
252.000	14.000
253.000	12.000
254.000	10.000
255.000	4.000
256.000	4.000
257.000	8.000
258.000	6.000
259.000	7.000
260.000	3.000
261.000	5.000
262.000	6.000
263.000	5.000
264.000	10.000
265.000	10.000
266.000	8.000
267.000	4.000
268.000	10.000
269.000	9.000
270.000	10.000
271.000	10.000
272.000	6.000
273.000	5.000
274.000	5.000
275.000	6.000
276.000	5.000
277.000	7.000
278.000	4.000
279.000	6.000
280.000	8.000
281.000	6.000
282.000	4.000
283.000	2.000
284.000	7.000
285.000	3.000
286.000	6.000
287.000	3.000
288.000	9.000
289.000	4.000
290.000	7.000
291.000	10.000
292.000	6.000
293.000	2.000
294.000	7.000
295.000	6.000
296.000	10.000
297.000	6.000
298.000	9.000
299.000	5.000
300.000	7.000
301.000	11.000
302.000	3.000
303.000	9.000
304.000	13.000
305.000	6.000
306.000	10.000
307.000	8.000
308.000	8.000
309.000	8.000
310.000	8.000
311.000	9.000
312.000	7.000
313.000	10.000
314.000	2.000
315.000	12.000
316.000	11.000
317.000	25.000
318.000	33.000
319.000	43.000
320.000	36.000
321.000	56.000
322.000	65.000
323.000	57.000
324.000	41.000
325.000	48.000
326.000	45.000
327.000	33.000
328.000	21.000
329.000	15.000
330.000	22.000
331.000	16.000
332.000	15.000
333.000	11.000
334.000	15.000
335.000	19.000
336.000	12.000
337.000	13.000
338.000	19.000
339.000	24.000
340.000	30.000
341.000	44.000
342.000	73.000
343.000	115.000
344.000	179.000
345.000	321.000
346.000	417.000
347.000	623.000
348.000	805.000
349.000	875.000
350.000	990.000
351.000	966.000
352.000	845.000
353.000	844.000
354.000	632.000
355.000	486.000
356.000	301.000
357.000	217.000
358.000	141.000
359.000	73.000
360.000	45.000
361.000	34.000
362.000	31.000
363.000	16.000
364.000	23.000
365.000	15.000
366.000	16.000
367.000	12.000
368.000	23.000
369.000	26.000
370.000	20.000
371.000	24.000
372.000	28.000
373.000	17.000
374.000	21.000
375.000	22.000
376.000	24.000
377.000	33.000
378.000	37.000
379.000	53.000
380.000	45.000
381.000	62.000
382.000	100.000
383.000	120.000
384.000	182.000
385.000	176.000
386.000	209.000
387.000	160.000
388.000	151.000
389.000	155.000
390.000	104.000
391.000	94.000
392.000	90.000
393.000	62.000
394.000	41.000
395.000	40.000
396.000	20.000
397.000	22.000
398.000	23.000
399.000	13.000
400.000	33.000
401.000	26.000
402.000	25.000
403.000	20.000
404.000	22.000
405.000	20.000
406.000	30.000
407.000	25.000
408.000	24.000
409.000	28.000
410.000	25.000
411.000	28.000
412.000	22.000
413.000	29.000
414.000	32.000
415.000	30.000
416.000	19.000
417.000	23.000
418.000	18.000
419.000	26.000
420.000	24.000
421.000	27.000
422.000	18.000
423.000	33.000
424.000	29.000
425.000	26.000
426.000	19.000
427.000	34.000
428.000	30.000
429.000	30.000
430.000	42.000
431.000	35.000
432.000	37.000
433.000	44.000
434.000	34.000
435.000	41.000
436.000	41.000
437.000	34.000
438.000	34.000
439.000	32.000
440.000	53.000
441.000	50.000
442.000	47.000
443.000	41.000
444.000	38.000
445.000	47.000
446.000	40.000
447.000	39.000
448.000	39.000
449.000	34.000
450.000	49.000
451.000	48.000
452.000	39.000
453.000	63.000
454.000	48.000
455.000	48.000
456.000	54.000
457.000	53.000
458.000	48.000
459.000	52.000
460.000	59.000
461.000	42.000
462.000	62.000
463.000	50.000
464.000	45.000
465.000	42.000
466.000	47.000
467.000	59.000
468.000	58.000
469.000	51.000
470.000	57.000
471.000	63.000
472.000	47.000
473.000	58.000
474.000	56.000
475.000	55.000
476.000	49.000
477.000	50.000
478.000	67.000
479.000	75.000
480.000	46.000
481.000	66.000
482.000	52.000
483.000	36.000
484.000	66.000
485.000	51.000
486.000	69.000
487.000	60.000
488.000	63.000
489.000	53.000
490.000	55.000
491.000	60.000
492.000	73.000
493.000	40.000
494.000	72.000
495.000	75.000
496.000	70.000
497.000	59.000
498.000	60.000
499.000	64.000
500.000	87.000
501.000	64.000
502.000	79.000
503.000	63.000
504.000	62.000
505.000	64.000
506.000	72.000
507.000	71.000
508.000	78.000
509.000	85.000
510.000	82.000
511.000	61.000
512.000	89.000
513.000	77.000
514.000	73.000
515.000	74.000
516.000	93.000
517.000	93.000
518.000	75.000
519.000	82.000
520.000	85.000
521.000	84.000
522.000	89.000
523.000	87.000
524.000	82.000
525.000	91.000
526.000	101.000
527.000	92.000
528.000	85.000
529.000	95.000
530.000	92.000
531.000	93.000
532.000	99.000
533.000	101.000
534.000	87.000
535.000	88.000
536.000	84.000
537.000	103.000
538.000	101.000
539.000	98.000
540.000	109.000
541.000	92.000
542.000	98.000
543.000	103.000
544.000	103.000
545.000	103.000
546.000	100.000
547.000	107.000
548.000	79.000
549.000	105.000
550.000	88.000
551.000	87.000
552.000	110.000
553.000	95.000
554.000	103.000
555.000	96.000
556.000	107.000
557.000	112.000
558.000	114.000
559.000	119.000
560.000	97.000
561.000	94.000
562.000	88.000
563.000	110.000
564.000	100.000
565.000	119.000
566.000	114.000
567.000	93.000
568.000	99.000
569.000	120.000
570.000	115.000
571.000	112.000
572.000	120.000
573.000	113.000
574.000	93.000
575.000	138.000
576.000	126.000
577.000	100.000
578.000	117.000
579.000	138.000
580.000	104.000
581.000	137.000
582.000	108.000
583.000	156.000
584.000	141.000
585.000	132.000
586.000	130.000
587.000	139.000
588.000	122.000
589.000	126.000
590.000	119.000
591.000	134.000
592.000	119.000
593.000	128.000
594.000	111.000
595.000	129.000
596.000	133.000
597.000	135.000
598.000	142.000
599.000	144.000
600.000	139.000
601.000	125.000
602.000	146.000
603.000	155.000
604.000	166.000
605.000	137.000
606.000	127.000
607.000	141.000
608.000	118.000
609.000	152.000
610.000	136.000
611.000	141.000
612.000	131.000
613.000	137.000
614.000	164.000
615.000	133.000
616.000	118.000
617.000	152.000
618.000	136.000
619.000	146.000
620.000	140.000
621.000	162.000
622.000	153.000
623.000	184.000
624.000	165.000
625.000	159.000
626.000	152.000
627.000	171.000
628.000	168.000
629.000	166.000
630.000	158.000
631.000	176.000
632.000	157.000
633.000	155.000
634.000	165.000
635.000	170.000
636.000	146.000
637.000	158.000
638.000	192.000
639.000	161.000
640.000	157.000
641.000	162.000
642.000	187.000
643.000	197.000
644.000	179.000
645.000	179.000
646.000	152.000
647.000	177.000
648.000	165.000
649.000	189.000
650.000	181.000
651.000	191.000
652.000	184.000
653.000	175.000
654.000	196.000
655.000	178.000
656.000	169.000
657.000	221.000
658.000	157.000
659.000	209.000
660.000	188.000
661.000	184.000
662.000	151.000
663.000	171.000
664.000	199.000
665.000	194.000
666.000	174.000
667.000	186.000
668.000	205.000
669.000	225.000
670.000	166.000
671.000	167.000
672.000	178.000
673.000	205.000
674.000	181.000
675.000	196.000
676.000	209.000
677.000	193.000
678.000	211.000
679.000	179.000
680.000	206.000
681.000	203.000
682.000	190.000
683.000	190.000
684.000	197.000
685.000	209.000
686.000	206.000
687.000	213.000
688.000	205.000
689.000	241.000
690.000	196.000
691.000	205.000
692.000	222.000
693.000	216.000
694.000	211.000
695.000	207.000
696.000	204.000
697.000	228.000
698.000	208.000
699.000	206.000
700.000	201.000
701.000	205.000
702.000	217.000
703.000	199.000
704.000	222.000
705.000	206.000
706.000	212.000
707.000	206.000
708.000	218.000
709.000	221.000
710.000	208.000
711.000	232.000
712.000	214.000
713.000	209.000
714.000	232.000
715.000	219.000
716.000	220.000
717.000	232.000
718.000	221.000
719.000	254.000
720.000	242.000
721.000	220.000
722.000	259.000
723.000	240.000
724.000	200.000
725.000	235.000
726.000	246.000
727.000	265.000
728.000	231.000
729.000	225.000
730.000	234.000
731.000	277.000
732.000	229.000
733.000	243.000
734.000	271.000
735.000	233.000
736.000	200.000
737.000	228.000
738.000	239.000
739.000	226.000
740.000	234.000
741.000	253.000
742.000	249.000
743.000	264.000
744.000	251.000
745.000	229.000
746.000	253.000
747.000	226.000
748.000	246.000
749.000	243.000
750.000	240.000
751.000	256.000
752.000	237.000
753.000	270.000
754.000	248.000
755.000	258.000
756.000	243.000
757.000	250.000
758.000	261.000
759.000	230.000
760.000	220.000
761.000	250.000
762.000	283.000
763.000	257.000
764.000	260.000
765.000	237.000
766.000	276.000
767.000	256.000
768.000	243.000
769.000	278.000
770.000	318.000
771.000	287.000
772.000	304.000
773.000	343.000
774.000	287.000
775.000	333.000
776.000	266.000
777.000	278.000
778.000	270.000
779.000	283.000
780.000	265.000
781.000	263.000
782.000	272.000
783.000	251.000
784.000	242.000
785.000	281.000
786.000	261.000
787.000	257.000
788.000	304.000
789.000	285.000
790.000	255.000
791.000	264.000
792.000	257.000
793.000	233.000
794.000	263.000
795.000	257.000
796.000	254.000
797.000	274.000
798.000	262.000
799.000	318.000
800.000	288.000
801.000	283.000
802.000	268.000
803.000	271.000
804.000	276.000
805.000	250.000
806.000	283.000
807.000	275.000
808.000	257.000
809.000	245.000
810.000	288.000
811.000	286.000
812.000	278.000
813.000	272.000
814.000	286.000
815.000	245.000
816.000	237.000
817.000	308.000
818.000	318.000
819.000	299.000
820.000	295.000
821.000	277.000
822.000	284.000
823.000	274.000
824.000	288.000
825.000	270.000
826.000	275.000
827.000	298.000
828.000	284.000
829.000	299.000
830.000	280.000
831.000	307.000
832.000	301.000
833.000	300.000
834.000	243.000
835.000	270.000
836.000	277.000
837.000	281.000
838.000	294.000
839.000	320.000
840.000	302.000
841.000	275.000
842.000	272.000
843.000	301.000
844.000	319.000
845.000	313.000
846.000	325.000
847.000	307.000
848.000	330.000
849.000	276.000
850.000	327.000
851.000	306.000
852.000	299.000
853.000	288.000
854.000	300.000
855.000	341.000
856.000	380.000
857.000	350.000
858.000	339.000
859.000	367.000
860.000	360.000
861.000	340.000
862.000	353.000
863.000	376.000
864.000	391.000
865.000	381.000
866.000	358.000
867.000	363.000
868.000	390.000
869.000	393.000
870.000	429.000
871.000	407.000
872.000	432.000
873.000	431.000
874.000	439.000
875.000	493.000
876.000	469.000
877.000	511.000
878.000	545.000
879.000	573.000
880.000	572.000
881.000	602.000
882.000	618.000
883.000	691.000
884.000	753.000
885.000	735.000
886.000	801.000
887.000	912.000
888.000	912.000
889.000	1044.000
890.000	1051.000
891.000	1079.000
892.000	1153.000
893.000	1257.000
894.000	1204.000
895.000	1292.000
896.000	1321.000
897.000	1375.000
898.000	1454.000
899.000	1404.000
900.000	1395.000
901.000	1382.000
902.000	1412.000
903.000	1359.000
904.000	1327.000
905.000	1309.000
906.000	1226.000
907.000	1238.000
908.000	1195.000
909.000	1171.000
910.000	1096.000
911.000	1061.000
912.000	978.000
913.000	856.000
914.000	861.000
915.000	866.000
916.000	755.000
917.000	716.000
918.000	682.000
919.000	651.000
920.000	606.000
921.000	596.000
922.000	555.000
923.000	497.000
924.000	508.000
925.000	447.000
926.000	432.000
927.000	416.000
928.000	372.000
929.000	374.000
930.000	342.000
931.000	323.000
932.000	372.000
933.000	323.000
934.000	333.000
935.000	348.000
936.000	331.000
937.000	333.000
938.000	334.000
939.000	366.000
940.000	360.000
941.000	342.000
942.000	376.000
943.000	412.000
944.000	425.000
945.000	457.000
946.000	541.000
947.000	544.000
948.000	602.000
949.000	643.000
950.000	668.000
951.000	743.000
952.000	764.000
953.000	750.000
954.000	717.000
955.000	746.000
956.000	717.000
957.000	684.000
958.000	646.000
959.000	565.000
960.000	485.000
961.000	458.000
962.000	465.000
963.000	382.000
964.000	360.000
965.000	316.000
966.000	303.000
967.000	262.000
968.000	290.000
969.000	277.000
970.000	246.000
971.000	279.000
972.000	269.000
973.000	260.000
974.000	240.000
975.000	246.000
976.000	251.000
977.000	280.000
978.000	274.000
979.000	292.000
980.000	268.000
981.000	271.000
982.000	259.000
983.000	298.000
984.000	289.000
985.000	297.000
986.000	274.000
987.000	294.000
988.000	315.000
989.000	288.000
990.000	362.000
991.000	328.000
992.000	340.000
993.000	321.000
994.000	382.000
995.000	374.000
996.000	392.000
997.000	334.000
998.000	362.000
999.000	396.000
1000.000	379.000
1001.000	414.000
1002.000	387.000
1003.000	398.000
1004.000	405.000
1005.000	450.000
1006.000	419.000
1007.000	361.000
1008.000	388.000
1009.000	366.000
1010.000	361.000
1011.000	343.000
1012.000	367.000
1013.000	328.000
1014.000	360.000
1015.000	322.000
1016.000	387.000
1017.000	347.000
1018.000	316.000
1019.000	296.000
1020.000	283.000
1021.000	291.000
1022.000	264.000
1023.000	284.000
1024.000	243.000
