Date:	8/19/2008		Time:	9:36 AM		Version no:	0.00		Project name:	55		Sample name:	222		Section name:	section		Position	652.039995	mm	E0	0.000000	keV	E1	1.000000	keV/channel	sample surface	7.614021	cm	Tube anode:	Mo		Tube voltage:	30	kV	Tube current:	50	mA	gain	20		std. database			resultfile	result		matrix element	11		sample thickness	1.000000		air passage	0.560000	cm	comments	not in position		peaking_time	3.000000	m-sec	trigger_threshold	1229.166667	V	mca_bin_width	22.090000	no:	number_mca_channels	1024.000000	no:	gap_time	0.400000	m-sec	trigger_peaking_time	0.150000	m-sec	GAINDAC	9455		HIGHGAIN	1		TAURC	0		RCTAU	53		RCTAUFRAC	32768		livetime	9.711478	seconds	runtime	10.000502	seconds	input_count_rate	27.027195	cps	output_count_rate	20.850654	cps	triggers	262474	seconds	events_in_run	208517	seconds	channel	content		1.000	0.000
2.000	0.000
3.000	0.000
4.000	0.000
5.000	0.000
6.000	0.000
7.000	0.000
8.000	0.000
9.000	0.000
10.000	0.000
11.000	0.000
12.000	0.000
13.000	0.000
14.000	0.000
15.000	0.000
16.000	0.000
17.000	0.000
18.000	0.000
19.000	0.000
20.000	0.000
21.000	0.000
22.000	0.000
23.000	0.000
24.000	0.000
25.000	0.000
26.000	0.000
27.000	0.000
28.000	0.000
29.000	0.000
30.000	0.000
31.000	0.000
32.000	0.000
33.000	0.000
34.000	1.000
35.000	1.000
36.000	1.000
37.000	2.000
38.000	2.000
39.000	6.000
40.000	2.000
41.000	2.000
42.000	3.000
43.000	6.000
44.000	7.000
45.000	5.000
46.000	8.000
47.000	9.000
48.000	6.000
49.000	12.000
50.000	2.000
51.000	14.000
52.000	7.000
53.000	12.000
54.000	15.000
55.000	3.000
56.000	12.000
57.000	9.000
58.000	9.000
59.000	9.000
60.000	4.000
61.000	17.000
62.000	15.000
63.000	16.000
64.000	12.000
65.000	8.000
66.000	14.000
67.000	8.000
68.000	7.000
69.000	13.000
70.000	14.000
71.000	9.000
72.000	12.000
73.000	15.000
74.000	11.000
75.000	6.000
76.000	5.000
77.000	8.000
78.000	9.000
79.000	13.000
80.000	5.000
81.000	5.000
82.000	15.000
83.000	15.000
84.000	6.000
85.000	11.000
86.000	4.000
87.000	9.000
88.000	8.000
89.000	5.000
90.000	10.000
91.000	8.000
92.000	14.000
93.000	6.000
94.000	13.000
95.000	10.000
96.000	9.000
97.000	9.000
98.000	9.000
99.000	11.000
100.000	5.000
101.000	9.000
102.000	8.000
103.000	11.000
104.000	6.000
105.000	9.000
106.000	9.000
107.000	4.000
108.000	5.000
109.000	9.000
110.000	12.000
111.000	4.000
112.000	4.000
113.000	8.000
114.000	7.000
115.000	8.000
116.000	4.000
117.000	3.000
118.000	4.000
119.000	8.000
120.000	3.000
121.000	12.000
122.000	8.000
123.000	10.000
124.000	6.000
125.000	5.000
126.000	11.000
127.000	7.000
128.000	11.000
129.000	9.000
130.000	5.000
131.000	5.000
132.000	5.000
133.000	3.000
134.000	6.000
135.000	8.000
136.000	10.000
137.000	8.000
138.000	8.000
139.000	9.000
140.000	2.000
141.000	5.000
142.000	4.000
143.000	5.000
144.000	6.000
145.000	8.000
146.000	10.000
147.000	6.000
148.000	8.000
149.000	2.000
150.000	8.000
151.000	2.000
152.000	6.000
153.000	4.000
154.000	11.000
155.000	8.000
156.000	2.000
157.000	10.000
158.000	4.000
159.000	4.000
160.000	9.000
161.000	16.000
162.000	6.000
163.000	17.000
164.000	12.000
165.000	13.000
166.000	6.000
167.000	1.000
168.000	5.000
169.000	4.000
170.000	1.000
171.000	7.000
172.000	3.000
173.000	9.000
174.000	2.000
175.000	5.000
176.000	2.000
177.000	4.000
178.000	4.000
179.000	3.000
180.000	6.000
181.000	4.000
182.000	7.000
183.000	7.000
184.000	7.000
185.000	2.000
186.000	7.000
187.000	6.000
188.000	4.000
189.000	6.000
190.000	2.000
191.000	4.000
192.000	5.000
193.000	2.000
194.000	4.000
195.000	8.000
196.000	5.000
197.000	5.000
198.000	6.000
199.000	8.000
200.000	10.000
201.000	10.000
202.000	11.000
203.000	14.000
204.000	14.000
205.000	15.000
206.000	17.000
207.000	8.000
208.000	8.000
209.000	4.000
210.000	3.000
211.000	3.000
212.000	2.000
213.000	3.000
214.000	2.000
215.000	5.000
216.000	5.000
217.000	2.000
218.000	6.000
219.000	5.000
220.000	2.000
221.000	5.000
222.000	3.000
223.000	2.000
224.000	2.000
225.000	3.000
226.000	2.000
227.000	1.000
228.000	2.000
229.000	1.000
230.000	6.000
231.000	1.000
232.000	1.000
233.000	2.000
234.000	5.000
235.000	3.000
236.000	2.000
237.000	4.000
238.000	6.000
239.000	1.000
240.000	4.000
241.000	6.000
242.000	3.000
243.000	5.000
244.000	6.000
245.000	5.000
246.000	6.000
247.000	9.000
248.000	1.000
249.000	6.000
250.000	2.000
251.000	4.000
252.000	5.000
253.000	4.000
254.000	4.000
255.000	2.000
256.000	6.000
257.000	2.000
258.000	8.000
259.000	4.000
260.000	5.000
261.000	2.000
262.000	2.000
263.000	4.000
264.000	3.000
265.000	2.000
266.000	8.000
267.000	5.000
268.000	6.000
269.000	3.000
270.000	4.000
271.000	7.000
272.000	3.000
273.000	1.000
274.000	3.000
275.000	3.000
276.000	2.000
277.000	4.000
278.000	6.000
279.000	1.000
280.000	4.000
281.000	3.000
282.000	6.000
283.000	3.000
284.000	4.000
285.000	1.000
286.000	5.000
287.000	3.000
288.000	5.000
289.000	4.000
290.000	4.000
291.000	5.000
292.000	4.000
293.000	5.000
294.000	4.000
295.000	5.000
296.000	5.000
297.000	3.000
298.000	4.000
299.000	6.000
300.000	5.000
301.000	3.000
302.000	4.000
303.000	6.000
304.000	3.000
305.000	3.000
306.000	6.000
307.000	7.000
308.000	2.000
309.000	3.000
310.000	3.000
311.000	7.000
312.000	4.000
313.000	7.000
314.000	5.000
315.000	3.000
316.000	8.000
317.000	13.000
318.000	8.000
319.000	27.000
320.000	18.000
321.000	26.000
322.000	38.000
323.000	26.000
324.000	34.000
325.000	23.000
326.000	29.000
327.000	19.000
328.000	22.000
329.000	12.000
330.000	10.000
331.000	9.000
332.000	9.000
333.000	9.000
334.000	4.000
335.000	7.000
336.000	10.000
337.000	14.000
338.000	4.000
339.000	13.000
340.000	8.000
341.000	17.000
342.000	29.000
343.000	46.000
344.000	71.000
345.000	102.000
346.000	155.000
347.000	204.000
348.000	279.000
349.000	328.000
350.000	351.000
351.000	367.000
352.000	326.000
353.000	284.000
354.000	235.000
355.000	174.000
356.000	109.000
357.000	86.000
358.000	50.000
359.000	34.000
360.000	25.000
361.000	15.000
362.000	5.000
363.000	8.000
364.000	16.000
365.000	9.000
366.000	9.000
367.000	10.000
368.000	10.000
369.000	14.000
370.000	10.000
371.000	18.000
372.000	10.000
373.000	15.000
374.000	17.000
375.000	12.000
376.000	13.000
377.000	20.000
378.000	15.000
379.000	20.000
380.000	33.000
381.000	44.000
382.000	42.000
383.000	42.000
384.000	50.000
385.000	82.000
386.000	70.000
387.000	72.000
388.000	57.000
389.000	57.000
390.000	43.000
391.000	31.000
392.000	36.000
393.000	30.000
394.000	14.000
395.000	15.000
396.000	11.000
397.000	21.000
398.000	18.000
399.000	12.000
400.000	19.000
401.000	12.000
402.000	15.000
403.000	16.000
404.000	15.000
405.000	13.000
406.000	12.000
407.000	12.000
408.000	11.000
409.000	12.000
410.000	14.000
411.000	12.000
412.000	15.000
413.000	22.000
414.000	13.000
415.000	11.000
416.000	17.000
417.000	10.000
418.000	16.000
419.000	17.000
420.000	11.000
421.000	20.000
422.000	19.000
423.000	19.000
424.000	15.000
425.000	12.000
426.000	22.000
427.000	17.000
428.000	25.000
429.000	25.000
430.000	16.000
431.000	25.000
432.000	15.000
433.000	28.000
434.000	28.000
435.000	17.000
436.000	17.000
437.000	25.000
438.000	21.000
439.000	20.000
440.000	16.000
441.000	27.000
442.000	35.000
443.000	25.000
444.000	31.000
445.000	22.000
446.000	20.000
447.000	32.000
448.000	28.000
449.000	18.000
450.000	32.000
451.000	28.000
452.000	24.000
453.000	28.000
454.000	16.000
455.000	34.000
456.000	30.000
457.000	25.000
458.000	24.000
459.000	34.000
460.000	26.000
461.000	35.000
462.000	34.000
463.000	29.000
464.000	39.000
465.000	41.000
466.000	28.000
467.000	31.000
468.000	37.000
469.000	25.000
470.000	36.000
471.000	31.000
472.000	47.000
473.000	43.000
474.000	36.000
475.000	30.000
476.000	44.000
477.000	32.000
478.000	31.000
479.000	38.000
480.000	35.000
481.000	34.000
482.000	38.000
483.000	26.000
484.000	37.000
485.000	38.000
486.000	39.000
487.000	40.000
488.000	38.000
489.000	43.000
490.000	46.000
491.000	36.000
492.000	38.000
493.000	43.000
494.000	45.000
495.000	55.000
496.000	38.000
497.000	34.000
498.000	50.000
499.000	37.000
500.000	40.000
501.000	35.000
502.000	39.000
503.000	50.000
504.000	46.000
505.000	39.000
506.000	54.000
507.000	52.000
508.000	50.000
509.000	54.000
510.000	39.000
511.000	52.000
512.000	42.000
513.000	54.000
514.000	53.000
515.000	58.000
516.000	56.000
517.000	62.000
518.000	50.000
519.000	47.000
520.000	65.000
521.000	57.000
522.000	58.000
523.000	58.000
524.000	54.000
525.000	59.000
526.000	58.000
527.000	62.000
528.000	73.000
529.000	62.000
530.000	58.000
531.000	68.000
532.000	68.000
533.000	57.000
534.000	77.000
535.000	85.000
536.000	58.000
537.000	64.000
538.000	64.000
539.000	69.000
540.000	63.000
541.000	69.000
542.000	62.000
543.000	63.000
544.000	74.000
545.000	71.000
546.000	60.000
547.000	73.000
548.000	67.000
549.000	59.000
550.000	66.000
551.000	61.000
552.000	46.000
553.000	72.000
554.000	80.000
555.000	85.000
556.000	74.000
557.000	86.000
558.000	77.000
559.000	67.000
560.000	86.000
561.000	84.000
562.000	69.000
563.000	76.000
564.000	81.000
565.000	89.000
566.000	88.000
567.000	75.000
568.000	85.000
569.000	100.000
570.000	93.000
571.000	79.000
572.000	86.000
573.000	82.000
574.000	89.000
575.000	90.000
576.000	95.000
577.000	89.000
578.000	96.000
579.000	89.000
580.000	93.000
581.000	97.000
582.000	97.000
583.000	102.000
584.000	97.000
585.000	104.000
586.000	120.000
587.000	75.000
588.000	95.000
589.000	95.000
590.000	101.000
591.000	107.000
592.000	103.000
593.000	98.000
594.000	92.000
595.000	93.000
596.000	113.000
597.000	104.000
598.000	114.000
599.000	95.000
600.000	92.000
601.000	125.000
602.000	108.000
603.000	109.000
604.000	77.000
605.000	128.000
606.000	134.000
607.000	110.000
608.000	107.000
609.000	107.000
610.000	113.000
611.000	110.000
612.000	120.000
613.000	126.000
614.000	115.000
615.000	110.000
616.000	138.000
617.000	114.000
618.000	115.000
619.000	115.000
620.000	122.000
621.000	126.000
622.000	142.000
623.000	155.000
624.000	134.000
625.000	122.000
626.000	161.000
627.000	129.000
628.000	138.000
629.000	151.000
630.000	121.000
631.000	136.000
632.000	148.000
633.000	124.000
634.000	136.000
635.000	141.000
636.000	126.000
637.000	138.000
638.000	155.000
639.000	135.000
640.000	158.000
641.000	154.000
642.000	167.000
643.000	168.000
644.000	171.000
645.000	174.000
646.000	135.000
647.000	186.000
648.000	172.000
649.000	155.000
650.000	172.000
651.000	172.000
652.000	163.000
653.000	127.000
654.000	197.000
655.000	172.000
656.000	177.000
657.000	161.000
658.000	159.000
659.000	159.000
660.000	143.000
661.000	163.000
662.000	142.000
663.000	158.000
664.000	191.000
665.000	187.000
666.000	173.000
667.000	176.000
668.000	184.000
669.000	188.000
670.000	172.000
671.000	171.000
672.000	164.000
673.000	149.000
674.000	162.000
675.000	201.000
676.000	173.000
677.000	181.000
678.000	167.000
679.000	186.000
680.000	173.000
681.000	180.000
682.000	196.000
683.000	172.000
684.000	184.000
685.000	167.000
686.000	175.000
687.000	219.000
688.000	183.000
689.000	168.000
690.000	210.000
691.000	190.000
692.000	186.000
693.000	185.000
694.000	191.000
695.000	182.000
696.000	214.000
697.000	208.000
698.000	190.000
699.000	207.000
700.000	202.000
701.000	169.000
702.000	201.000
703.000	216.000
704.000	200.000
705.000	215.000
706.000	219.000
707.000	203.000
708.000	211.000
709.000	218.000
710.000	219.000
711.000	202.000
712.000	229.000
713.000	236.000
714.000	209.000
715.000	223.000
716.000	234.000
717.000	211.000
718.000	219.000
719.000	224.000
720.000	220.000
721.000	220.000
722.000	210.000
723.000	216.000
724.000	238.000
725.000	214.000
726.000	219.000
727.000	233.000
728.000	212.000
729.000	240.000
730.000	212.000
731.000	216.000
732.000	223.000
733.000	223.000
734.000	257.000
735.000	232.000
736.000	202.000
737.000	207.000
738.000	211.000
739.000	202.000
740.000	246.000
741.000	219.000
742.000	199.000
743.000	261.000
744.000	221.000
745.000	244.000
746.000	247.000
747.000	249.000
748.000	208.000
749.000	249.000
750.000	242.000
751.000	238.000
752.000	234.000
753.000	242.000
754.000	245.000
755.000	245.000
756.000	230.000
757.000	232.000
758.000	243.000
759.000	232.000
760.000	240.000
761.000	265.000
762.000	234.000
763.000	257.000
764.000	242.000
765.000	265.000
766.000	266.000
767.000	253.000
768.000	280.000
769.000	260.000
770.000	261.000
771.000	241.000
772.000	308.000
773.000	254.000
774.000	280.000
775.000	273.000
776.000	301.000
777.000	274.000
778.000	280.000
779.000	253.000
780.000	284.000
781.000	253.000
782.000	263.000
783.000	244.000
784.000	297.000
785.000	281.000
786.000	246.000
787.000	249.000
788.000	284.000
789.000	259.000
790.000	256.000
791.000	268.000
792.000	278.000
793.000	264.000
794.000	263.000
795.000	284.000
796.000	263.000
797.000	266.000
798.000	269.000
799.000	285.000
800.000	288.000
801.000	268.000
802.000	252.000
803.000	268.000
804.000	300.000
805.000	302.000
806.000	276.000
807.000	269.000
808.000	270.000
809.000	298.000
810.000	310.000
811.000	272.000
812.000	271.000
813.000	295.000
814.000	302.000
815.000	276.000
816.000	301.000
817.000	289.000
818.000	281.000
819.000	283.000
820.000	288.000
821.000	295.000
822.000	273.000
823.000	295.000
824.000	312.000
825.000	291.000
826.000	293.000
827.000	295.000
828.000	316.000
829.000	293.000
830.000	304.000
831.000	294.000
832.000	309.000
833.000	293.000
834.000	327.000
835.000	299.000
836.000	327.000
837.000	287.000
838.000	321.000
839.000	327.000
840.000	340.000
841.000	330.000
842.000	308.000
843.000	351.000
844.000	337.000
845.000	326.000
846.000	323.000
847.000	322.000
848.000	325.000
849.000	297.000
850.000	309.000
851.000	356.000
852.000	357.000
853.000	323.000
854.000	347.000
855.000	353.000
856.000	317.000
857.000	393.000
858.000	405.000
859.000	396.000
860.000	380.000
861.000	395.000
862.000	364.000
863.000	389.000
864.000	385.000
865.000	435.000
866.000	415.000
867.000	409.000
868.000	423.000
869.000	424.000
870.000	487.000
871.000	455.000
872.000	479.000
873.000	463.000
874.000	509.000
875.000	506.000
876.000	532.000
877.000	549.000
878.000	564.000
879.000	617.000
880.000	631.000
881.000	652.000
882.000	734.000
883.000	750.000
884.000	792.000
885.000	817.000
886.000	943.000
887.000	941.000
888.000	1021.000
889.000	1064.000
890.000	1098.000
891.000	1247.000
892.000	1275.000
893.000	1303.000
894.000	1348.000
895.000	1362.000
896.000	1479.000
897.000	1453.000
898.000	1392.000
899.000	1543.000
900.000	1540.000
901.000	1511.000
902.000	1447.000
903.000	1423.000
904.000	1457.000
905.000	1440.000
906.000	1317.000
907.000	1296.000
908.000	1268.000
909.000	1234.000
910.000	1160.000
911.000	1097.000
912.000	993.000
913.000	933.000
914.000	949.000
915.000	917.000
916.000	829.000
917.000	804.000
918.000	845.000
919.000	721.000
920.000	628.000
921.000	642.000
922.000	592.000
923.000	567.000
924.000	555.000
925.000	476.000
926.000	481.000
927.000	433.000
928.000	420.000
929.000	419.000
930.000	409.000
931.000	391.000
932.000	385.000
933.000	359.000
934.000	378.000
935.000	353.000
936.000	349.000
937.000	372.000
938.000	389.000
939.000	396.000
940.000	395.000
941.000	408.000
942.000	402.000
943.000	396.000
944.000	447.000
945.000	536.000
946.000	556.000
947.000	603.000
948.000	641.000
949.000	654.000
950.000	726.000
951.000	813.000
952.000	803.000
953.000	858.000
954.000	785.000
955.000	773.000
956.000	688.000
957.000	691.000
958.000	656.000
959.000	606.000
960.000	581.000
961.000	482.000
962.000	467.000
963.000	437.000
964.000	379.000
965.000	307.000
966.000	289.000
967.000	311.000
968.000	321.000
969.000	318.000
970.000	300.000
971.000	262.000
972.000	315.000
973.000	263.000
974.000	270.000
975.000	279.000
976.000	310.000
977.000	306.000
978.000	315.000
979.000	324.000
980.000	323.000
981.000	316.000
982.000	293.000
983.000	290.000
984.000	309.000
985.000	315.000
986.000	357.000
987.000	347.000
988.000	330.000
989.000	348.000
990.000	363.000
991.000	371.000
992.000	408.000
993.000	422.000
994.000	362.000
995.000	434.000
996.000	399.000
997.000	409.000
998.000	473.000
999.000	458.000
1000.000	405.000
1001.000	437.000
1002.000	471.000
1003.000	450.000
1004.000	421.000
1005.000	426.000
1006.000	444.000
1007.000	439.000
1008.000	439.000
1009.000	404.000
1010.000	428.000
1011.000	435.000
1012.000	375.000
1013.000	408.000
1014.000	386.000
1015.000	395.000
1016.000	349.000
1017.000	359.000
1018.000	359.000
1019.000	311.000
1020.000	326.000
1021.000	331.000
1022.000	314.000
1023.000	287.000
1024.000	274.000
