Date:	8/19/2008		Time:	9:09 AM		Version no:	0.00		Project name:	55		Sample name:	222		Section name:	section		Position	358.039995	mm	E0	0.000000	keV	E1	1.000000	keV/channel	sample surface	7.483318	cm	Tube anode:	Mo		Tube voltage:	30	kV	Tube current:	50	mA	gain	20		std. database			resultfile	result		matrix element	11		sample thickness	1.000000		air passage	0.560000	cm	comments	not in position		peaking_time	3.000000	m-sec	trigger_threshold	1229.166667	V	mca_bin_width	22.090000	no:	number_mca_channels	1024.000000	no:	gap_time	0.400000	m-sec	trigger_peaking_time	0.150000	m-sec	GAINDAC	9455		HIGHGAIN	1		TAURC	0		RCTAU	53		RCTAUFRAC	32768		livetime	9.699091	seconds	runtime	10.000502	seconds	input_count_rate	28.625156	cps	output_count_rate	21.782307	cps	triggers	277638	seconds	events_in_run	217834	seconds	channel	content		1.000	0.000
2.000	0.000
3.000	0.000
4.000	0.000
5.000	0.000
6.000	0.000
7.000	0.000
8.000	0.000
9.000	0.000
10.000	0.000
11.000	0.000
12.000	0.000
13.000	0.000
14.000	0.000
15.000	0.000
16.000	0.000
17.000	0.000
18.000	0.000
19.000	0.000
20.000	0.000
21.000	0.000
22.000	0.000
23.000	0.000
24.000	0.000
25.000	0.000
26.000	0.000
27.000	0.000
28.000	0.000
29.000	0.000
30.000	0.000
31.000	2.000
32.000	0.000
33.000	0.000
34.000	0.000
35.000	0.000
36.000	2.000
37.000	3.000
38.000	4.000
39.000	4.000
40.000	1.000
41.000	2.000
42.000	0.000
43.000	4.000
44.000	7.000
45.000	0.000
46.000	4.000
47.000	7.000
48.000	8.000
49.000	4.000
50.000	12.000
51.000	7.000
52.000	8.000
53.000	9.000
54.000	11.000
55.000	9.000
56.000	9.000
57.000	5.000
58.000	12.000
59.000	8.000
60.000	5.000
61.000	9.000
62.000	11.000
63.000	17.000
64.000	6.000
65.000	9.000
66.000	3.000
67.000	9.000
68.000	11.000
69.000	7.000
70.000	15.000
71.000	4.000
72.000	8.000
73.000	17.000
74.000	9.000
75.000	6.000
76.000	9.000
77.000	15.000
78.000	10.000
79.000	10.000
80.000	10.000
81.000	7.000
82.000	13.000
83.000	9.000
84.000	9.000
85.000	9.000
86.000	10.000
87.000	7.000
88.000	13.000
89.000	8.000
90.000	4.000
91.000	8.000
92.000	7.000
93.000	7.000
94.000	12.000
95.000	9.000
96.000	4.000
97.000	7.000
98.000	10.000
99.000	9.000
100.000	12.000
101.000	7.000
102.000	11.000
103.000	15.000
104.000	12.000
105.000	6.000
106.000	5.000
107.000	7.000
108.000	13.000
109.000	7.000
110.000	5.000
111.000	7.000
112.000	6.000
113.000	3.000
114.000	15.000
115.000	4.000
116.000	3.000
117.000	4.000
118.000	2.000
119.000	5.000
120.000	10.000
121.000	4.000
122.000	9.000
123.000	11.000
124.000	7.000
125.000	13.000
126.000	8.000
127.000	7.000
128.000	3.000
129.000	8.000
130.000	9.000
131.000	4.000
132.000	9.000
133.000	10.000
134.000	9.000
135.000	8.000
136.000	8.000
137.000	2.000
138.000	9.000
139.000	5.000
140.000	6.000
141.000	5.000
142.000	4.000
143.000	5.000
144.000	2.000
145.000	4.000
146.000	2.000
147.000	5.000
148.000	4.000
149.000	10.000
150.000	3.000
151.000	6.000
152.000	8.000
153.000	6.000
154.000	2.000
155.000	6.000
156.000	5.000
157.000	2.000
158.000	7.000
159.000	5.000
160.000	5.000
161.000	9.000
162.000	8.000
163.000	11.000
164.000	14.000
165.000	12.000
166.000	4.000
167.000	4.000
168.000	4.000
169.000	3.000
170.000	4.000
171.000	3.000
172.000	7.000
173.000	5.000
174.000	7.000
175.000	3.000
176.000	7.000
177.000	7.000
178.000	5.000
179.000	4.000
180.000	4.000
181.000	10.000
182.000	11.000
183.000	5.000
184.000	4.000
185.000	13.000
186.000	4.000
187.000	3.000
188.000	7.000
189.000	3.000
190.000	5.000
191.000	5.000
192.000	4.000
193.000	4.000
194.000	4.000
195.000	1.000
196.000	2.000
197.000	13.000
198.000	9.000
199.000	14.000
200.000	27.000
201.000	27.000
202.000	23.000
203.000	25.000
204.000	22.000
205.000	22.000
206.000	16.000
207.000	14.000
208.000	9.000
209.000	6.000
210.000	2.000
211.000	4.000
212.000	5.000
213.000	3.000
214.000	3.000
215.000	3.000
216.000	8.000
217.000	5.000
218.000	6.000
219.000	5.000
220.000	7.000
221.000	10.000
222.000	3.000
223.000	5.000
224.000	1.000
225.000	0.000
226.000	5.000
227.000	3.000
228.000	1.000
229.000	6.000
230.000	5.000
231.000	2.000
232.000	6.000
233.000	0.000
234.000	4.000
235.000	3.000
236.000	3.000
237.000	4.000
238.000	1.000
239.000	0.000
240.000	3.000
241.000	3.000
242.000	4.000
243.000	9.000
244.000	4.000
245.000	10.000
246.000	12.000
247.000	12.000
248.000	6.000
249.000	13.000
250.000	6.000
251.000	11.000
252.000	12.000
253.000	5.000
254.000	3.000
255.000	2.000
256.000	8.000
257.000	12.000
258.000	6.000
259.000	7.000
260.000	4.000
261.000	4.000
262.000	4.000
263.000	9.000
264.000	7.000
265.000	4.000
266.000	8.000
267.000	4.000
268.000	6.000
269.000	6.000
270.000	6.000
271.000	5.000
272.000	7.000
273.000	6.000
274.000	5.000
275.000	9.000
276.000	8.000
277.000	2.000
278.000	4.000
279.000	1.000
280.000	7.000
281.000	11.000
282.000	4.000
283.000	7.000
284.000	4.000
285.000	4.000
286.000	3.000
287.000	8.000
288.000	5.000
289.000	2.000
290.000	4.000
291.000	4.000
292.000	4.000
293.000	10.000
294.000	5.000
295.000	11.000
296.000	10.000
297.000	9.000
298.000	14.000
299.000	7.000
300.000	6.000
301.000	7.000
302.000	10.000
303.000	4.000
304.000	6.000
305.000	9.000
306.000	3.000
307.000	9.000
308.000	7.000
309.000	9.000
310.000	9.000
311.000	10.000
312.000	10.000
313.000	5.000
314.000	13.000
315.000	11.000
316.000	8.000
317.000	11.000
318.000	15.000
319.000	43.000
320.000	42.000
321.000	25.000
322.000	44.000
323.000	42.000
324.000	35.000
325.000	32.000
326.000	43.000
327.000	27.000
328.000	26.000
329.000	23.000
330.000	14.000
331.000	16.000
332.000	15.000
333.000	14.000
334.000	5.000
335.000	5.000
336.000	7.000
337.000	13.000
338.000	12.000
339.000	13.000
340.000	19.000
341.000	35.000
342.000	58.000
343.000	81.000
344.000	146.000
345.000	207.000
346.000	301.000
347.000	387.000
348.000	537.000
349.000	676.000
350.000	701.000
351.000	686.000
352.000	661.000
353.000	548.000
354.000	457.000
355.000	343.000
356.000	224.000
357.000	152.000
358.000	92.000
359.000	53.000
360.000	42.000
361.000	26.000
362.000	26.000
363.000	18.000
364.000	10.000
365.000	17.000
366.000	14.000
367.000	10.000
368.000	16.000
369.000	15.000
370.000	13.000
371.000	23.000
372.000	28.000
373.000	18.000
374.000	12.000
375.000	28.000
376.000	23.000
377.000	34.000
378.000	25.000
379.000	43.000
380.000	56.000
381.000	60.000
382.000	72.000
383.000	88.000
384.000	121.000
385.000	143.000
386.000	125.000
387.000	157.000
388.000	127.000
389.000	127.000
390.000	105.000
391.000	79.000
392.000	56.000
393.000	42.000
394.000	34.000
395.000	24.000
396.000	21.000
397.000	21.000
398.000	21.000
399.000	17.000
400.000	20.000
401.000	28.000
402.000	11.000
403.000	26.000
404.000	15.000
405.000	20.000
406.000	20.000
407.000	23.000
408.000	27.000
409.000	27.000
410.000	27.000
411.000	19.000
412.000	32.000
413.000	25.000
414.000	18.000
415.000	23.000
416.000	30.000
417.000	22.000
418.000	17.000
419.000	22.000
420.000	16.000
421.000	19.000
422.000	27.000
423.000	18.000
424.000	29.000
425.000	22.000
426.000	26.000
427.000	28.000
428.000	28.000
429.000	18.000
430.000	27.000
431.000	26.000
432.000	16.000
433.000	25.000
434.000	29.000
435.000	30.000
436.000	23.000
437.000	34.000
438.000	36.000
439.000	40.000
440.000	28.000
441.000	27.000
442.000	44.000
443.000	39.000
444.000	41.000
445.000	39.000
446.000	35.000
447.000	36.000
448.000	35.000
449.000	32.000
450.000	48.000
451.000	48.000
452.000	32.000
453.000	32.000
454.000	38.000
455.000	45.000
456.000	27.000
457.000	28.000
458.000	40.000
459.000	34.000
460.000	43.000
461.000	55.000
462.000	40.000
463.000	33.000
464.000	37.000
465.000	41.000
466.000	52.000
467.000	45.000
468.000	48.000
469.000	43.000
470.000	43.000
471.000	46.000
472.000	44.000
473.000	53.000
474.000	50.000
475.000	60.000
476.000	43.000
477.000	37.000
478.000	41.000
479.000	42.000
480.000	55.000
481.000	52.000
482.000	40.000
483.000	53.000
484.000	56.000
485.000	60.000
486.000	49.000
487.000	47.000
488.000	50.000
489.000	61.000
490.000	49.000
491.000	53.000
492.000	57.000
493.000	67.000
494.000	57.000
495.000	49.000
496.000	63.000
497.000	60.000
498.000	48.000
499.000	61.000
500.000	54.000
501.000	69.000
502.000	44.000
503.000	53.000
504.000	48.000
505.000	56.000
506.000	70.000
507.000	60.000
508.000	58.000
509.000	73.000
510.000	57.000
511.000	75.000
512.000	76.000
513.000	77.000
514.000	71.000
515.000	73.000
516.000	67.000
517.000	73.000
518.000	88.000
519.000	67.000
520.000	67.000
521.000	65.000
522.000	76.000
523.000	79.000
524.000	77.000
525.000	87.000
526.000	72.000
527.000	78.000
528.000	69.000
529.000	73.000
530.000	83.000
531.000	80.000
532.000	66.000
533.000	90.000
534.000	69.000
535.000	70.000
536.000	67.000
537.000	77.000
538.000	91.000
539.000	83.000
540.000	95.000
541.000	80.000
542.000	83.000
543.000	63.000
544.000	81.000
545.000	88.000
546.000	96.000
547.000	88.000
548.000	101.000
549.000	89.000
550.000	83.000
551.000	80.000
552.000	96.000
553.000	104.000
554.000	80.000
555.000	101.000
556.000	90.000
557.000	116.000
558.000	97.000
559.000	102.000
560.000	87.000
561.000	101.000
562.000	120.000
563.000	106.000
564.000	110.000
565.000	111.000
566.000	95.000
567.000	111.000
568.000	103.000
569.000	107.000
570.000	104.000
571.000	85.000
572.000	93.000
573.000	95.000
574.000	116.000
575.000	124.000
576.000	109.000
577.000	105.000
578.000	114.000
579.000	89.000
580.000	113.000
581.000	104.000
582.000	113.000
583.000	94.000
584.000	118.000
585.000	123.000
586.000	121.000
587.000	118.000
588.000	122.000
589.000	119.000
590.000	116.000
591.000	97.000
592.000	133.000
593.000	127.000
594.000	107.000
595.000	125.000
596.000	135.000
597.000	117.000
598.000	139.000
599.000	132.000
600.000	144.000
601.000	130.000
602.000	126.000
603.000	125.000
604.000	138.000
605.000	125.000
606.000	148.000
607.000	129.000
608.000	141.000
609.000	128.000
610.000	126.000
611.000	130.000
612.000	175.000
613.000	125.000
614.000	139.000
615.000	139.000
616.000	141.000
617.000	121.000
618.000	177.000
619.000	126.000
620.000	161.000
621.000	167.000
622.000	127.000
623.000	144.000
624.000	143.000
625.000	143.000
626.000	141.000
627.000	166.000
628.000	144.000
629.000	157.000
630.000	162.000
631.000	161.000
632.000	149.000
633.000	171.000
634.000	166.000
635.000	132.000
636.000	167.000
637.000	160.000
638.000	176.000
639.000	160.000
640.000	156.000
641.000	164.000
642.000	142.000
643.000	169.000
644.000	172.000
645.000	171.000
646.000	163.000
647.000	173.000
648.000	178.000
649.000	184.000
650.000	194.000
651.000	187.000
652.000	177.000
653.000	178.000
654.000	169.000
655.000	177.000
656.000	174.000
657.000	178.000
658.000	177.000
659.000	178.000
660.000	166.000
661.000	152.000
662.000	189.000
663.000	186.000
664.000	197.000
665.000	168.000
666.000	173.000
667.000	183.000
668.000	200.000
669.000	198.000
670.000	178.000
671.000	145.000
672.000	189.000
673.000	203.000
674.000	195.000
675.000	185.000
676.000	217.000
677.000	188.000
678.000	176.000
679.000	194.000
680.000	175.000
681.000	202.000
682.000	218.000
683.000	206.000
684.000	202.000
685.000	197.000
686.000	211.000
687.000	237.000
688.000	170.000
689.000	188.000
690.000	203.000
691.000	219.000
692.000	217.000
693.000	213.000
694.000	238.000
695.000	194.000
696.000	217.000
697.000	235.000
698.000	240.000
699.000	192.000
700.000	199.000
701.000	206.000
702.000	210.000
703.000	229.000
704.000	214.000
705.000	229.000
706.000	201.000
707.000	215.000
708.000	215.000
709.000	190.000
710.000	207.000
711.000	227.000
712.000	244.000
713.000	193.000
714.000	228.000
715.000	204.000
716.000	231.000
717.000	214.000
718.000	158.000
719.000	206.000
720.000	225.000
721.000	256.000
722.000	259.000
723.000	221.000
724.000	227.000
725.000	248.000
726.000	224.000
727.000	232.000
728.000	253.000
729.000	246.000
730.000	237.000
731.000	219.000
732.000	239.000
733.000	250.000
734.000	224.000
735.000	252.000
736.000	265.000
737.000	238.000
738.000	243.000
739.000	213.000
740.000	254.000
741.000	231.000
742.000	236.000
743.000	257.000
744.000	240.000
745.000	226.000
746.000	246.000
747.000	220.000
748.000	239.000
749.000	246.000
750.000	258.000
751.000	237.000
752.000	242.000
753.000	251.000
754.000	238.000
755.000	227.000
756.000	240.000
757.000	265.000
758.000	230.000
759.000	240.000
760.000	239.000
761.000	260.000
762.000	263.000
763.000	258.000
764.000	268.000
765.000	253.000
766.000	231.000
767.000	287.000
768.000	251.000
769.000	274.000
770.000	287.000
771.000	292.000
772.000	303.000
773.000	308.000
774.000	295.000
775.000	283.000
776.000	310.000
777.000	307.000
778.000	277.000
779.000	278.000
780.000	246.000
781.000	275.000
782.000	271.000
783.000	287.000
784.000	274.000
785.000	259.000
786.000	282.000
787.000	301.000
788.000	287.000
789.000	280.000
790.000	270.000
791.000	268.000
792.000	263.000
793.000	256.000
794.000	277.000
795.000	266.000
796.000	286.000
797.000	282.000
798.000	270.000
799.000	291.000
800.000	276.000
801.000	301.000
802.000	270.000
803.000	277.000
804.000	273.000
805.000	245.000
806.000	258.000
807.000	284.000
808.000	305.000
809.000	289.000
810.000	284.000
811.000	273.000
812.000	312.000
813.000	277.000
814.000	287.000
815.000	300.000
816.000	292.000
817.000	248.000
818.000	293.000
819.000	306.000
820.000	291.000
821.000	304.000
822.000	292.000
823.000	299.000
824.000	283.000
825.000	299.000
826.000	328.000
827.000	298.000
828.000	315.000
829.000	269.000
830.000	298.000
831.000	293.000
832.000	314.000
833.000	288.000
834.000	298.000
835.000	291.000
836.000	325.000
837.000	308.000
838.000	285.000
839.000	305.000
840.000	292.000
841.000	292.000
842.000	351.000
843.000	332.000
844.000	335.000
845.000	322.000
846.000	314.000
847.000	325.000
848.000	296.000
849.000	338.000
850.000	349.000
851.000	333.000
852.000	342.000
853.000	321.000
854.000	319.000
855.000	384.000
856.000	356.000
857.000	352.000
858.000	373.000
859.000	398.000
860.000	389.000
861.000	366.000
862.000	399.000
863.000	392.000
864.000	385.000
865.000	445.000
866.000	399.000
867.000	395.000
868.000	431.000
869.000	444.000
870.000	419.000
871.000	441.000
872.000	460.000
873.000	420.000
874.000	454.000
875.000	522.000
876.000	560.000
877.000	598.000
878.000	601.000
879.000	639.000
880.000	669.000
881.000	644.000
882.000	673.000
883.000	759.000
884.000	765.000
885.000	890.000
886.000	966.000
887.000	950.000
888.000	999.000
889.000	1122.000
890.000	1121.000
891.000	1177.000
892.000	1262.000
893.000	1273.000
894.000	1328.000
895.000	1421.000
896.000	1438.000
897.000	1446.000
898.000	1506.000
899.000	1518.000
900.000	1488.000
901.000	1469.000
902.000	1565.000
903.000	1437.000
904.000	1469.000
905.000	1429.000
906.000	1356.000
907.000	1304.000
908.000	1336.000
909.000	1184.000
910.000	1176.000
911.000	1050.000
912.000	1051.000
913.000	1062.000
914.000	911.000
915.000	881.000
916.000	817.000
917.000	798.000
918.000	735.000
919.000	726.000
920.000	648.000
921.000	598.000
922.000	609.000
923.000	549.000
924.000	549.000
925.000	506.000
926.000	469.000
927.000	456.000
928.000	444.000
929.000	449.000
930.000	427.000
931.000	399.000
932.000	398.000
933.000	374.000
934.000	365.000
935.000	398.000
936.000	405.000
937.000	347.000
938.000	363.000
939.000	350.000
940.000	352.000
941.000	418.000
942.000	383.000
943.000	414.000
944.000	477.000
945.000	540.000
946.000	566.000
947.000	569.000
948.000	653.000
949.000	723.000
950.000	748.000
951.000	800.000
952.000	804.000
953.000	789.000
954.000	807.000
955.000	795.000
956.000	744.000
957.000	655.000
958.000	638.000
959.000	575.000
960.000	540.000
961.000	524.000
962.000	454.000
963.000	374.000
964.000	315.000
965.000	311.000
966.000	350.000
967.000	280.000
968.000	272.000
969.000	308.000
970.000	279.000
971.000	280.000
972.000	287.000
973.000	300.000
974.000	296.000
975.000	255.000
976.000	309.000
977.000	297.000
978.000	315.000
979.000	321.000
980.000	303.000
981.000	298.000
982.000	366.000
983.000	337.000
984.000	319.000
985.000	365.000
986.000	339.000
987.000	359.000
988.000	334.000
989.000	332.000
990.000	333.000
991.000	390.000
992.000	378.000
993.000	362.000
994.000	426.000
995.000	403.000
996.000	403.000
997.000	444.000
998.000	421.000
999.000	453.000
1000.000	468.000
1001.000	448.000
1002.000	429.000
1003.000	499.000
1004.000	439.000
1005.000	469.000
1006.000	397.000
1007.000	470.000
1008.000	424.000
1009.000	428.000
1010.000	412.000
1011.000	405.000
1012.000	405.000
1013.000	417.000
1014.000	381.000
1015.000	340.000
1016.000	362.000
1017.000	349.000
1018.000	352.000
1019.000	345.000
1020.000	322.000
1021.000	305.000
1022.000	325.000
1023.000	307.000
1024.000	276.000
