Date:	8/19/2008		Time:	9:39 AM		Version no:	0.00		Project name:	55		Sample name:	222		Section name:	section		Position	676.039995	mm	E0	0.000000	keV	E1	1.000000	keV/channel	sample surface	7.697410	cm	Tube anode:	Mo		Tube voltage:	30	kV	Tube current:	50	mA	gain	20		std. database			resultfile	result		matrix element	11		sample thickness	1.000000		air passage	0.560000	cm	comments	not in position		peaking_time	3.000000	m-sec	trigger_threshold	1229.166667	V	mca_bin_width	22.090000	no:	number_mca_channels	1024.000000	no:	gap_time	0.400000	m-sec	trigger_peaking_time	0.150000	m-sec	GAINDAC	9455		HIGHGAIN	1		TAURC	0		RCTAU	53		RCTAUFRAC	32768		livetime	9.664185	seconds	runtime	10.000503	seconds	input_count_rate	31.091293	cps	output_count_rate	23.186833	cps	triggers	300472	seconds	events_in_run	231880	seconds	channel	content		1.000	0.000
2.000	0.000
3.000	0.000
4.000	0.000
5.000	0.000
6.000	0.000
7.000	0.000
8.000	0.000
9.000	0.000
10.000	0.000
11.000	0.000
12.000	0.000
13.000	0.000
14.000	0.000
15.000	0.000
16.000	0.000
17.000	0.000
18.000	0.000
19.000	0.000
20.000	0.000
21.000	0.000
22.000	0.000
23.000	0.000
24.000	0.000
25.000	0.000
26.000	0.000
27.000	0.000
28.000	0.000
29.000	0.000
30.000	0.000
31.000	0.000
32.000	0.000
33.000	1.000
34.000	0.000
35.000	1.000
36.000	5.000
37.000	1.000
38.000	2.000
39.000	1.000
40.000	4.000
41.000	4.000
42.000	3.000
43.000	6.000
44.000	7.000
45.000	3.000
46.000	3.000
47.000	3.000
48.000	6.000
49.000	5.000
50.000	10.000
51.000	6.000
52.000	4.000
53.000	9.000
54.000	10.000
55.000	11.000
56.000	6.000
57.000	13.000
58.000	14.000
59.000	10.000
60.000	17.000
61.000	11.000
62.000	11.000
63.000	7.000
64.000	18.000
65.000	10.000
66.000	11.000
67.000	14.000
68.000	10.000
69.000	13.000
70.000	8.000
71.000	7.000
72.000	8.000
73.000	10.000
74.000	11.000
75.000	12.000
76.000	18.000
77.000	9.000
78.000	8.000
79.000	9.000
80.000	11.000
81.000	7.000
82.000	7.000
83.000	9.000
84.000	10.000
85.000	8.000
86.000	9.000
87.000	9.000
88.000	7.000
89.000	4.000
90.000	8.000
91.000	3.000
92.000	6.000
93.000	6.000
94.000	7.000
95.000	8.000
96.000	8.000
97.000	19.000
98.000	8.000
99.000	8.000
100.000	9.000
101.000	8.000
102.000	10.000
103.000	7.000
104.000	7.000
105.000	10.000
106.000	5.000
107.000	7.000
108.000	4.000
109.000	9.000
110.000	14.000
111.000	7.000
112.000	4.000
113.000	5.000
114.000	3.000
115.000	6.000
116.000	6.000
117.000	7.000
118.000	7.000
119.000	10.000
120.000	3.000
121.000	9.000
122.000	8.000
123.000	8.000
124.000	10.000
125.000	8.000
126.000	14.000
127.000	9.000
128.000	5.000
129.000	10.000
130.000	8.000
131.000	6.000
132.000	8.000
133.000	8.000
134.000	4.000
135.000	5.000
136.000	6.000
137.000	6.000
138.000	7.000
139.000	3.000
140.000	9.000
141.000	7.000
142.000	2.000
143.000	5.000
144.000	5.000
145.000	0.000
146.000	5.000
147.000	3.000
148.000	5.000
149.000	10.000
150.000	5.000
151.000	7.000
152.000	6.000
153.000	5.000
154.000	5.000
155.000	3.000
156.000	6.000
157.000	6.000
158.000	4.000
159.000	6.000
160.000	9.000
161.000	8.000
162.000	11.000
163.000	14.000
164.000	9.000
165.000	4.000
166.000	9.000
167.000	8.000
168.000	4.000
169.000	6.000
170.000	3.000
171.000	3.000
172.000	5.000
173.000	4.000
174.000	5.000
175.000	4.000
176.000	4.000
177.000	3.000
178.000	6.000
179.000	7.000
180.000	3.000
181.000	12.000
182.000	7.000
183.000	13.000
184.000	7.000
185.000	7.000
186.000	2.000
187.000	5.000
188.000	3.000
189.000	6.000
190.000	6.000
191.000	9.000
192.000	6.000
193.000	2.000
194.000	2.000
195.000	8.000
196.000	7.000
197.000	5.000
198.000	8.000
199.000	14.000
200.000	15.000
201.000	30.000
202.000	34.000
203.000	34.000
204.000	28.000
205.000	19.000
206.000	13.000
207.000	11.000
208.000	12.000
209.000	3.000
210.000	6.000
211.000	3.000
212.000	3.000
213.000	8.000
214.000	4.000
215.000	8.000
216.000	8.000
217.000	5.000
218.000	3.000
219.000	9.000
220.000	8.000
221.000	10.000
222.000	1.000
223.000	2.000
224.000	6.000
225.000	7.000
226.000	0.000
227.000	0.000
228.000	2.000
229.000	4.000
230.000	10.000
231.000	0.000
232.000	4.000
233.000	4.000
234.000	3.000
235.000	3.000
236.000	3.000
237.000	5.000
238.000	5.000
239.000	3.000
240.000	6.000
241.000	9.000
242.000	6.000
243.000	4.000
244.000	6.000
245.000	10.000
246.000	11.000
247.000	6.000
248.000	11.000
249.000	11.000
250.000	11.000
251.000	14.000
252.000	10.000
253.000	8.000
254.000	11.000
255.000	5.000
256.000	7.000
257.000	2.000
258.000	6.000
259.000	7.000
260.000	4.000
261.000	5.000
262.000	4.000
263.000	5.000
264.000	4.000
265.000	4.000
266.000	5.000
267.000	6.000
268.000	2.000
269.000	7.000
270.000	14.000
271.000	4.000
272.000	8.000
273.000	7.000
274.000	7.000
275.000	8.000
276.000	6.000
277.000	4.000
278.000	5.000
279.000	1.000
280.000	6.000
281.000	6.000
282.000	8.000
283.000	8.000
284.000	3.000
285.000	3.000
286.000	6.000
287.000	5.000
288.000	10.000
289.000	8.000
290.000	16.000
291.000	7.000
292.000	11.000
293.000	4.000
294.000	11.000
295.000	11.000
296.000	8.000
297.000	7.000
298.000	5.000
299.000	9.000
300.000	11.000
301.000	5.000
302.000	6.000
303.000	13.000
304.000	6.000
305.000	5.000
306.000	6.000
307.000	8.000
308.000	7.000
309.000	6.000
310.000	7.000
311.000	3.000
312.000	11.000
313.000	10.000
314.000	8.000
315.000	9.000
316.000	13.000
317.000	18.000
318.000	28.000
319.000	32.000
320.000	34.000
321.000	45.000
322.000	57.000
323.000	53.000
324.000	39.000
325.000	46.000
326.000	38.000
327.000	27.000
328.000	29.000
329.000	24.000
330.000	16.000
331.000	16.000
332.000	11.000
333.000	10.000
334.000	9.000
335.000	15.000
336.000	12.000
337.000	17.000
338.000	24.000
339.000	30.000
340.000	28.000
341.000	37.000
342.000	56.000
343.000	103.000
344.000	166.000
345.000	260.000
346.000	395.000
347.000	519.000
348.000	712.000
349.000	814.000
350.000	852.000
351.000	899.000
352.000	789.000
353.000	713.000
354.000	573.000
355.000	393.000
356.000	305.000
357.000	189.000
358.000	109.000
359.000	75.000
360.000	52.000
361.000	31.000
362.000	23.000
363.000	18.000
364.000	15.000
365.000	20.000
366.000	19.000
367.000	21.000
368.000	24.000
369.000	22.000
370.000	16.000
371.000	19.000
372.000	13.000
373.000	21.000
374.000	20.000
375.000	18.000
376.000	23.000
377.000	43.000
378.000	33.000
379.000	42.000
380.000	54.000
381.000	66.000
382.000	86.000
383.000	118.000
384.000	134.000
385.000	141.000
386.000	170.000
387.000	157.000
388.000	154.000
389.000	138.000
390.000	114.000
391.000	66.000
392.000	75.000
393.000	52.000
394.000	39.000
395.000	43.000
396.000	26.000
397.000	26.000
398.000	30.000
399.000	24.000
400.000	30.000
401.000	13.000
402.000	19.000
403.000	21.000
404.000	20.000
405.000	17.000
406.000	21.000
407.000	22.000
408.000	19.000
409.000	20.000
410.000	25.000
411.000	30.000
412.000	21.000
413.000	30.000
414.000	26.000
415.000	30.000
416.000	25.000
417.000	26.000
418.000	28.000
419.000	29.000
420.000	31.000
421.000	31.000
422.000	27.000
423.000	19.000
424.000	42.000
425.000	32.000
426.000	29.000
427.000	23.000
428.000	33.000
429.000	24.000
430.000	31.000
431.000	40.000
432.000	28.000
433.000	28.000
434.000	34.000
435.000	39.000
436.000	30.000
437.000	40.000
438.000	34.000
439.000	38.000
440.000	36.000
441.000	41.000
442.000	37.000
443.000	47.000
444.000	42.000
445.000	38.000
446.000	41.000
447.000	41.000
448.000	47.000
449.000	40.000
450.000	53.000
451.000	33.000
452.000	44.000
453.000	44.000
454.000	47.000
455.000	49.000
456.000	45.000
457.000	40.000
458.000	46.000
459.000	55.000
460.000	47.000
461.000	49.000
462.000	47.000
463.000	51.000
464.000	50.000
465.000	54.000
466.000	42.000
467.000	49.000
468.000	31.000
469.000	57.000
470.000	46.000
471.000	62.000
472.000	49.000
473.000	57.000
474.000	59.000
475.000	53.000
476.000	52.000
477.000	51.000
478.000	64.000
479.000	50.000
480.000	47.000
481.000	68.000
482.000	57.000
483.000	63.000
484.000	58.000
485.000	63.000
486.000	50.000
487.000	46.000
488.000	60.000
489.000	67.000
490.000	59.000
491.000	51.000
492.000	50.000
493.000	70.000
494.000	52.000
495.000	67.000
496.000	50.000
497.000	62.000
498.000	68.000
499.000	81.000
500.000	54.000
501.000	78.000
502.000	63.000
503.000	71.000
504.000	79.000
505.000	74.000
506.000	79.000
507.000	72.000
508.000	76.000
509.000	82.000
510.000	69.000
511.000	63.000
512.000	71.000
513.000	81.000
514.000	88.000
515.000	83.000
516.000	86.000
517.000	82.000
518.000	76.000
519.000	88.000
520.000	82.000
521.000	72.000
522.000	83.000
523.000	74.000
524.000	91.000
525.000	68.000
526.000	79.000
527.000	91.000
528.000	78.000
529.000	81.000
530.000	107.000
531.000	89.000
532.000	83.000
533.000	96.000
534.000	102.000
535.000	98.000
536.000	75.000
537.000	101.000
538.000	85.000
539.000	99.000
540.000	111.000
541.000	95.000
542.000	89.000
543.000	101.000
544.000	108.000
545.000	113.000
546.000	89.000
547.000	95.000
548.000	97.000
549.000	106.000
550.000	111.000
551.000	97.000
552.000	110.000
553.000	110.000
554.000	85.000
555.000	100.000
556.000	103.000
557.000	83.000
558.000	118.000
559.000	132.000
560.000	120.000
561.000	100.000
562.000	109.000
563.000	105.000
564.000	112.000
565.000	92.000
566.000	103.000
567.000	115.000
568.000	107.000
569.000	94.000
570.000	97.000
571.000	119.000
572.000	123.000
573.000	105.000
574.000	142.000
575.000	126.000
576.000	108.000
577.000	136.000
578.000	112.000
579.000	132.000
580.000	130.000
581.000	136.000
582.000	128.000
583.000	115.000
584.000	121.000
585.000	138.000
586.000	124.000
587.000	109.000
588.000	131.000
589.000	128.000
590.000	135.000
591.000	133.000
592.000	123.000
593.000	149.000
594.000	135.000
595.000	149.000
596.000	129.000
597.000	117.000
598.000	134.000
599.000	132.000
600.000	155.000
601.000	136.000
602.000	150.000
603.000	145.000
604.000	150.000
605.000	140.000
606.000	153.000
607.000	138.000
608.000	141.000
609.000	155.000
610.000	140.000
611.000	169.000
612.000	149.000
613.000	164.000
614.000	142.000
615.000	153.000
616.000	150.000
617.000	141.000
618.000	159.000
619.000	178.000
620.000	164.000
621.000	163.000
622.000	152.000
623.000	157.000
624.000	170.000
625.000	185.000
626.000	181.000
627.000	167.000
628.000	161.000
629.000	150.000
630.000	182.000
631.000	135.000
632.000	178.000
633.000	189.000
634.000	170.000
635.000	177.000
636.000	154.000
637.000	195.000
638.000	186.000
639.000	179.000
640.000	164.000
641.000	173.000
642.000	184.000
643.000	179.000
644.000	177.000
645.000	209.000
646.000	200.000
647.000	179.000
648.000	192.000
649.000	170.000
650.000	200.000
651.000	184.000
652.000	224.000
653.000	200.000
654.000	184.000
655.000	201.000
656.000	183.000
657.000	184.000
658.000	220.000
659.000	176.000
660.000	204.000
661.000	207.000
662.000	196.000
663.000	200.000
664.000	205.000
665.000	204.000
666.000	234.000
667.000	185.000
668.000	198.000
669.000	205.000
670.000	192.000
671.000	200.000
672.000	210.000
673.000	200.000
674.000	210.000
675.000	218.000
676.000	176.000
677.000	198.000
678.000	189.000
679.000	221.000
680.000	210.000
681.000	215.000
682.000	226.000
683.000	232.000
684.000	219.000
685.000	182.000
686.000	243.000
687.000	234.000
688.000	221.000
689.000	209.000
690.000	210.000
691.000	221.000
692.000	216.000
693.000	206.000
694.000	246.000
695.000	217.000
696.000	201.000
697.000	211.000
698.000	248.000
699.000	256.000
700.000	243.000
701.000	216.000
702.000	215.000
703.000	230.000
704.000	226.000
705.000	286.000
706.000	210.000
707.000	246.000
708.000	232.000
709.000	222.000
710.000	222.000
711.000	248.000
712.000	244.000
713.000	259.000
714.000	227.000
715.000	238.000
716.000	239.000
717.000	258.000
718.000	263.000
719.000	229.000
720.000	263.000
721.000	236.000
722.000	246.000
723.000	259.000
724.000	254.000
725.000	250.000
726.000	245.000
727.000	258.000
728.000	251.000
729.000	295.000
730.000	255.000
731.000	242.000
732.000	220.000
733.000	277.000
734.000	257.000
735.000	266.000
736.000	252.000
737.000	255.000
738.000	276.000
739.000	269.000
740.000	264.000
741.000	247.000
742.000	269.000
743.000	244.000
744.000	274.000
745.000	256.000
746.000	263.000
747.000	247.000
748.000	277.000
749.000	295.000
750.000	256.000
751.000	252.000
752.000	268.000
753.000	276.000
754.000	243.000
755.000	261.000
756.000	271.000
757.000	267.000
758.000	263.000
759.000	246.000
760.000	271.000
761.000	275.000
762.000	300.000
763.000	259.000
764.000	276.000
765.000	297.000
766.000	287.000
767.000	307.000
768.000	281.000
769.000	307.000
770.000	324.000
771.000	312.000
772.000	268.000
773.000	320.000
774.000	327.000
775.000	316.000
776.000	276.000
777.000	281.000
778.000	297.000
779.000	325.000
780.000	282.000
781.000	273.000
782.000	307.000
783.000	292.000
784.000	296.000
785.000	275.000
786.000	284.000
787.000	268.000
788.000	284.000
789.000	274.000
790.000	287.000
791.000	273.000
792.000	291.000
793.000	285.000
794.000	264.000
795.000	274.000
796.000	300.000
797.000	292.000
798.000	278.000
799.000	298.000
800.000	306.000
801.000	330.000
802.000	315.000
803.000	265.000
804.000	321.000
805.000	273.000
806.000	301.000
807.000	314.000
808.000	317.000
809.000	286.000
810.000	304.000
811.000	281.000
812.000	322.000
813.000	287.000
814.000	315.000
815.000	315.000
816.000	283.000
817.000	320.000
818.000	324.000
819.000	289.000
820.000	306.000
821.000	327.000
822.000	324.000
823.000	272.000
824.000	313.000
825.000	297.000
826.000	333.000
827.000	308.000
828.000	300.000
829.000	309.000
830.000	299.000
831.000	306.000
832.000	323.000
833.000	323.000
834.000	308.000
835.000	329.000
836.000	340.000
837.000	335.000
838.000	360.000
839.000	321.000
840.000	316.000
841.000	349.000
842.000	324.000
843.000	335.000
844.000	348.000
845.000	318.000
846.000	348.000
847.000	313.000
848.000	338.000
849.000	315.000
850.000	370.000
851.000	366.000
852.000	355.000
853.000	368.000
854.000	368.000
855.000	362.000
856.000	364.000
857.000	407.000
858.000	368.000
859.000	385.000
860.000	396.000
861.000	419.000
862.000	429.000
863.000	430.000
864.000	427.000
865.000	390.000
866.000	474.000
867.000	412.000
868.000	427.000
869.000	472.000
870.000	459.000
871.000	472.000
872.000	489.000
873.000	509.000
874.000	486.000
875.000	564.000
876.000	535.000
877.000	612.000
878.000	588.000
879.000	638.000
880.000	652.000
881.000	681.000
882.000	724.000
883.000	845.000
884.000	808.000
885.000	850.000
886.000	959.000
887.000	986.000
888.000	1046.000
889.000	1131.000
890.000	1248.000
891.000	1313.000
892.000	1285.000
893.000	1389.000
894.000	1389.000
895.000	1428.000
896.000	1365.000
897.000	1565.000
898.000	1540.000
899.000	1553.000
900.000	1587.000
901.000	1555.000
902.000	1640.000
903.000	1518.000
904.000	1566.000
905.000	1441.000
906.000	1502.000
907.000	1345.000
908.000	1367.000
909.000	1320.000
910.000	1234.000
911.000	1227.000
912.000	1086.000
913.000	1096.000
914.000	974.000
915.000	896.000
916.000	866.000
917.000	792.000
918.000	772.000
919.000	737.000
920.000	727.000
921.000	675.000
922.000	644.000
923.000	608.000
924.000	536.000
925.000	550.000
926.000	488.000
927.000	484.000
928.000	444.000
929.000	444.000
930.000	457.000
931.000	417.000
932.000	390.000
933.000	388.000
934.000	394.000
935.000	342.000
936.000	372.000
937.000	375.000
938.000	343.000
939.000	363.000
940.000	422.000
941.000	409.000
942.000	428.000
943.000	444.000
944.000	470.000
945.000	558.000
946.000	587.000
947.000	618.000
948.000	686.000
949.000	697.000
950.000	734.000
951.000	775.000
952.000	818.000
953.000	860.000
954.000	823.000
955.000	834.000
956.000	777.000
957.000	738.000
958.000	704.000
959.000	621.000
960.000	573.000
961.000	527.000
962.000	436.000
963.000	436.000
964.000	400.000
965.000	335.000
966.000	334.000
967.000	340.000
968.000	319.000
969.000	302.000
970.000	302.000
971.000	327.000
972.000	306.000
973.000	282.000
974.000	283.000
975.000	326.000
976.000	317.000
977.000	323.000
978.000	324.000
979.000	348.000
980.000	284.000
981.000	316.000
982.000	303.000
983.000	339.000
984.000	340.000
985.000	349.000
986.000	337.000
987.000	345.000
988.000	324.000
989.000	388.000
990.000	389.000
991.000	382.000
992.000	424.000
993.000	444.000
994.000	429.000
995.000	446.000
996.000	419.000
997.000	418.000
998.000	440.000
999.000	441.000
1000.000	470.000
1001.000	448.000
1002.000	428.000
1003.000	429.000
1004.000	469.000
1005.000	466.000
1006.000	489.000
1007.000	428.000
1008.000	490.000
1009.000	460.000
1010.000	448.000
1011.000	415.000
1012.000	408.000
1013.000	428.000
1014.000	385.000
1015.000	363.000
1016.000	387.000
1017.000	347.000
1018.000	365.000
1019.000	351.000
1020.000	346.000
1021.000	324.000
1022.000	311.000
1023.000	288.000
1024.000	279.000
