Date:	8/19/2008		Time:	9:13 AM		Version no:	0.00		Project name:	55		Sample name:	222		Section name:	section		Position	408.039995	mm	E0	0.000000	keV	E1	1.000000	keV/channel	sample surface	7.997093	cm	Tube anode:	Mo		Tube voltage:	30	kV	Tube current:	50	mA	gain	20		std. database			resultfile	result		matrix element	11		sample thickness	1.000000		air passage	0.560000	cm	comments	not in position		peaking_time	3.000000	m-sec	trigger_threshold	1229.166667	V	mca_bin_width	22.090000	no:	number_mca_channels	1024.000000	no:	gap_time	0.400000	m-sec	trigger_peaking_time	0.150000	m-sec	GAINDAC	9455		HIGHGAIN	1		TAURC	0		RCTAU	53		RCTAUFRAC	32768		livetime	9.760480	seconds	runtime	10.000503	seconds	input_count_rate	23.071919	cps	output_count_rate	18.365976	cps	triggers	225193	seconds	events_in_run	183669	seconds	channel	content		1.000	0.000
2.000	0.000
3.000	0.000
4.000	0.000
5.000	0.000
6.000	0.000
7.000	0.000
8.000	0.000
9.000	0.000
10.000	0.000
11.000	0.000
12.000	0.000
13.000	0.000
14.000	0.000
15.000	0.000
16.000	0.000
17.000	0.000
18.000	0.000
19.000	0.000
20.000	0.000
21.000	0.000
22.000	0.000
23.000	0.000
24.000	0.000
25.000	0.000
26.000	0.000
27.000	0.000
28.000	0.000
29.000	0.000
30.000	0.000
31.000	1.000
32.000	0.000
33.000	3.000
34.000	2.000
35.000	0.000
36.000	1.000
37.000	2.000
38.000	0.000
39.000	3.000
40.000	3.000
41.000	3.000
42.000	3.000
43.000	3.000
44.000	4.000
45.000	6.000
46.000	2.000
47.000	5.000
48.000	6.000
49.000	5.000
50.000	11.000
51.000	6.000
52.000	9.000
53.000	10.000
54.000	7.000
55.000	9.000
56.000	14.000
57.000	13.000
58.000	6.000
59.000	10.000
60.000	14.000
61.000	11.000
62.000	9.000
63.000	11.000
64.000	9.000
65.000	10.000
66.000	6.000
67.000	7.000
68.000	8.000
69.000	8.000
70.000	10.000
71.000	8.000
72.000	8.000
73.000	7.000
74.000	8.000
75.000	10.000
76.000	11.000
77.000	8.000
78.000	11.000
79.000	6.000
80.000	13.000
81.000	5.000
82.000	12.000
83.000	7.000
84.000	10.000
85.000	8.000
86.000	10.000
87.000	12.000
88.000	5.000
89.000	2.000
90.000	6.000
91.000	7.000
92.000	6.000
93.000	12.000
94.000	8.000
95.000	2.000
96.000	8.000
97.000	7.000
98.000	4.000
99.000	9.000
100.000	6.000
101.000	10.000
102.000	4.000
103.000	11.000
104.000	5.000
105.000	7.000
106.000	9.000
107.000	7.000
108.000	7.000
109.000	6.000
110.000	3.000
111.000	8.000
112.000	5.000
113.000	7.000
114.000	9.000
115.000	7.000
116.000	6.000
117.000	5.000
118.000	5.000
119.000	3.000
120.000	8.000
121.000	6.000
122.000	5.000
123.000	2.000
124.000	6.000
125.000	7.000
126.000	5.000
127.000	4.000
128.000	6.000
129.000	5.000
130.000	4.000
131.000	6.000
132.000	10.000
133.000	7.000
134.000	6.000
135.000	5.000
136.000	3.000
137.000	6.000
138.000	6.000
139.000	3.000
140.000	7.000
141.000	2.000
142.000	1.000
143.000	6.000
144.000	3.000
145.000	3.000
146.000	6.000
147.000	5.000
148.000	7.000
149.000	14.000
150.000	4.000
151.000	2.000
152.000	10.000
153.000	5.000
154.000	5.000
155.000	4.000
156.000	5.000
157.000	5.000
158.000	5.000
159.000	6.000
160.000	13.000
161.000	8.000
162.000	13.000
163.000	22.000
164.000	7.000
165.000	9.000
166.000	10.000
167.000	6.000
168.000	4.000
169.000	6.000
170.000	2.000
171.000	12.000
172.000	5.000
173.000	3.000
174.000	6.000
175.000	3.000
176.000	7.000
177.000	6.000
178.000	0.000
179.000	4.000
180.000	5.000
181.000	0.000
182.000	0.000
183.000	6.000
184.000	3.000
185.000	4.000
186.000	4.000
187.000	4.000
188.000	3.000
189.000	3.000
190.000	0.000
191.000	2.000
192.000	2.000
193.000	2.000
194.000	2.000
195.000	2.000
196.000	6.000
197.000	5.000
198.000	3.000
199.000	7.000
200.000	5.000
201.000	5.000
202.000	10.000
203.000	12.000
204.000	8.000
205.000	1.000
206.000	5.000
207.000	8.000
208.000	1.000
209.000	3.000
210.000	4.000
211.000	4.000
212.000	2.000
213.000	4.000
214.000	5.000
215.000	3.000
216.000	1.000
217.000	2.000
218.000	1.000
219.000	1.000
220.000	5.000
221.000	3.000
222.000	4.000
223.000	1.000
224.000	4.000
225.000	5.000
226.000	2.000
227.000	1.000
228.000	2.000
229.000	3.000
230.000	8.000
231.000	3.000
232.000	1.000
233.000	0.000
234.000	5.000
235.000	4.000
236.000	1.000
237.000	2.000
238.000	1.000
239.000	3.000
240.000	1.000
241.000	1.000
242.000	3.000
243.000	4.000
244.000	4.000
245.000	2.000
246.000	1.000
247.000	3.000
248.000	5.000
249.000	6.000
250.000	4.000
251.000	3.000
252.000	4.000
253.000	4.000
254.000	5.000
255.000	2.000
256.000	0.000
257.000	3.000
258.000	5.000
259.000	5.000
260.000	5.000
261.000	5.000
262.000	3.000
263.000	1.000
264.000	5.000
265.000	3.000
266.000	0.000
267.000	2.000
268.000	3.000
269.000	3.000
270.000	3.000
271.000	4.000
272.000	4.000
273.000	5.000
274.000	5.000
275.000	3.000
276.000	2.000
277.000	3.000
278.000	3.000
279.000	0.000
280.000	3.000
281.000	3.000
282.000	2.000
283.000	5.000
284.000	7.000
285.000	6.000
286.000	7.000
287.000	1.000
288.000	3.000
289.000	7.000
290.000	5.000
291.000	3.000
292.000	4.000
293.000	3.000
294.000	3.000
295.000	6.000
296.000	6.000
297.000	4.000
298.000	8.000
299.000	4.000
300.000	5.000
301.000	3.000
302.000	0.000
303.000	4.000
304.000	3.000
305.000	2.000
306.000	5.000
307.000	3.000
308.000	2.000
309.000	5.000
310.000	5.000
311.000	2.000
312.000	3.000
313.000	2.000
314.000	6.000
315.000	2.000
316.000	9.000
317.000	8.000
318.000	11.000
319.000	14.000
320.000	8.000
321.000	14.000
322.000	14.000
323.000	21.000
324.000	17.000
325.000	18.000
326.000	11.000
327.000	4.000
328.000	7.000
329.000	6.000
330.000	5.000
331.000	8.000
332.000	3.000
333.000	10.000
334.000	10.000
335.000	5.000
336.000	5.000
337.000	7.000
338.000	4.000
339.000	8.000
340.000	9.000
341.000	10.000
342.000	14.000
343.000	29.000
344.000	37.000
345.000	71.000
346.000	94.000
347.000	107.000
348.000	150.000
349.000	188.000
350.000	223.000
351.000	232.000
352.000	181.000
353.000	184.000
354.000	128.000
355.000	83.000
356.000	73.000
357.000	50.000
358.000	34.000
359.000	15.000
360.000	11.000
361.000	15.000
362.000	9.000
363.000	9.000
364.000	7.000
365.000	6.000
366.000	2.000
367.000	2.000
368.000	8.000
369.000	4.000
370.000	7.000
371.000	3.000
372.000	6.000
373.000	5.000
374.000	5.000
375.000	10.000
376.000	7.000
377.000	19.000
378.000	8.000
379.000	13.000
380.000	22.000
381.000	29.000
382.000	19.000
383.000	38.000
384.000	41.000
385.000	39.000
386.000	40.000
387.000	46.000
388.000	44.000
389.000	29.000
390.000	33.000
391.000	30.000
392.000	25.000
393.000	14.000
394.000	17.000
395.000	8.000
396.000	3.000
397.000	8.000
398.000	10.000
399.000	8.000
400.000	9.000
401.000	7.000
402.000	14.000
403.000	12.000
404.000	9.000
405.000	15.000
406.000	14.000
407.000	11.000
408.000	10.000
409.000	9.000
410.000	10.000
411.000	10.000
412.000	13.000
413.000	10.000
414.000	9.000
415.000	12.000
416.000	16.000
417.000	17.000
418.000	10.000
419.000	15.000
420.000	7.000
421.000	8.000
422.000	16.000
423.000	8.000
424.000	10.000
425.000	12.000
426.000	11.000
427.000	12.000
428.000	10.000
429.000	9.000
430.000	20.000
431.000	12.000
432.000	8.000
433.000	15.000
434.000	15.000
435.000	10.000
436.000	16.000
437.000	11.000
438.000	12.000
439.000	14.000
440.000	20.000
441.000	17.000
442.000	18.000
443.000	20.000
444.000	16.000
445.000	14.000
446.000	18.000
447.000	20.000
448.000	18.000
449.000	16.000
450.000	16.000
451.000	22.000
452.000	16.000
453.000	12.000
454.000	19.000
455.000	26.000
456.000	25.000
457.000	23.000
458.000	16.000
459.000	20.000
460.000	23.000
461.000	23.000
462.000	21.000
463.000	21.000
464.000	16.000
465.000	25.000
466.000	22.000
467.000	21.000
468.000	25.000
469.000	23.000
470.000	24.000
471.000	21.000
472.000	12.000
473.000	24.000
474.000	30.000
475.000	22.000
476.000	16.000
477.000	36.000
478.000	17.000
479.000	31.000
480.000	25.000
481.000	28.000
482.000	29.000
483.000	24.000
484.000	35.000
485.000	32.000
486.000	20.000
487.000	27.000
488.000	24.000
489.000	32.000
490.000	31.000
491.000	29.000
492.000	31.000
493.000	25.000
494.000	37.000
495.000	31.000
496.000	33.000
497.000	37.000
498.000	27.000
499.000	26.000
500.000	50.000
501.000	30.000
502.000	30.000
503.000	30.000
504.000	38.000
505.000	39.000
506.000	38.000
507.000	32.000
508.000	29.000
509.000	39.000
510.000	40.000
511.000	31.000
512.000	36.000
513.000	40.000
514.000	47.000
515.000	57.000
516.000	36.000
517.000	46.000
518.000	36.000
519.000	35.000
520.000	49.000
521.000	42.000
522.000	43.000
523.000	31.000
524.000	46.000
525.000	48.000
526.000	51.000
527.000	47.000
528.000	43.000
529.000	48.000
530.000	44.000
531.000	57.000
532.000	39.000
533.000	55.000
534.000	42.000
535.000	55.000
536.000	49.000
537.000	52.000
538.000	38.000
539.000	50.000
540.000	32.000
541.000	37.000
542.000	56.000
543.000	49.000
544.000	49.000
545.000	63.000
546.000	50.000
547.000	59.000
548.000	49.000
549.000	60.000
550.000	55.000
551.000	47.000
552.000	64.000
553.000	61.000
554.000	60.000
555.000	58.000
556.000	48.000
557.000	59.000
558.000	65.000
559.000	57.000
560.000	54.000
561.000	56.000
562.000	63.000
563.000	57.000
564.000	64.000
565.000	60.000
566.000	59.000
567.000	84.000
568.000	79.000
569.000	73.000
570.000	71.000
571.000	69.000
572.000	64.000
573.000	65.000
574.000	71.000
575.000	67.000
576.000	79.000
577.000	89.000
578.000	69.000
579.000	79.000
580.000	79.000
581.000	58.000
582.000	81.000
583.000	67.000
584.000	74.000
585.000	72.000
586.000	69.000
587.000	91.000
588.000	92.000
589.000	71.000
590.000	97.000
591.000	73.000
592.000	97.000
593.000	89.000
594.000	85.000
595.000	84.000
596.000	85.000
597.000	79.000
598.000	93.000
599.000	83.000
600.000	89.000
601.000	87.000
602.000	108.000
603.000	100.000
604.000	93.000
605.000	84.000
606.000	89.000
607.000	112.000
608.000	92.000
609.000	92.000
610.000	106.000
611.000	98.000
612.000	114.000
613.000	105.000
614.000	94.000
615.000	94.000
616.000	105.000
617.000	119.000
618.000	111.000
619.000	114.000
620.000	93.000
621.000	82.000
622.000	118.000
623.000	89.000
624.000	122.000
625.000	90.000
626.000	117.000
627.000	121.000
628.000	103.000
629.000	112.000
630.000	106.000
631.000	109.000
632.000	104.000
633.000	106.000
634.000	130.000
635.000	109.000
636.000	119.000
637.000	138.000
638.000	97.000
639.000	110.000
640.000	117.000
641.000	120.000
642.000	116.000
643.000	118.000
644.000	112.000
645.000	137.000
646.000	147.000
647.000	125.000
648.000	121.000
649.000	153.000
650.000	127.000
651.000	131.000
652.000	130.000
653.000	142.000
654.000	144.000
655.000	144.000
656.000	141.000
657.000	126.000
658.000	126.000
659.000	149.000
660.000	131.000
661.000	162.000
662.000	130.000
663.000	136.000
664.000	149.000
665.000	128.000
666.000	126.000
667.000	143.000
668.000	139.000
669.000	124.000
670.000	160.000
671.000	165.000
672.000	161.000
673.000	146.000
674.000	146.000
675.000	140.000
676.000	183.000
677.000	145.000
678.000	172.000
679.000	153.000
680.000	145.000
681.000	153.000
682.000	143.000
683.000	149.000
684.000	148.000
685.000	141.000
686.000	140.000
687.000	153.000
688.000	156.000
689.000	170.000
690.000	174.000
691.000	190.000
692.000	170.000
693.000	185.000
694.000	149.000
695.000	174.000
696.000	163.000
697.000	165.000
698.000	177.000
699.000	175.000
700.000	184.000
701.000	153.000
702.000	153.000
703.000	167.000
704.000	193.000
705.000	167.000
706.000	179.000
707.000	178.000
708.000	180.000
709.000	170.000
710.000	190.000
711.000	180.000
712.000	169.000
713.000	197.000
714.000	184.000
715.000	200.000
716.000	172.000
717.000	202.000
718.000	185.000
719.000	187.000
720.000	192.000
721.000	192.000
722.000	203.000
723.000	215.000
724.000	191.000
725.000	177.000
726.000	182.000
727.000	183.000
728.000	203.000
729.000	214.000
730.000	199.000
731.000	211.000
732.000	189.000
733.000	212.000
734.000	221.000
735.000	228.000
736.000	182.000
737.000	197.000
738.000	197.000
739.000	192.000
740.000	194.000
741.000	191.000
742.000	213.000
743.000	207.000
744.000	186.000
745.000	201.000
746.000	194.000
747.000	209.000
748.000	228.000
749.000	228.000
750.000	217.000
751.000	208.000
752.000	214.000
753.000	244.000
754.000	190.000
755.000	236.000
756.000	213.000
757.000	206.000
758.000	181.000
759.000	200.000
760.000	213.000
761.000	234.000
762.000	218.000
763.000	244.000
764.000	231.000
765.000	218.000
766.000	206.000
767.000	241.000
768.000	227.000
769.000	231.000
770.000	235.000
771.000	273.000
772.000	236.000
773.000	234.000
774.000	264.000
775.000	235.000
776.000	227.000
777.000	231.000
778.000	266.000
779.000	247.000
780.000	253.000
781.000	217.000
782.000	242.000
783.000	233.000
784.000	229.000
785.000	233.000
786.000	257.000
787.000	247.000
788.000	248.000
789.000	237.000
790.000	268.000
791.000	242.000
792.000	222.000
793.000	249.000
794.000	205.000
795.000	228.000
796.000	240.000
797.000	238.000
798.000	230.000
799.000	248.000
800.000	230.000
801.000	236.000
802.000	221.000
803.000	242.000
804.000	251.000
805.000	235.000
806.000	259.000
807.000	226.000
808.000	248.000
809.000	250.000
810.000	250.000
811.000	300.000
812.000	232.000
813.000	265.000
814.000	233.000
815.000	238.000
816.000	273.000
817.000	285.000
818.000	254.000
819.000	258.000
820.000	260.000
821.000	255.000
822.000	273.000
823.000	274.000
824.000	250.000
825.000	235.000
826.000	281.000
827.000	253.000
828.000	245.000
829.000	310.000
830.000	274.000
831.000	255.000
832.000	274.000
833.000	280.000
834.000	243.000
835.000	262.000
836.000	260.000
837.000	279.000
838.000	285.000
839.000	309.000
840.000	281.000
841.000	286.000
842.000	253.000
843.000	258.000
844.000	291.000
845.000	272.000
846.000	301.000
847.000	298.000
848.000	319.000
849.000	295.000
850.000	279.000
851.000	287.000
852.000	312.000
853.000	333.000
854.000	331.000
855.000	326.000
856.000	342.000
857.000	307.000
858.000	330.000
859.000	333.000
860.000	329.000
861.000	332.000
862.000	334.000
863.000	356.000
864.000	365.000
865.000	359.000
866.000	395.000
867.000	385.000
868.000	397.000
869.000	446.000
870.000	399.000
871.000	412.000
872.000	470.000
873.000	444.000
874.000	429.000
875.000	475.000
876.000	514.000
877.000	514.000
878.000	538.000
879.000	564.000
880.000	590.000
881.000	600.000
882.000	730.000
883.000	668.000
884.000	766.000
885.000	868.000
886.000	843.000
887.000	953.000
888.000	967.000
889.000	993.000
890.000	1084.000
891.000	1112.000
892.000	1139.000
893.000	1229.000
894.000	1205.000
895.000	1289.000
896.000	1285.000
897.000	1361.000
898.000	1339.000
899.000	1315.000
900.000	1399.000
901.000	1336.000
902.000	1251.000
903.000	1277.000
904.000	1291.000
905.000	1205.000
906.000	1195.000
907.000	1118.000
908.000	1074.000
909.000	1065.000
910.000	1027.000
911.000	905.000
912.000	947.000
913.000	889.000
914.000	761.000
915.000	779.000
916.000	702.000
917.000	645.000
918.000	660.000
919.000	617.000
920.000	575.000
921.000	508.000
922.000	510.000
923.000	456.000
924.000	443.000
925.000	462.000
926.000	415.000
927.000	439.000
928.000	415.000
929.000	424.000
930.000	348.000
931.000	367.000
932.000	359.000
933.000	348.000
934.000	342.000
935.000	307.000
936.000	296.000
937.000	313.000
938.000	332.000
939.000	349.000
940.000	353.000
941.000	350.000
942.000	389.000
943.000	392.000
944.000	484.000
945.000	442.000
946.000	527.000
947.000	575.000
948.000	580.000
949.000	626.000
950.000	661.000
951.000	685.000
952.000	697.000
953.000	723.000
954.000	701.000
955.000	736.000
956.000	653.000
957.000	646.000
958.000	590.000
959.000	515.000
960.000	510.000
961.000	455.000
962.000	381.000
963.000	362.000
964.000	328.000
965.000	328.000
966.000	305.000
967.000	296.000
968.000	272.000
969.000	307.000
970.000	278.000
971.000	277.000
972.000	269.000
973.000	240.000
974.000	247.000
975.000	252.000
976.000	288.000
977.000	277.000
978.000	275.000
979.000	290.000
980.000	310.000
981.000	302.000
982.000	298.000
983.000	308.000
984.000	276.000
985.000	310.000
986.000	320.000
987.000	335.000
988.000	301.000
989.000	306.000
990.000	343.000
991.000	389.000
992.000	317.000
993.000	360.000
994.000	394.000
995.000	348.000
996.000	366.000
997.000	391.000
998.000	399.000
999.000	402.000
1000.000	370.000
1001.000	403.000
1002.000	430.000
1003.000	400.000
1004.000	428.000
1005.000	388.000
1006.000	382.000
1007.000	417.000
1008.000	389.000
1009.000	407.000
1010.000	392.000
1011.000	359.000
1012.000	365.000
1013.000	381.000
1014.000	349.000
1015.000	338.000
1016.000	338.000
1017.000	329.000
1018.000	289.000
1019.000	281.000
1020.000	281.000
1021.000	288.000
1022.000	295.000
1023.000	258.000
1024.000	237.000
