Date:	8/19/2008		Time:	9:02 AM		Version no:	0.00		Project name:	55		Sample name:	222		Section name:	section		Position	286.039995	mm	E0	0.000000	keV	E1	1.000000	keV/channel	sample surface	7.572084	cm	Tube anode:	Mo		Tube voltage:	30	kV	Tube current:	50	mA	gain	20		std. database			resultfile	result		matrix element	11		sample thickness	1.000000		air passage	0.560000	cm	comments	not in position		peaking_time	3.000000	m-sec	trigger_threshold	1229.166667	V	mca_bin_width	22.090000	no:	number_mca_channels	1024.000000	no:	gap_time	0.400000	m-sec	trigger_peaking_time	0.150000	m-sec	GAINDAC	9455		HIGHGAIN	1		TAURC	0		RCTAU	53		RCTAUFRAC	32768		livetime	9.718794	seconds	runtime	10.000502	seconds	input_count_rate	26.690761	cps	output_count_rate	20.596267	cps	triggers	259402	seconds	events_in_run	205973	seconds	channel	content		1.000	0.000
2.000	0.000
3.000	0.000
4.000	0.000
5.000	0.000
6.000	0.000
7.000	0.000
8.000	0.000
9.000	0.000
10.000	0.000
11.000	0.000
12.000	0.000
13.000	0.000
14.000	0.000
15.000	0.000
16.000	0.000
17.000	0.000
18.000	0.000
19.000	0.000
20.000	0.000
21.000	0.000
22.000	0.000
23.000	0.000
24.000	0.000
25.000	0.000
26.000	0.000
27.000	0.000
28.000	0.000
29.000	0.000
30.000	0.000
31.000	0.000
32.000	1.000
33.000	1.000
34.000	1.000
35.000	1.000
36.000	0.000
37.000	1.000
38.000	1.000
39.000	3.000
40.000	3.000
41.000	2.000
42.000	3.000
43.000	6.000
44.000	4.000
45.000	1.000
46.000	11.000
47.000	10.000
48.000	8.000
49.000	6.000
50.000	8.000
51.000	8.000
52.000	7.000
53.000	10.000
54.000	10.000
55.000	13.000
56.000	6.000
57.000	7.000
58.000	13.000
59.000	6.000
60.000	8.000
61.000	10.000
62.000	8.000
63.000	18.000
64.000	17.000
65.000	8.000
66.000	10.000
67.000	9.000
68.000	14.000
69.000	11.000
70.000	10.000
71.000	10.000
72.000	10.000
73.000	8.000
74.000	6.000
75.000	4.000
76.000	11.000
77.000	11.000
78.000	10.000
79.000	12.000
80.000	9.000
81.000	10.000
82.000	8.000
83.000	8.000
84.000	9.000
85.000	11.000
86.000	14.000
87.000	15.000
88.000	4.000
89.000	9.000
90.000	8.000
91.000	9.000
92.000	8.000
93.000	13.000
94.000	11.000
95.000	11.000
96.000	10.000
97.000	10.000
98.000	7.000
99.000	5.000
100.000	10.000
101.000	8.000
102.000	9.000
103.000	7.000
104.000	4.000
105.000	7.000
106.000	8.000
107.000	7.000
108.000	8.000
109.000	7.000
110.000	7.000
111.000	5.000
112.000	7.000
113.000	8.000
114.000	6.000
115.000	9.000
116.000	4.000
117.000	5.000
118.000	5.000
119.000	4.000
120.000	7.000
121.000	8.000
122.000	5.000
123.000	7.000
124.000	13.000
125.000	4.000
126.000	6.000
127.000	9.000
128.000	4.000
129.000	9.000
130.000	8.000
131.000	5.000
132.000	8.000
133.000	5.000
134.000	9.000
135.000	3.000
136.000	5.000
137.000	7.000
138.000	6.000
139.000	9.000
140.000	5.000
141.000	7.000
142.000	7.000
143.000	3.000
144.000	4.000
145.000	8.000
146.000	2.000
147.000	2.000
148.000	5.000
149.000	4.000
150.000	6.000
151.000	6.000
152.000	7.000
153.000	2.000
154.000	0.000
155.000	2.000
156.000	4.000
157.000	5.000
158.000	8.000
159.000	13.000
160.000	7.000
161.000	13.000
162.000	13.000
163.000	5.000
164.000	10.000
165.000	9.000
166.000	5.000
167.000	2.000
168.000	4.000
169.000	5.000
170.000	2.000
171.000	4.000
172.000	6.000
173.000	3.000
174.000	5.000
175.000	7.000
176.000	5.000
177.000	5.000
178.000	5.000
179.000	5.000
180.000	4.000
181.000	5.000
182.000	8.000
183.000	6.000
184.000	11.000
185.000	4.000
186.000	4.000
187.000	6.000
188.000	0.000
189.000	5.000
190.000	1.000
191.000	1.000
192.000	2.000
193.000	7.000
194.000	7.000
195.000	1.000
196.000	4.000
197.000	5.000
198.000	6.000
199.000	6.000
200.000	9.000
201.000	17.000
202.000	16.000
203.000	16.000
204.000	16.000
205.000	8.000
206.000	5.000
207.000	14.000
208.000	9.000
209.000	3.000
210.000	2.000
211.000	3.000
212.000	3.000
213.000	1.000
214.000	4.000
215.000	2.000
216.000	8.000
217.000	3.000
218.000	7.000
219.000	4.000
220.000	6.000
221.000	9.000
222.000	5.000
223.000	6.000
224.000	6.000
225.000	2.000
226.000	3.000
227.000	3.000
228.000	7.000
229.000	2.000
230.000	4.000
231.000	2.000
232.000	1.000
233.000	3.000
234.000	4.000
235.000	4.000
236.000	1.000
237.000	3.000
238.000	2.000
239.000	4.000
240.000	4.000
241.000	1.000
242.000	4.000
243.000	3.000
244.000	5.000
245.000	10.000
246.000	8.000
247.000	9.000
248.000	7.000
249.000	4.000
250.000	5.000
251.000	0.000
252.000	3.000
253.000	3.000
254.000	3.000
255.000	3.000
256.000	7.000
257.000	3.000
258.000	4.000
259.000	7.000
260.000	5.000
261.000	3.000
262.000	6.000
263.000	4.000
264.000	3.000
265.000	3.000
266.000	4.000
267.000	3.000
268.000	9.000
269.000	3.000
270.000	4.000
271.000	5.000
272.000	2.000
273.000	3.000
274.000	2.000
275.000	4.000
276.000	4.000
277.000	4.000
278.000	7.000
279.000	3.000
280.000	5.000
281.000	3.000
282.000	8.000
283.000	2.000
284.000	3.000
285.000	5.000
286.000	5.000
287.000	5.000
288.000	3.000
289.000	5.000
290.000	6.000
291.000	7.000
292.000	8.000
293.000	1.000
294.000	7.000
295.000	3.000
296.000	10.000
297.000	11.000
298.000	7.000
299.000	7.000
300.000	11.000
301.000	6.000
302.000	4.000
303.000	0.000
304.000	4.000
305.000	10.000
306.000	5.000
307.000	5.000
308.000	6.000
309.000	6.000
310.000	3.000
311.000	4.000
312.000	6.000
313.000	2.000
314.000	14.000
315.000	4.000
316.000	12.000
317.000	12.000
318.000	12.000
319.000	22.000
320.000	16.000
321.000	31.000
322.000	26.000
323.000	37.000
324.000	25.000
325.000	21.000
326.000	32.000
327.000	15.000
328.000	17.000
329.000	15.000
330.000	9.000
331.000	8.000
332.000	14.000
333.000	6.000
334.000	8.000
335.000	11.000
336.000	6.000
337.000	9.000
338.000	8.000
339.000	6.000
340.000	13.000
341.000	22.000
342.000	27.000
343.000	44.000
344.000	85.000
345.000	120.000
346.000	152.000
347.000	207.000
348.000	256.000
349.000	319.000
350.000	328.000
351.000	339.000
352.000	319.000
353.000	259.000
354.000	214.000
355.000	184.000
356.000	131.000
357.000	90.000
358.000	39.000
359.000	37.000
360.000	20.000
361.000	22.000
362.000	13.000
363.000	11.000
364.000	4.000
365.000	17.000
366.000	15.000
367.000	12.000
368.000	10.000
369.000	20.000
370.000	12.000
371.000	14.000
372.000	11.000
373.000	17.000
374.000	16.000
375.000	9.000
376.000	15.000
377.000	12.000
378.000	17.000
379.000	19.000
380.000	32.000
381.000	31.000
382.000	46.000
383.000	47.000
384.000	73.000
385.000	66.000
386.000	66.000
387.000	63.000
388.000	65.000
389.000	68.000
390.000	40.000
391.000	45.000
392.000	28.000
393.000	30.000
394.000	17.000
395.000	22.000
396.000	14.000
397.000	15.000
398.000	19.000
399.000	11.000
400.000	18.000
401.000	22.000
402.000	19.000
403.000	8.000
404.000	11.000
405.000	13.000
406.000	21.000
407.000	21.000
408.000	13.000
409.000	20.000
410.000	25.000
411.000	16.000
412.000	16.000
413.000	14.000
414.000	15.000
415.000	19.000
416.000	19.000
417.000	18.000
418.000	22.000
419.000	14.000
420.000	15.000
421.000	27.000
422.000	27.000
423.000	16.000
424.000	18.000
425.000	19.000
426.000	25.000
427.000	27.000
428.000	24.000
429.000	18.000
430.000	24.000
431.000	24.000
432.000	19.000
433.000	17.000
434.000	13.000
435.000	28.000
436.000	33.000
437.000	19.000
438.000	28.000
439.000	34.000
440.000	27.000
441.000	25.000
442.000	31.000
443.000	25.000
444.000	31.000
445.000	27.000
446.000	30.000
447.000	41.000
448.000	26.000
449.000	27.000
450.000	30.000
451.000	25.000
452.000	28.000
453.000	28.000
454.000	27.000
455.000	34.000
456.000	25.000
457.000	28.000
458.000	31.000
459.000	27.000
460.000	34.000
461.000	33.000
462.000	36.000
463.000	31.000
464.000	42.000
465.000	43.000
466.000	35.000
467.000	30.000
468.000	37.000
469.000	33.000
470.000	39.000
471.000	37.000
472.000	38.000
473.000	40.000
474.000	46.000
475.000	24.000
476.000	33.000
477.000	38.000
478.000	41.000
479.000	31.000
480.000	38.000
481.000	47.000
482.000	41.000
483.000	40.000
484.000	37.000
485.000	31.000
486.000	42.000
487.000	42.000
488.000	37.000
489.000	39.000
490.000	41.000
491.000	47.000
492.000	36.000
493.000	49.000
494.000	46.000
495.000	49.000
496.000	40.000
497.000	46.000
498.000	42.000
499.000	46.000
500.000	51.000
501.000	45.000
502.000	42.000
503.000	57.000
504.000	33.000
505.000	57.000
506.000	55.000
507.000	49.000
508.000	52.000
509.000	47.000
510.000	59.000
511.000	57.000
512.000	63.000
513.000	51.000
514.000	59.000
515.000	52.000
516.000	62.000
517.000	57.000
518.000	56.000
519.000	60.000
520.000	71.000
521.000	56.000
522.000	55.000
523.000	66.000
524.000	67.000
525.000	52.000
526.000	71.000
527.000	75.000
528.000	81.000
529.000	59.000
530.000	64.000
531.000	67.000
532.000	68.000
533.000	66.000
534.000	66.000
535.000	78.000
536.000	70.000
537.000	66.000
538.000	68.000
539.000	55.000
540.000	62.000
541.000	72.000
542.000	80.000
543.000	65.000
544.000	70.000
545.000	70.000
546.000	62.000
547.000	83.000
548.000	89.000
549.000	78.000
550.000	72.000
551.000	69.000
552.000	92.000
553.000	91.000
554.000	57.000
555.000	84.000
556.000	80.000
557.000	80.000
558.000	76.000
559.000	80.000
560.000	70.000
561.000	97.000
562.000	93.000
563.000	84.000
564.000	79.000
565.000	74.000
566.000	80.000
567.000	107.000
568.000	97.000
569.000	67.000
570.000	85.000
571.000	87.000
572.000	92.000
573.000	98.000
574.000	86.000
575.000	95.000
576.000	109.000
577.000	94.000
578.000	82.000
579.000	97.000
580.000	95.000
581.000	102.000
582.000	99.000
583.000	120.000
584.000	95.000
585.000	99.000
586.000	117.000
587.000	93.000
588.000	115.000
589.000	87.000
590.000	87.000
591.000	119.000
592.000	112.000
593.000	110.000
594.000	101.000
595.000	120.000
596.000	109.000
597.000	96.000
598.000	102.000
599.000	106.000
600.000	127.000
601.000	126.000
602.000	109.000
603.000	120.000
604.000	101.000
605.000	126.000
606.000	108.000
607.000	112.000
608.000	127.000
609.000	120.000
610.000	128.000
611.000	117.000
612.000	132.000
613.000	127.000
614.000	108.000
615.000	152.000
616.000	102.000
617.000	135.000
618.000	143.000
619.000	141.000
620.000	138.000
621.000	148.000
622.000	109.000
623.000	115.000
624.000	143.000
625.000	136.000
626.000	130.000
627.000	132.000
628.000	126.000
629.000	144.000
630.000	124.000
631.000	154.000
632.000	143.000
633.000	142.000
634.000	143.000
635.000	131.000
636.000	143.000
637.000	136.000
638.000	141.000
639.000	145.000
640.000	128.000
641.000	132.000
642.000	144.000
643.000	163.000
644.000	144.000
645.000	165.000
646.000	175.000
647.000	159.000
648.000	133.000
649.000	163.000
650.000	180.000
651.000	180.000
652.000	152.000
653.000	176.000
654.000	181.000
655.000	155.000
656.000	179.000
657.000	154.000
658.000	171.000
659.000	169.000
660.000	168.000
661.000	151.000
662.000	160.000
663.000	168.000
664.000	163.000
665.000	153.000
666.000	187.000
667.000	171.000
668.000	169.000
669.000	171.000
670.000	184.000
671.000	177.000
672.000	169.000
673.000	180.000
674.000	170.000
675.000	203.000
676.000	173.000
677.000	187.000
678.000	189.000
679.000	199.000
680.000	190.000
681.000	206.000
682.000	202.000
683.000	167.000
684.000	176.000
685.000	168.000
686.000	187.000
687.000	197.000
688.000	189.000
689.000	190.000
690.000	198.000
691.000	191.000
692.000	178.000
693.000	186.000
694.000	190.000
695.000	224.000
696.000	214.000
697.000	199.000
698.000	185.000
699.000	217.000
700.000	194.000
701.000	225.000
702.000	220.000
703.000	213.000
704.000	188.000
705.000	217.000
706.000	224.000
707.000	209.000
708.000	210.000
709.000	191.000
710.000	218.000
711.000	184.000
712.000	217.000
713.000	230.000
714.000	249.000
715.000	200.000
716.000	222.000
717.000	234.000
718.000	227.000
719.000	205.000
720.000	227.000
721.000	209.000
722.000	243.000
723.000	227.000
724.000	229.000
725.000	218.000
726.000	223.000
727.000	248.000
728.000	245.000
729.000	224.000
730.000	225.000
731.000	219.000
732.000	240.000
733.000	215.000
734.000	211.000
735.000	201.000
736.000	217.000
737.000	236.000
738.000	233.000
739.000	225.000
740.000	240.000
741.000	243.000
742.000	228.000
743.000	230.000
744.000	230.000
745.000	229.000
746.000	243.000
747.000	262.000
748.000	216.000
749.000	221.000
750.000	224.000
751.000	249.000
752.000	254.000
753.000	234.000
754.000	231.000
755.000	204.000
756.000	224.000
757.000	249.000
758.000	232.000
759.000	287.000
760.000	243.000
761.000	288.000
762.000	237.000
763.000	257.000
764.000	239.000
765.000	247.000
766.000	274.000
767.000	238.000
768.000	273.000
769.000	276.000
770.000	265.000
771.000	287.000
772.000	280.000
773.000	289.000
774.000	273.000
775.000	289.000
776.000	269.000
777.000	252.000
778.000	293.000
779.000	268.000
780.000	259.000
781.000	251.000
782.000	270.000
783.000	265.000
784.000	262.000
785.000	278.000
786.000	243.000
787.000	261.000
788.000	287.000
789.000	270.000
790.000	285.000
791.000	249.000
792.000	220.000
793.000	263.000
794.000	276.000
795.000	263.000
796.000	262.000
797.000	270.000
798.000	282.000
799.000	263.000
800.000	248.000
801.000	248.000
802.000	263.000
803.000	280.000
804.000	255.000
805.000	266.000
806.000	269.000
807.000	275.000
808.000	271.000
809.000	269.000
810.000	264.000
811.000	306.000
812.000	261.000
813.000	248.000
814.000	272.000
815.000	275.000
816.000	267.000
817.000	255.000
818.000	294.000
819.000	299.000
820.000	297.000
821.000	319.000
822.000	283.000
823.000	290.000
824.000	291.000
825.000	292.000
826.000	289.000
827.000	277.000
828.000	308.000
829.000	293.000
830.000	315.000
831.000	279.000
832.000	293.000
833.000	282.000
834.000	282.000
835.000	322.000
836.000	288.000
837.000	313.000
838.000	310.000
839.000	305.000
840.000	313.000
841.000	328.000
842.000	283.000
843.000	268.000
844.000	319.000
845.000	300.000
846.000	295.000
847.000	314.000
848.000	309.000
849.000	354.000
850.000	329.000
851.000	349.000
852.000	328.000
853.000	362.000
854.000	364.000
855.000	324.000
856.000	360.000
857.000	356.000
858.000	352.000
859.000	368.000
860.000	369.000
861.000	351.000
862.000	374.000
863.000	373.000
864.000	397.000
865.000	388.000
866.000	425.000
867.000	420.000
868.000	387.000
869.000	445.000
870.000	408.000
871.000	414.000
872.000	462.000
873.000	483.000
874.000	475.000
875.000	521.000
876.000	586.000
877.000	567.000
878.000	582.000
879.000	587.000
880.000	647.000
881.000	722.000
882.000	744.000
883.000	759.000
884.000	804.000
885.000	808.000
886.000	934.000
887.000	970.000
888.000	994.000
889.000	996.000
890.000	1101.000
891.000	1133.000
892.000	1243.000
893.000	1331.000
894.000	1322.000
895.000	1372.000
896.000	1405.000
897.000	1470.000
898.000	1399.000
899.000	1438.000
900.000	1430.000
901.000	1440.000
902.000	1400.000
903.000	1508.000
904.000	1382.000
905.000	1408.000
906.000	1321.000
907.000	1285.000
908.000	1263.000
909.000	1243.000
910.000	1142.000
911.000	1054.000
912.000	1085.000
913.000	975.000
914.000	974.000
915.000	824.000
916.000	800.000
917.000	758.000
918.000	731.000
919.000	699.000
920.000	603.000
921.000	620.000
922.000	566.000
923.000	557.000
924.000	542.000
925.000	485.000
926.000	481.000
927.000	456.000
928.000	447.000
929.000	415.000
930.000	394.000
931.000	395.000
932.000	399.000
933.000	365.000
934.000	352.000
935.000	411.000
936.000	338.000
937.000	356.000
938.000	369.000
939.000	352.000
940.000	354.000
941.000	399.000
942.000	375.000
943.000	413.000
944.000	471.000
945.000	480.000
946.000	520.000
947.000	556.000
948.000	626.000
949.000	635.000
950.000	718.000
951.000	741.000
952.000	812.000
953.000	772.000
954.000	755.000
955.000	791.000
956.000	725.000
957.000	723.000
958.000	665.000
959.000	606.000
960.000	531.000
961.000	502.000
962.000	456.000
963.000	396.000
964.000	388.000
965.000	340.000
966.000	308.000
967.000	321.000
968.000	303.000
969.000	266.000
970.000	304.000
971.000	285.000
972.000	283.000
973.000	296.000
974.000	292.000
975.000	272.000
976.000	285.000
977.000	291.000
978.000	275.000
979.000	286.000
980.000	316.000
981.000	301.000
982.000	333.000
983.000	305.000
984.000	315.000
985.000	343.000
986.000	322.000
987.000	342.000
988.000	325.000
989.000	350.000
990.000	352.000
991.000	360.000
992.000	406.000
993.000	401.000
994.000	438.000
995.000	401.000
996.000	396.000
997.000	442.000
998.000	410.000
999.000	442.000
1000.000	366.000
1001.000	432.000
1002.000	468.000
1003.000	417.000
1004.000	435.000
1005.000	431.000
1006.000	432.000
1007.000	411.000
1008.000	437.000
1009.000	421.000
1010.000	403.000
1011.000	377.000
1012.000	395.000
1013.000	379.000
1014.000	384.000
1015.000	353.000
1016.000	357.000
1017.000	347.000
1018.000	339.000
1019.000	320.000
1020.000	294.000
1021.000	301.000
1022.000	276.000
1023.000	244.000
1024.000	255.000
