Date:	8/19/2008		Time:	9:10 AM		Version no:	0.00		Project name:	55		Sample name:	222		Section name:	section		Position	372.039995	mm	E0	0.000000	keV	E1	1.000000	keV/channel	sample surface	7.581016	cm	Tube anode:	Mo		Tube voltage:	30	kV	Tube current:	50	mA	gain	20		std. database			resultfile	result		matrix element	11		sample thickness	1.000000		air passage	0.560000	cm	comments	not in position		peaking_time	3.000000	m-sec	trigger_threshold	1229.166667	V	mca_bin_width	22.090000	no:	number_mca_channels	1024.000000	no:	gap_time	0.400000	m-sec	trigger_peaking_time	0.150000	m-sec	GAINDAC	9455		HIGHGAIN	1		TAURC	0		RCTAU	53		RCTAUFRAC	32768		livetime	9.787858	seconds	runtime	10.000503	seconds	input_count_rate	21.449331	cps	output_count_rate	17.267131	cps	triggers	209943	seconds	events_in_run	172680	seconds	channel	content		1.000	0.000
2.000	0.000
3.000	0.000
4.000	0.000
5.000	0.000
6.000	0.000
7.000	0.000
8.000	0.000
9.000	0.000
10.000	0.000
11.000	0.000
12.000	0.000
13.000	0.000
14.000	0.000
15.000	0.000
16.000	0.000
17.000	0.000
18.000	0.000
19.000	0.000
20.000	0.000
21.000	0.000
22.000	0.000
23.000	0.000
24.000	0.000
25.000	0.000
26.000	0.000
27.000	0.000
28.000	0.000
29.000	0.000
30.000	0.000
31.000	1.000
32.000	0.000
33.000	0.000
34.000	0.000
35.000	3.000
36.000	1.000
37.000	2.000
38.000	0.000
39.000	2.000
40.000	2.000
41.000	4.000
42.000	1.000
43.000	4.000
44.000	4.000
45.000	2.000
46.000	8.000
47.000	4.000
48.000	6.000
49.000	12.000
50.000	8.000
51.000	8.000
52.000	9.000
53.000	14.000
54.000	8.000
55.000	8.000
56.000	7.000
57.000	5.000
58.000	9.000
59.000	9.000
60.000	7.000
61.000	7.000
62.000	7.000
63.000	9.000
64.000	8.000
65.000	10.000
66.000	9.000
67.000	8.000
68.000	10.000
69.000	8.000
70.000	5.000
71.000	11.000
72.000	11.000
73.000	7.000
74.000	16.000
75.000	10.000
76.000	11.000
77.000	6.000
78.000	7.000
79.000	7.000
80.000	7.000
81.000	4.000
82.000	9.000
83.000	12.000
84.000	10.000
85.000	8.000
86.000	6.000
87.000	4.000
88.000	5.000
89.000	9.000
90.000	6.000
91.000	8.000
92.000	5.000
93.000	8.000
94.000	11.000
95.000	4.000
96.000	5.000
97.000	5.000
98.000	7.000
99.000	9.000
100.000	4.000
101.000	11.000
102.000	7.000
103.000	2.000
104.000	2.000
105.000	4.000
106.000	6.000
107.000	7.000
108.000	4.000
109.000	6.000
110.000	6.000
111.000	2.000
112.000	6.000
113.000	6.000
114.000	4.000
115.000	5.000
116.000	7.000
117.000	2.000
118.000	5.000
119.000	5.000
120.000	4.000
121.000	5.000
122.000	7.000
123.000	7.000
124.000	5.000
125.000	6.000
126.000	11.000
127.000	6.000
128.000	11.000
129.000	6.000
130.000	7.000
131.000	8.000
132.000	8.000
133.000	7.000
134.000	5.000
135.000	6.000
136.000	1.000
137.000	4.000
138.000	3.000
139.000	5.000
140.000	6.000
141.000	3.000
142.000	6.000
143.000	3.000
144.000	4.000
145.000	2.000
146.000	4.000
147.000	3.000
148.000	6.000
149.000	4.000
150.000	4.000
151.000	4.000
152.000	6.000
153.000	4.000
154.000	2.000
155.000	3.000
156.000	2.000
157.000	6.000
158.000	2.000
159.000	4.000
160.000	10.000
161.000	17.000
162.000	6.000
163.000	9.000
164.000	10.000
165.000	9.000
166.000	13.000
167.000	5.000
168.000	3.000
169.000	2.000
170.000	2.000
171.000	4.000
172.000	3.000
173.000	8.000
174.000	2.000
175.000	3.000
176.000	2.000
177.000	4.000
178.000	4.000
179.000	6.000
180.000	9.000
181.000	4.000
182.000	9.000
183.000	2.000
184.000	4.000
185.000	4.000
186.000	4.000
187.000	3.000
188.000	3.000
189.000	3.000
190.000	3.000
191.000	1.000
192.000	4.000
193.000	5.000
194.000	2.000
195.000	5.000
196.000	2.000
197.000	6.000
198.000	3.000
199.000	10.000
200.000	8.000
201.000	8.000
202.000	13.000
203.000	11.000
204.000	12.000
205.000	10.000
206.000	7.000
207.000	5.000
208.000	5.000
209.000	3.000
210.000	4.000
211.000	1.000
212.000	2.000
213.000	3.000
214.000	2.000
215.000	1.000
216.000	2.000
217.000	4.000
218.000	5.000
219.000	4.000
220.000	3.000
221.000	2.000
222.000	5.000
223.000	7.000
224.000	6.000
225.000	3.000
226.000	7.000
227.000	4.000
228.000	1.000
229.000	3.000
230.000	1.000
231.000	1.000
232.000	1.000
233.000	0.000
234.000	1.000
235.000	5.000
236.000	1.000
237.000	2.000
238.000	6.000
239.000	2.000
240.000	4.000
241.000	5.000
242.000	6.000
243.000	5.000
244.000	4.000
245.000	7.000
246.000	1.000
247.000	8.000
248.000	5.000
249.000	8.000
250.000	5.000
251.000	6.000
252.000	2.000
253.000	3.000
254.000	4.000
255.000	7.000
256.000	5.000
257.000	3.000
258.000	2.000
259.000	6.000
260.000	7.000
261.000	3.000
262.000	1.000
263.000	5.000
264.000	3.000
265.000	2.000
266.000	2.000
267.000	3.000
268.000	8.000
269.000	8.000
270.000	5.000
271.000	1.000
272.000	3.000
273.000	4.000
274.000	2.000
275.000	3.000
276.000	2.000
277.000	4.000
278.000	2.000
279.000	4.000
280.000	5.000
281.000	3.000
282.000	5.000
283.000	3.000
284.000	4.000
285.000	5.000
286.000	2.000
287.000	8.000
288.000	3.000
289.000	3.000
290.000	3.000
291.000	3.000
292.000	1.000
293.000	4.000
294.000	10.000
295.000	7.000
296.000	7.000
297.000	4.000
298.000	10.000
299.000	9.000
300.000	6.000
301.000	6.000
302.000	6.000
303.000	4.000
304.000	9.000
305.000	7.000
306.000	7.000
307.000	4.000
308.000	10.000
309.000	2.000
310.000	3.000
311.000	6.000
312.000	7.000
313.000	6.000
314.000	6.000
315.000	8.000
316.000	8.000
317.000	8.000
318.000	10.000
319.000	22.000
320.000	16.000
321.000	23.000
322.000	29.000
323.000	28.000
324.000	23.000
325.000	28.000
326.000	19.000
327.000	10.000
328.000	17.000
329.000	5.000
330.000	5.000
331.000	6.000
332.000	7.000
333.000	8.000
334.000	7.000
335.000	8.000
336.000	6.000
337.000	6.000
338.000	8.000
339.000	11.000
340.000	14.000
341.000	22.000
342.000	28.000
343.000	59.000
344.000	86.000
345.000	138.000
346.000	212.000
347.000	283.000
348.000	350.000
349.000	393.000
350.000	439.000
351.000	437.000
352.000	444.000
353.000	378.000
354.000	296.000
355.000	223.000
356.000	137.000
357.000	109.000
358.000	64.000
359.000	46.000
360.000	30.000
361.000	18.000
362.000	20.000
363.000	17.000
364.000	11.000
365.000	12.000
366.000	4.000
367.000	14.000
368.000	6.000
369.000	11.000
370.000	12.000
371.000	8.000
372.000	8.000
373.000	8.000
374.000	17.000
375.000	14.000
376.000	13.000
377.000	13.000
378.000	15.000
379.000	22.000
380.000	25.000
381.000	32.000
382.000	54.000
383.000	62.000
384.000	66.000
385.000	82.000
386.000	71.000
387.000	97.000
388.000	89.000
389.000	84.000
390.000	51.000
391.000	56.000
392.000	34.000
393.000	23.000
394.000	32.000
395.000	16.000
396.000	19.000
397.000	13.000
398.000	8.000
399.000	10.000
400.000	10.000
401.000	17.000
402.000	14.000
403.000	12.000
404.000	13.000
405.000	18.000
406.000	11.000
407.000	10.000
408.000	11.000
409.000	8.000
410.000	8.000
411.000	19.000
412.000	9.000
413.000	13.000
414.000	14.000
415.000	15.000
416.000	9.000
417.000	16.000
418.000	17.000
419.000	13.000
420.000	12.000
421.000	11.000
422.000	17.000
423.000	17.000
424.000	16.000
425.000	16.000
426.000	16.000
427.000	21.000
428.000	18.000
429.000	19.000
430.000	16.000
431.000	19.000
432.000	15.000
433.000	27.000
434.000	17.000
435.000	14.000
436.000	13.000
437.000	25.000
438.000	19.000
439.000	28.000
440.000	22.000
441.000	27.000
442.000	21.000
443.000	26.000
444.000	24.000
445.000	37.000
446.000	24.000
447.000	25.000
448.000	27.000
449.000	30.000
450.000	22.000
451.000	22.000
452.000	24.000
453.000	28.000
454.000	35.000
455.000	21.000
456.000	20.000
457.000	30.000
458.000	31.000
459.000	26.000
460.000	29.000
461.000	26.000
462.000	22.000
463.000	33.000
464.000	23.000
465.000	24.000
466.000	32.000
467.000	20.000
468.000	20.000
469.000	21.000
470.000	24.000
471.000	31.000
472.000	30.000
473.000	30.000
474.000	32.000
475.000	31.000
476.000	24.000
477.000	28.000
478.000	29.000
479.000	31.000
480.000	25.000
481.000	33.000
482.000	36.000
483.000	26.000
484.000	32.000
485.000	31.000
486.000	26.000
487.000	39.000
488.000	35.000
489.000	24.000
490.000	24.000
491.000	35.000
492.000	31.000
493.000	28.000
494.000	28.000
495.000	25.000
496.000	26.000
497.000	37.000
498.000	28.000
499.000	40.000
500.000	37.000
501.000	31.000
502.000	26.000
503.000	36.000
504.000	28.000
505.000	39.000
506.000	38.000
507.000	41.000
508.000	42.000
509.000	38.000
510.000	49.000
511.000	42.000
512.000	51.000
513.000	41.000
514.000	40.000
515.000	45.000
516.000	48.000
517.000	49.000
518.000	49.000
519.000	55.000
520.000	39.000
521.000	47.000
522.000	47.000
523.000	55.000
524.000	42.000
525.000	52.000
526.000	49.000
527.000	39.000
528.000	35.000
529.000	58.000
530.000	46.000
531.000	39.000
532.000	35.000
533.000	39.000
534.000	58.000
535.000	52.000
536.000	68.000
537.000	47.000
538.000	46.000
539.000	54.000
540.000	66.000
541.000	47.000
542.000	59.000
543.000	47.000
544.000	59.000
545.000	64.000
546.000	48.000
547.000	62.000
548.000	62.000
549.000	57.000
550.000	57.000
551.000	57.000
552.000	67.000
553.000	54.000
554.000	54.000
555.000	67.000
556.000	66.000
557.000	74.000
558.000	65.000
559.000	75.000
560.000	69.000
561.000	82.000
562.000	54.000
563.000	67.000
564.000	69.000
565.000	68.000
566.000	60.000
567.000	69.000
568.000	56.000
569.000	55.000
570.000	81.000
571.000	57.000
572.000	76.000
573.000	70.000
574.000	70.000
575.000	87.000
576.000	67.000
577.000	85.000
578.000	61.000
579.000	77.000
580.000	62.000
581.000	76.000
582.000	79.000
583.000	66.000
584.000	77.000
585.000	77.000
586.000	76.000
587.000	78.000
588.000	69.000
589.000	87.000
590.000	79.000
591.000	75.000
592.000	86.000
593.000	77.000
594.000	89.000
595.000	108.000
596.000	77.000
597.000	93.000
598.000	97.000
599.000	97.000
600.000	105.000
601.000	84.000
602.000	102.000
603.000	90.000
604.000	70.000
605.000	102.000
606.000	86.000
607.000	77.000
608.000	80.000
609.000	92.000
610.000	93.000
611.000	97.000
612.000	95.000
613.000	103.000
614.000	84.000
615.000	93.000
616.000	102.000
617.000	106.000
618.000	104.000
619.000	96.000
620.000	100.000
621.000	99.000
622.000	105.000
623.000	127.000
624.000	104.000
625.000	90.000
626.000	97.000
627.000	94.000
628.000	109.000
629.000	98.000
630.000	94.000
631.000	107.000
632.000	101.000
633.000	107.000
634.000	102.000
635.000	107.000
636.000	105.000
637.000	118.000
638.000	118.000
639.000	127.000
640.000	134.000
641.000	135.000
642.000	118.000
643.000	133.000
644.000	115.000
645.000	130.000
646.000	120.000
647.000	122.000
648.000	132.000
649.000	134.000
650.000	120.000
651.000	124.000
652.000	133.000
653.000	139.000
654.000	121.000
655.000	122.000
656.000	128.000
657.000	139.000
658.000	125.000
659.000	130.000
660.000	129.000
661.000	115.000
662.000	103.000
663.000	117.000
664.000	145.000
665.000	147.000
666.000	139.000
667.000	158.000
668.000	137.000
669.000	135.000
670.000	125.000
671.000	139.000
672.000	151.000
673.000	160.000
674.000	151.000
675.000	141.000
676.000	147.000
677.000	157.000
678.000	148.000
679.000	131.000
680.000	152.000
681.000	164.000
682.000	157.000
683.000	166.000
684.000	159.000
685.000	145.000
686.000	156.000
687.000	159.000
688.000	133.000
689.000	152.000
690.000	164.000
691.000	156.000
692.000	153.000
693.000	142.000
694.000	167.000
695.000	176.000
696.000	145.000
697.000	146.000
698.000	156.000
699.000	158.000
700.000	177.000
701.000	148.000
702.000	165.000
703.000	168.000
704.000	152.000
705.000	166.000
706.000	189.000
707.000	164.000
708.000	173.000
709.000	173.000
710.000	184.000
711.000	165.000
712.000	171.000
713.000	172.000
714.000	191.000
715.000	152.000
716.000	163.000
717.000	180.000
718.000	196.000
719.000	181.000
720.000	165.000
721.000	150.000
722.000	179.000
723.000	191.000
724.000	180.000
725.000	182.000
726.000	197.000
727.000	167.000
728.000	161.000
729.000	205.000
730.000	191.000
731.000	153.000
732.000	176.000
733.000	185.000
734.000	204.000
735.000	178.000
736.000	178.000
737.000	186.000
738.000	177.000
739.000	205.000
740.000	159.000
741.000	185.000
742.000	205.000
743.000	181.000
744.000	186.000
745.000	178.000
746.000	184.000
747.000	194.000
748.000	190.000
749.000	203.000
750.000	160.000
751.000	174.000
752.000	193.000
753.000	189.000
754.000	197.000
755.000	215.000
756.000	230.000
757.000	173.000
758.000	211.000
759.000	175.000
760.000	183.000
761.000	188.000
762.000	162.000
763.000	198.000
764.000	216.000
765.000	225.000
766.000	215.000
767.000	201.000
768.000	231.000
769.000	227.000
770.000	210.000
771.000	200.000
772.000	224.000
773.000	224.000
774.000	226.000
775.000	218.000
776.000	203.000
777.000	246.000
778.000	202.000
779.000	238.000
780.000	213.000
781.000	219.000
782.000	180.000
783.000	204.000
784.000	209.000
785.000	209.000
786.000	201.000
787.000	205.000
788.000	219.000
789.000	221.000
790.000	227.000
791.000	216.000
792.000	222.000
793.000	210.000
794.000	229.000
795.000	204.000
796.000	228.000
797.000	207.000
798.000	207.000
799.000	231.000
800.000	242.000
801.000	233.000
802.000	227.000
803.000	221.000
804.000	220.000
805.000	193.000
806.000	219.000
807.000	219.000
808.000	230.000
809.000	207.000
810.000	248.000
811.000	224.000
812.000	227.000
813.000	236.000
814.000	227.000
815.000	253.000
816.000	224.000
817.000	252.000
818.000	232.000
819.000	220.000
820.000	257.000
821.000	242.000
822.000	263.000
823.000	246.000
824.000	246.000
825.000	237.000
826.000	243.000
827.000	237.000
828.000	213.000
829.000	255.000
830.000	236.000
831.000	256.000
832.000	260.000
833.000	257.000
834.000	266.000
835.000	233.000
836.000	239.000
837.000	253.000
838.000	246.000
839.000	258.000
840.000	270.000
841.000	244.000
842.000	257.000
843.000	276.000
844.000	297.000
845.000	284.000
846.000	279.000
847.000	271.000
848.000	243.000
849.000	308.000
850.000	296.000
851.000	270.000
852.000	272.000
853.000	283.000
854.000	298.000
855.000	290.000
856.000	323.000
857.000	277.000
858.000	301.000
859.000	324.000
860.000	286.000
861.000	325.000
862.000	303.000
863.000	312.000
864.000	350.000
865.000	340.000
866.000	347.000
867.000	319.000
868.000	330.000
869.000	350.000
870.000	328.000
871.000	352.000
872.000	359.000
873.000	372.000
874.000	416.000
875.000	417.000
876.000	472.000
877.000	454.000
878.000	468.000
879.000	491.000
880.000	521.000
881.000	548.000
882.000	578.000
883.000	638.000
884.000	678.000
885.000	693.000
886.000	775.000
887.000	829.000
888.000	807.000
889.000	925.000
890.000	977.000
891.000	930.000
892.000	1078.000
893.000	1080.000
894.000	1121.000
895.000	1148.000
896.000	1176.000
897.000	1175.000
898.000	1244.000
899.000	1188.000
900.000	1222.000
901.000	1231.000
902.000	1221.000
903.000	1173.000
904.000	1163.000
905.000	1117.000
906.000	1096.000
907.000	1062.000
908.000	1038.000
909.000	1006.000
910.000	941.000
911.000	869.000
912.000	850.000
913.000	817.000
914.000	762.000
915.000	721.000
916.000	691.000
917.000	633.000
918.000	574.000
919.000	554.000
920.000	534.000
921.000	528.000
922.000	498.000
923.000	452.000
924.000	456.000
925.000	431.000
926.000	358.000
927.000	362.000
928.000	343.000
929.000	328.000
930.000	342.000
931.000	310.000
932.000	350.000
933.000	288.000
934.000	303.000
935.000	304.000
936.000	306.000
937.000	285.000
938.000	293.000
939.000	278.000
940.000	307.000
941.000	331.000
942.000	341.000
943.000	354.000
944.000	416.000
945.000	441.000
946.000	476.000
947.000	518.000
948.000	521.000
949.000	564.000
950.000	648.000
951.000	662.000
952.000	637.000
953.000	677.000
954.000	715.000
955.000	657.000
956.000	638.000
957.000	616.000
958.000	572.000
959.000	480.000
960.000	480.000
961.000	412.000
962.000	372.000
963.000	343.000
964.000	315.000
965.000	285.000
966.000	267.000
967.000	301.000
968.000	279.000
969.000	255.000
970.000	263.000
971.000	261.000
972.000	231.000
973.000	231.000
974.000	226.000
975.000	222.000
976.000	231.000
977.000	261.000
978.000	235.000
979.000	253.000
980.000	279.000
981.000	252.000
982.000	292.000
983.000	270.000
984.000	244.000
985.000	265.000
986.000	269.000
987.000	260.000
988.000	299.000
989.000	281.000
990.000	318.000
991.000	288.000
992.000	338.000
993.000	337.000
994.000	378.000
995.000	361.000
996.000	366.000
997.000	366.000
998.000	363.000
999.000	401.000
1000.000	356.000
1001.000	388.000
1002.000	366.000
1003.000	392.000
1004.000	357.000
1005.000	358.000
1006.000	386.000
1007.000	366.000
1008.000	365.000
1009.000	370.000
1010.000	311.000
1011.000	332.000
1012.000	329.000
1013.000	340.000
1014.000	313.000
1015.000	294.000
1016.000	305.000
1017.000	290.000
1018.000	292.000
1019.000	266.000
1020.000	250.000
1021.000	251.000
1022.000	242.000
1023.000	224.000
1024.000	220.000
