Date:	8/19/2008		Time:	9:40 AM		Version no:	0.00		Project name:	55		Sample name:	222		Section name:	section		Position	688.039995	mm	E0	0.000000	keV	E1	1.000000	keV/channel	sample surface	7.665953	cm	Tube anode:	Mo		Tube voltage:	30	kV	Tube current:	50	mA	gain	20		std. database			resultfile	result		matrix element	11		sample thickness	1.000000		air passage	0.560000	cm	comments	in position		peaking_time	3.000000	m-sec	trigger_threshold	1229.166667	V	mca_bin_width	22.090000	no:	number_mca_channels	1024.000000	no:	gap_time	0.400000	m-sec	trigger_peaking_time	0.150000	m-sec	GAINDAC	9455		HIGHGAIN	1		TAURC	0		RCTAU	53		RCTAUFRAC	32768		livetime	9.742307	seconds	runtime	10.000502	seconds	input_count_rate	24.848631	cps	output_count_rate	19.494622	cps	triggers	242083	seconds	events_in_run	194956	seconds	channel	content		1.000	0.000
2.000	0.000
3.000	0.000
4.000	0.000
5.000	0.000
6.000	0.000
7.000	0.000
8.000	0.000
9.000	0.000
10.000	0.000
11.000	0.000
12.000	0.000
13.000	0.000
14.000	0.000
15.000	0.000
16.000	0.000
17.000	0.000
18.000	0.000
19.000	0.000
20.000	0.000
21.000	0.000
22.000	0.000
23.000	0.000
24.000	0.000
25.000	0.000
26.000	0.000
27.000	0.000
28.000	0.000
29.000	0.000
30.000	0.000
31.000	1.000
32.000	1.000
33.000	0.000
34.000	2.000
35.000	1.000
36.000	1.000
37.000	5.000
38.000	3.000
39.000	5.000
40.000	2.000
41.000	4.000
42.000	7.000
43.000	6.000
44.000	7.000
45.000	2.000
46.000	4.000
47.000	10.000
48.000	13.000
49.000	4.000
50.000	7.000
51.000	3.000
52.000	5.000
53.000	8.000
54.000	8.000
55.000	12.000
56.000	7.000
57.000	12.000
58.000	6.000
59.000	8.000
60.000	8.000
61.000	8.000
62.000	12.000
63.000	16.000
64.000	9.000
65.000	13.000
66.000	7.000
67.000	12.000
68.000	10.000
69.000	8.000
70.000	9.000
71.000	10.000
72.000	9.000
73.000	12.000
74.000	11.000
75.000	11.000
76.000	14.000
77.000	9.000
78.000	6.000
79.000	10.000
80.000	7.000
81.000	9.000
82.000	16.000
83.000	10.000
84.000	5.000
85.000	11.000
86.000	6.000
87.000	1.000
88.000	8.000
89.000	6.000
90.000	7.000
91.000	5.000
92.000	11.000
93.000	7.000
94.000	10.000
95.000	6.000
96.000	7.000
97.000	12.000
98.000	6.000
99.000	3.000
100.000	6.000
101.000	6.000
102.000	5.000
103.000	5.000
104.000	11.000
105.000	9.000
106.000	4.000
107.000	7.000
108.000	6.000
109.000	4.000
110.000	8.000
111.000	9.000
112.000	4.000
113.000	4.000
114.000	7.000
115.000	5.000
116.000	13.000
117.000	6.000
118.000	3.000
119.000	9.000
120.000	10.000
121.000	7.000
122.000	7.000
123.000	8.000
124.000	2.000
125.000	10.000
126.000	3.000
127.000	9.000
128.000	13.000
129.000	7.000
130.000	9.000
131.000	8.000
132.000	6.000
133.000	11.000
134.000	8.000
135.000	2.000
136.000	11.000
137.000	3.000
138.000	7.000
139.000	8.000
140.000	4.000
141.000	1.000
142.000	7.000
143.000	4.000
144.000	5.000
145.000	3.000
146.000	6.000
147.000	1.000
148.000	4.000
149.000	6.000
150.000	3.000
151.000	2.000
152.000	4.000
153.000	3.000
154.000	8.000
155.000	2.000
156.000	3.000
157.000	5.000
158.000	4.000
159.000	5.000
160.000	8.000
161.000	6.000
162.000	8.000
163.000	11.000
164.000	10.000
165.000	6.000
166.000	5.000
167.000	2.000
168.000	5.000
169.000	7.000
170.000	1.000
171.000	7.000
172.000	6.000
173.000	3.000
174.000	5.000
175.000	3.000
176.000	11.000
177.000	5.000
178.000	4.000
179.000	4.000
180.000	5.000
181.000	7.000
182.000	7.000
183.000	9.000
184.000	6.000
185.000	8.000
186.000	2.000
187.000	5.000
188.000	2.000
189.000	2.000
190.000	11.000
191.000	6.000
192.000	2.000
193.000	3.000
194.000	4.000
195.000	1.000
196.000	9.000
197.000	5.000
198.000	4.000
199.000	6.000
200.000	15.000
201.000	11.000
202.000	18.000
203.000	11.000
204.000	15.000
205.000	8.000
206.000	16.000
207.000	9.000
208.000	1.000
209.000	2.000
210.000	5.000
211.000	6.000
212.000	1.000
213.000	1.000
214.000	4.000
215.000	3.000
216.000	7.000
217.000	6.000
218.000	5.000
219.000	5.000
220.000	0.000
221.000	7.000
222.000	5.000
223.000	0.000
224.000	4.000
225.000	3.000
226.000	4.000
227.000	3.000
228.000	0.000
229.000	3.000
230.000	3.000
231.000	1.000
232.000	4.000
233.000	1.000
234.000	7.000
235.000	2.000
236.000	1.000
237.000	6.000
238.000	1.000
239.000	5.000
240.000	3.000
241.000	4.000
242.000	3.000
243.000	5.000
244.000	3.000
245.000	7.000
246.000	12.000
247.000	7.000
248.000	15.000
249.000	8.000
250.000	10.000
251.000	9.000
252.000	6.000
253.000	7.000
254.000	6.000
255.000	5.000
256.000	7.000
257.000	2.000
258.000	4.000
259.000	2.000
260.000	8.000
261.000	6.000
262.000	5.000
263.000	6.000
264.000	3.000
265.000	2.000
266.000	2.000
267.000	4.000
268.000	4.000
269.000	1.000
270.000	5.000
271.000	8.000
272.000	4.000
273.000	5.000
274.000	5.000
275.000	5.000
276.000	7.000
277.000	5.000
278.000	2.000
279.000	3.000
280.000	4.000
281.000	4.000
282.000	4.000
283.000	5.000
284.000	6.000
285.000	4.000
286.000	2.000
287.000	7.000
288.000	4.000
289.000	3.000
290.000	6.000
291.000	5.000
292.000	7.000
293.000	5.000
294.000	3.000
295.000	5.000
296.000	3.000
297.000	8.000
298.000	8.000
299.000	4.000
300.000	7.000
301.000	5.000
302.000	3.000
303.000	3.000
304.000	3.000
305.000	6.000
306.000	5.000
307.000	4.000
308.000	3.000
309.000	3.000
310.000	7.000
311.000	4.000
312.000	3.000
313.000	5.000
314.000	4.000
315.000	3.000
316.000	7.000
317.000	14.000
318.000	10.000
319.000	17.000
320.000	18.000
321.000	21.000
322.000	32.000
323.000	31.000
324.000	31.000
325.000	36.000
326.000	24.000
327.000	21.000
328.000	11.000
329.000	14.000
330.000	8.000
331.000	8.000
332.000	10.000
333.000	5.000
334.000	12.000
335.000	9.000
336.000	10.000
337.000	13.000
338.000	7.000
339.000	12.000
340.000	13.000
341.000	13.000
342.000	28.000
343.000	56.000
344.000	79.000
345.000	122.000
346.000	182.000
347.000	243.000
348.000	324.000
349.000	387.000
350.000	405.000
351.000	444.000
352.000	393.000
353.000	338.000
354.000	273.000
355.000	181.000
356.000	158.000
357.000	101.000
358.000	52.000
359.000	37.000
360.000	24.000
361.000	15.000
362.000	12.000
363.000	9.000
364.000	17.000
365.000	18.000
366.000	12.000
367.000	4.000
368.000	8.000
369.000	10.000
370.000	15.000
371.000	13.000
372.000	6.000
373.000	18.000
374.000	16.000
375.000	9.000
376.000	12.000
377.000	12.000
378.000	27.000
379.000	26.000
380.000	22.000
381.000	38.000
382.000	45.000
383.000	65.000
384.000	78.000
385.000	80.000
386.000	86.000
387.000	94.000
388.000	85.000
389.000	70.000
390.000	53.000
391.000	42.000
392.000	35.000
393.000	33.000
394.000	11.000
395.000	15.000
396.000	21.000
397.000	13.000
398.000	16.000
399.000	17.000
400.000	12.000
401.000	12.000
402.000	12.000
403.000	17.000
404.000	29.000
405.000	12.000
406.000	17.000
407.000	19.000
408.000	18.000
409.000	11.000
410.000	15.000
411.000	22.000
412.000	19.000
413.000	16.000
414.000	17.000
415.000	13.000
416.000	13.000
417.000	13.000
418.000	15.000
419.000	29.000
420.000	14.000
421.000	15.000
422.000	16.000
423.000	22.000
424.000	31.000
425.000	25.000
426.000	17.000
427.000	18.000
428.000	22.000
429.000	7.000
430.000	21.000
431.000	20.000
432.000	19.000
433.000	19.000
434.000	27.000
435.000	20.000
436.000	28.000
437.000	18.000
438.000	28.000
439.000	20.000
440.000	26.000
441.000	28.000
442.000	23.000
443.000	27.000
444.000	31.000
445.000	18.000
446.000	24.000
447.000	27.000
448.000	16.000
449.000	25.000
450.000	31.000
451.000	24.000
452.000	29.000
453.000	27.000
454.000	30.000
455.000	30.000
456.000	24.000
457.000	31.000
458.000	26.000
459.000	32.000
460.000	24.000
461.000	23.000
462.000	25.000
463.000	43.000
464.000	36.000
465.000	30.000
466.000	36.000
467.000	37.000
468.000	26.000
469.000	37.000
470.000	34.000
471.000	28.000
472.000	29.000
473.000	42.000
474.000	42.000
475.000	36.000
476.000	41.000
477.000	40.000
478.000	37.000
479.000	43.000
480.000	32.000
481.000	25.000
482.000	29.000
483.000	35.000
484.000	34.000
485.000	51.000
486.000	35.000
487.000	39.000
488.000	37.000
489.000	43.000
490.000	30.000
491.000	37.000
492.000	41.000
493.000	31.000
494.000	44.000
495.000	48.000
496.000	48.000
497.000	33.000
498.000	50.000
499.000	42.000
500.000	52.000
501.000	38.000
502.000	45.000
503.000	47.000
504.000	41.000
505.000	49.000
506.000	48.000
507.000	50.000
508.000	58.000
509.000	48.000
510.000	58.000
511.000	63.000
512.000	46.000
513.000	45.000
514.000	59.000
515.000	55.000
516.000	48.000
517.000	55.000
518.000	58.000
519.000	60.000
520.000	53.000
521.000	58.000
522.000	60.000
523.000	64.000
524.000	63.000
525.000	70.000
526.000	67.000
527.000	66.000
528.000	68.000
529.000	66.000
530.000	51.000
531.000	60.000
532.000	63.000
533.000	77.000
534.000	60.000
535.000	54.000
536.000	56.000
537.000	62.000
538.000	53.000
539.000	75.000
540.000	65.000
541.000	63.000
542.000	69.000
543.000	72.000
544.000	65.000
545.000	56.000
546.000	59.000
547.000	60.000
548.000	93.000
549.000	87.000
550.000	75.000
551.000	63.000
552.000	72.000
553.000	86.000
554.000	74.000
555.000	73.000
556.000	82.000
557.000	74.000
558.000	72.000
559.000	70.000
560.000	79.000
561.000	97.000
562.000	81.000
563.000	87.000
564.000	95.000
565.000	77.000
566.000	87.000
567.000	93.000
568.000	100.000
569.000	96.000
570.000	98.000
571.000	76.000
572.000	80.000
573.000	88.000
574.000	76.000
575.000	98.000
576.000	83.000
577.000	91.000
578.000	95.000
579.000	82.000
580.000	97.000
581.000	92.000
582.000	103.000
583.000	99.000
584.000	98.000
585.000	112.000
586.000	92.000
587.000	88.000
588.000	88.000
589.000	81.000
590.000	112.000
591.000	87.000
592.000	94.000
593.000	114.000
594.000	102.000
595.000	117.000
596.000	112.000
597.000	107.000
598.000	90.000
599.000	84.000
600.000	124.000
601.000	107.000
602.000	94.000
603.000	123.000
604.000	121.000
605.000	117.000
606.000	120.000
607.000	106.000
608.000	101.000
609.000	116.000
610.000	126.000
611.000	121.000
612.000	115.000
613.000	128.000
614.000	113.000
615.000	125.000
616.000	125.000
617.000	134.000
618.000	132.000
619.000	137.000
620.000	139.000
621.000	129.000
622.000	123.000
623.000	131.000
624.000	157.000
625.000	127.000
626.000	128.000
627.000	136.000
628.000	131.000
629.000	120.000
630.000	128.000
631.000	131.000
632.000	142.000
633.000	138.000
634.000	130.000
635.000	158.000
636.000	146.000
637.000	147.000
638.000	179.000
639.000	121.000
640.000	125.000
641.000	144.000
642.000	143.000
643.000	148.000
644.000	151.000
645.000	138.000
646.000	164.000
647.000	147.000
648.000	154.000
649.000	168.000
650.000	155.000
651.000	169.000
652.000	178.000
653.000	172.000
654.000	148.000
655.000	179.000
656.000	147.000
657.000	144.000
658.000	154.000
659.000	179.000
660.000	154.000
661.000	154.000
662.000	157.000
663.000	181.000
664.000	158.000
665.000	158.000
666.000	165.000
667.000	156.000
668.000	164.000
669.000	153.000
670.000	167.000
671.000	202.000
672.000	169.000
673.000	170.000
674.000	184.000
675.000	159.000
676.000	154.000
677.000	186.000
678.000	180.000
679.000	182.000
680.000	153.000
681.000	163.000
682.000	151.000
683.000	168.000
684.000	192.000
685.000	169.000
686.000	181.000
687.000	172.000
688.000	177.000
689.000	173.000
690.000	192.000
691.000	184.000
692.000	172.000
693.000	189.000
694.000	188.000
695.000	197.000
696.000	192.000
697.000	196.000
698.000	176.000
699.000	186.000
700.000	201.000
701.000	187.000
702.000	198.000
703.000	198.000
704.000	199.000
705.000	157.000
706.000	164.000
707.000	211.000
708.000	210.000
709.000	211.000
710.000	199.000
711.000	182.000
712.000	200.000
713.000	208.000
714.000	197.000
715.000	208.000
716.000	221.000
717.000	199.000
718.000	202.000
719.000	210.000
720.000	197.000
721.000	204.000
722.000	197.000
723.000	212.000
724.000	213.000
725.000	213.000
726.000	201.000
727.000	200.000
728.000	227.000
729.000	181.000
730.000	210.000
731.000	223.000
732.000	224.000
733.000	224.000
734.000	243.000
735.000	210.000
736.000	208.000
737.000	219.000
738.000	224.000
739.000	243.000
740.000	229.000
741.000	204.000
742.000	203.000
743.000	238.000
744.000	222.000
745.000	219.000
746.000	227.000
747.000	219.000
748.000	219.000
749.000	196.000
750.000	228.000
751.000	251.000
752.000	232.000
753.000	202.000
754.000	226.000
755.000	212.000
756.000	237.000
757.000	242.000
758.000	227.000
759.000	249.000
760.000	233.000
761.000	235.000
762.000	217.000
763.000	211.000
764.000	243.000
765.000	223.000
766.000	218.000
767.000	239.000
768.000	248.000
769.000	231.000
770.000	269.000
771.000	267.000
772.000	246.000
773.000	267.000
774.000	255.000
775.000	253.000
776.000	256.000
777.000	261.000
778.000	282.000
779.000	235.000
780.000	244.000
781.000	216.000
782.000	224.000
783.000	217.000
784.000	240.000
785.000	225.000
786.000	272.000
787.000	225.000
788.000	235.000
789.000	238.000
790.000	249.000
791.000	243.000
792.000	246.000
793.000	241.000
794.000	222.000
795.000	253.000
796.000	245.000
797.000	267.000
798.000	252.000
799.000	247.000
800.000	222.000
801.000	236.000
802.000	265.000
803.000	253.000
804.000	257.000
805.000	259.000
806.000	254.000
807.000	250.000
808.000	250.000
809.000	248.000
810.000	256.000
811.000	270.000
812.000	259.000
813.000	261.000
814.000	274.000
815.000	278.000
816.000	286.000
817.000	263.000
818.000	255.000
819.000	283.000
820.000	283.000
821.000	243.000
822.000	294.000
823.000	259.000
824.000	284.000
825.000	275.000
826.000	289.000
827.000	266.000
828.000	279.000
829.000	286.000
830.000	281.000
831.000	286.000
832.000	280.000
833.000	280.000
834.000	261.000
835.000	311.000
836.000	300.000
837.000	269.000
838.000	302.000
839.000	310.000
840.000	283.000
841.000	249.000
842.000	332.000
843.000	285.000
844.000	294.000
845.000	290.000
846.000	302.000
847.000	310.000
848.000	327.000
849.000	320.000
850.000	314.000
851.000	329.000
852.000	340.000
853.000	288.000
854.000	326.000
855.000	347.000
856.000	328.000
857.000	318.000
858.000	277.000
859.000	336.000
860.000	380.000
861.000	361.000
862.000	312.000
863.000	323.000
864.000	337.000
865.000	390.000
866.000	384.000
867.000	371.000
868.000	396.000
869.000	419.000
870.000	420.000
871.000	417.000
872.000	427.000
873.000	478.000
874.000	485.000
875.000	508.000
876.000	432.000
877.000	535.000
878.000	559.000
879.000	614.000
880.000	558.000
881.000	635.000
882.000	649.000
883.000	663.000
884.000	737.000
885.000	863.000
886.000	879.000
887.000	965.000
888.000	964.000
889.000	1011.000
890.000	1078.000
891.000	1089.000
892.000	1123.000
893.000	1154.000
894.000	1308.000
895.000	1282.000
896.000	1334.000
897.000	1356.000
898.000	1395.000
899.000	1315.000
900.000	1331.000
901.000	1339.000
902.000	1322.000
903.000	1328.000
904.000	1272.000
905.000	1351.000
906.000	1253.000
907.000	1228.000
908.000	1192.000
909.000	1115.000
910.000	1127.000
911.000	1019.000
912.000	922.000
913.000	926.000
914.000	860.000
915.000	768.000
916.000	759.000
917.000	701.000
918.000	673.000
919.000	674.000
920.000	623.000
921.000	575.000
922.000	540.000
923.000	506.000
924.000	455.000
925.000	435.000
926.000	444.000
927.000	411.000
928.000	372.000
929.000	434.000
930.000	380.000
931.000	412.000
932.000	361.000
933.000	331.000
934.000	344.000
935.000	307.000
936.000	338.000
937.000	328.000
938.000	330.000
939.000	340.000
940.000	387.000
941.000	371.000
942.000	355.000
943.000	415.000
944.000	406.000
945.000	477.000
946.000	518.000
947.000	557.000
948.000	592.000
949.000	664.000
950.000	671.000
951.000	698.000
952.000	752.000
953.000	740.000
954.000	776.000
955.000	700.000
956.000	677.000
957.000	640.000
958.000	569.000
959.000	528.000
960.000	526.000
961.000	442.000
962.000	448.000
963.000	338.000
964.000	327.000
965.000	321.000
966.000	286.000
967.000	284.000
968.000	273.000
969.000	260.000
970.000	245.000
971.000	253.000
972.000	286.000
973.000	256.000
974.000	250.000
975.000	295.000
976.000	286.000
977.000	275.000
978.000	251.000
979.000	276.000
980.000	269.000
981.000	284.000
982.000	296.000
983.000	266.000
984.000	275.000
985.000	321.000
986.000	323.000
987.000	313.000
988.000	291.000
989.000	334.000
990.000	365.000
991.000	361.000
992.000	370.000
993.000	360.000
994.000	392.000
995.000	357.000
996.000	374.000
997.000	405.000
998.000	389.000
999.000	412.000
1000.000	422.000
1001.000	425.000
1002.000	420.000
1003.000	412.000
1004.000	383.000
1005.000	431.000
1006.000	433.000
1007.000	380.000
1008.000	401.000
1009.000	395.000
1010.000	389.000
1011.000	380.000
1012.000	377.000
1013.000	337.000
1014.000	355.000
1015.000	319.000
1016.000	327.000
1017.000	325.000
1018.000	312.000
1019.000	315.000
1020.000	306.000
1021.000	304.000
1022.000	276.000
1023.000	253.000
1024.000	241.000
