Date:	8/19/2008		Time:	8:49 AM		Version no:	0.00		Project name:	55		Sample name:	222		Section name:	section		Position	152.039995	mm	E0	0.000000	keV	E1	1.000000	keV/channel	sample surface	7.573696	cm	Tube anode:	Mo		Tube voltage:	30	kV	Tube current:	50	mA	gain	20		std. database			resultfile	result		matrix element	11		sample thickness	1.000000		air passage	0.560000	cm	comments	not in position		peaking_time	3.000000	m-sec	trigger_threshold	1229.166667	V	mca_bin_width	22.090000	no:	number_mca_channels	1024.000000	no:	gap_time	0.400000	m-sec	trigger_peaking_time	0.150000	m-sec	GAINDAC	9455		HIGHGAIN	1		TAURC	0		RCTAU	53		RCTAUFRAC	32768		livetime	9.673302	seconds	runtime	10.000502	seconds	input_count_rate	30.884696	cps	output_count_rate	23.078042	cps	triggers	298757	seconds	events_in_run	230792	seconds	channel	content		1.000	0.000
2.000	0.000
3.000	0.000
4.000	0.000
5.000	0.000
6.000	0.000
7.000	0.000
8.000	0.000
9.000	0.000
10.000	0.000
11.000	0.000
12.000	0.000
13.000	0.000
14.000	0.000
15.000	0.000
16.000	0.000
17.000	0.000
18.000	0.000
19.000	0.000
20.000	0.000
21.000	0.000
22.000	0.000
23.000	0.000
24.000	0.000
25.000	0.000
26.000	0.000
27.000	0.000
28.000	0.000
29.000	0.000
30.000	0.000
31.000	1.000
32.000	1.000
33.000	0.000
34.000	0.000
35.000	0.000
36.000	3.000
37.000	1.000
38.000	1.000
39.000	2.000
40.000	2.000
41.000	1.000
42.000	5.000
43.000	3.000
44.000	0.000
45.000	6.000
46.000	4.000
47.000	9.000
48.000	6.000
49.000	7.000
50.000	2.000
51.000	9.000
52.000	10.000
53.000	8.000
54.000	11.000
55.000	10.000
56.000	11.000
57.000	9.000
58.000	13.000
59.000	11.000
60.000	7.000
61.000	16.000
62.000	6.000
63.000	10.000
64.000	7.000
65.000	7.000
66.000	9.000
67.000	9.000
68.000	8.000
69.000	9.000
70.000	17.000
71.000	9.000
72.000	9.000
73.000	18.000
74.000	9.000
75.000	5.000
76.000	7.000
77.000	10.000
78.000	3.000
79.000	8.000
80.000	10.000
81.000	6.000
82.000	6.000
83.000	15.000
84.000	9.000
85.000	7.000
86.000	10.000
87.000	12.000
88.000	6.000
89.000	3.000
90.000	8.000
91.000	6.000
92.000	12.000
93.000	3.000
94.000	7.000
95.000	5.000
96.000	10.000
97.000	10.000
98.000	7.000
99.000	4.000
100.000	7.000
101.000	6.000
102.000	7.000
103.000	8.000
104.000	8.000
105.000	12.000
106.000	7.000
107.000	10.000
108.000	10.000
109.000	9.000
110.000	6.000
111.000	8.000
112.000	11.000
113.000	6.000
114.000	7.000
115.000	5.000
116.000	7.000
117.000	14.000
118.000	7.000
119.000	13.000
120.000	6.000
121.000	1.000
122.000	8.000
123.000	5.000
124.000	8.000
125.000	9.000
126.000	13.000
127.000	10.000
128.000	8.000
129.000	12.000
130.000	6.000
131.000	6.000
132.000	8.000
133.000	11.000
134.000	11.000
135.000	6.000
136.000	3.000
137.000	3.000
138.000	6.000
139.000	4.000
140.000	2.000
141.000	8.000
142.000	3.000
143.000	10.000
144.000	4.000
145.000	7.000
146.000	9.000
147.000	6.000
148.000	6.000
149.000	5.000
150.000	2.000
151.000	4.000
152.000	7.000
153.000	2.000
154.000	4.000
155.000	4.000
156.000	9.000
157.000	8.000
158.000	4.000
159.000	3.000
160.000	9.000
161.000	3.000
162.000	10.000
163.000	11.000
164.000	7.000
165.000	9.000
166.000	4.000
167.000	4.000
168.000	7.000
169.000	6.000
170.000	5.000
171.000	2.000
172.000	2.000
173.000	6.000
174.000	7.000
175.000	7.000
176.000	1.000
177.000	4.000
178.000	5.000
179.000	3.000
180.000	10.000
181.000	10.000
182.000	6.000
183.000	12.000
184.000	5.000
185.000	10.000
186.000	1.000
187.000	7.000
188.000	2.000
189.000	3.000
190.000	3.000
191.000	7.000
192.000	4.000
193.000	1.000
194.000	10.000
195.000	7.000
196.000	7.000
197.000	7.000
198.000	12.000
199.000	20.000
200.000	22.000
201.000	22.000
202.000	30.000
203.000	28.000
204.000	32.000
205.000	16.000
206.000	19.000
207.000	15.000
208.000	11.000
209.000	4.000
210.000	3.000
211.000	2.000
212.000	4.000
213.000	7.000
214.000	5.000
215.000	8.000
216.000	1.000
217.000	5.000
218.000	3.000
219.000	5.000
220.000	6.000
221.000	4.000
222.000	7.000
223.000	4.000
224.000	4.000
225.000	5.000
226.000	6.000
227.000	5.000
228.000	5.000
229.000	4.000
230.000	6.000
231.000	2.000
232.000	2.000
233.000	3.000
234.000	7.000
235.000	5.000
236.000	4.000
237.000	4.000
238.000	1.000
239.000	2.000
240.000	5.000
241.000	10.000
242.000	5.000
243.000	8.000
244.000	7.000
245.000	15.000
246.000	13.000
247.000	19.000
248.000	18.000
249.000	22.000
250.000	13.000
251.000	9.000
252.000	9.000
253.000	12.000
254.000	11.000
255.000	7.000
256.000	9.000
257.000	8.000
258.000	6.000
259.000	2.000
260.000	6.000
261.000	6.000
262.000	4.000
263.000	8.000
264.000	4.000
265.000	4.000
266.000	10.000
267.000	6.000
268.000	5.000
269.000	5.000
270.000	8.000
271.000	7.000
272.000	8.000
273.000	7.000
274.000	4.000
275.000	5.000
276.000	9.000
277.000	7.000
278.000	4.000
279.000	6.000
280.000	10.000
281.000	3.000
282.000	9.000
283.000	8.000
284.000	8.000
285.000	5.000
286.000	7.000
287.000	7.000
288.000	4.000
289.000	9.000
290.000	2.000
291.000	4.000
292.000	6.000
293.000	9.000
294.000	2.000
295.000	7.000
296.000	7.000
297.000	7.000
298.000	10.000
299.000	10.000
300.000	6.000
301.000	4.000
302.000	8.000
303.000	11.000
304.000	8.000
305.000	7.000
306.000	5.000
307.000	8.000
308.000	8.000
309.000	7.000
310.000	12.000
311.000	9.000
312.000	8.000
313.000	14.000
314.000	12.000
315.000	15.000
316.000	19.000
317.000	25.000
318.000	18.000
319.000	47.000
320.000	46.000
321.000	49.000
322.000	60.000
323.000	60.000
324.000	66.000
325.000	60.000
326.000	39.000
327.000	35.000
328.000	24.000
329.000	15.000
330.000	17.000
331.000	19.000
332.000	11.000
333.000	14.000
334.000	8.000
335.000	9.000
336.000	11.000
337.000	12.000
338.000	15.000
339.000	18.000
340.000	27.000
341.000	37.000
342.000	74.000
343.000	113.000
344.000	153.000
345.000	282.000
346.000	378.000
347.000	532.000
348.000	740.000
349.000	843.000
350.000	956.000
351.000	941.000
352.000	890.000
353.000	741.000
354.000	564.000
355.000	442.000
356.000	303.000
357.000	177.000
358.000	145.000
359.000	67.000
360.000	41.000
361.000	31.000
362.000	21.000
363.000	19.000
364.000	21.000
365.000	20.000
366.000	18.000
367.000	19.000
368.000	16.000
369.000	22.000
370.000	20.000
371.000	26.000
372.000	18.000
373.000	28.000
374.000	13.000
375.000	21.000
376.000	16.000
377.000	33.000
378.000	45.000
379.000	52.000
380.000	58.000
381.000	78.000
382.000	101.000
383.000	121.000
384.000	159.000
385.000	165.000
386.000	188.000
387.000	179.000
388.000	197.000
389.000	119.000
390.000	128.000
391.000	102.000
392.000	68.000
393.000	52.000
394.000	49.000
395.000	29.000
396.000	30.000
397.000	23.000
398.000	27.000
399.000	21.000
400.000	25.000
401.000	39.000
402.000	26.000
403.000	29.000
404.000	17.000
405.000	21.000
406.000	25.000
407.000	28.000
408.000	34.000
409.000	27.000
410.000	36.000
411.000	27.000
412.000	35.000
413.000	31.000
414.000	27.000
415.000	22.000
416.000	26.000
417.000	26.000
418.000	46.000
419.000	29.000
420.000	47.000
421.000	37.000
422.000	37.000
423.000	42.000
424.000	49.000
425.000	26.000
426.000	36.000
427.000	34.000
428.000	29.000
429.000	34.000
430.000	36.000
431.000	33.000
432.000	37.000
433.000	37.000
434.000	35.000
435.000	49.000
436.000	39.000
437.000	49.000
438.000	37.000
439.000	52.000
440.000	54.000
441.000	41.000
442.000	36.000
443.000	43.000
444.000	38.000
445.000	44.000
446.000	44.000
447.000	51.000
448.000	70.000
449.000	42.000
450.000	51.000
451.000	58.000
452.000	40.000
453.000	42.000
454.000	49.000
455.000	46.000
456.000	50.000
457.000	42.000
458.000	53.000
459.000	50.000
460.000	63.000
461.000	63.000
462.000	54.000
463.000	50.000
464.000	43.000
465.000	66.000
466.000	69.000
467.000	63.000
468.000	56.000
469.000	56.000
470.000	48.000
471.000	58.000
472.000	81.000
473.000	56.000
474.000	66.000
475.000	55.000
476.000	52.000
477.000	66.000
478.000	52.000
479.000	59.000
480.000	61.000
481.000	55.000
482.000	52.000
483.000	61.000
484.000	60.000
485.000	63.000
486.000	47.000
487.000	63.000
488.000	76.000
489.000	69.000
490.000	63.000
491.000	75.000
492.000	69.000
493.000	59.000
494.000	65.000
495.000	64.000
496.000	66.000
497.000	79.000
498.000	63.000
499.000	73.000
500.000	83.000
501.000	89.000
502.000	70.000
503.000	71.000
504.000	72.000
505.000	76.000
506.000	66.000
507.000	72.000
508.000	74.000
509.000	94.000
510.000	78.000
511.000	101.000
512.000	99.000
513.000	104.000
514.000	89.000
515.000	77.000
516.000	84.000
517.000	90.000
518.000	80.000
519.000	99.000
520.000	75.000
521.000	92.000
522.000	91.000
523.000	96.000
524.000	98.000
525.000	100.000
526.000	77.000
527.000	87.000
528.000	83.000
529.000	100.000
530.000	102.000
531.000	91.000
532.000	86.000
533.000	86.000
534.000	109.000
535.000	113.000
536.000	95.000
537.000	97.000
538.000	113.000
539.000	103.000
540.000	104.000
541.000	94.000
542.000	95.000
543.000	108.000
544.000	100.000
545.000	116.000
546.000	110.000
547.000	109.000
548.000	127.000
549.000	101.000
550.000	123.000
551.000	102.000
552.000	111.000
553.000	109.000
554.000	113.000
555.000	111.000
556.000	100.000
557.000	97.000
558.000	130.000
559.000	96.000
560.000	127.000
561.000	140.000
562.000	113.000
563.000	127.000
564.000	114.000
565.000	108.000
566.000	138.000
567.000	96.000
568.000	129.000
569.000	108.000
570.000	130.000
571.000	134.000
572.000	138.000
573.000	112.000
574.000	151.000
575.000	133.000
576.000	139.000
577.000	153.000
578.000	139.000
579.000	140.000
580.000	122.000
581.000	143.000
582.000	133.000
583.000	143.000
584.000	153.000
585.000	149.000
586.000	143.000
587.000	137.000
588.000	124.000
589.000	140.000
590.000	124.000
591.000	151.000
592.000	146.000
593.000	148.000
594.000	153.000
595.000	147.000
596.000	141.000
597.000	148.000
598.000	177.000
599.000	143.000
600.000	148.000
601.000	163.000
602.000	148.000
603.000	144.000
604.000	153.000
605.000	158.000
606.000	149.000
607.000	178.000
608.000	151.000
609.000	175.000
610.000	150.000
611.000	146.000
612.000	129.000
613.000	149.000
614.000	156.000
615.000	153.000
616.000	157.000
617.000	178.000
618.000	173.000
619.000	147.000
620.000	155.000
621.000	156.000
622.000	193.000
623.000	181.000
624.000	157.000
625.000	161.000
626.000	168.000
627.000	186.000
628.000	158.000
629.000	179.000
630.000	168.000
631.000	185.000
632.000	166.000
633.000	180.000
634.000	191.000
635.000	185.000
636.000	191.000
637.000	190.000
638.000	177.000
639.000	173.000
640.000	190.000
641.000	216.000
642.000	195.000
643.000	184.000
644.000	200.000
645.000	210.000
646.000	191.000
647.000	185.000
648.000	222.000
649.000	196.000
650.000	209.000
651.000	193.000
652.000	220.000
653.000	241.000
654.000	201.000
655.000	207.000
656.000	207.000
657.000	193.000
658.000	215.000
659.000	196.000
660.000	189.000
661.000	234.000
662.000	199.000
663.000	213.000
664.000	183.000
665.000	214.000
666.000	205.000
667.000	178.000
668.000	213.000
669.000	219.000
670.000	205.000
671.000	187.000
672.000	205.000
673.000	202.000
674.000	224.000
675.000	206.000
676.000	206.000
677.000	202.000
678.000	201.000
679.000	204.000
680.000	236.000
681.000	214.000
682.000	214.000
683.000	225.000
684.000	232.000
685.000	203.000
686.000	198.000
687.000	231.000
688.000	233.000
689.000	238.000
690.000	247.000
691.000	237.000
692.000	215.000
693.000	195.000
694.000	221.000
695.000	221.000
696.000	233.000
697.000	240.000
698.000	204.000
699.000	235.000
700.000	236.000
701.000	212.000
702.000	251.000
703.000	240.000
704.000	199.000
705.000	247.000
706.000	248.000
707.000	216.000
708.000	241.000
709.000	239.000
710.000	213.000
711.000	250.000
712.000	222.000
713.000	239.000
714.000	263.000
715.000	255.000
716.000	239.000
717.000	235.000
718.000	240.000
719.000	239.000
720.000	262.000
721.000	234.000
722.000	234.000
723.000	296.000
724.000	243.000
725.000	241.000
726.000	235.000
727.000	259.000
728.000	241.000
729.000	265.000
730.000	260.000
731.000	265.000
732.000	250.000
733.000	264.000
734.000	244.000
735.000	268.000
736.000	213.000
737.000	245.000
738.000	270.000
739.000	294.000
740.000	273.000
741.000	290.000
742.000	257.000
743.000	250.000
744.000	249.000
745.000	241.000
746.000	260.000
747.000	253.000
748.000	257.000
749.000	288.000
750.000	305.000
751.000	265.000
752.000	273.000
753.000	270.000
754.000	252.000
755.000	261.000
756.000	284.000
757.000	266.000
758.000	277.000
759.000	264.000
760.000	279.000
761.000	291.000
762.000	261.000
763.000	250.000
764.000	288.000
765.000	297.000
766.000	283.000
767.000	282.000
768.000	276.000
769.000	307.000
770.000	261.000
771.000	323.000
772.000	321.000
773.000	318.000
774.000	329.000
775.000	309.000
776.000	266.000
777.000	281.000
778.000	293.000
779.000	308.000
780.000	313.000
781.000	306.000
782.000	273.000
783.000	273.000
784.000	293.000
785.000	262.000
786.000	283.000
787.000	279.000
788.000	285.000
789.000	287.000
790.000	267.000
791.000	266.000
792.000	276.000
793.000	266.000
794.000	273.000
795.000	294.000
796.000	273.000
797.000	273.000
798.000	276.000
799.000	299.000
800.000	260.000
801.000	296.000
802.000	272.000
803.000	287.000
804.000	274.000
805.000	277.000
806.000	299.000
807.000	270.000
808.000	319.000
809.000	312.000
810.000	314.000
811.000	291.000
812.000	301.000
813.000	309.000
814.000	298.000
815.000	311.000
816.000	301.000
817.000	303.000
818.000	287.000
819.000	281.000
820.000	277.000
821.000	306.000
822.000	313.000
823.000	311.000
824.000	313.000
825.000	336.000
826.000	295.000
827.000	288.000
828.000	323.000
829.000	332.000
830.000	300.000
831.000	282.000
832.000	292.000
833.000	315.000
834.000	289.000
835.000	320.000
836.000	347.000
837.000	351.000
838.000	322.000
839.000	320.000
840.000	322.000
841.000	326.000
842.000	318.000
843.000	331.000
844.000	310.000
845.000	324.000
846.000	327.000
847.000	342.000
848.000	351.000
849.000	390.000
850.000	356.000
851.000	358.000
852.000	332.000
853.000	343.000
854.000	332.000
855.000	375.000
856.000	378.000
857.000	403.000
858.000	378.000
859.000	382.000
860.000	363.000
861.000	376.000
862.000	448.000
863.000	426.000
864.000	411.000
865.000	426.000
866.000	407.000
867.000	445.000
868.000	456.000
869.000	420.000
870.000	473.000
871.000	419.000
872.000	477.000
873.000	530.000
874.000	537.000
875.000	513.000
876.000	555.000
877.000	573.000
878.000	557.000
879.000	611.000
880.000	683.000
881.000	700.000
882.000	751.000
883.000	776.000
884.000	797.000
885.000	852.000
886.000	901.000
887.000	981.000
888.000	1148.000
889.000	1058.000
890.000	1166.000
891.000	1241.000
892.000	1194.000
893.000	1330.000
894.000	1375.000
895.000	1471.000
896.000	1449.000
897.000	1492.000
898.000	1539.000
899.000	1529.000
900.000	1542.000
901.000	1535.000
902.000	1628.000
903.000	1465.000
904.000	1482.000
905.000	1452.000
906.000	1416.000
907.000	1358.000
908.000	1310.000
909.000	1333.000
910.000	1246.000
911.000	1138.000
912.000	1057.000
913.000	972.000
914.000	976.000
915.000	930.000
916.000	857.000
917.000	822.000
918.000	768.000
919.000	680.000
920.000	670.000
921.000	616.000
922.000	563.000
923.000	561.000
924.000	533.000
925.000	494.000
926.000	491.000
927.000	449.000
928.000	436.000
929.000	445.000
930.000	415.000
931.000	403.000
932.000	416.000
933.000	399.000
934.000	392.000
935.000	388.000
936.000	335.000
937.000	362.000
938.000	351.000
939.000	390.000
940.000	404.000
941.000	387.000
942.000	413.000
943.000	410.000
944.000	509.000
945.000	522.000
946.000	629.000
947.000	585.000
948.000	639.000
949.000	686.000
950.000	753.000
951.000	771.000
952.000	819.000
953.000	852.000
954.000	800.000
955.000	764.000
956.000	756.000
957.000	735.000
958.000	670.000
959.000	582.000
960.000	590.000
961.000	534.000
962.000	453.000
963.000	441.000
964.000	410.000
965.000	343.000
966.000	330.000
967.000	333.000
968.000	315.000
969.000	296.000
970.000	288.000
971.000	300.000
972.000	258.000
973.000	296.000
974.000	285.000
975.000	311.000
976.000	297.000
977.000	324.000
978.000	346.000
979.000	326.000
980.000	318.000
981.000	312.000
982.000	321.000
983.000	337.000
984.000	300.000
985.000	305.000
986.000	354.000
987.000	358.000
988.000	350.000
989.000	355.000
990.000	375.000
991.000	379.000
992.000	389.000
993.000	374.000
994.000	405.000
995.000	409.000
996.000	425.000
997.000	393.000
998.000	390.000
999.000	452.000
1000.000	431.000
1001.000	429.000
1002.000	454.000
1003.000	432.000
1004.000	462.000
1005.000	489.000
1006.000	456.000
1007.000	428.000
1008.000	420.000
1009.000	439.000
1010.000	437.000
1011.000	390.000
1012.000	395.000
1013.000	399.000
1014.000	369.000
1015.000	388.000
1016.000	374.000
1017.000	346.000
1018.000	323.000
1019.000	312.000
1020.000	334.000
1021.000	305.000
1022.000	284.000
1023.000	261.000
1024.000	282.000
