Date:	8/19/2008		Time:	10:02 AM		Version no:	0.00		Project name:	55		Sample name:	222		Section name:	section		Position	916.039995	mm	E0	0.000000	keV	E1	1.000000	keV/channel	sample surface	7.798308	cm	Tube anode:	Mo		Tube voltage:	30	kV	Tube current:	50	mA	gain	20		std. database			resultfile	result		matrix element	11		sample thickness	1.000000		air passage	0.560000	cm	comments	in position		peaking_time	3.000000	m-sec	trigger_threshold	1229.166667	V	mca_bin_width	22.090000	no:	number_mca_channels	1024.000000	no:	gap_time	0.400000	m-sec	trigger_peaking_time	0.150000	m-sec	GAINDAC	9455		HIGHGAIN	1		TAURC	0		RCTAU	53		RCTAUFRAC	32768		livetime	9.699112	seconds	runtime	10.000503	seconds	input_count_rate	28.988839	cps	output_count_rate	21.975394	cps	triggers	281166	seconds	events_in_run	219765	seconds	channel	content		1.000	0.000
2.000	0.000
3.000	0.000
4.000	0.000
5.000	0.000
6.000	0.000
7.000	0.000
8.000	0.000
9.000	0.000
10.000	0.000
11.000	0.000
12.000	0.000
13.000	0.000
14.000	0.000
15.000	0.000
16.000	0.000
17.000	0.000
18.000	0.000
19.000	0.000
20.000	0.000
21.000	0.000
22.000	0.000
23.000	0.000
24.000	0.000
25.000	0.000
26.000	0.000
27.000	0.000
28.000	0.000
29.000	0.000
30.000	0.000
31.000	0.000
32.000	0.000
33.000	1.000
34.000	0.000
35.000	1.000
36.000	1.000
37.000	1.000
38.000	0.000
39.000	1.000
40.000	6.000
41.000	3.000
42.000	2.000
43.000	5.000
44.000	5.000
45.000	4.000
46.000	4.000
47.000	5.000
48.000	6.000
49.000	5.000
50.000	9.000
51.000	9.000
52.000	12.000
53.000	8.000
54.000	9.000
55.000	11.000
56.000	12.000
57.000	7.000
58.000	5.000
59.000	16.000
60.000	6.000
61.000	4.000
62.000	9.000
63.000	7.000
64.000	13.000
65.000	14.000
66.000	10.000
67.000	8.000
68.000	6.000
69.000	11.000
70.000	9.000
71.000	10.000
72.000	10.000
73.000	13.000
74.000	10.000
75.000	9.000
76.000	7.000
77.000	13.000
78.000	5.000
79.000	7.000
80.000	12.000
81.000	2.000
82.000	7.000
83.000	12.000
84.000	5.000
85.000	6.000
86.000	9.000
87.000	10.000
88.000	11.000
89.000	4.000
90.000	9.000
91.000	10.000
92.000	0.000
93.000	9.000
94.000	16.000
95.000	12.000
96.000	13.000
97.000	6.000
98.000	3.000
99.000	4.000
100.000	8.000
101.000	8.000
102.000	11.000
103.000	5.000
104.000	7.000
105.000	9.000
106.000	7.000
107.000	5.000
108.000	8.000
109.000	7.000
110.000	8.000
111.000	13.000
112.000	5.000
113.000	6.000
114.000	3.000
115.000	3.000
116.000	7.000
117.000	6.000
118.000	3.000
119.000	6.000
120.000	3.000
121.000	1.000
122.000	5.000
123.000	6.000
124.000	9.000
125.000	9.000
126.000	12.000
127.000	10.000
128.000	17.000
129.000	12.000
130.000	7.000
131.000	6.000
132.000	10.000
133.000	4.000
134.000	7.000
135.000	6.000
136.000	8.000
137.000	9.000
138.000	4.000
139.000	5.000
140.000	3.000
141.000	6.000
142.000	0.000
143.000	8.000
144.000	8.000
145.000	7.000
146.000	5.000
147.000	7.000
148.000	2.000
149.000	4.000
150.000	8.000
151.000	7.000
152.000	7.000
153.000	5.000
154.000	3.000
155.000	4.000
156.000	4.000
157.000	3.000
158.000	7.000
159.000	6.000
160.000	10.000
161.000	8.000
162.000	14.000
163.000	8.000
164.000	12.000
165.000	6.000
166.000	8.000
167.000	4.000
168.000	4.000
169.000	3.000
170.000	2.000
171.000	3.000
172.000	4.000
173.000	3.000
174.000	2.000
175.000	6.000
176.000	9.000
177.000	6.000
178.000	10.000
179.000	7.000
180.000	8.000
181.000	15.000
182.000	14.000
183.000	10.000
184.000	10.000
185.000	7.000
186.000	10.000
187.000	3.000
188.000	5.000
189.000	5.000
190.000	2.000
191.000	2.000
192.000	3.000
193.000	3.000
194.000	5.000
195.000	6.000
196.000	7.000
197.000	5.000
198.000	12.000
199.000	16.000
200.000	19.000
201.000	29.000
202.000	32.000
203.000	33.000
204.000	19.000
205.000	22.000
206.000	20.000
207.000	7.000
208.000	12.000
209.000	9.000
210.000	5.000
211.000	7.000
212.000	2.000
213.000	2.000
214.000	3.000
215.000	8.000
216.000	6.000
217.000	6.000
218.000	5.000
219.000	12.000
220.000	6.000
221.000	7.000
222.000	6.000
223.000	8.000
224.000	6.000
225.000	3.000
226.000	6.000
227.000	1.000
228.000	1.000
229.000	4.000
230.000	3.000
231.000	4.000
232.000	6.000
233.000	3.000
234.000	3.000
235.000	3.000
236.000	2.000
237.000	5.000
238.000	3.000
239.000	3.000
240.000	1.000
241.000	4.000
242.000	8.000
243.000	6.000
244.000	7.000
245.000	14.000
246.000	16.000
247.000	22.000
248.000	17.000
249.000	13.000
250.000	23.000
251.000	15.000
252.000	8.000
253.000	4.000
254.000	6.000
255.000	8.000
256.000	9.000
257.000	10.000
258.000	4.000
259.000	5.000
260.000	4.000
261.000	4.000
262.000	4.000
263.000	8.000
264.000	7.000
265.000	10.000
266.000	6.000
267.000	7.000
268.000	4.000
269.000	10.000
270.000	4.000
271.000	7.000
272.000	6.000
273.000	10.000
274.000	5.000
275.000	6.000
276.000	2.000
277.000	5.000
278.000	5.000
279.000	6.000
280.000	3.000
281.000	7.000
282.000	6.000
283.000	5.000
284.000	7.000
285.000	8.000
286.000	5.000
287.000	2.000
288.000	2.000
289.000	4.000
290.000	6.000
291.000	7.000
292.000	9.000
293.000	9.000
294.000	10.000
295.000	8.000
296.000	11.000
297.000	7.000
298.000	10.000
299.000	8.000
300.000	7.000
301.000	9.000
302.000	4.000
303.000	6.000
304.000	5.000
305.000	4.000
306.000	7.000
307.000	11.000
308.000	6.000
309.000	8.000
310.000	6.000
311.000	9.000
312.000	9.000
313.000	7.000
314.000	9.000
315.000	9.000
316.000	7.000
317.000	14.000
318.000	25.000
319.000	34.000
320.000	35.000
321.000	33.000
322.000	48.000
323.000	43.000
324.000	42.000
325.000	41.000
326.000	37.000
327.000	41.000
328.000	14.000
329.000	10.000
330.000	16.000
331.000	15.000
332.000	14.000
333.000	17.000
334.000	19.000
335.000	16.000
336.000	13.000
337.000	17.000
338.000	19.000
339.000	21.000
340.000	29.000
341.000	40.000
342.000	62.000
343.000	127.000
344.000	180.000
345.000	324.000
346.000	438.000
347.000	575.000
348.000	818.000
349.000	925.000
350.000	1013.000
351.000	968.000
352.000	982.000
353.000	815.000
354.000	674.000
355.000	451.000
356.000	368.000
357.000	236.000
358.000	137.000
359.000	72.000
360.000	45.000
361.000	36.000
362.000	23.000
363.000	22.000
364.000	18.000
365.000	21.000
366.000	19.000
367.000	15.000
368.000	18.000
369.000	15.000
370.000	20.000
371.000	22.000
372.000	21.000
373.000	25.000
374.000	31.000
375.000	18.000
376.000	33.000
377.000	25.000
378.000	24.000
379.000	56.000
380.000	57.000
381.000	87.000
382.000	104.000
383.000	138.000
384.000	166.000
385.000	166.000
386.000	198.000
387.000	169.000
388.000	175.000
389.000	128.000
390.000	125.000
391.000	87.000
392.000	71.000
393.000	46.000
394.000	34.000
395.000	42.000
396.000	22.000
397.000	18.000
398.000	35.000
399.000	27.000
400.000	14.000
401.000	19.000
402.000	20.000
403.000	18.000
404.000	18.000
405.000	28.000
406.000	30.000
407.000	26.000
408.000	30.000
409.000	21.000
410.000	33.000
411.000	26.000
412.000	22.000
413.000	31.000
414.000	29.000
415.000	44.000
416.000	28.000
417.000	31.000
418.000	33.000
419.000	28.000
420.000	30.000
421.000	28.000
422.000	36.000
423.000	19.000
424.000	36.000
425.000	31.000
426.000	34.000
427.000	32.000
428.000	24.000
429.000	40.000
430.000	32.000
431.000	35.000
432.000	29.000
433.000	30.000
434.000	38.000
435.000	38.000
436.000	30.000
437.000	30.000
438.000	26.000
439.000	34.000
440.000	52.000
441.000	41.000
442.000	48.000
443.000	45.000
444.000	42.000
445.000	37.000
446.000	56.000
447.000	34.000
448.000	38.000
449.000	48.000
450.000	38.000
451.000	49.000
452.000	52.000
453.000	33.000
454.000	65.000
455.000	53.000
456.000	40.000
457.000	48.000
458.000	42.000
459.000	60.000
460.000	37.000
461.000	35.000
462.000	53.000
463.000	45.000
464.000	47.000
465.000	54.000
466.000	40.000
467.000	49.000
468.000	45.000
469.000	53.000
470.000	44.000
471.000	48.000
472.000	50.000
473.000	45.000
474.000	72.000
475.000	51.000
476.000	50.000
477.000	60.000
478.000	43.000
479.000	70.000
480.000	51.000
481.000	33.000
482.000	62.000
483.000	62.000
484.000	68.000
485.000	52.000
486.000	64.000
487.000	70.000
488.000	66.000
489.000	52.000
490.000	67.000
491.000	56.000
492.000	74.000
493.000	62.000
494.000	74.000
495.000	75.000
496.000	70.000
497.000	61.000
498.000	59.000
499.000	71.000
500.000	56.000
501.000	68.000
502.000	54.000
503.000	66.000
504.000	80.000
505.000	93.000
506.000	73.000
507.000	72.000
508.000	75.000
509.000	69.000
510.000	69.000
511.000	75.000
512.000	77.000
513.000	78.000
514.000	82.000
515.000	75.000
516.000	78.000
517.000	78.000
518.000	79.000
519.000	66.000
520.000	78.000
521.000	79.000
522.000	91.000
523.000	95.000
524.000	102.000
525.000	96.000
526.000	83.000
527.000	114.000
528.000	78.000
529.000	102.000
530.000	94.000
531.000	93.000
532.000	99.000
533.000	100.000
534.000	82.000
535.000	91.000
536.000	76.000
537.000	79.000
538.000	85.000
539.000	101.000
540.000	72.000
541.000	103.000
542.000	92.000
543.000	99.000
544.000	75.000
545.000	95.000
546.000	92.000
547.000	111.000
548.000	92.000
549.000	105.000
550.000	99.000
551.000	81.000
552.000	106.000
553.000	90.000
554.000	106.000
555.000	101.000
556.000	120.000
557.000	118.000
558.000	80.000
559.000	114.000
560.000	123.000
561.000	113.000
562.000	106.000
563.000	105.000
564.000	99.000
565.000	98.000
566.000	121.000
567.000	114.000
568.000	130.000
569.000	131.000
570.000	115.000
571.000	102.000
572.000	106.000
573.000	115.000
574.000	116.000
575.000	122.000
576.000	141.000
577.000	132.000
578.000	145.000
579.000	139.000
580.000	130.000
581.000	130.000
582.000	120.000
583.000	122.000
584.000	127.000
585.000	149.000
586.000	136.000
587.000	138.000
588.000	131.000
589.000	122.000
590.000	130.000
591.000	140.000
592.000	133.000
593.000	151.000
594.000	134.000
595.000	142.000
596.000	140.000
597.000	138.000
598.000	136.000
599.000	138.000
600.000	157.000
601.000	127.000
602.000	152.000
603.000	146.000
604.000	173.000
605.000	144.000
606.000	145.000
607.000	138.000
608.000	167.000
609.000	156.000
610.000	147.000
611.000	172.000
612.000	133.000
613.000	152.000
614.000	169.000
615.000	165.000
616.000	147.000
617.000	159.000
618.000	170.000
619.000	134.000
620.000	162.000
621.000	131.000
622.000	147.000
623.000	171.000
624.000	155.000
625.000	164.000
626.000	174.000
627.000	156.000
628.000	170.000
629.000	183.000
630.000	160.000
631.000	157.000
632.000	167.000
633.000	173.000
634.000	183.000
635.000	166.000
636.000	173.000
637.000	179.000
638.000	181.000
639.000	172.000
640.000	161.000
641.000	139.000
642.000	166.000
643.000	167.000
644.000	187.000
645.000	166.000
646.000	197.000
647.000	190.000
648.000	193.000
649.000	173.000
650.000	204.000
651.000	216.000
652.000	185.000
653.000	208.000
654.000	211.000
655.000	197.000
656.000	200.000
657.000	198.000
658.000	210.000
659.000	186.000
660.000	198.000
661.000	194.000
662.000	189.000
663.000	185.000
664.000	207.000
665.000	199.000
666.000	231.000
667.000	174.000
668.000	189.000
669.000	203.000
670.000	206.000
671.000	178.000
672.000	208.000
673.000	195.000
674.000	183.000
675.000	176.000
676.000	182.000
677.000	192.000
678.000	206.000
679.000	197.000
680.000	200.000
681.000	224.000
682.000	206.000
683.000	227.000
684.000	225.000
685.000	200.000
686.000	206.000
687.000	190.000
688.000	198.000
689.000	232.000
690.000	210.000
691.000	216.000
692.000	226.000
693.000	216.000
694.000	203.000
695.000	230.000
696.000	211.000
697.000	200.000
698.000	211.000
699.000	231.000
700.000	227.000
701.000	236.000
702.000	214.000
703.000	225.000
704.000	209.000
705.000	206.000
706.000	210.000
707.000	229.000
708.000	208.000
709.000	209.000
710.000	235.000
711.000	250.000
712.000	215.000
713.000	228.000
714.000	228.000
715.000	237.000
716.000	218.000
717.000	246.000
718.000	241.000
719.000	223.000
720.000	256.000
721.000	232.000
722.000	221.000
723.000	233.000
724.000	233.000
725.000	215.000
726.000	245.000
727.000	245.000
728.000	247.000
729.000	266.000
730.000	244.000
731.000	246.000
732.000	264.000
733.000	237.000
734.000	241.000
735.000	255.000
736.000	259.000
737.000	237.000
738.000	254.000
739.000	251.000
740.000	281.000
741.000	251.000
742.000	242.000
743.000	224.000
744.000	256.000
745.000	236.000
746.000	238.000
747.000	261.000
748.000	216.000
749.000	230.000
750.000	248.000
751.000	267.000
752.000	226.000
753.000	253.000
754.000	263.000
755.000	239.000
756.000	238.000
757.000	255.000
758.000	290.000
759.000	258.000
760.000	269.000
761.000	253.000
762.000	292.000
763.000	272.000
764.000	288.000
765.000	285.000
766.000	291.000
767.000	265.000
768.000	263.000
769.000	282.000
770.000	285.000
771.000	281.000
772.000	312.000
773.000	288.000
774.000	274.000
775.000	281.000
776.000	301.000
777.000	267.000
778.000	270.000
779.000	278.000
780.000	297.000
781.000	275.000
782.000	271.000
783.000	273.000
784.000	272.000
785.000	283.000
786.000	285.000
787.000	256.000
788.000	276.000
789.000	279.000
790.000	285.000
791.000	243.000
792.000	281.000
793.000	256.000
794.000	288.000
795.000	303.000
796.000	261.000
797.000	261.000
798.000	282.000
799.000	265.000
800.000	275.000
801.000	277.000
802.000	266.000
803.000	258.000
804.000	291.000
805.000	281.000
806.000	286.000
807.000	282.000
808.000	296.000
809.000	252.000
810.000	280.000
811.000	310.000
812.000	315.000
813.000	275.000
814.000	271.000
815.000	300.000
816.000	294.000
817.000	291.000
818.000	338.000
819.000	280.000
820.000	324.000
821.000	278.000
822.000	277.000
823.000	274.000
824.000	276.000
825.000	285.000
826.000	329.000
827.000	314.000
828.000	305.000
829.000	272.000
830.000	310.000
831.000	287.000
832.000	294.000
833.000	270.000
834.000	303.000
835.000	312.000
836.000	316.000
837.000	272.000
838.000	313.000
839.000	339.000
840.000	292.000
841.000	324.000
842.000	275.000
843.000	300.000
844.000	311.000
845.000	317.000
846.000	325.000
847.000	343.000
848.000	328.000
849.000	330.000
850.000	348.000
851.000	343.000
852.000	329.000
853.000	320.000
854.000	333.000
855.000	317.000
856.000	345.000
857.000	390.000
858.000	329.000
859.000	376.000
860.000	373.000
861.000	380.000
862.000	389.000
863.000	413.000
864.000	365.000
865.000	402.000
866.000	396.000
867.000	417.000
868.000	435.000
869.000	453.000
870.000	437.000
871.000	430.000
872.000	424.000
873.000	448.000
874.000	474.000
875.000	564.000
876.000	513.000
877.000	568.000
878.000	529.000
879.000	611.000
880.000	631.000
881.000	644.000
882.000	646.000
883.000	710.000
884.000	757.000
885.000	789.000
886.000	873.000
887.000	882.000
888.000	1005.000
889.000	998.000
890.000	1145.000
891.000	1139.000
892.000	1149.000
893.000	1191.000
894.000	1290.000
895.000	1387.000
896.000	1399.000
897.000	1481.000
898.000	1393.000
899.000	1441.000
900.000	1420.000
901.000	1491.000
902.000	1491.000
903.000	1434.000
904.000	1374.000
905.000	1321.000
906.000	1311.000
907.000	1291.000
908.000	1220.000
909.000	1208.000
910.000	1132.000
911.000	1047.000
912.000	1041.000
913.000	903.000
914.000	870.000
915.000	813.000
916.000	833.000
917.000	784.000
918.000	716.000
919.000	636.000
920.000	638.000
921.000	589.000
922.000	599.000
923.000	534.000
924.000	531.000
925.000	491.000
926.000	448.000
927.000	429.000
928.000	438.000
929.000	421.000
930.000	389.000
931.000	379.000
932.000	387.000
933.000	328.000
934.000	360.000
935.000	349.000
936.000	377.000
937.000	341.000
938.000	329.000
939.000	350.000
940.000	386.000
941.000	390.000
942.000	387.000
943.000	456.000
944.000	493.000
945.000	486.000
946.000	526.000
947.000	580.000
948.000	597.000
949.000	667.000
950.000	724.000
951.000	779.000
952.000	755.000
953.000	793.000
954.000	777.000
955.000	758.000
956.000	716.000
957.000	671.000
958.000	690.000
959.000	566.000
960.000	494.000
961.000	458.000
962.000	428.000
963.000	385.000
964.000	401.000
965.000	334.000
966.000	268.000
967.000	308.000
968.000	305.000
969.000	271.000
970.000	292.000
971.000	281.000
972.000	284.000
973.000	269.000
974.000	274.000
975.000	270.000
976.000	294.000
977.000	316.000
978.000	266.000
979.000	291.000
980.000	296.000
981.000	306.000
982.000	293.000
983.000	283.000
984.000	297.000
985.000	313.000
986.000	325.000
987.000	327.000
988.000	292.000
989.000	317.000
990.000	337.000
991.000	337.000
992.000	346.000
993.000	358.000
994.000	388.000
995.000	388.000
996.000	374.000
997.000	420.000
998.000	432.000
999.000	406.000
1000.000	408.000
1001.000	445.000
1002.000	420.000
1003.000	422.000
1004.000	399.000
1005.000	434.000
1006.000	466.000
1007.000	439.000
1008.000	392.000
1009.000	402.000
1010.000	437.000
1011.000	393.000
1012.000	421.000
1013.000	352.000
1014.000	368.000
1015.000	377.000
1016.000	335.000
1017.000	345.000
1018.000	327.000
1019.000	341.000
1020.000	296.000
1021.000	308.000
1022.000	310.000
1023.000	267.000
1024.000	284.000
