Date:	8/19/2008		Time:	9:14 AM		Version no:	0.00		Project name:	55		Sample name:	222		Section name:	section		Position	412.039995	mm	E0	0.000000	keV	E1	1.000000	keV/channel	sample surface	7.849083	cm	Tube anode:	Mo		Tube voltage:	30	kV	Tube current:	50	mA	gain	20		std. database			resultfile	result		matrix element	11		sample thickness	1.000000		air passage	0.560000	cm	comments	not in position		peaking_time	3.000000	m-sec	trigger_threshold	1229.166667	V	mca_bin_width	22.090000	no:	number_mca_channels	1024.000000	no:	gap_time	0.400000	m-sec	trigger_peaking_time	0.150000	m-sec	GAINDAC	9455		HIGHGAIN	1		TAURC	0		RCTAU	53		RCTAUFRAC	32768		livetime	9.739154	seconds	runtime	10.000503	seconds	input_count_rate	24.783160	cps	output_count_rate	19.486719	cps	triggers	241367	seconds	events_in_run	194877	seconds	channel	content		1.000	0.000
2.000	0.000
3.000	0.000
4.000	0.000
5.000	0.000
6.000	0.000
7.000	0.000
8.000	0.000
9.000	0.000
10.000	0.000
11.000	0.000
12.000	0.000
13.000	0.000
14.000	0.000
15.000	0.000
16.000	0.000
17.000	0.000
18.000	0.000
19.000	0.000
20.000	0.000
21.000	0.000
22.000	0.000
23.000	0.000
24.000	0.000
25.000	0.000
26.000	0.000
27.000	0.000
28.000	0.000
29.000	0.000
30.000	0.000
31.000	2.000
32.000	0.000
33.000	1.000
34.000	1.000
35.000	2.000
36.000	2.000
37.000	3.000
38.000	2.000
39.000	4.000
40.000	3.000
41.000	4.000
42.000	1.000
43.000	7.000
44.000	2.000
45.000	5.000
46.000	5.000
47.000	10.000
48.000	4.000
49.000	4.000
50.000	7.000
51.000	12.000
52.000	13.000
53.000	6.000
54.000	6.000
55.000	8.000
56.000	8.000
57.000	7.000
58.000	17.000
59.000	5.000
60.000	16.000
61.000	13.000
62.000	9.000
63.000	6.000
64.000	12.000
65.000	8.000
66.000	7.000
67.000	12.000
68.000	8.000
69.000	15.000
70.000	12.000
71.000	7.000
72.000	8.000
73.000	7.000
74.000	7.000
75.000	12.000
76.000	13.000
77.000	12.000
78.000	13.000
79.000	5.000
80.000	8.000
81.000	10.000
82.000	8.000
83.000	9.000
84.000	8.000
85.000	8.000
86.000	8.000
87.000	7.000
88.000	4.000
89.000	4.000
90.000	6.000
91.000	8.000
92.000	7.000
93.000	8.000
94.000	5.000
95.000	9.000
96.000	8.000
97.000	12.000
98.000	9.000
99.000	13.000
100.000	8.000
101.000	6.000
102.000	12.000
103.000	7.000
104.000	12.000
105.000	14.000
106.000	1.000
107.000	4.000
108.000	5.000
109.000	9.000
110.000	5.000
111.000	5.000
112.000	7.000
113.000	6.000
114.000	8.000
115.000	5.000
116.000	6.000
117.000	9.000
118.000	4.000
119.000	5.000
120.000	5.000
121.000	6.000
122.000	6.000
123.000	10.000
124.000	6.000
125.000	11.000
126.000	6.000
127.000	10.000
128.000	7.000
129.000	11.000
130.000	6.000
131.000	8.000
132.000	7.000
133.000	8.000
134.000	1.000
135.000	5.000
136.000	11.000
137.000	6.000
138.000	2.000
139.000	1.000
140.000	2.000
141.000	6.000
142.000	3.000
143.000	7.000
144.000	1.000
145.000	2.000
146.000	8.000
147.000	4.000
148.000	9.000
149.000	10.000
150.000	4.000
151.000	0.000
152.000	5.000
153.000	6.000
154.000	4.000
155.000	6.000
156.000	3.000
157.000	6.000
158.000	7.000
159.000	8.000
160.000	10.000
161.000	4.000
162.000	14.000
163.000	15.000
164.000	13.000
165.000	9.000
166.000	6.000
167.000	6.000
168.000	3.000
169.000	8.000
170.000	2.000
171.000	4.000
172.000	3.000
173.000	3.000
174.000	5.000
175.000	3.000
176.000	2.000
177.000	4.000
178.000	6.000
179.000	4.000
180.000	10.000
181.000	5.000
182.000	3.000
183.000	6.000
184.000	5.000
185.000	7.000
186.000	4.000
187.000	4.000
188.000	4.000
189.000	3.000
190.000	2.000
191.000	3.000
192.000	2.000
193.000	5.000
194.000	5.000
195.000	3.000
196.000	7.000
197.000	3.000
198.000	2.000
199.000	6.000
200.000	5.000
201.000	7.000
202.000	12.000
203.000	10.000
204.000	12.000
205.000	6.000
206.000	10.000
207.000	8.000
208.000	4.000
209.000	2.000
210.000	3.000
211.000	1.000
212.000	1.000
213.000	3.000
214.000	3.000
215.000	2.000
216.000	3.000
217.000	7.000
218.000	2.000
219.000	4.000
220.000	5.000
221.000	6.000
222.000	7.000
223.000	3.000
224.000	4.000
225.000	3.000
226.000	1.000
227.000	5.000
228.000	2.000
229.000	4.000
230.000	5.000
231.000	0.000
232.000	3.000
233.000	3.000
234.000	2.000
235.000	8.000
236.000	2.000
237.000	2.000
238.000	2.000
239.000	3.000
240.000	2.000
241.000	4.000
242.000	7.000
243.000	5.000
244.000	5.000
245.000	5.000
246.000	7.000
247.000	7.000
248.000	7.000
249.000	7.000
250.000	5.000
251.000	11.000
252.000	5.000
253.000	4.000
254.000	5.000
255.000	6.000
256.000	7.000
257.000	6.000
258.000	6.000
259.000	2.000
260.000	3.000
261.000	8.000
262.000	5.000
263.000	3.000
264.000	3.000
265.000	8.000
266.000	4.000
267.000	0.000
268.000	6.000
269.000	1.000
270.000	4.000
271.000	3.000
272.000	2.000
273.000	6.000
274.000	3.000
275.000	2.000
276.000	1.000
277.000	5.000
278.000	5.000
279.000	5.000
280.000	1.000
281.000	2.000
282.000	5.000
283.000	8.000
284.000	6.000
285.000	3.000
286.000	9.000
287.000	4.000
288.000	6.000
289.000	3.000
290.000	4.000
291.000	5.000
292.000	6.000
293.000	3.000
294.000	5.000
295.000	6.000
296.000	5.000
297.000	8.000
298.000	5.000
299.000	6.000
300.000	6.000
301.000	7.000
302.000	3.000
303.000	2.000
304.000	6.000
305.000	1.000
306.000	8.000
307.000	2.000
308.000	1.000
309.000	9.000
310.000	9.000
311.000	5.000
312.000	8.000
313.000	5.000
314.000	10.000
315.000	6.000
316.000	8.000
317.000	8.000
318.000	21.000
319.000	18.000
320.000	23.000
321.000	20.000
322.000	18.000
323.000	28.000
324.000	20.000
325.000	17.000
326.000	24.000
327.000	14.000
328.000	9.000
329.000	5.000
330.000	12.000
331.000	11.000
332.000	6.000
333.000	8.000
334.000	5.000
335.000	4.000
336.000	7.000
337.000	4.000
338.000	11.000
339.000	8.000
340.000	14.000
341.000	20.000
342.000	26.000
343.000	46.000
344.000	72.000
345.000	138.000
346.000	182.000
347.000	243.000
348.000	293.000
349.000	345.000
350.000	375.000
351.000	372.000
352.000	365.000
353.000	337.000
354.000	244.000
355.000	186.000
356.000	140.000
357.000	92.000
358.000	46.000
359.000	33.000
360.000	26.000
361.000	24.000
362.000	14.000
363.000	9.000
364.000	12.000
365.000	15.000
366.000	14.000
367.000	13.000
368.000	9.000
369.000	8.000
370.000	10.000
371.000	7.000
372.000	9.000
373.000	7.000
374.000	14.000
375.000	17.000
376.000	12.000
377.000	10.000
378.000	20.000
379.000	23.000
380.000	26.000
381.000	32.000
382.000	39.000
383.000	32.000
384.000	63.000
385.000	65.000
386.000	77.000
387.000	82.000
388.000	77.000
389.000	63.000
390.000	51.000
391.000	35.000
392.000	34.000
393.000	20.000
394.000	16.000
395.000	11.000
396.000	8.000
397.000	12.000
398.000	11.000
399.000	8.000
400.000	11.000
401.000	7.000
402.000	17.000
403.000	16.000
404.000	12.000
405.000	12.000
406.000	17.000
407.000	18.000
408.000	13.000
409.000	15.000
410.000	15.000
411.000	18.000
412.000	13.000
413.000	20.000
414.000	16.000
415.000	22.000
416.000	15.000
417.000	17.000
418.000	11.000
419.000	15.000
420.000	11.000
421.000	16.000
422.000	18.000
423.000	14.000
424.000	17.000
425.000	15.000
426.000	17.000
427.000	24.000
428.000	20.000
429.000	14.000
430.000	11.000
431.000	25.000
432.000	22.000
433.000	25.000
434.000	12.000
435.000	23.000
436.000	28.000
437.000	25.000
438.000	18.000
439.000	31.000
440.000	23.000
441.000	23.000
442.000	26.000
443.000	24.000
444.000	19.000
445.000	23.000
446.000	25.000
447.000	20.000
448.000	31.000
449.000	24.000
450.000	26.000
451.000	27.000
452.000	27.000
453.000	20.000
454.000	24.000
455.000	21.000
456.000	21.000
457.000	24.000
458.000	23.000
459.000	25.000
460.000	34.000
461.000	21.000
462.000	23.000
463.000	24.000
464.000	26.000
465.000	27.000
466.000	25.000
467.000	29.000
468.000	23.000
469.000	15.000
470.000	33.000
471.000	28.000
472.000	24.000
473.000	24.000
474.000	23.000
475.000	30.000
476.000	34.000
477.000	18.000
478.000	34.000
479.000	28.000
480.000	32.000
481.000	22.000
482.000	30.000
483.000	22.000
484.000	34.000
485.000	30.000
486.000	24.000
487.000	37.000
488.000	34.000
489.000	35.000
490.000	33.000
491.000	34.000
492.000	30.000
493.000	27.000
494.000	31.000
495.000	43.000
496.000	44.000
497.000	38.000
498.000	39.000
499.000	26.000
500.000	30.000
501.000	40.000
502.000	41.000
503.000	45.000
504.000	39.000
505.000	33.000
506.000	42.000
507.000	43.000
508.000	34.000
509.000	47.000
510.000	42.000
511.000	48.000
512.000	46.000
513.000	51.000
514.000	46.000
515.000	37.000
516.000	41.000
517.000	48.000
518.000	54.000
519.000	44.000
520.000	37.000
521.000	38.000
522.000	51.000
523.000	51.000
524.000	54.000
525.000	56.000
526.000	50.000
527.000	51.000
528.000	59.000
529.000	46.000
530.000	62.000
531.000	48.000
532.000	72.000
533.000	50.000
534.000	59.000
535.000	58.000
536.000	43.000
537.000	60.000
538.000	65.000
539.000	73.000
540.000	54.000
541.000	60.000
542.000	54.000
543.000	65.000
544.000	50.000
545.000	58.000
546.000	56.000
547.000	53.000
548.000	62.000
549.000	70.000
550.000	53.000
551.000	78.000
552.000	71.000
553.000	67.000
554.000	50.000
555.000	67.000
556.000	70.000
557.000	59.000
558.000	63.000
559.000	80.000
560.000	54.000
561.000	73.000
562.000	79.000
563.000	67.000
564.000	58.000
565.000	56.000
566.000	76.000
567.000	70.000
568.000	80.000
569.000	62.000
570.000	85.000
571.000	59.000
572.000	75.000
573.000	75.000
574.000	80.000
575.000	84.000
576.000	81.000
577.000	83.000
578.000	73.000
579.000	73.000
580.000	87.000
581.000	79.000
582.000	82.000
583.000	74.000
584.000	76.000
585.000	88.000
586.000	96.000
587.000	82.000
588.000	83.000
589.000	92.000
590.000	82.000
591.000	91.000
592.000	94.000
593.000	65.000
594.000	97.000
595.000	99.000
596.000	104.000
597.000	93.000
598.000	109.000
599.000	91.000
600.000	82.000
601.000	99.000
602.000	99.000
603.000	99.000
604.000	104.000
605.000	108.000
606.000	99.000
607.000	100.000
608.000	103.000
609.000	109.000
610.000	103.000
611.000	114.000
612.000	121.000
613.000	78.000
614.000	100.000
615.000	102.000
616.000	119.000
617.000	93.000
618.000	120.000
619.000	117.000
620.000	131.000
621.000	113.000
622.000	125.000
623.000	131.000
624.000	132.000
625.000	118.000
626.000	124.000
627.000	122.000
628.000	143.000
629.000	109.000
630.000	123.000
631.000	135.000
632.000	144.000
633.000	136.000
634.000	127.000
635.000	122.000
636.000	137.000
637.000	123.000
638.000	122.000
639.000	154.000
640.000	117.000
641.000	155.000
642.000	163.000
643.000	143.000
644.000	121.000
645.000	118.000
646.000	134.000
647.000	124.000
648.000	129.000
649.000	166.000
650.000	140.000
651.000	161.000
652.000	153.000
653.000	152.000
654.000	131.000
655.000	146.000
656.000	163.000
657.000	155.000
658.000	149.000
659.000	160.000
660.000	157.000
661.000	150.000
662.000	152.000
663.000	137.000
664.000	149.000
665.000	150.000
666.000	137.000
667.000	125.000
668.000	144.000
669.000	175.000
670.000	135.000
671.000	194.000
672.000	162.000
673.000	172.000
674.000	155.000
675.000	174.000
676.000	147.000
677.000	172.000
678.000	169.000
679.000	161.000
680.000	166.000
681.000	185.000
682.000	154.000
683.000	173.000
684.000	164.000
685.000	186.000
686.000	163.000
687.000	160.000
688.000	165.000
689.000	174.000
690.000	174.000
691.000	166.000
692.000	171.000
693.000	189.000
694.000	181.000
695.000	210.000
696.000	186.000
697.000	184.000
698.000	193.000
699.000	173.000
700.000	196.000
701.000	165.000
702.000	191.000
703.000	196.000
704.000	201.000
705.000	173.000
706.000	198.000
707.000	215.000
708.000	197.000
709.000	177.000
710.000	214.000
711.000	193.000
712.000	185.000
713.000	209.000
714.000	186.000
715.000	190.000
716.000	190.000
717.000	187.000
718.000	185.000
719.000	210.000
720.000	221.000
721.000	196.000
722.000	212.000
723.000	194.000
724.000	221.000
725.000	220.000
726.000	196.000
727.000	217.000
728.000	197.000
729.000	201.000
730.000	200.000
731.000	233.000
732.000	215.000
733.000	198.000
734.000	217.000
735.000	243.000
736.000	202.000
737.000	213.000
738.000	198.000
739.000	224.000
740.000	229.000
741.000	221.000
742.000	226.000
743.000	240.000
744.000	241.000
745.000	226.000
746.000	221.000
747.000	204.000
748.000	205.000
749.000	232.000
750.000	227.000
751.000	213.000
752.000	244.000
753.000	240.000
754.000	239.000
755.000	238.000
756.000	242.000
757.000	225.000
758.000	236.000
759.000	208.000
760.000	228.000
761.000	221.000
762.000	242.000
763.000	257.000
764.000	228.000
765.000	227.000
766.000	230.000
767.000	243.000
768.000	241.000
769.000	244.000
770.000	242.000
771.000	264.000
772.000	253.000
773.000	277.000
774.000	230.000
775.000	270.000
776.000	215.000
777.000	262.000
778.000	286.000
779.000	255.000
780.000	284.000
781.000	270.000
782.000	230.000
783.000	246.000
784.000	251.000
785.000	244.000
786.000	275.000
787.000	256.000
788.000	252.000
789.000	269.000
790.000	255.000
791.000	245.000
792.000	265.000
793.000	255.000
794.000	268.000
795.000	250.000
796.000	294.000
797.000	230.000
798.000	247.000
799.000	248.000
800.000	238.000
801.000	281.000
802.000	243.000
803.000	270.000
804.000	243.000
805.000	274.000
806.000	255.000
807.000	242.000
808.000	241.000
809.000	243.000
810.000	266.000
811.000	290.000
812.000	283.000
813.000	239.000
814.000	272.000
815.000	299.000
816.000	263.000
817.000	304.000
818.000	301.000
819.000	288.000
820.000	289.000
821.000	280.000
822.000	308.000
823.000	262.000
824.000	256.000
825.000	269.000
826.000	272.000
827.000	262.000
828.000	286.000
829.000	291.000
830.000	293.000
831.000	261.000
832.000	283.000
833.000	251.000
834.000	322.000
835.000	309.000
836.000	315.000
837.000	270.000
838.000	291.000
839.000	286.000
840.000	286.000
841.000	324.000
842.000	318.000
843.000	320.000
844.000	272.000
845.000	321.000
846.000	309.000
847.000	302.000
848.000	305.000
849.000	309.000
850.000	337.000
851.000	340.000
852.000	340.000
853.000	320.000
854.000	346.000
855.000	339.000
856.000	367.000
857.000	330.000
858.000	323.000
859.000	363.000
860.000	347.000
861.000	325.000
862.000	356.000
863.000	392.000
864.000	376.000
865.000	375.000
866.000	405.000
867.000	371.000
868.000	419.000
869.000	422.000
870.000	422.000
871.000	423.000
872.000	527.000
873.000	470.000
874.000	493.000
875.000	470.000
876.000	580.000
877.000	557.000
878.000	547.000
879.000	606.000
880.000	646.000
881.000	683.000
882.000	704.000
883.000	744.000
884.000	800.000
885.000	883.000
886.000	890.000
887.000	1033.000
888.000	1053.000
889.000	1116.000
890.000	1132.000
891.000	1160.000
892.000	1207.000
893.000	1312.000
894.000	1351.000
895.000	1357.000
896.000	1368.000
897.000	1327.000
898.000	1393.000
899.000	1410.000
900.000	1386.000
901.000	1352.000
902.000	1352.000
903.000	1378.000
904.000	1399.000
905.000	1328.000
906.000	1200.000
907.000	1205.000
908.000	1115.000
909.000	1087.000
910.000	1031.000
911.000	983.000
912.000	871.000
913.000	888.000
914.000	797.000
915.000	813.000
916.000	751.000
917.000	706.000
918.000	664.000
919.000	632.000
920.000	535.000
921.000	564.000
922.000	537.000
923.000	463.000
924.000	460.000
925.000	453.000
926.000	399.000
927.000	422.000
928.000	389.000
929.000	366.000
930.000	421.000
931.000	408.000
932.000	318.000
933.000	343.000
934.000	348.000
935.000	348.000
936.000	313.000
937.000	308.000
938.000	322.000
939.000	349.000
940.000	367.000
941.000	382.000
942.000	375.000
943.000	395.000
944.000	419.000
945.000	490.000
946.000	573.000
947.000	573.000
948.000	645.000
949.000	700.000
950.000	678.000
951.000	747.000
952.000	737.000
953.000	753.000
954.000	746.000
955.000	746.000
956.000	670.000
957.000	673.000
958.000	631.000
959.000	575.000
960.000	524.000
961.000	486.000
962.000	429.000
963.000	402.000
964.000	354.000
965.000	284.000
966.000	320.000
967.000	287.000
968.000	293.000
969.000	259.000
970.000	262.000
971.000	283.000
972.000	277.000
973.000	262.000
974.000	303.000
975.000	251.000
976.000	272.000
977.000	286.000
978.000	289.000
979.000	282.000
980.000	294.000
981.000	284.000
982.000	284.000
983.000	312.000
984.000	330.000
985.000	323.000
986.000	307.000
987.000	348.000
988.000	352.000
989.000	368.000
990.000	338.000
991.000	372.000
992.000	361.000
993.000	362.000
994.000	384.000
995.000	422.000
996.000	433.000
997.000	387.000
998.000	434.000
999.000	400.000
1000.000	413.000
1001.000	415.000
1002.000	409.000
1003.000	426.000
1004.000	403.000
1005.000	411.000
1006.000	454.000
1007.000	393.000
1008.000	449.000
1009.000	394.000
1010.000	404.000
1011.000	377.000
1012.000	376.000
1013.000	319.000
1014.000	326.000
1015.000	357.000
1016.000	354.000
1017.000	277.000
1018.000	310.000
1019.000	314.000
1020.000	279.000
1021.000	265.000
1022.000	273.000
1023.000	253.000
1024.000	285.000
