Date:	8/19/2008		Time:	9:48 AM		Version no:	0.00		Project name:	55		Sample name:	222		Section name:	section		Position	774.039995	mm	E0	0.000000	keV	E1	1.000000	keV/channel	sample surface	7.807913	cm	Tube anode:	Mo		Tube voltage:	30	kV	Tube current:	50	mA	gain	20		std. database			resultfile	result		matrix element	11		sample thickness	1.000000		air passage	0.560000	cm	comments	not in position		peaking_time	3.000000	m-sec	trigger_threshold	1229.166667	V	mca_bin_width	22.090000	no:	number_mca_channels	1024.000000	no:	gap_time	0.400000	m-sec	trigger_peaking_time	0.150000	m-sec	GAINDAC	9455		HIGHGAIN	1		TAURC	0		RCTAU	53		RCTAUFRAC	32768		livetime	9.698554	seconds	runtime	10.000502	seconds	input_count_rate	28.742533	cps	output_count_rate	21.796607	cps	triggers	278761	seconds	events_in_run	217977	seconds	channel	content		1.000	0.000
2.000	0.000
3.000	0.000
4.000	0.000
5.000	0.000
6.000	0.000
7.000	0.000
8.000	0.000
9.000	0.000
10.000	0.000
11.000	0.000
12.000	0.000
13.000	0.000
14.000	0.000
15.000	0.000
16.000	0.000
17.000	0.000
18.000	0.000
19.000	0.000
20.000	0.000
21.000	0.000
22.000	0.000
23.000	0.000
24.000	0.000
25.000	0.000
26.000	0.000
27.000	0.000
28.000	0.000
29.000	0.000
30.000	0.000
31.000	0.000
32.000	1.000
33.000	1.000
34.000	0.000
35.000	0.000
36.000	0.000
37.000	0.000
38.000	1.000
39.000	1.000
40.000	1.000
41.000	4.000
42.000	6.000
43.000	3.000
44.000	2.000
45.000	8.000
46.000	2.000
47.000	4.000
48.000	7.000
49.000	4.000
50.000	5.000
51.000	9.000
52.000	5.000
53.000	12.000
54.000	6.000
55.000	5.000
56.000	8.000
57.000	14.000
58.000	14.000
59.000	16.000
60.000	7.000
61.000	9.000
62.000	14.000
63.000	11.000
64.000	10.000
65.000	4.000
66.000	8.000
67.000	10.000
68.000	6.000
69.000	11.000
70.000	13.000
71.000	8.000
72.000	11.000
73.000	11.000
74.000	9.000
75.000	8.000
76.000	8.000
77.000	6.000
78.000	11.000
79.000	7.000
80.000	7.000
81.000	17.000
82.000	9.000
83.000	8.000
84.000	12.000
85.000	10.000
86.000	8.000
87.000	6.000
88.000	9.000
89.000	10.000
90.000	4.000
91.000	9.000
92.000	8.000
93.000	7.000
94.000	8.000
95.000	11.000
96.000	10.000
97.000	2.000
98.000	9.000
99.000	6.000
100.000	9.000
101.000	7.000
102.000	8.000
103.000	8.000
104.000	10.000
105.000	8.000
106.000	7.000
107.000	6.000
108.000	5.000
109.000	7.000
110.000	7.000
111.000	7.000
112.000	8.000
113.000	6.000
114.000	10.000
115.000	12.000
116.000	7.000
117.000	5.000
118.000	7.000
119.000	5.000
120.000	7.000
121.000	6.000
122.000	10.000
123.000	8.000
124.000	9.000
125.000	11.000
126.000	8.000
127.000	4.000
128.000	11.000
129.000	10.000
130.000	8.000
131.000	5.000
132.000	7.000
133.000	5.000
134.000	4.000
135.000	8.000
136.000	14.000
137.000	5.000
138.000	5.000
139.000	2.000
140.000	5.000
141.000	3.000
142.000	4.000
143.000	3.000
144.000	4.000
145.000	1.000
146.000	7.000
147.000	3.000
148.000	7.000
149.000	9.000
150.000	9.000
151.000	3.000
152.000	6.000
153.000	3.000
154.000	6.000
155.000	6.000
156.000	3.000
157.000	1.000
158.000	5.000
159.000	8.000
160.000	9.000
161.000	8.000
162.000	10.000
163.000	9.000
164.000	6.000
165.000	4.000
166.000	9.000
167.000	8.000
168.000	7.000
169.000	3.000
170.000	2.000
171.000	7.000
172.000	3.000
173.000	2.000
174.000	9.000
175.000	2.000
176.000	7.000
177.000	6.000
178.000	5.000
179.000	10.000
180.000	11.000
181.000	12.000
182.000	7.000
183.000	17.000
184.000	14.000
185.000	8.000
186.000	3.000
187.000	4.000
188.000	4.000
189.000	2.000
190.000	7.000
191.000	1.000
192.000	4.000
193.000	5.000
194.000	1.000
195.000	5.000
196.000	12.000
197.000	11.000
198.000	15.000
199.000	21.000
200.000	16.000
201.000	28.000
202.000	41.000
203.000	43.000
204.000	40.000
205.000	26.000
206.000	21.000
207.000	15.000
208.000	9.000
209.000	10.000
210.000	4.000
211.000	6.000
212.000	4.000
213.000	4.000
214.000	3.000
215.000	4.000
216.000	7.000
217.000	11.000
218.000	3.000
219.000	9.000
220.000	6.000
221.000	13.000
222.000	11.000
223.000	4.000
224.000	8.000
225.000	4.000
226.000	2.000
227.000	9.000
228.000	2.000
229.000	1.000
230.000	1.000
231.000	3.000
232.000	6.000
233.000	2.000
234.000	1.000
235.000	4.000
236.000	4.000
237.000	4.000
238.000	3.000
239.000	3.000
240.000	1.000
241.000	3.000
242.000	3.000
243.000	6.000
244.000	9.000
245.000	8.000
246.000	12.000
247.000	13.000
248.000	21.000
249.000	15.000
250.000	16.000
251.000	7.000
252.000	22.000
253.000	3.000
254.000	9.000
255.000	6.000
256.000	5.000
257.000	8.000
258.000	4.000
259.000	8.000
260.000	6.000
261.000	5.000
262.000	5.000
263.000	6.000
264.000	4.000
265.000	7.000
266.000	2.000
267.000	4.000
268.000	6.000
269.000	9.000
270.000	8.000
271.000	8.000
272.000	11.000
273.000	10.000
274.000	12.000
275.000	7.000
276.000	7.000
277.000	6.000
278.000	6.000
279.000	6.000
280.000	7.000
281.000	6.000
282.000	5.000
283.000	5.000
284.000	6.000
285.000	4.000
286.000	7.000
287.000	6.000
288.000	8.000
289.000	5.000
290.000	8.000
291.000	4.000
292.000	8.000
293.000	6.000
294.000	10.000
295.000	7.000
296.000	4.000
297.000	8.000
298.000	8.000
299.000	8.000
300.000	5.000
301.000	10.000
302.000	8.000
303.000	10.000
304.000	7.000
305.000	6.000
306.000	10.000
307.000	5.000
308.000	10.000
309.000	10.000
310.000	12.000
311.000	9.000
312.000	6.000
313.000	8.000
314.000	11.000
315.000	12.000
316.000	16.000
317.000	26.000
318.000	21.000
319.000	28.000
320.000	37.000
321.000	56.000
322.000	60.000
323.000	64.000
324.000	70.000
325.000	57.000
326.000	48.000
327.000	34.000
328.000	31.000
329.000	21.000
330.000	22.000
331.000	12.000
332.000	9.000
333.000	10.000
334.000	9.000
335.000	7.000
336.000	22.000
337.000	22.000
338.000	17.000
339.000	14.000
340.000	19.000
341.000	30.000
342.000	48.000
343.000	75.000
344.000	132.000
345.000	232.000
346.000	330.000
347.000	433.000
348.000	609.000
349.000	689.000
350.000	775.000
351.000	765.000
352.000	706.000
353.000	606.000
354.000	474.000
355.000	357.000
356.000	253.000
357.000	152.000
358.000	92.000
359.000	69.000
360.000	49.000
361.000	34.000
362.000	21.000
363.000	18.000
364.000	22.000
365.000	20.000
366.000	22.000
367.000	17.000
368.000	17.000
369.000	22.000
370.000	11.000
371.000	19.000
372.000	19.000
373.000	21.000
374.000	23.000
375.000	28.000
376.000	34.000
377.000	33.000
378.000	22.000
379.000	54.000
380.000	54.000
381.000	79.000
382.000	87.000
383.000	116.000
384.000	121.000
385.000	139.000
386.000	155.000
387.000	134.000
388.000	145.000
389.000	116.000
390.000	94.000
391.000	85.000
392.000	62.000
393.000	44.000
394.000	37.000
395.000	32.000
396.000	34.000
397.000	28.000
398.000	23.000
399.000	18.000
400.000	25.000
401.000	19.000
402.000	30.000
403.000	20.000
404.000	19.000
405.000	31.000
406.000	34.000
407.000	34.000
408.000	33.000
409.000	31.000
410.000	32.000
411.000	27.000
412.000	31.000
413.000	17.000
414.000	27.000
415.000	24.000
416.000	30.000
417.000	29.000
418.000	37.000
419.000	24.000
420.000	28.000
421.000	24.000
422.000	33.000
423.000	23.000
424.000	31.000
425.000	42.000
426.000	37.000
427.000	39.000
428.000	28.000
429.000	27.000
430.000	23.000
431.000	34.000
432.000	34.000
433.000	32.000
434.000	39.000
435.000	30.000
436.000	28.000
437.000	45.000
438.000	36.000
439.000	51.000
440.000	44.000
441.000	51.000
442.000	40.000
443.000	45.000
444.000	47.000
445.000	42.000
446.000	39.000
447.000	50.000
448.000	51.000
449.000	38.000
450.000	39.000
451.000	37.000
452.000	48.000
453.000	38.000
454.000	51.000
455.000	40.000
456.000	41.000
457.000	53.000
458.000	45.000
459.000	40.000
460.000	51.000
461.000	52.000
462.000	58.000
463.000	44.000
464.000	42.000
465.000	54.000
466.000	42.000
467.000	45.000
468.000	44.000
469.000	42.000
470.000	63.000
471.000	46.000
472.000	67.000
473.000	68.000
474.000	57.000
475.000	55.000
476.000	60.000
477.000	70.000
478.000	37.000
479.000	55.000
480.000	57.000
481.000	51.000
482.000	59.000
483.000	55.000
484.000	48.000
485.000	55.000
486.000	53.000
487.000	70.000
488.000	62.000
489.000	66.000
490.000	40.000
491.000	54.000
492.000	79.000
493.000	78.000
494.000	62.000
495.000	55.000
496.000	59.000
497.000	65.000
498.000	68.000
499.000	65.000
500.000	71.000
501.000	69.000
502.000	69.000
503.000	68.000
504.000	76.000
505.000	85.000
506.000	80.000
507.000	60.000
508.000	74.000
509.000	77.000
510.000	78.000
511.000	101.000
512.000	91.000
513.000	87.000
514.000	88.000
515.000	76.000
516.000	98.000
517.000	80.000
518.000	86.000
519.000	92.000
520.000	71.000
521.000	97.000
522.000	77.000
523.000	92.000
524.000	72.000
525.000	95.000
526.000	81.000
527.000	88.000
528.000	78.000
529.000	83.000
530.000	90.000
531.000	83.000
532.000	81.000
533.000	113.000
534.000	106.000
535.000	88.000
536.000	95.000
537.000	82.000
538.000	96.000
539.000	95.000
540.000	77.000
541.000	92.000
542.000	90.000
543.000	97.000
544.000	95.000
545.000	109.000
546.000	85.000
547.000	112.000
548.000	101.000
549.000	92.000
550.000	90.000
551.000	98.000
552.000	106.000
553.000	97.000
554.000	109.000
555.000	114.000
556.000	125.000
557.000	107.000
558.000	108.000
559.000	97.000
560.000	111.000
561.000	102.000
562.000	102.000
563.000	116.000
564.000	123.000
565.000	117.000
566.000	121.000
567.000	138.000
568.000	119.000
569.000	103.000
570.000	129.000
571.000	128.000
572.000	115.000
573.000	116.000
574.000	113.000
575.000	124.000
576.000	110.000
577.000	128.000
578.000	129.000
579.000	121.000
580.000	123.000
581.000	125.000
582.000	113.000
583.000	138.000
584.000	139.000
585.000	121.000
586.000	118.000
587.000	123.000
588.000	114.000
589.000	144.000
590.000	140.000
591.000	161.000
592.000	110.000
593.000	128.000
594.000	124.000
595.000	135.000
596.000	126.000
597.000	121.000
598.000	142.000
599.000	114.000
600.000	127.000
601.000	147.000
602.000	161.000
603.000	119.000
604.000	130.000
605.000	133.000
606.000	136.000
607.000	147.000
608.000	132.000
609.000	163.000
610.000	167.000
611.000	147.000
612.000	161.000
613.000	137.000
614.000	144.000
615.000	158.000
616.000	141.000
617.000	153.000
618.000	168.000
619.000	157.000
620.000	180.000
621.000	155.000
622.000	166.000
623.000	195.000
624.000	175.000
625.000	159.000
626.000	161.000
627.000	161.000
628.000	165.000
629.000	159.000
630.000	174.000
631.000	159.000
632.000	166.000
633.000	151.000
634.000	153.000
635.000	158.000
636.000	165.000
637.000	185.000
638.000	156.000
639.000	191.000
640.000	155.000
641.000	147.000
642.000	179.000
643.000	175.000
644.000	179.000
645.000	201.000
646.000	196.000
647.000	188.000
648.000	193.000
649.000	209.000
650.000	204.000
651.000	163.000
652.000	198.000
653.000	194.000
654.000	194.000
655.000	175.000
656.000	193.000
657.000	182.000
658.000	188.000
659.000	198.000
660.000	195.000
661.000	177.000
662.000	165.000
663.000	185.000
664.000	186.000
665.000	206.000
666.000	200.000
667.000	187.000
668.000	189.000
669.000	197.000
670.000	202.000
671.000	217.000
672.000	183.000
673.000	197.000
674.000	199.000
675.000	200.000
676.000	196.000
677.000	186.000
678.000	190.000
679.000	229.000
680.000	202.000
681.000	203.000
682.000	206.000
683.000	197.000
684.000	203.000
685.000	229.000
686.000	213.000
687.000	212.000
688.000	219.000
689.000	204.000
690.000	191.000
691.000	225.000
692.000	225.000
693.000	205.000
694.000	225.000
695.000	208.000
696.000	227.000
697.000	216.000
698.000	226.000
699.000	224.000
700.000	218.000
701.000	213.000
702.000	217.000
703.000	249.000
704.000	219.000
705.000	226.000
706.000	210.000
707.000	228.000
708.000	208.000
709.000	223.000
710.000	199.000
711.000	223.000
712.000	234.000
713.000	248.000
714.000	227.000
715.000	220.000
716.000	224.000
717.000	265.000
718.000	241.000
719.000	249.000
720.000	202.000
721.000	233.000
722.000	216.000
723.000	245.000
724.000	243.000
725.000	261.000
726.000	257.000
727.000	235.000
728.000	222.000
729.000	285.000
730.000	265.000
731.000	242.000
732.000	254.000
733.000	243.000
734.000	232.000
735.000	259.000
736.000	266.000
737.000	261.000
738.000	272.000
739.000	277.000
740.000	242.000
741.000	262.000
742.000	248.000
743.000	236.000
744.000	237.000
745.000	248.000
746.000	261.000
747.000	252.000
748.000	253.000
749.000	233.000
750.000	242.000
751.000	249.000
752.000	262.000
753.000	239.000
754.000	235.000
755.000	255.000
756.000	251.000
757.000	249.000
758.000	262.000
759.000	252.000
760.000	240.000
761.000	245.000
762.000	245.000
763.000	255.000
764.000	271.000
765.000	284.000
766.000	275.000
767.000	281.000
768.000	294.000
769.000	314.000
770.000	293.000
771.000	306.000
772.000	322.000
773.000	269.000
774.000	330.000
775.000	284.000
776.000	299.000
777.000	290.000
778.000	317.000
779.000	300.000
780.000	289.000
781.000	281.000
782.000	276.000
783.000	280.000
784.000	266.000
785.000	283.000
786.000	282.000
787.000	296.000
788.000	263.000
789.000	281.000
790.000	274.000
791.000	294.000
792.000	223.000
793.000	241.000
794.000	271.000
795.000	290.000
796.000	307.000
797.000	244.000
798.000	285.000
799.000	242.000
800.000	275.000
801.000	266.000
802.000	315.000
803.000	292.000
804.000	282.000
805.000	264.000
806.000	263.000
807.000	263.000
808.000	299.000
809.000	283.000
810.000	307.000
811.000	287.000
812.000	273.000
813.000	286.000
814.000	286.000
815.000	267.000
816.000	283.000
817.000	294.000
818.000	315.000
819.000	320.000
820.000	310.000
821.000	258.000
822.000	290.000
823.000	298.000
824.000	285.000
825.000	284.000
826.000	271.000
827.000	287.000
828.000	294.000
829.000	303.000
830.000	308.000
831.000	285.000
832.000	308.000
833.000	300.000
834.000	303.000
835.000	294.000
836.000	284.000
837.000	328.000
838.000	310.000
839.000	317.000
840.000	356.000
841.000	312.000
842.000	292.000
843.000	292.000
844.000	275.000
845.000	312.000
846.000	321.000
847.000	339.000
848.000	322.000
849.000	297.000
850.000	336.000
851.000	337.000
852.000	340.000
853.000	367.000
854.000	333.000
855.000	313.000
856.000	337.000
857.000	341.000
858.000	362.000
859.000	382.000
860.000	346.000
861.000	345.000
862.000	407.000
863.000	357.000
864.000	372.000
865.000	378.000
866.000	427.000
867.000	376.000
868.000	418.000
869.000	423.000
870.000	415.000
871.000	406.000
872.000	443.000
873.000	459.000
874.000	493.000
875.000	482.000
876.000	530.000
877.000	551.000
878.000	595.000
879.000	622.000
880.000	602.000
881.000	644.000
882.000	740.000
883.000	730.000
884.000	806.000
885.000	852.000
886.000	858.000
887.000	917.000
888.000	1004.000
889.000	1088.000
890.000	1117.000
891.000	1133.000
892.000	1119.000
893.000	1295.000
894.000	1329.000
895.000	1353.000
896.000	1317.000
897.000	1431.000
898.000	1415.000
899.000	1425.000
900.000	1506.000
901.000	1465.000
902.000	1426.000
903.000	1374.000
904.000	1436.000
905.000	1345.000
906.000	1287.000
907.000	1315.000
908.000	1237.000
909.000	1221.000
910.000	1122.000
911.000	1112.000
912.000	1029.000
913.000	965.000
914.000	919.000
915.000	876.000
916.000	822.000
917.000	770.000
918.000	711.000
919.000	657.000
920.000	662.000
921.000	597.000
922.000	575.000
923.000	552.000
924.000	477.000
925.000	494.000
926.000	453.000
927.000	450.000
928.000	444.000
929.000	383.000
930.000	387.000
931.000	399.000
932.000	346.000
933.000	379.000
934.000	373.000
935.000	358.000
936.000	323.000
937.000	392.000
938.000	358.000
939.000	366.000
940.000	339.000
941.000	350.000
942.000	379.000
943.000	444.000
944.000	447.000
945.000	504.000
946.000	533.000
947.000	591.000
948.000	643.000
949.000	715.000
950.000	723.000
951.000	746.000
952.000	795.000
953.000	806.000
954.000	797.000
955.000	802.000
956.000	755.000
957.000	685.000
958.000	626.000
959.000	630.000
960.000	574.000
961.000	455.000
962.000	444.000
963.000	398.000
964.000	373.000
965.000	350.000
966.000	330.000
967.000	296.000
968.000	284.000
969.000	269.000
970.000	268.000
971.000	250.000
972.000	264.000
973.000	277.000
974.000	276.000
975.000	270.000
976.000	266.000
977.000	311.000
978.000	282.000
979.000	251.000
980.000	281.000
981.000	291.000
982.000	309.000
983.000	299.000
984.000	328.000
985.000	324.000
986.000	299.000
987.000	329.000
988.000	367.000
989.000	311.000
990.000	365.000
991.000	385.000
992.000	383.000
993.000	404.000
994.000	399.000
995.000	415.000
996.000	380.000
997.000	409.000
998.000	428.000
999.000	407.000
1000.000	418.000
1001.000	410.000
1002.000	385.000
1003.000	433.000
1004.000	460.000
1005.000	428.000
1006.000	422.000
1007.000	413.000
1008.000	396.000
1009.000	382.000
1010.000	365.000
1011.000	373.000
1012.000	418.000
1013.000	390.000
1014.000	361.000
1015.000	351.000
1016.000	311.000
1017.000	340.000
1018.000	343.000
1019.000	302.000
1020.000	295.000
1021.000	312.000
1022.000	269.000
1023.000	284.000
1024.000	283.000
