Date:	8/19/2008		Time:	9:39 AM		Version no:	0.00		Project name:	55		Sample name:	222		Section name:	section		Position	682.039995	mm	E0	0.000000	keV	E1	1.000000	keV/channel	sample surface	7.679237	cm	Tube anode:	Mo		Tube voltage:	30	kV	Tube current:	50	mA	gain	20		std. database			resultfile	result		matrix element	11		sample thickness	1.000000		air passage	0.560000	cm	comments	in position		peaking_time	3.000000	m-sec	trigger_threshold	1229.166667	V	mca_bin_width	22.090000	no:	number_mca_channels	1024.000000	no:	gap_time	0.400000	m-sec	trigger_peaking_time	0.150000	m-sec	GAINDAC	9455		HIGHGAIN	1		TAURC	0		RCTAU	53		RCTAUFRAC	32768		livetime	9.666274	seconds	runtime	10.000502	seconds	input_count_rate	31.567180	cps	output_count_rate	23.398126	cps	triggers	305137	seconds	events_in_run	233993	seconds	channel	content		1.000	0.000
2.000	0.000
3.000	0.000
4.000	0.000
5.000	0.000
6.000	0.000
7.000	0.000
8.000	0.000
9.000	0.000
10.000	0.000
11.000	0.000
12.000	0.000
13.000	0.000
14.000	0.000
15.000	0.000
16.000	0.000
17.000	0.000
18.000	0.000
19.000	0.000
20.000	0.000
21.000	0.000
22.000	0.000
23.000	0.000
24.000	0.000
25.000	0.000
26.000	0.000
27.000	0.000
28.000	0.000
29.000	0.000
30.000	0.000
31.000	0.000
32.000	0.000
33.000	0.000
34.000	3.000
35.000	0.000
36.000	2.000
37.000	0.000
38.000	3.000
39.000	0.000
40.000	3.000
41.000	3.000
42.000	3.000
43.000	3.000
44.000	6.000
45.000	5.000
46.000	4.000
47.000	8.000
48.000	1.000
49.000	5.000
50.000	9.000
51.000	12.000
52.000	2.000
53.000	10.000
54.000	5.000
55.000	18.000
56.000	11.000
57.000	11.000
58.000	5.000
59.000	8.000
60.000	12.000
61.000	9.000
62.000	7.000
63.000	8.000
64.000	9.000
65.000	10.000
66.000	12.000
67.000	14.000
68.000	10.000
69.000	10.000
70.000	14.000
71.000	9.000
72.000	9.000
73.000	11.000
74.000	4.000
75.000	10.000
76.000	9.000
77.000	9.000
78.000	8.000
79.000	12.000
80.000	6.000
81.000	5.000
82.000	11.000
83.000	11.000
84.000	8.000
85.000	11.000
86.000	10.000
87.000	9.000
88.000	12.000
89.000	12.000
90.000	7.000
91.000	11.000
92.000	7.000
93.000	14.000
94.000	8.000
95.000	11.000
96.000	13.000
97.000	8.000
98.000	8.000
99.000	4.000
100.000	8.000
101.000	15.000
102.000	8.000
103.000	12.000
104.000	8.000
105.000	10.000
106.000	10.000
107.000	6.000
108.000	8.000
109.000	7.000
110.000	6.000
111.000	11.000
112.000	7.000
113.000	6.000
114.000	8.000
115.000	7.000
116.000	5.000
117.000	7.000
118.000	4.000
119.000	5.000
120.000	7.000
121.000	9.000
122.000	8.000
123.000	8.000
124.000	11.000
125.000	8.000
126.000	8.000
127.000	12.000
128.000	12.000
129.000	11.000
130.000	11.000
131.000	5.000
132.000	7.000
133.000	6.000
134.000	6.000
135.000	4.000
136.000	5.000
137.000	10.000
138.000	9.000
139.000	2.000
140.000	2.000
141.000	7.000
142.000	5.000
143.000	3.000
144.000	4.000
145.000	7.000
146.000	3.000
147.000	6.000
148.000	2.000
149.000	5.000
150.000	3.000
151.000	2.000
152.000	4.000
153.000	1.000
154.000	2.000
155.000	5.000
156.000	5.000
157.000	4.000
158.000	4.000
159.000	5.000
160.000	9.000
161.000	14.000
162.000	9.000
163.000	9.000
164.000	6.000
165.000	4.000
166.000	4.000
167.000	9.000
168.000	8.000
169.000	1.000
170.000	5.000
171.000	4.000
172.000	3.000
173.000	9.000
174.000	7.000
175.000	5.000
176.000	7.000
177.000	7.000
178.000	12.000
179.000	7.000
180.000	13.000
181.000	13.000
182.000	11.000
183.000	16.000
184.000	8.000
185.000	9.000
186.000	2.000
187.000	7.000
188.000	4.000
189.000	7.000
190.000	3.000
191.000	3.000
192.000	3.000
193.000	5.000
194.000	8.000
195.000	7.000
196.000	6.000
197.000	13.000
198.000	12.000
199.000	21.000
200.000	16.000
201.000	31.000
202.000	34.000
203.000	36.000
204.000	47.000
205.000	29.000
206.000	26.000
207.000	17.000
208.000	11.000
209.000	5.000
210.000	7.000
211.000	6.000
212.000	5.000
213.000	8.000
214.000	4.000
215.000	2.000
216.000	4.000
217.000	6.000
218.000	5.000
219.000	11.000
220.000	7.000
221.000	8.000
222.000	10.000
223.000	6.000
224.000	5.000
225.000	6.000
226.000	5.000
227.000	6.000
228.000	4.000
229.000	4.000
230.000	5.000
231.000	6.000
232.000	2.000
233.000	3.000
234.000	4.000
235.000	3.000
236.000	2.000
237.000	2.000
238.000	5.000
239.000	5.000
240.000	4.000
241.000	6.000
242.000	8.000
243.000	7.000
244.000	15.000
245.000	14.000
246.000	12.000
247.000	21.000
248.000	9.000
249.000	11.000
250.000	11.000
251.000	21.000
252.000	6.000
253.000	5.000
254.000	10.000
255.000	10.000
256.000	8.000
257.000	9.000
258.000	11.000
259.000	6.000
260.000	7.000
261.000	4.000
262.000	4.000
263.000	4.000
264.000	6.000
265.000	6.000
266.000	5.000
267.000	7.000
268.000	9.000
269.000	12.000
270.000	8.000
271.000	12.000
272.000	7.000
273.000	10.000
274.000	4.000
275.000	5.000
276.000	4.000
277.000	2.000
278.000	4.000
279.000	7.000
280.000	3.000
281.000	8.000
282.000	6.000
283.000	5.000
284.000	6.000
285.000	7.000
286.000	7.000
287.000	5.000
288.000	8.000
289.000	9.000
290.000	3.000
291.000	14.000
292.000	9.000
293.000	5.000
294.000	13.000
295.000	10.000
296.000	14.000
297.000	7.000
298.000	12.000
299.000	6.000
300.000	6.000
301.000	14.000
302.000	7.000
303.000	6.000
304.000	9.000
305.000	17.000
306.000	8.000
307.000	10.000
308.000	11.000
309.000	10.000
310.000	11.000
311.000	9.000
312.000	12.000
313.000	9.000
314.000	16.000
315.000	16.000
316.000	13.000
317.000	17.000
318.000	30.000
319.000	36.000
320.000	36.000
321.000	70.000
322.000	68.000
323.000	74.000
324.000	71.000
325.000	63.000
326.000	53.000
327.000	49.000
328.000	37.000
329.000	25.000
330.000	32.000
331.000	20.000
332.000	16.000
333.000	17.000
334.000	21.000
335.000	13.000
336.000	14.000
337.000	12.000
338.000	16.000
339.000	18.000
340.000	21.000
341.000	61.000
342.000	84.000
343.000	151.000
344.000	252.000
345.000	438.000
346.000	607.000
347.000	886.000
348.000	1112.000
349.000	1307.000
350.000	1428.000
351.000	1472.000
352.000	1410.000
353.000	1174.000
354.000	931.000
355.000	642.000
356.000	434.000
357.000	313.000
358.000	202.000
359.000	112.000
360.000	67.000
361.000	46.000
362.000	29.000
363.000	25.000
364.000	24.000
365.000	23.000
366.000	21.000
367.000	16.000
368.000	23.000
369.000	15.000
370.000	14.000
371.000	19.000
372.000	26.000
373.000	29.000
374.000	23.000
375.000	19.000
376.000	29.000
377.000	33.000
378.000	43.000
379.000	57.000
380.000	88.000
381.000	87.000
382.000	143.000
383.000	158.000
384.000	212.000
385.000	223.000
386.000	230.000
387.000	238.000
388.000	258.000
389.000	219.000
390.000	150.000
391.000	133.000
392.000	102.000
393.000	56.000
394.000	56.000
395.000	34.000
396.000	37.000
397.000	20.000
398.000	18.000
399.000	27.000
400.000	23.000
401.000	26.000
402.000	25.000
403.000	27.000
404.000	24.000
405.000	22.000
406.000	29.000
407.000	32.000
408.000	38.000
409.000	22.000
410.000	23.000
411.000	25.000
412.000	23.000
413.000	31.000
414.000	29.000
415.000	31.000
416.000	32.000
417.000	25.000
418.000	26.000
419.000	21.000
420.000	35.000
421.000	30.000
422.000	27.000
423.000	28.000
424.000	23.000
425.000	27.000
426.000	36.000
427.000	22.000
428.000	27.000
429.000	32.000
430.000	37.000
431.000	36.000
432.000	33.000
433.000	39.000
434.000	38.000
435.000	34.000
436.000	41.000
437.000	28.000
438.000	51.000
439.000	46.000
440.000	42.000
441.000	48.000
442.000	42.000
443.000	51.000
444.000	27.000
445.000	43.000
446.000	40.000
447.000	27.000
448.000	61.000
449.000	35.000
450.000	41.000
451.000	40.000
452.000	57.000
453.000	47.000
454.000	39.000
455.000	55.000
456.000	52.000
457.000	40.000
458.000	44.000
459.000	36.000
460.000	42.000
461.000	53.000
462.000	42.000
463.000	45.000
464.000	35.000
465.000	35.000
466.000	37.000
467.000	53.000
468.000	54.000
469.000	58.000
470.000	52.000
471.000	57.000
472.000	48.000
473.000	55.000
474.000	63.000
475.000	58.000
476.000	57.000
477.000	39.000
478.000	47.000
479.000	59.000
480.000	38.000
481.000	61.000
482.000	50.000
483.000	38.000
484.000	59.000
485.000	66.000
486.000	54.000
487.000	68.000
488.000	47.000
489.000	42.000
490.000	42.000
491.000	61.000
492.000	78.000
493.000	65.000
494.000	79.000
495.000	55.000
496.000	64.000
497.000	63.000
498.000	64.000
499.000	66.000
500.000	64.000
501.000	65.000
502.000	73.000
503.000	69.000
504.000	68.000
505.000	67.000
506.000	71.000
507.000	76.000
508.000	66.000
509.000	61.000
510.000	89.000
511.000	95.000
512.000	78.000
513.000	85.000
514.000	71.000
515.000	67.000
516.000	85.000
517.000	62.000
518.000	69.000
519.000	78.000
520.000	87.000
521.000	90.000
522.000	92.000
523.000	86.000
524.000	98.000
525.000	71.000
526.000	89.000
527.000	71.000
528.000	101.000
529.000	91.000
530.000	102.000
531.000	89.000
532.000	85.000
533.000	95.000
534.000	100.000
535.000	98.000
536.000	88.000
537.000	91.000
538.000	83.000
539.000	88.000
540.000	84.000
541.000	84.000
542.000	95.000
543.000	87.000
544.000	102.000
545.000	96.000
546.000	95.000
547.000	99.000
548.000	85.000
549.000	100.000
550.000	81.000
551.000	100.000
552.000	106.000
553.000	84.000
554.000	96.000
555.000	94.000
556.000	95.000
557.000	93.000
558.000	113.000
559.000	109.000
560.000	104.000
561.000	113.000
562.000	118.000
563.000	97.000
564.000	96.000
565.000	107.000
566.000	117.000
567.000	120.000
568.000	132.000
569.000	106.000
570.000	138.000
571.000	105.000
572.000	125.000
573.000	116.000
574.000	122.000
575.000	140.000
576.000	128.000
577.000	134.000
578.000	113.000
579.000	131.000
580.000	139.000
581.000	113.000
582.000	130.000
583.000	132.000
584.000	126.000
585.000	146.000
586.000	117.000
587.000	123.000
588.000	125.000
589.000	99.000
590.000	137.000
591.000	136.000
592.000	133.000
593.000	122.000
594.000	142.000
595.000	136.000
596.000	131.000
597.000	147.000
598.000	132.000
599.000	132.000
600.000	150.000
601.000	137.000
602.000	113.000
603.000	146.000
604.000	139.000
605.000	160.000
606.000	153.000
607.000	120.000
608.000	155.000
609.000	147.000
610.000	137.000
611.000	140.000
612.000	149.000
613.000	138.000
614.000	157.000
615.000	167.000
616.000	182.000
617.000	158.000
618.000	138.000
619.000	152.000
620.000	143.000
621.000	126.000
622.000	181.000
623.000	145.000
624.000	153.000
625.000	165.000
626.000	186.000
627.000	166.000
628.000	167.000
629.000	172.000
630.000	166.000
631.000	173.000
632.000	178.000
633.000	162.000
634.000	160.000
635.000	174.000
636.000	146.000
637.000	151.000
638.000	155.000
639.000	162.000
640.000	188.000
641.000	199.000
642.000	180.000
643.000	155.000
644.000	188.000
645.000	223.000
646.000	202.000
647.000	201.000
648.000	219.000
649.000	194.000
650.000	179.000
651.000	179.000
652.000	181.000
653.000	184.000
654.000	199.000
655.000	214.000
656.000	210.000
657.000	206.000
658.000	202.000
659.000	175.000
660.000	225.000
661.000	179.000
662.000	190.000
663.000	192.000
664.000	211.000
665.000	186.000
666.000	154.000
667.000	189.000
668.000	203.000
669.000	189.000
670.000	180.000
671.000	246.000
672.000	200.000
673.000	204.000
674.000	195.000
675.000	208.000
676.000	200.000
677.000	196.000
678.000	182.000
679.000	206.000
680.000	211.000
681.000	201.000
682.000	212.000
683.000	218.000
684.000	215.000
685.000	192.000
686.000	197.000
687.000	232.000
688.000	187.000
689.000	234.000
690.000	221.000
691.000	222.000
692.000	225.000
693.000	216.000
694.000	214.000
695.000	195.000
696.000	236.000
697.000	211.000
698.000	248.000
699.000	227.000
700.000	211.000
701.000	221.000
702.000	237.000
703.000	216.000
704.000	215.000
705.000	221.000
706.000	242.000
707.000	216.000
708.000	226.000
709.000	223.000
710.000	239.000
711.000	208.000
712.000	207.000
713.000	223.000
714.000	265.000
715.000	228.000
716.000	235.000
717.000	226.000
718.000	240.000
719.000	213.000
720.000	253.000
721.000	227.000
722.000	223.000
723.000	228.000
724.000	241.000
725.000	258.000
726.000	252.000
727.000	275.000
728.000	258.000
729.000	259.000
730.000	269.000
731.000	245.000
732.000	236.000
733.000	247.000
734.000	252.000
735.000	243.000
736.000	272.000
737.000	251.000
738.000	229.000
739.000	267.000
740.000	254.000
741.000	258.000
742.000	255.000
743.000	236.000
744.000	259.000
745.000	245.000
746.000	263.000
747.000	285.000
748.000	258.000
749.000	260.000
750.000	259.000
751.000	266.000
752.000	266.000
753.000	266.000
754.000	256.000
755.000	279.000
756.000	240.000
757.000	259.000
758.000	278.000
759.000	277.000
760.000	264.000
761.000	240.000
762.000	263.000
763.000	256.000
764.000	268.000
765.000	307.000
766.000	272.000
767.000	268.000
768.000	289.000
769.000	314.000
770.000	295.000
771.000	305.000
772.000	269.000
773.000	306.000
774.000	305.000
775.000	291.000
776.000	270.000
777.000	288.000
778.000	266.000
779.000	282.000
780.000	279.000
781.000	297.000
782.000	283.000
783.000	289.000
784.000	285.000
785.000	261.000
786.000	272.000
787.000	270.000
788.000	266.000
789.000	290.000
790.000	287.000
791.000	261.000
792.000	246.000
793.000	260.000
794.000	268.000
795.000	265.000
796.000	267.000
797.000	255.000
798.000	295.000
799.000	279.000
800.000	278.000
801.000	307.000
802.000	305.000
803.000	257.000
804.000	282.000
805.000	282.000
806.000	320.000
807.000	314.000
808.000	289.000
809.000	309.000
810.000	293.000
811.000	316.000
812.000	291.000
813.000	333.000
814.000	302.000
815.000	323.000
816.000	307.000
817.000	295.000
818.000	326.000
819.000	320.000
820.000	296.000
821.000	330.000
822.000	304.000
823.000	318.000
824.000	308.000
825.000	305.000
826.000	322.000
827.000	317.000
828.000	305.000
829.000	301.000
830.000	299.000
831.000	352.000
832.000	330.000
833.000	315.000
834.000	336.000
835.000	294.000
836.000	303.000
837.000	329.000
838.000	318.000
839.000	330.000
840.000	364.000
841.000	339.000
842.000	346.000
843.000	329.000
844.000	333.000
845.000	370.000
846.000	359.000
847.000	327.000
848.000	331.000
849.000	407.000
850.000	315.000
851.000	325.000
852.000	367.000
853.000	366.000
854.000	337.000
855.000	358.000
856.000	339.000
857.000	388.000
858.000	441.000
859.000	354.000
860.000	405.000
861.000	398.000
862.000	416.000
863.000	410.000
864.000	411.000
865.000	438.000
866.000	436.000
867.000	385.000
868.000	412.000
869.000	416.000
870.000	448.000
871.000	462.000
872.000	468.000
873.000	480.000
874.000	557.000
875.000	517.000
876.000	584.000
877.000	575.000
878.000	603.000
879.000	618.000
880.000	667.000
881.000	719.000
882.000	730.000
883.000	776.000
884.000	839.000
885.000	905.000
886.000	969.000
887.000	1046.000
888.000	1061.000
889.000	1154.000
890.000	1153.000
891.000	1284.000
892.000	1266.000
893.000	1302.000
894.000	1383.000
895.000	1433.000
896.000	1476.000
897.000	1493.000
898.000	1553.000
899.000	1501.000
900.000	1571.000
901.000	1501.000
902.000	1538.000
903.000	1520.000
904.000	1525.000
905.000	1442.000
906.000	1373.000
907.000	1333.000
908.000	1393.000
909.000	1172.000
910.000	1255.000
911.000	1112.000
912.000	1071.000
913.000	976.000
914.000	983.000
915.000	949.000
916.000	850.000
917.000	823.000
918.000	695.000
919.000	717.000
920.000	688.000
921.000	670.000
922.000	600.000
923.000	578.000
924.000	530.000
925.000	475.000
926.000	489.000
927.000	503.000
928.000	457.000
929.000	462.000
930.000	400.000
931.000	414.000
932.000	417.000
933.000	389.000
934.000	395.000
935.000	380.000
936.000	350.000
937.000	339.000
938.000	351.000
939.000	376.000
940.000	374.000
941.000	396.000
942.000	435.000
943.000	479.000
944.000	458.000
945.000	512.000
946.000	533.000
947.000	598.000
948.000	656.000
949.000	709.000
950.000	735.000
951.000	825.000
952.000	831.000
953.000	794.000
954.000	832.000
955.000	798.000
956.000	774.000
957.000	779.000
958.000	681.000
959.000	615.000
960.000	595.000
961.000	560.000
962.000	483.000
963.000	412.000
964.000	393.000
965.000	355.000
966.000	325.000
967.000	358.000
968.000	314.000
969.000	305.000
970.000	291.000
971.000	250.000
972.000	307.000
973.000	308.000
974.000	308.000
975.000	276.000
976.000	295.000
977.000	297.000
978.000	296.000
979.000	278.000
980.000	346.000
981.000	306.000
982.000	330.000
983.000	339.000
984.000	330.000
985.000	338.000
986.000	339.000
987.000	355.000
988.000	353.000
989.000	367.000
990.000	396.000
991.000	360.000
992.000	392.000
993.000	424.000
994.000	430.000
995.000	423.000
996.000	396.000
997.000	415.000
998.000	430.000
999.000	451.000
1000.000	446.000
1001.000	458.000
1002.000	441.000
1003.000	436.000
1004.000	460.000
1005.000	433.000
1006.000	442.000
1007.000	468.000
1008.000	456.000
1009.000	445.000
1010.000	436.000
1011.000	423.000
1012.000	369.000
1013.000	406.000
1014.000	354.000
1015.000	377.000
1016.000	372.000
1017.000	353.000
1018.000	320.000
1019.000	354.000
1020.000	278.000
1021.000	292.000
1022.000	303.000
1023.000	273.000
1024.000	279.000
