Date:	8/19/2008		Time:	10:02 AM		Version no:	0.00		Project name:	55		Sample name:	222		Section name:	section		Position	920.039995	mm	E0	0.000000	keV	E1	1.000000	keV/channel	sample surface	7.782846	cm	Tube anode:	Mo		Tube voltage:	30	kV	Tube current:	50	mA	gain	20		std. database			resultfile	result		matrix element	11		sample thickness	1.000000		air passage	0.560000	cm	comments	in position		peaking_time	3.000000	m-sec	trigger_threshold	1229.166667	V	mca_bin_width	22.090000	no:	number_mca_channels	1024.000000	no:	gap_time	0.400000	m-sec	trigger_peaking_time	0.150000	m-sec	GAINDAC	9455		HIGHGAIN	1		TAURC	0		RCTAU	53		RCTAUFRAC	32768		livetime	9.702550	seconds	runtime	10.000502	seconds	input_count_rate	28.493642	cps	output_count_rate	21.741609	cps	triggers	276461	seconds	events_in_run	217427	seconds	channel	content		1.000	0.000
2.000	0.000
3.000	0.000
4.000	0.000
5.000	0.000
6.000	0.000
7.000	0.000
8.000	0.000
9.000	0.000
10.000	0.000
11.000	0.000
12.000	0.000
13.000	0.000
14.000	0.000
15.000	0.000
16.000	0.000
17.000	0.000
18.000	0.000
19.000	0.000
20.000	0.000
21.000	0.000
22.000	0.000
23.000	0.000
24.000	0.000
25.000	0.000
26.000	0.000
27.000	0.000
28.000	0.000
29.000	0.000
30.000	0.000
31.000	1.000
32.000	1.000
33.000	0.000
34.000	3.000
35.000	2.000
36.000	1.000
37.000	2.000
38.000	3.000
39.000	2.000
40.000	6.000
41.000	2.000
42.000	6.000
43.000	4.000
44.000	6.000
45.000	5.000
46.000	9.000
47.000	9.000
48.000	10.000
49.000	5.000
50.000	13.000
51.000	13.000
52.000	11.000
53.000	9.000
54.000	14.000
55.000	7.000
56.000	11.000
57.000	10.000
58.000	5.000
59.000	8.000
60.000	7.000
61.000	12.000
62.000	11.000
63.000	11.000
64.000	8.000
65.000	12.000
66.000	9.000
67.000	8.000
68.000	6.000
69.000	5.000
70.000	8.000
71.000	7.000
72.000	9.000
73.000	14.000
74.000	6.000
75.000	17.000
76.000	6.000
77.000	8.000
78.000	14.000
79.000	8.000
80.000	8.000
81.000	9.000
82.000	8.000
83.000	11.000
84.000	12.000
85.000	6.000
86.000	10.000
87.000	6.000
88.000	9.000
89.000	6.000
90.000	11.000
91.000	8.000
92.000	6.000
93.000	5.000
94.000	9.000
95.000	10.000
96.000	6.000
97.000	8.000
98.000	6.000
99.000	5.000
100.000	4.000
101.000	8.000
102.000	5.000
103.000	7.000
104.000	4.000
105.000	6.000
106.000	12.000
107.000	8.000
108.000	11.000
109.000	3.000
110.000	6.000
111.000	10.000
112.000	9.000
113.000	6.000
114.000	4.000
115.000	6.000
116.000	9.000
117.000	3.000
118.000	9.000
119.000	7.000
120.000	5.000
121.000	4.000
122.000	11.000
123.000	11.000
124.000	7.000
125.000	12.000
126.000	9.000
127.000	8.000
128.000	6.000
129.000	11.000
130.000	6.000
131.000	8.000
132.000	8.000
133.000	5.000
134.000	8.000
135.000	9.000
136.000	6.000
137.000	8.000
138.000	5.000
139.000	1.000
140.000	4.000
141.000	4.000
142.000	3.000
143.000	3.000
144.000	4.000
145.000	2.000
146.000	3.000
147.000	2.000
148.000	7.000
149.000	1.000
150.000	3.000
151.000	6.000
152.000	3.000
153.000	4.000
154.000	5.000
155.000	0.000
156.000	5.000
157.000	8.000
158.000	8.000
159.000	9.000
160.000	11.000
161.000	13.000
162.000	10.000
163.000	8.000
164.000	4.000
165.000	4.000
166.000	3.000
167.000	9.000
168.000	3.000
169.000	3.000
170.000	5.000
171.000	2.000
172.000	4.000
173.000	3.000
174.000	4.000
175.000	3.000
176.000	10.000
177.000	4.000
178.000	7.000
179.000	7.000
180.000	8.000
181.000	5.000
182.000	10.000
183.000	7.000
184.000	7.000
185.000	7.000
186.000	6.000
187.000	1.000
188.000	0.000
189.000	2.000
190.000	2.000
191.000	3.000
192.000	2.000
193.000	5.000
194.000	5.000
195.000	6.000
196.000	5.000
197.000	5.000
198.000	6.000
199.000	18.000
200.000	21.000
201.000	22.000
202.000	30.000
203.000	34.000
204.000	25.000
205.000	27.000
206.000	13.000
207.000	15.000
208.000	9.000
209.000	2.000
210.000	4.000
211.000	3.000
212.000	6.000
213.000	1.000
214.000	4.000
215.000	4.000
216.000	4.000
217.000	8.000
218.000	11.000
219.000	4.000
220.000	7.000
221.000	9.000
222.000	8.000
223.000	6.000
224.000	10.000
225.000	4.000
226.000	7.000
227.000	4.000
228.000	6.000
229.000	3.000
230.000	4.000
231.000	6.000
232.000	3.000
233.000	3.000
234.000	5.000
235.000	6.000
236.000	3.000
237.000	3.000
238.000	3.000
239.000	2.000
240.000	5.000
241.000	7.000
242.000	6.000
243.000	8.000
244.000	12.000
245.000	12.000
246.000	15.000
247.000	19.000
248.000	14.000
249.000	9.000
250.000	14.000
251.000	12.000
252.000	5.000
253.000	12.000
254.000	8.000
255.000	9.000
256.000	12.000
257.000	9.000
258.000	5.000
259.000	7.000
260.000	9.000
261.000	9.000
262.000	6.000
263.000	4.000
264.000	4.000
265.000	1.000
266.000	5.000
267.000	5.000
268.000	5.000
269.000	6.000
270.000	10.000
271.000	11.000
272.000	10.000
273.000	7.000
274.000	10.000
275.000	8.000
276.000	7.000
277.000	4.000
278.000	9.000
279.000	1.000
280.000	6.000
281.000	3.000
282.000	5.000
283.000	8.000
284.000	4.000
285.000	5.000
286.000	6.000
287.000	8.000
288.000	6.000
289.000	7.000
290.000	11.000
291.000	5.000
292.000	6.000
293.000	7.000
294.000	7.000
295.000	13.000
296.000	4.000
297.000	8.000
298.000	7.000
299.000	9.000
300.000	9.000
301.000	8.000
302.000	8.000
303.000	7.000
304.000	9.000
305.000	7.000
306.000	3.000
307.000	12.000
308.000	6.000
309.000	13.000
310.000	9.000
311.000	6.000
312.000	9.000
313.000	7.000
314.000	10.000
315.000	19.000
316.000	17.000
317.000	18.000
318.000	22.000
319.000	29.000
320.000	28.000
321.000	38.000
322.000	38.000
323.000	42.000
324.000	52.000
325.000	51.000
326.000	33.000
327.000	33.000
328.000	24.000
329.000	15.000
330.000	19.000
331.000	13.000
332.000	10.000
333.000	13.000
334.000	9.000
335.000	16.000
336.000	10.000
337.000	19.000
338.000	18.000
339.000	23.000
340.000	26.000
341.000	41.000
342.000	49.000
343.000	109.000
344.000	153.000
345.000	310.000
346.000	449.000
347.000	584.000
348.000	754.000
349.000	846.000
350.000	980.000
351.000	927.000
352.000	861.000
353.000	761.000
354.000	625.000
355.000	443.000
356.000	336.000
357.000	194.000
358.000	132.000
359.000	74.000
360.000	38.000
361.000	38.000
362.000	27.000
363.000	23.000
364.000	12.000
365.000	15.000
366.000	17.000
367.000	20.000
368.000	11.000
369.000	15.000
370.000	16.000
371.000	19.000
372.000	17.000
373.000	24.000
374.000	28.000
375.000	23.000
376.000	26.000
377.000	32.000
378.000	39.000
379.000	38.000
380.000	70.000
381.000	85.000
382.000	100.000
383.000	144.000
384.000	173.000
385.000	175.000
386.000	193.000
387.000	191.000
388.000	182.000
389.000	155.000
390.000	106.000
391.000	109.000
392.000	72.000
393.000	48.000
394.000	33.000
395.000	27.000
396.000	34.000
397.000	15.000
398.000	23.000
399.000	18.000
400.000	16.000
401.000	22.000
402.000	19.000
403.000	19.000
404.000	27.000
405.000	24.000
406.000	32.000
407.000	27.000
408.000	22.000
409.000	16.000
410.000	28.000
411.000	26.000
412.000	34.000
413.000	33.000
414.000	15.000
415.000	22.000
416.000	33.000
417.000	26.000
418.000	27.000
419.000	32.000
420.000	18.000
421.000	29.000
422.000	34.000
423.000	36.000
424.000	31.000
425.000	34.000
426.000	24.000
427.000	24.000
428.000	36.000
429.000	38.000
430.000	23.000
431.000	31.000
432.000	38.000
433.000	29.000
434.000	38.000
435.000	26.000
436.000	41.000
437.000	40.000
438.000	31.000
439.000	39.000
440.000	42.000
441.000	34.000
442.000	36.000
443.000	38.000
444.000	57.000
445.000	39.000
446.000	43.000
447.000	51.000
448.000	43.000
449.000	46.000
450.000	50.000
451.000	48.000
452.000	50.000
453.000	38.000
454.000	50.000
455.000	43.000
456.000	37.000
457.000	36.000
458.000	60.000
459.000	54.000
460.000	50.000
461.000	55.000
462.000	46.000
463.000	53.000
464.000	49.000
465.000	55.000
466.000	49.000
467.000	46.000
468.000	45.000
469.000	67.000
470.000	55.000
471.000	49.000
472.000	71.000
473.000	70.000
474.000	44.000
475.000	46.000
476.000	38.000
477.000	42.000
478.000	45.000
479.000	52.000
480.000	60.000
481.000	60.000
482.000	69.000
483.000	62.000
484.000	70.000
485.000	62.000
486.000	62.000
487.000	62.000
488.000	49.000
489.000	71.000
490.000	56.000
491.000	63.000
492.000	70.000
493.000	58.000
494.000	70.000
495.000	63.000
496.000	73.000
497.000	58.000
498.000	52.000
499.000	75.000
500.000	60.000
501.000	59.000
502.000	79.000
503.000	66.000
504.000	61.000
505.000	74.000
506.000	72.000
507.000	75.000
508.000	86.000
509.000	78.000
510.000	83.000
511.000	68.000
512.000	83.000
513.000	88.000
514.000	70.000
515.000	70.000
516.000	70.000
517.000	85.000
518.000	74.000
519.000	79.000
520.000	87.000
521.000	80.000
522.000	80.000
523.000	90.000
524.000	82.000
525.000	75.000
526.000	84.000
527.000	92.000
528.000	88.000
529.000	90.000
530.000	79.000
531.000	79.000
532.000	94.000
533.000	99.000
534.000	83.000
535.000	79.000
536.000	77.000
537.000	96.000
538.000	102.000
539.000	102.000
540.000	81.000
541.000	94.000
542.000	100.000
543.000	99.000
544.000	113.000
545.000	107.000
546.000	89.000
547.000	97.000
548.000	87.000
549.000	120.000
550.000	104.000
551.000	126.000
552.000	83.000
553.000	93.000
554.000	103.000
555.000	109.000
556.000	125.000
557.000	124.000
558.000	93.000
559.000	102.000
560.000	129.000
561.000	116.000
562.000	112.000
563.000	116.000
564.000	106.000
565.000	100.000
566.000	128.000
567.000	116.000
568.000	125.000
569.000	127.000
570.000	120.000
571.000	122.000
572.000	111.000
573.000	120.000
574.000	111.000
575.000	132.000
576.000	122.000
577.000	118.000
578.000	127.000
579.000	120.000
580.000	135.000
581.000	137.000
582.000	125.000
583.000	132.000
584.000	130.000
585.000	126.000
586.000	132.000
587.000	141.000
588.000	117.000
589.000	130.000
590.000	130.000
591.000	141.000
592.000	105.000
593.000	116.000
594.000	122.000
595.000	126.000
596.000	134.000
597.000	146.000
598.000	140.000
599.000	134.000
600.000	142.000
601.000	150.000
602.000	142.000
603.000	149.000
604.000	138.000
605.000	128.000
606.000	139.000
607.000	138.000
608.000	142.000
609.000	152.000
610.000	168.000
611.000	151.000
612.000	149.000
613.000	137.000
614.000	158.000
615.000	136.000
616.000	168.000
617.000	155.000
618.000	149.000
619.000	147.000
620.000	143.000
621.000	160.000
622.000	144.000
623.000	150.000
624.000	182.000
625.000	160.000
626.000	150.000
627.000	158.000
628.000	173.000
629.000	187.000
630.000	150.000
631.000	160.000
632.000	141.000
633.000	182.000
634.000	137.000
635.000	180.000
636.000	169.000
637.000	167.000
638.000	166.000
639.000	175.000
640.000	162.000
641.000	174.000
642.000	188.000
643.000	190.000
644.000	182.000
645.000	180.000
646.000	200.000
647.000	186.000
648.000	191.000
649.000	192.000
650.000	180.000
651.000	206.000
652.000	209.000
653.000	203.000
654.000	205.000
655.000	197.000
656.000	187.000
657.000	183.000
658.000	187.000
659.000	174.000
660.000	165.000
661.000	179.000
662.000	197.000
663.000	173.000
664.000	186.000
665.000	181.000
666.000	199.000
667.000	209.000
668.000	193.000
669.000	175.000
670.000	185.000
671.000	170.000
672.000	190.000
673.000	195.000
674.000	197.000
675.000	192.000
676.000	196.000
677.000	196.000
678.000	192.000
679.000	218.000
680.000	208.000
681.000	209.000
682.000	194.000
683.000	219.000
684.000	192.000
685.000	211.000
686.000	212.000
687.000	205.000
688.000	205.000
689.000	228.000
690.000	193.000
691.000	224.000
692.000	205.000
693.000	204.000
694.000	208.000
695.000	222.000
696.000	218.000
697.000	200.000
698.000	191.000
699.000	208.000
700.000	225.000
701.000	223.000
702.000	204.000
703.000	222.000
704.000	220.000
705.000	220.000
706.000	248.000
707.000	215.000
708.000	217.000
709.000	207.000
710.000	264.000
711.000	207.000
712.000	240.000
713.000	214.000
714.000	261.000
715.000	202.000
716.000	237.000
717.000	225.000
718.000	237.000
719.000	215.000
720.000	230.000
721.000	208.000
722.000	215.000
723.000	252.000
724.000	252.000
725.000	248.000
726.000	259.000
727.000	268.000
728.000	236.000
729.000	260.000
730.000	251.000
731.000	230.000
732.000	243.000
733.000	251.000
734.000	247.000
735.000	237.000
736.000	233.000
737.000	261.000
738.000	231.000
739.000	233.000
740.000	254.000
741.000	214.000
742.000	245.000
743.000	250.000
744.000	261.000
745.000	255.000
746.000	253.000
747.000	232.000
748.000	249.000
749.000	245.000
750.000	240.000
751.000	253.000
752.000	238.000
753.000	260.000
754.000	233.000
755.000	257.000
756.000	253.000
757.000	251.000
758.000	255.000
759.000	242.000
760.000	244.000
761.000	241.000
762.000	245.000
763.000	252.000
764.000	252.000
765.000	277.000
766.000	242.000
767.000	274.000
768.000	257.000
769.000	252.000
770.000	261.000
771.000	288.000
772.000	298.000
773.000	290.000
774.000	285.000
775.000	309.000
776.000	296.000
777.000	264.000
778.000	260.000
779.000	247.000
780.000	272.000
781.000	299.000
782.000	286.000
783.000	279.000
784.000	247.000
785.000	303.000
786.000	276.000
787.000	277.000
788.000	272.000
789.000	253.000
790.000	279.000
791.000	231.000
792.000	245.000
793.000	252.000
794.000	255.000
795.000	271.000
796.000	241.000
797.000	271.000
798.000	274.000
799.000	270.000
800.000	253.000
801.000	275.000
802.000	270.000
803.000	264.000
804.000	265.000
805.000	260.000
806.000	285.000
807.000	260.000
808.000	284.000
809.000	284.000
810.000	267.000
811.000	270.000
812.000	276.000
813.000	285.000
814.000	311.000
815.000	301.000
816.000	268.000
817.000	305.000
818.000	278.000
819.000	264.000
820.000	280.000
821.000	308.000
822.000	279.000
823.000	292.000
824.000	271.000
825.000	282.000
826.000	310.000
827.000	296.000
828.000	299.000
829.000	262.000
830.000	302.000
831.000	258.000
832.000	288.000
833.000	307.000
834.000	289.000
835.000	291.000
836.000	269.000
837.000	266.000
838.000	285.000
839.000	289.000
840.000	297.000
841.000	306.000
842.000	304.000
843.000	318.000
844.000	284.000
845.000	321.000
846.000	300.000
847.000	326.000
848.000	313.000
849.000	323.000
850.000	330.000
851.000	303.000
852.000	341.000
853.000	354.000
854.000	336.000
855.000	333.000
856.000	327.000
857.000	366.000
858.000	367.000
859.000	352.000
860.000	342.000
861.000	376.000
862.000	353.000
863.000	357.000
864.000	376.000
865.000	375.000
866.000	396.000
867.000	421.000
868.000	408.000
869.000	414.000
870.000	430.000
871.000	421.000
872.000	442.000
873.000	440.000
874.000	440.000
875.000	506.000
876.000	499.000
877.000	526.000
878.000	617.000
879.000	566.000
880.000	602.000
881.000	627.000
882.000	695.000
883.000	725.000
884.000	760.000
885.000	821.000
886.000	875.000
887.000	943.000
888.000	951.000
889.000	1014.000
890.000	1120.000
891.000	1108.000
892.000	1145.000
893.000	1202.000
894.000	1301.000
895.000	1308.000
896.000	1275.000
897.000	1368.000
898.000	1399.000
899.000	1414.000
900.000	1439.000
901.000	1482.000
902.000	1453.000
903.000	1439.000
904.000	1369.000
905.000	1390.000
906.000	1362.000
907.000	1319.000
908.000	1245.000
909.000	1166.000
910.000	1075.000
911.000	1065.000
912.000	1030.000
913.000	966.000
914.000	882.000
915.000	869.000
916.000	839.000
917.000	747.000
918.000	680.000
919.000	666.000
920.000	603.000
921.000	575.000
922.000	540.000
923.000	499.000
924.000	479.000
925.000	470.000
926.000	466.000
927.000	438.000
928.000	404.000
929.000	382.000
930.000	380.000
931.000	370.000
932.000	392.000
933.000	371.000
934.000	344.000
935.000	358.000
936.000	360.000
937.000	329.000
938.000	330.000
939.000	356.000
940.000	334.000
941.000	371.000
942.000	374.000
943.000	447.000
944.000	479.000
945.000	506.000
946.000	516.000
947.000	589.000
948.000	612.000
949.000	677.000
950.000	809.000
951.000	774.000
952.000	765.000
953.000	764.000
954.000	788.000
955.000	721.000
956.000	778.000
957.000	650.000
958.000	620.000
959.000	565.000
960.000	537.000
961.000	489.000
962.000	409.000
963.000	359.000
964.000	364.000
965.000	328.000
966.000	307.000
967.000	283.000
968.000	300.000
969.000	285.000
970.000	293.000
971.000	263.000
972.000	272.000
973.000	273.000
974.000	318.000
975.000	248.000
976.000	263.000
977.000	249.000
978.000	268.000
979.000	276.000
980.000	292.000
981.000	260.000
982.000	276.000
983.000	288.000
984.000	290.000
985.000	284.000
986.000	313.000
987.000	294.000
988.000	320.000
989.000	308.000
990.000	334.000
991.000	359.000
992.000	361.000
993.000	362.000
994.000	391.000
995.000	391.000
996.000	385.000
997.000	400.000
998.000	417.000
999.000	405.000
1000.000	372.000
1001.000	443.000
1002.000	412.000
1003.000	425.000
1004.000	442.000
1005.000	433.000
1006.000	451.000
1007.000	400.000
1008.000	377.000
1009.000	411.000
1010.000	391.000
1011.000	445.000
1012.000	377.000
1013.000	365.000
1014.000	368.000
1015.000	335.000
1016.000	347.000
1017.000	346.000
1018.000	299.000
1019.000	355.000
1020.000	303.000
1021.000	303.000
1022.000	300.000
1023.000	258.000
1024.000	266.000
