Date:	8/19/2008		Time:	9:58 AM		Version no:	0.00		Project name:	55		Sample name:	222		Section name:	section		Position	878.039995	mm	E0	0.000000	keV	E1	1.000000	keV/channel	sample surface	7.800244	cm	Tube anode:	Mo		Tube voltage:	30	kV	Tube current:	50	mA	gain	20		std. database			resultfile	result		matrix element	11		sample thickness	1.000000		air passage	0.560000	cm	comments	in position		peaking_time	3.000000	m-sec	trigger_threshold	1229.166667	V	mca_bin_width	22.090000	no:	number_mca_channels	1024.000000	no:	gap_time	0.400000	m-sec	trigger_peaking_time	0.150000	m-sec	GAINDAC	9455		HIGHGAIN	1		TAURC	0		RCTAU	53		RCTAUFRAC	32768		livetime	9.667626	seconds	runtime	10.000502	seconds	input_count_rate	31.070297	cps	output_count_rate	23.183435	cps	triggers	300376	seconds	events_in_run	231846	seconds	channel	content		1.000	0.000
2.000	0.000
3.000	0.000
4.000	0.000
5.000	0.000
6.000	0.000
7.000	0.000
8.000	0.000
9.000	0.000
10.000	0.000
11.000	0.000
12.000	0.000
13.000	0.000
14.000	0.000
15.000	0.000
16.000	0.000
17.000	0.000
18.000	0.000
19.000	0.000
20.000	0.000
21.000	0.000
22.000	0.000
23.000	0.000
24.000	0.000
25.000	0.000
26.000	0.000
27.000	0.000
28.000	0.000
29.000	0.000
30.000	0.000
31.000	1.000
32.000	1.000
33.000	0.000
34.000	2.000
35.000	1.000
36.000	0.000
37.000	0.000
38.000	2.000
39.000	3.000
40.000	0.000
41.000	5.000
42.000	2.000
43.000	5.000
44.000	0.000
45.000	6.000
46.000	5.000
47.000	5.000
48.000	10.000
49.000	5.000
50.000	5.000
51.000	11.000
52.000	10.000
53.000	14.000
54.000	11.000
55.000	7.000
56.000	7.000
57.000	10.000
58.000	5.000
59.000	7.000
60.000	9.000
61.000	10.000
62.000	8.000
63.000	17.000
64.000	12.000
65.000	10.000
66.000	7.000
67.000	11.000
68.000	10.000
69.000	6.000
70.000	9.000
71.000	7.000
72.000	11.000
73.000	5.000
74.000	9.000
75.000	4.000
76.000	7.000
77.000	9.000
78.000	8.000
79.000	10.000
80.000	7.000
81.000	11.000
82.000	10.000
83.000	10.000
84.000	7.000
85.000	11.000
86.000	12.000
87.000	5.000
88.000	12.000
89.000	4.000
90.000	8.000
91.000	13.000
92.000	7.000
93.000	10.000
94.000	10.000
95.000	7.000
96.000	13.000
97.000	4.000
98.000	3.000
99.000	4.000
100.000	11.000
101.000	11.000
102.000	12.000
103.000	9.000
104.000	8.000
105.000	7.000
106.000	4.000
107.000	8.000
108.000	5.000
109.000	4.000
110.000	7.000
111.000	7.000
112.000	6.000
113.000	4.000
114.000	3.000
115.000	7.000
116.000	3.000
117.000	3.000
118.000	6.000
119.000	6.000
120.000	9.000
121.000	7.000
122.000	15.000
123.000	6.000
124.000	6.000
125.000	9.000
126.000	11.000
127.000	9.000
128.000	11.000
129.000	5.000
130.000	5.000
131.000	4.000
132.000	7.000
133.000	9.000
134.000	6.000
135.000	8.000
136.000	5.000
137.000	0.000
138.000	4.000
139.000	7.000
140.000	6.000
141.000	10.000
142.000	6.000
143.000	3.000
144.000	3.000
145.000	5.000
146.000	4.000
147.000	2.000
148.000	13.000
149.000	4.000
150.000	6.000
151.000	3.000
152.000	4.000
153.000	6.000
154.000	5.000
155.000	5.000
156.000	5.000
157.000	7.000
158.000	3.000
159.000	10.000
160.000	12.000
161.000	7.000
162.000	11.000
163.000	13.000
164.000	9.000
165.000	7.000
166.000	2.000
167.000	3.000
168.000	5.000
169.000	6.000
170.000	4.000
171.000	3.000
172.000	6.000
173.000	2.000
174.000	5.000
175.000	4.000
176.000	6.000
177.000	8.000
178.000	11.000
179.000	7.000
180.000	9.000
181.000	3.000
182.000	12.000
183.000	11.000
184.000	9.000
185.000	12.000
186.000	4.000
187.000	3.000
188.000	5.000
189.000	0.000
190.000	2.000
191.000	8.000
192.000	8.000
193.000	3.000
194.000	3.000
195.000	6.000
196.000	9.000
197.000	12.000
198.000	23.000
199.000	21.000
200.000	23.000
201.000	33.000
202.000	29.000
203.000	34.000
204.000	36.000
205.000	26.000
206.000	26.000
207.000	12.000
208.000	9.000
209.000	5.000
210.000	4.000
211.000	4.000
212.000	2.000
213.000	3.000
214.000	4.000
215.000	2.000
216.000	9.000
217.000	6.000
218.000	15.000
219.000	13.000
220.000	4.000
221.000	4.000
222.000	7.000
223.000	6.000
224.000	7.000
225.000	4.000
226.000	4.000
227.000	2.000
228.000	4.000
229.000	3.000
230.000	4.000
231.000	4.000
232.000	3.000
233.000	5.000
234.000	4.000
235.000	2.000
236.000	3.000
237.000	5.000
238.000	5.000
239.000	1.000
240.000	8.000
241.000	5.000
242.000	6.000
243.000	10.000
244.000	10.000
245.000	15.000
246.000	15.000
247.000	21.000
248.000	16.000
249.000	17.000
250.000	14.000
251.000	11.000
252.000	12.000
253.000	7.000
254.000	10.000
255.000	10.000
256.000	12.000
257.000	5.000
258.000	5.000
259.000	11.000
260.000	2.000
261.000	4.000
262.000	6.000
263.000	4.000
264.000	2.000
265.000	5.000
266.000	3.000
267.000	4.000
268.000	11.000
269.000	4.000
270.000	7.000
271.000	8.000
272.000	4.000
273.000	5.000
274.000	6.000
275.000	6.000
276.000	2.000
277.000	4.000
278.000	6.000
279.000	8.000
280.000	4.000
281.000	4.000
282.000	3.000
283.000	5.000
284.000	10.000
285.000	3.000
286.000	10.000
287.000	10.000
288.000	9.000
289.000	9.000
290.000	6.000
291.000	10.000
292.000	3.000
293.000	10.000
294.000	9.000
295.000	10.000
296.000	4.000
297.000	5.000
298.000	5.000
299.000	11.000
300.000	9.000
301.000	12.000
302.000	10.000
303.000	6.000
304.000	6.000
305.000	10.000
306.000	9.000
307.000	8.000
308.000	6.000
309.000	11.000
310.000	11.000
311.000	7.000
312.000	10.000
313.000	13.000
314.000	12.000
315.000	21.000
316.000	14.000
317.000	20.000
318.000	31.000
319.000	33.000
320.000	42.000
321.000	49.000
322.000	73.000
323.000	60.000
324.000	67.000
325.000	59.000
326.000	59.000
327.000	34.000
328.000	29.000
329.000	30.000
330.000	18.000
331.000	20.000
332.000	12.000
333.000	11.000
334.000	17.000
335.000	15.000
336.000	6.000
337.000	12.000
338.000	25.000
339.000	14.000
340.000	33.000
341.000	38.000
342.000	70.000
343.000	116.000
344.000	183.000
345.000	303.000
346.000	416.000
347.000	608.000
348.000	764.000
349.000	913.000
350.000	987.000
351.000	1001.000
352.000	975.000
353.000	859.000
354.000	702.000
355.000	460.000
356.000	365.000
357.000	207.000
358.000	153.000
359.000	78.000
360.000	38.000
361.000	33.000
362.000	32.000
363.000	23.000
364.000	18.000
365.000	14.000
366.000	12.000
367.000	16.000
368.000	20.000
369.000	20.000
370.000	22.000
371.000	19.000
372.000	19.000
373.000	22.000
374.000	28.000
375.000	27.000
376.000	21.000
377.000	24.000
378.000	37.000
379.000	57.000
380.000	58.000
381.000	77.000
382.000	102.000
383.000	134.000
384.000	148.000
385.000	184.000
386.000	194.000
387.000	185.000
388.000	176.000
389.000	151.000
390.000	133.000
391.000	103.000
392.000	85.000
393.000	42.000
394.000	28.000
395.000	31.000
396.000	33.000
397.000	31.000
398.000	27.000
399.000	27.000
400.000	26.000
401.000	25.000
402.000	26.000
403.000	27.000
404.000	27.000
405.000	33.000
406.000	28.000
407.000	33.000
408.000	32.000
409.000	25.000
410.000	28.000
411.000	32.000
412.000	20.000
413.000	28.000
414.000	32.000
415.000	35.000
416.000	25.000
417.000	28.000
418.000	34.000
419.000	28.000
420.000	24.000
421.000	45.000
422.000	32.000
423.000	26.000
424.000	40.000
425.000	42.000
426.000	30.000
427.000	28.000
428.000	32.000
429.000	36.000
430.000	35.000
431.000	24.000
432.000	38.000
433.000	43.000
434.000	29.000
435.000	35.000
436.000	36.000
437.000	43.000
438.000	41.000
439.000	43.000
440.000	52.000
441.000	39.000
442.000	47.000
443.000	50.000
444.000	39.000
445.000	52.000
446.000	49.000
447.000	49.000
448.000	44.000
449.000	36.000
450.000	59.000
451.000	50.000
452.000	41.000
453.000	57.000
454.000	39.000
455.000	39.000
456.000	43.000
457.000	52.000
458.000	50.000
459.000	60.000
460.000	56.000
461.000	66.000
462.000	61.000
463.000	54.000
464.000	59.000
465.000	46.000
466.000	49.000
467.000	49.000
468.000	58.000
469.000	53.000
470.000	59.000
471.000	49.000
472.000	46.000
473.000	68.000
474.000	60.000
475.000	70.000
476.000	50.000
477.000	59.000
478.000	47.000
479.000	71.000
480.000	60.000
481.000	57.000
482.000	59.000
483.000	71.000
484.000	61.000
485.000	56.000
486.000	60.000
487.000	60.000
488.000	66.000
489.000	77.000
490.000	55.000
491.000	71.000
492.000	66.000
493.000	56.000
494.000	61.000
495.000	52.000
496.000	83.000
497.000	80.000
498.000	78.000
499.000	77.000
500.000	70.000
501.000	70.000
502.000	74.000
503.000	69.000
504.000	63.000
505.000	86.000
506.000	82.000
507.000	81.000
508.000	77.000
509.000	80.000
510.000	76.000
511.000	87.000
512.000	86.000
513.000	92.000
514.000	74.000
515.000	71.000
516.000	86.000
517.000	83.000
518.000	72.000
519.000	70.000
520.000	88.000
521.000	94.000
522.000	99.000
523.000	95.000
524.000	114.000
525.000	103.000
526.000	102.000
527.000	95.000
528.000	112.000
529.000	95.000
530.000	87.000
531.000	98.000
532.000	103.000
533.000	99.000
534.000	96.000
535.000	109.000
536.000	96.000
537.000	81.000
538.000	79.000
539.000	109.000
540.000	115.000
541.000	94.000
542.000	100.000
543.000	121.000
544.000	102.000
545.000	107.000
546.000	96.000
547.000	97.000
548.000	106.000
549.000	105.000
550.000	93.000
551.000	114.000
552.000	106.000
553.000	94.000
554.000	107.000
555.000	115.000
556.000	130.000
557.000	116.000
558.000	109.000
559.000	101.000
560.000	96.000
561.000	112.000
562.000	114.000
563.000	119.000
564.000	131.000
565.000	115.000
566.000	134.000
567.000	120.000
568.000	123.000
569.000	116.000
570.000	121.000
571.000	143.000
572.000	113.000
573.000	129.000
574.000	125.000
575.000	159.000
576.000	123.000
577.000	148.000
578.000	140.000
579.000	138.000
580.000	123.000
581.000	136.000
582.000	141.000
583.000	119.000
584.000	138.000
585.000	117.000
586.000	142.000
587.000	143.000
588.000	146.000
589.000	145.000
590.000	146.000
591.000	140.000
592.000	151.000
593.000	144.000
594.000	128.000
595.000	138.000
596.000	147.000
597.000	152.000
598.000	175.000
599.000	157.000
600.000	150.000
601.000	145.000
602.000	149.000
603.000	152.000
604.000	152.000
605.000	154.000
606.000	171.000
607.000	138.000
608.000	150.000
609.000	134.000
610.000	189.000
611.000	157.000
612.000	173.000
613.000	144.000
614.000	178.000
615.000	179.000
616.000	150.000
617.000	187.000
618.000	177.000
619.000	202.000
620.000	147.000
621.000	163.000
622.000	168.000
623.000	161.000
624.000	185.000
625.000	185.000
626.000	164.000
627.000	165.000
628.000	170.000
629.000	173.000
630.000	170.000
631.000	146.000
632.000	187.000
633.000	167.000
634.000	195.000
635.000	169.000
636.000	183.000
637.000	192.000
638.000	202.000
639.000	181.000
640.000	170.000
641.000	200.000
642.000	183.000
643.000	190.000
644.000	194.000
645.000	198.000
646.000	217.000
647.000	208.000
648.000	183.000
649.000	206.000
650.000	202.000
651.000	205.000
652.000	216.000
653.000	196.000
654.000	228.000
655.000	228.000
656.000	227.000
657.000	209.000
658.000	211.000
659.000	219.000
660.000	192.000
661.000	205.000
662.000	197.000
663.000	213.000
664.000	191.000
665.000	196.000
666.000	211.000
667.000	217.000
668.000	214.000
669.000	193.000
670.000	234.000
671.000	177.000
672.000	217.000
673.000	213.000
674.000	213.000
675.000	220.000
676.000	232.000
677.000	202.000
678.000	220.000
679.000	212.000
680.000	238.000
681.000	218.000
682.000	224.000
683.000	225.000
684.000	230.000
685.000	234.000
686.000	200.000
687.000	237.000
688.000	227.000
689.000	214.000
690.000	253.000
691.000	234.000
692.000	219.000
693.000	214.000
694.000	240.000
695.000	217.000
696.000	228.000
697.000	233.000
698.000	257.000
699.000	226.000
700.000	244.000
701.000	253.000
702.000	263.000
703.000	242.000
704.000	254.000
705.000	225.000
706.000	233.000
707.000	231.000
708.000	231.000
709.000	249.000
710.000	259.000
711.000	246.000
712.000	252.000
713.000	250.000
714.000	237.000
715.000	262.000
716.000	226.000
717.000	237.000
718.000	250.000
719.000	250.000
720.000	235.000
721.000	238.000
722.000	242.000
723.000	277.000
724.000	234.000
725.000	255.000
726.000	234.000
727.000	268.000
728.000	281.000
729.000	222.000
730.000	240.000
731.000	288.000
732.000	255.000
733.000	247.000
734.000	246.000
735.000	262.000
736.000	280.000
737.000	316.000
738.000	248.000
739.000	270.000
740.000	274.000
741.000	273.000
742.000	254.000
743.000	287.000
744.000	261.000
745.000	253.000
746.000	281.000
747.000	265.000
748.000	280.000
749.000	269.000
750.000	267.000
751.000	269.000
752.000	258.000
753.000	277.000
754.000	252.000
755.000	240.000
756.000	277.000
757.000	271.000
758.000	282.000
759.000	275.000
760.000	280.000
761.000	267.000
762.000	287.000
763.000	293.000
764.000	288.000
765.000	274.000
766.000	291.000
767.000	272.000
768.000	281.000
769.000	323.000
770.000	270.000
771.000	291.000
772.000	301.000
773.000	282.000
774.000	308.000
775.000	345.000
776.000	305.000
777.000	307.000
778.000	304.000
779.000	314.000
780.000	281.000
781.000	295.000
782.000	299.000
783.000	271.000
784.000	304.000
785.000	266.000
786.000	242.000
787.000	283.000
788.000	308.000
789.000	299.000
790.000	283.000
791.000	286.000
792.000	282.000
793.000	282.000
794.000	269.000
795.000	298.000
796.000	298.000
797.000	305.000
798.000	307.000
799.000	288.000
800.000	292.000
801.000	270.000
802.000	289.000
803.000	325.000
804.000	268.000
805.000	300.000
806.000	302.000
807.000	306.000
808.000	258.000
809.000	291.000
810.000	264.000
811.000	325.000
812.000	305.000
813.000	296.000
814.000	283.000
815.000	275.000
816.000	307.000
817.000	313.000
818.000	324.000
819.000	284.000
820.000	307.000
821.000	315.000
822.000	321.000
823.000	266.000
824.000	278.000
825.000	280.000
826.000	296.000
827.000	302.000
828.000	304.000
829.000	328.000
830.000	309.000
831.000	310.000
832.000	309.000
833.000	297.000
834.000	345.000
835.000	332.000
836.000	308.000
837.000	305.000
838.000	348.000
839.000	354.000
840.000	342.000
841.000	329.000
842.000	329.000
843.000	323.000
844.000	353.000
845.000	296.000
846.000	349.000
847.000	347.000
848.000	332.000
849.000	309.000
850.000	360.000
851.000	330.000
852.000	353.000
853.000	336.000
854.000	370.000
855.000	339.000
856.000	345.000
857.000	372.000
858.000	414.000
859.000	371.000
860.000	381.000
861.000	371.000
862.000	411.000
863.000	397.000
864.000	375.000
865.000	425.000
866.000	402.000
867.000	422.000
868.000	465.000
869.000	428.000
870.000	466.000
871.000	442.000
872.000	513.000
873.000	532.000
874.000	521.000
875.000	531.000
876.000	476.000
877.000	524.000
878.000	610.000
879.000	611.000
880.000	637.000
881.000	675.000
882.000	725.000
883.000	831.000
884.000	807.000
885.000	886.000
886.000	881.000
887.000	1023.000
888.000	992.000
889.000	1073.000
890.000	1149.000
891.000	1243.000
892.000	1251.000
893.000	1340.000
894.000	1311.000
895.000	1387.000
896.000	1447.000
897.000	1515.000
898.000	1467.000
899.000	1544.000
900.000	1461.000
901.000	1572.000
902.000	1540.000
903.000	1488.000
904.000	1568.000
905.000	1446.000
906.000	1420.000
907.000	1342.000
908.000	1331.000
909.000	1305.000
910.000	1175.000
911.000	1133.000
912.000	1081.000
913.000	1021.000
914.000	996.000
915.000	949.000
916.000	779.000
917.000	842.000
918.000	761.000
919.000	708.000
920.000	691.000
921.000	630.000
922.000	619.000
923.000	573.000
924.000	492.000
925.000	493.000
926.000	481.000
927.000	495.000
928.000	430.000
929.000	410.000
930.000	405.000
931.000	412.000
932.000	432.000
933.000	371.000
934.000	389.000
935.000	357.000
936.000	370.000
937.000	357.000
938.000	373.000
939.000	398.000
940.000	380.000
941.000	419.000
942.000	432.000
943.000	453.000
944.000	500.000
945.000	529.000
946.000	536.000
947.000	585.000
948.000	637.000
949.000	753.000
950.000	754.000
951.000	745.000
952.000	739.000
953.000	842.000
954.000	815.000
955.000	849.000
956.000	764.000
957.000	679.000
958.000	677.000
959.000	618.000
960.000	582.000
961.000	506.000
962.000	466.000
963.000	399.000
964.000	379.000
965.000	347.000
966.000	327.000
967.000	295.000
968.000	313.000
969.000	278.000
970.000	278.000
971.000	304.000
972.000	299.000
973.000	307.000
974.000	300.000
975.000	304.000
976.000	306.000
977.000	303.000
978.000	314.000
979.000	313.000
980.000	305.000
981.000	313.000
982.000	306.000
983.000	324.000
984.000	294.000
985.000	335.000
986.000	317.000
987.000	330.000
988.000	354.000
989.000	326.000
990.000	360.000
991.000	371.000
992.000	399.000
993.000	397.000
994.000	366.000
995.000	436.000
996.000	431.000
997.000	395.000
998.000	390.000
999.000	422.000
1000.000	476.000
1001.000	442.000
1002.000	475.000
1003.000	482.000
1004.000	477.000
1005.000	430.000
1006.000	430.000
1007.000	400.000
1008.000	450.000
1009.000	398.000
1010.000	434.000
1011.000	398.000
1012.000	382.000
1013.000	384.000
1014.000	401.000
1015.000	341.000
1016.000	381.000
1017.000	318.000
1018.000	342.000
1019.000	296.000
1020.000	318.000
1021.000	313.000
1022.000	296.000
1023.000	276.000
1024.000	293.000
