Date:	8/19/2008		Time:	9:53 AM		Version no:	0.00		Project name:	55		Sample name:	222		Section name:	section		Position	826.039995	mm	E0	0.000000	keV	E1	1.000000	keV/channel	sample surface	7.796465	cm	Tube anode:	Mo		Tube voltage:	30	kV	Tube current:	50	mA	gain	20		std. database			resultfile	result		matrix element	11		sample thickness	1.000000		air passage	0.560000	cm	comments	in position		peaking_time	3.000000	m-sec	trigger_threshold	1229.166667	V	mca_bin_width	22.090000	no:	number_mca_channels	1024.000000	no:	gap_time	0.400000	m-sec	trigger_peaking_time	0.150000	m-sec	GAINDAC	9455		HIGHGAIN	1		TAURC	0		RCTAU	53		RCTAUFRAC	32768		livetime	9.731995	seconds	runtime	10.000502	seconds	input_count_rate	25.352766	cps	output_count_rate	19.751609	cps	triggers	246733	seconds	events_in_run	197526	seconds	channel	content		1.000	0.000
2.000	0.000
3.000	0.000
4.000	0.000
5.000	0.000
6.000	0.000
7.000	0.000
8.000	0.000
9.000	0.000
10.000	0.000
11.000	0.000
12.000	0.000
13.000	0.000
14.000	0.000
15.000	0.000
16.000	0.000
17.000	0.000
18.000	0.000
19.000	0.000
20.000	0.000
21.000	0.000
22.000	0.000
23.000	0.000
24.000	0.000
25.000	0.000
26.000	0.000
27.000	0.000
28.000	0.000
29.000	0.000
30.000	0.000
31.000	0.000
32.000	0.000
33.000	1.000
34.000	0.000
35.000	4.000
36.000	2.000
37.000	3.000
38.000	0.000
39.000	4.000
40.000	0.000
41.000	3.000
42.000	5.000
43.000	5.000
44.000	4.000
45.000	10.000
46.000	6.000
47.000	9.000
48.000	7.000
49.000	7.000
50.000	7.000
51.000	15.000
52.000	12.000
53.000	18.000
54.000	6.000
55.000	12.000
56.000	12.000
57.000	12.000
58.000	13.000
59.000	8.000
60.000	10.000
61.000	12.000
62.000	6.000
63.000	7.000
64.000	12.000
65.000	11.000
66.000	11.000
67.000	6.000
68.000	19.000
69.000	7.000
70.000	7.000
71.000	9.000
72.000	5.000
73.000	8.000
74.000	5.000
75.000	11.000
76.000	4.000
77.000	7.000
78.000	7.000
79.000	5.000
80.000	14.000
81.000	7.000
82.000	9.000
83.000	6.000
84.000	10.000
85.000	11.000
86.000	2.000
87.000	12.000
88.000	8.000
89.000	9.000
90.000	10.000
91.000	5.000
92.000	8.000
93.000	4.000
94.000	16.000
95.000	6.000
96.000	9.000
97.000	4.000
98.000	5.000
99.000	10.000
100.000	16.000
101.000	5.000
102.000	4.000
103.000	4.000
104.000	8.000
105.000	10.000
106.000	11.000
107.000	6.000
108.000	13.000
109.000	7.000
110.000	8.000
111.000	7.000
112.000	7.000
113.000	3.000
114.000	2.000
115.000	4.000
116.000	7.000
117.000	2.000
118.000	4.000
119.000	5.000
120.000	8.000
121.000	6.000
122.000	8.000
123.000	10.000
124.000	7.000
125.000	5.000
126.000	9.000
127.000	5.000
128.000	8.000
129.000	11.000
130.000	3.000
131.000	6.000
132.000	9.000
133.000	7.000
134.000	7.000
135.000	7.000
136.000	2.000
137.000	7.000
138.000	7.000
139.000	3.000
140.000	5.000
141.000	3.000
142.000	4.000
143.000	4.000
144.000	3.000
145.000	6.000
146.000	5.000
147.000	8.000
148.000	6.000
149.000	1.000
150.000	4.000
151.000	1.000
152.000	5.000
153.000	2.000
154.000	3.000
155.000	5.000
156.000	4.000
157.000	6.000
158.000	2.000
159.000	9.000
160.000	7.000
161.000	6.000
162.000	15.000
163.000	8.000
164.000	9.000
165.000	12.000
166.000	7.000
167.000	4.000
168.000	3.000
169.000	8.000
170.000	5.000
171.000	4.000
172.000	7.000
173.000	5.000
174.000	7.000
175.000	5.000
176.000	1.000
177.000	2.000
178.000	3.000
179.000	5.000
180.000	7.000
181.000	3.000
182.000	6.000
183.000	4.000
184.000	11.000
185.000	6.000
186.000	4.000
187.000	3.000
188.000	3.000
189.000	1.000
190.000	6.000
191.000	1.000
192.000	4.000
193.000	4.000
194.000	1.000
195.000	4.000
196.000	4.000
197.000	0.000
198.000	4.000
199.000	6.000
200.000	13.000
201.000	14.000
202.000	14.000
203.000	18.000
204.000	14.000
205.000	6.000
206.000	8.000
207.000	6.000
208.000	6.000
209.000	8.000
210.000	6.000
211.000	4.000
212.000	3.000
213.000	6.000
214.000	4.000
215.000	5.000
216.000	6.000
217.000	1.000
218.000	2.000
219.000	4.000
220.000	6.000
221.000	8.000
222.000	4.000
223.000	2.000
224.000	4.000
225.000	5.000
226.000	3.000
227.000	2.000
228.000	3.000
229.000	4.000
230.000	3.000
231.000	3.000
232.000	1.000
233.000	4.000
234.000	1.000
235.000	5.000
236.000	2.000
237.000	0.000
238.000	2.000
239.000	3.000
240.000	4.000
241.000	4.000
242.000	5.000
243.000	3.000
244.000	3.000
245.000	6.000
246.000	5.000
247.000	12.000
248.000	0.000
249.000	8.000
250.000	6.000
251.000	4.000
252.000	5.000
253.000	3.000
254.000	9.000
255.000	0.000
256.000	5.000
257.000	5.000
258.000	1.000
259.000	4.000
260.000	4.000
261.000	2.000
262.000	3.000
263.000	3.000
264.000	3.000
265.000	6.000
266.000	2.000
267.000	4.000
268.000	5.000
269.000	8.000
270.000	3.000
271.000	8.000
272.000	7.000
273.000	2.000
274.000	3.000
275.000	7.000
276.000	3.000
277.000	3.000
278.000	4.000
279.000	5.000
280.000	2.000
281.000	5.000
282.000	5.000
283.000	3.000
284.000	2.000
285.000	4.000
286.000	6.000
287.000	1.000
288.000	5.000
289.000	3.000
290.000	7.000
291.000	7.000
292.000	5.000
293.000	6.000
294.000	6.000
295.000	5.000
296.000	5.000
297.000	5.000
298.000	7.000
299.000	5.000
300.000	7.000
301.000	4.000
302.000	5.000
303.000	5.000
304.000	5.000
305.000	7.000
306.000	4.000
307.000	6.000
308.000	6.000
309.000	6.000
310.000	4.000
311.000	4.000
312.000	6.000
313.000	5.000
314.000	8.000
315.000	6.000
316.000	6.000
317.000	8.000
318.000	8.000
319.000	17.000
320.000	24.000
321.000	26.000
322.000	22.000
323.000	24.000
324.000	18.000
325.000	21.000
326.000	21.000
327.000	16.000
328.000	15.000
329.000	6.000
330.000	11.000
331.000	11.000
332.000	4.000
333.000	6.000
334.000	10.000
335.000	8.000
336.000	10.000
337.000	5.000
338.000	7.000
339.000	10.000
340.000	11.000
341.000	21.000
342.000	31.000
343.000	35.000
344.000	69.000
345.000	106.000
346.000	183.000
347.000	179.000
348.000	285.000
349.000	322.000
350.000	343.000
351.000	362.000
352.000	321.000
353.000	287.000
354.000	202.000
355.000	178.000
356.000	125.000
357.000	77.000
358.000	64.000
359.000	27.000
360.000	19.000
361.000	15.000
362.000	19.000
363.000	15.000
364.000	17.000
365.000	12.000
366.000	7.000
367.000	11.000
368.000	10.000
369.000	9.000
370.000	12.000
371.000	7.000
372.000	13.000
373.000	14.000
374.000	7.000
375.000	16.000
376.000	14.000
377.000	15.000
378.000	17.000
379.000	24.000
380.000	26.000
381.000	38.000
382.000	52.000
383.000	47.000
384.000	84.000
385.000	52.000
386.000	71.000
387.000	77.000
388.000	74.000
389.000	54.000
390.000	53.000
391.000	43.000
392.000	37.000
393.000	28.000
394.000	18.000
395.000	17.000
396.000	10.000
397.000	15.000
398.000	15.000
399.000	10.000
400.000	12.000
401.000	20.000
402.000	11.000
403.000	13.000
404.000	13.000
405.000	9.000
406.000	16.000
407.000	14.000
408.000	15.000
409.000	15.000
410.000	19.000
411.000	7.000
412.000	18.000
413.000	13.000
414.000	9.000
415.000	19.000
416.000	10.000
417.000	21.000
418.000	13.000
419.000	15.000
420.000	19.000
421.000	20.000
422.000	14.000
423.000	14.000
424.000	16.000
425.000	18.000
426.000	15.000
427.000	16.000
428.000	19.000
429.000	20.000
430.000	22.000
431.000	17.000
432.000	22.000
433.000	14.000
434.000	26.000
435.000	24.000
436.000	19.000
437.000	21.000
438.000	18.000
439.000	34.000
440.000	23.000
441.000	27.000
442.000	15.000
443.000	27.000
444.000	22.000
445.000	25.000
446.000	17.000
447.000	22.000
448.000	19.000
449.000	25.000
450.000	21.000
451.000	30.000
452.000	31.000
453.000	39.000
454.000	25.000
455.000	25.000
456.000	24.000
457.000	31.000
458.000	24.000
459.000	35.000
460.000	31.000
461.000	35.000
462.000	30.000
463.000	33.000
464.000	35.000
465.000	25.000
466.000	28.000
467.000	24.000
468.000	30.000
469.000	30.000
470.000	39.000
471.000	37.000
472.000	31.000
473.000	34.000
474.000	33.000
475.000	28.000
476.000	36.000
477.000	20.000
478.000	28.000
479.000	35.000
480.000	31.000
481.000	37.000
482.000	28.000
483.000	23.000
484.000	36.000
485.000	42.000
486.000	36.000
487.000	33.000
488.000	33.000
489.000	31.000
490.000	47.000
491.000	35.000
492.000	37.000
493.000	39.000
494.000	39.000
495.000	43.000
496.000	44.000
497.000	36.000
498.000	45.000
499.000	45.000
500.000	37.000
501.000	45.000
502.000	34.000
503.000	48.000
504.000	50.000
505.000	45.000
506.000	41.000
507.000	42.000
508.000	40.000
509.000	45.000
510.000	48.000
511.000	46.000
512.000	54.000
513.000	46.000
514.000	57.000
515.000	47.000
516.000	55.000
517.000	46.000
518.000	53.000
519.000	56.000
520.000	45.000
521.000	57.000
522.000	50.000
523.000	64.000
524.000	47.000
525.000	55.000
526.000	52.000
527.000	55.000
528.000	53.000
529.000	67.000
530.000	60.000
531.000	70.000
532.000	66.000
533.000	61.000
534.000	49.000
535.000	65.000
536.000	63.000
537.000	39.000
538.000	69.000
539.000	55.000
540.000	69.000
541.000	75.000
542.000	72.000
543.000	56.000
544.000	76.000
545.000	67.000
546.000	63.000
547.000	69.000
548.000	59.000
549.000	67.000
550.000	73.000
551.000	61.000
552.000	67.000
553.000	76.000
554.000	64.000
555.000	77.000
556.000	67.000
557.000	65.000
558.000	70.000
559.000	79.000
560.000	68.000
561.000	99.000
562.000	58.000
563.000	75.000
564.000	77.000
565.000	92.000
566.000	95.000
567.000	82.000
568.000	95.000
569.000	87.000
570.000	84.000
571.000	81.000
572.000	82.000
573.000	74.000
574.000	75.000
575.000	85.000
576.000	76.000
577.000	79.000
578.000	98.000
579.000	92.000
580.000	76.000
581.000	96.000
582.000	103.000
583.000	87.000
584.000	68.000
585.000	78.000
586.000	93.000
587.000	87.000
588.000	98.000
589.000	92.000
590.000	91.000
591.000	95.000
592.000	89.000
593.000	116.000
594.000	86.000
595.000	87.000
596.000	101.000
597.000	100.000
598.000	101.000
599.000	115.000
600.000	107.000
601.000	113.000
602.000	108.000
603.000	117.000
604.000	101.000
605.000	95.000
606.000	112.000
607.000	105.000
608.000	102.000
609.000	113.000
610.000	91.000
611.000	88.000
612.000	119.000
613.000	130.000
614.000	124.000
615.000	126.000
616.000	117.000
617.000	125.000
618.000	116.000
619.000	117.000
620.000	110.000
621.000	124.000
622.000	134.000
623.000	125.000
624.000	124.000
625.000	116.000
626.000	141.000
627.000	138.000
628.000	143.000
629.000	145.000
630.000	143.000
631.000	122.000
632.000	129.000
633.000	129.000
634.000	134.000
635.000	140.000
636.000	118.000
637.000	143.000
638.000	120.000
639.000	125.000
640.000	119.000
641.000	126.000
642.000	146.000
643.000	133.000
644.000	143.000
645.000	144.000
646.000	152.000
647.000	171.000
648.000	134.000
649.000	145.000
650.000	145.000
651.000	168.000
652.000	148.000
653.000	172.000
654.000	141.000
655.000	141.000
656.000	163.000
657.000	161.000
658.000	150.000
659.000	154.000
660.000	149.000
661.000	172.000
662.000	156.000
663.000	122.000
664.000	156.000
665.000	156.000
666.000	153.000
667.000	175.000
668.000	140.000
669.000	158.000
670.000	146.000
671.000	152.000
672.000	165.000
673.000	150.000
674.000	141.000
675.000	170.000
676.000	178.000
677.000	162.000
678.000	159.000
679.000	188.000
680.000	181.000
681.000	183.000
682.000	163.000
683.000	176.000
684.000	162.000
685.000	152.000
686.000	168.000
687.000	159.000
688.000	189.000
689.000	182.000
690.000	177.000
691.000	201.000
692.000	193.000
693.000	174.000
694.000	177.000
695.000	166.000
696.000	171.000
697.000	198.000
698.000	202.000
699.000	196.000
700.000	189.000
701.000	171.000
702.000	187.000
703.000	178.000
704.000	174.000
705.000	176.000
706.000	208.000
707.000	211.000
708.000	213.000
709.000	205.000
710.000	217.000
711.000	188.000
712.000	197.000
713.000	212.000
714.000	206.000
715.000	188.000
716.000	202.000
717.000	195.000
718.000	196.000
719.000	188.000
720.000	217.000
721.000	193.000
722.000	209.000
723.000	215.000
724.000	213.000
725.000	233.000
726.000	223.000
727.000	213.000
728.000	183.000
729.000	215.000
730.000	214.000
731.000	201.000
732.000	239.000
733.000	255.000
734.000	192.000
735.000	205.000
736.000	252.000
737.000	206.000
738.000	201.000
739.000	222.000
740.000	219.000
741.000	188.000
742.000	222.000
743.000	187.000
744.000	237.000
745.000	210.000
746.000	231.000
747.000	210.000
748.000	198.000
749.000	216.000
750.000	230.000
751.000	231.000
752.000	237.000
753.000	228.000
754.000	237.000
755.000	214.000
756.000	222.000
757.000	221.000
758.000	211.000
759.000	208.000
760.000	240.000
761.000	214.000
762.000	221.000
763.000	196.000
764.000	229.000
765.000	231.000
766.000	249.000
767.000	248.000
768.000	264.000
769.000	212.000
770.000	264.000
771.000	256.000
772.000	267.000
773.000	274.000
774.000	267.000
775.000	260.000
776.000	244.000
777.000	250.000
778.000	273.000
779.000	266.000
780.000	201.000
781.000	237.000
782.000	243.000
783.000	258.000
784.000	231.000
785.000	254.000
786.000	243.000
787.000	242.000
788.000	227.000
789.000	238.000
790.000	235.000
791.000	249.000
792.000	247.000
793.000	254.000
794.000	242.000
795.000	242.000
796.000	267.000
797.000	254.000
798.000	261.000
799.000	260.000
800.000	247.000
801.000	255.000
802.000	249.000
803.000	267.000
804.000	243.000
805.000	239.000
806.000	281.000
807.000	259.000
808.000	253.000
809.000	256.000
810.000	259.000
811.000	293.000
812.000	267.000
813.000	282.000
814.000	282.000
815.000	276.000
816.000	287.000
817.000	270.000
818.000	275.000
819.000	279.000
820.000	275.000
821.000	245.000
822.000	292.000
823.000	269.000
824.000	275.000
825.000	249.000
826.000	263.000
827.000	297.000
828.000	272.000
829.000	274.000
830.000	281.000
831.000	302.000
832.000	284.000
833.000	265.000
834.000	296.000
835.000	290.000
836.000	286.000
837.000	306.000
838.000	280.000
839.000	313.000
840.000	275.000
841.000	319.000
842.000	309.000
843.000	291.000
844.000	281.000
845.000	347.000
846.000	303.000
847.000	306.000
848.000	284.000
849.000	309.000
850.000	353.000
851.000	293.000
852.000	335.000
853.000	331.000
854.000	318.000
855.000	325.000
856.000	322.000
857.000	331.000
858.000	330.000
859.000	374.000
860.000	392.000
861.000	336.000
862.000	336.000
863.000	376.000
864.000	358.000
865.000	375.000
866.000	405.000
867.000	395.000
868.000	385.000
869.000	446.000
870.000	438.000
871.000	392.000
872.000	468.000
873.000	425.000
874.000	491.000
875.000	522.000
876.000	526.000
877.000	521.000
878.000	558.000
879.000	557.000
880.000	641.000
881.000	639.000
882.000	692.000
883.000	760.000
884.000	772.000
885.000	897.000
886.000	901.000
887.000	906.000
888.000	1007.000
889.000	1050.000
890.000	1086.000
891.000	1129.000
892.000	1244.000
893.000	1182.000
894.000	1283.000
895.000	1275.000
896.000	1469.000
897.000	1430.000
898.000	1378.000
899.000	1446.000
900.000	1417.000
901.000	1369.000
902.000	1430.000
903.000	1354.000
904.000	1401.000
905.000	1341.000
906.000	1260.000
907.000	1247.000
908.000	1136.000
909.000	1113.000
910.000	1088.000
911.000	1033.000
912.000	916.000
913.000	916.000
914.000	863.000
915.000	811.000
916.000	705.000
917.000	695.000
918.000	720.000
919.000	603.000
920.000	601.000
921.000	552.000
922.000	522.000
923.000	509.000
924.000	474.000
925.000	415.000
926.000	429.000
927.000	441.000
928.000	368.000
929.000	380.000
930.000	390.000
931.000	364.000
932.000	391.000
933.000	354.000
934.000	326.000
935.000	356.000
936.000	314.000
937.000	350.000
938.000	361.000
939.000	341.000
940.000	353.000
941.000	397.000
942.000	416.000
943.000	426.000
944.000	454.000
945.000	507.000
946.000	492.000
947.000	593.000
948.000	618.000
949.000	620.000
950.000	709.000
951.000	709.000
952.000	805.000
953.000	772.000
954.000	777.000
955.000	752.000
956.000	733.000
957.000	712.000
958.000	635.000
959.000	625.000
960.000	511.000
961.000	479.000
962.000	439.000
963.000	410.000
964.000	342.000
965.000	327.000
966.000	329.000
967.000	279.000
968.000	308.000
969.000	265.000
970.000	276.000
971.000	290.000
972.000	273.000
973.000	263.000
974.000	263.000
975.000	262.000
976.000	280.000
977.000	296.000
978.000	276.000
979.000	320.000
980.000	280.000
981.000	315.000
982.000	291.000
983.000	336.000
984.000	339.000
985.000	333.000
986.000	322.000
987.000	353.000
988.000	352.000
989.000	365.000
990.000	366.000
991.000	354.000
992.000	414.000
993.000	376.000
994.000	386.000
995.000	405.000
996.000	404.000
997.000	403.000
998.000	407.000
999.000	376.000
1000.000	415.000
1001.000	416.000
1002.000	409.000
1003.000	403.000
1004.000	424.000
1005.000	394.000
1006.000	397.000
1007.000	420.000
1008.000	393.000
1009.000	403.000
1010.000	388.000
1011.000	383.000
1012.000	367.000
1013.000	398.000
1014.000	361.000
1015.000	356.000
1016.000	324.000
1017.000	327.000
1018.000	311.000
1019.000	334.000
1020.000	299.000
1021.000	304.000
1022.000	289.000
1023.000	265.000
1024.000	228.000
