Date:	8/19/2008		Time:	9:31 AM		Version no:	0.00		Project name:	55		Sample name:	222		Section name:	section		Position	598.039995	mm	E0	0.000000	keV	E1	1.000000	keV/channel	sample surface	7.702136	cm	Tube anode:	Mo		Tube voltage:	30	kV	Tube current:	50	mA	gain	20		std. database			resultfile	result		matrix element	11		sample thickness	1.000000		air passage	0.560000	cm	comments	not in position		peaking_time	3.000000	m-sec	trigger_threshold	1229.166667	V	mca_bin_width	22.090000	no:	number_mca_channels	1024.000000	no:	gap_time	0.400000	m-sec	trigger_peaking_time	0.150000	m-sec	GAINDAC	9455		HIGHGAIN	1		TAURC	0		RCTAU	53		RCTAUFRAC	32768		livetime	9.756216	seconds	runtime	10.000502	seconds	input_count_rate	23.465245	cps	output_count_rate	18.601567	cps	triggers	228932	seconds	events_in_run	186025	seconds	channel	content		1.000	0.000
2.000	0.000
3.000	0.000
4.000	0.000
5.000	0.000
6.000	0.000
7.000	0.000
8.000	0.000
9.000	0.000
10.000	0.000
11.000	0.000
12.000	0.000
13.000	0.000
14.000	0.000
15.000	0.000
16.000	0.000
17.000	0.000
18.000	0.000
19.000	0.000
20.000	0.000
21.000	0.000
22.000	0.000
23.000	0.000
24.000	0.000
25.000	0.000
26.000	0.000
27.000	0.000
28.000	0.000
29.000	0.000
30.000	0.000
31.000	0.000
32.000	2.000
33.000	1.000
34.000	1.000
35.000	0.000
36.000	1.000
37.000	1.000
38.000	1.000
39.000	1.000
40.000	2.000
41.000	2.000
42.000	3.000
43.000	1.000
44.000	3.000
45.000	1.000
46.000	7.000
47.000	8.000
48.000	5.000
49.000	9.000
50.000	8.000
51.000	9.000
52.000	9.000
53.000	13.000
54.000	10.000
55.000	11.000
56.000	18.000
57.000	15.000
58.000	7.000
59.000	7.000
60.000	11.000
61.000	11.000
62.000	6.000
63.000	12.000
64.000	15.000
65.000	13.000
66.000	16.000
67.000	15.000
68.000	8.000
69.000	6.000
70.000	12.000
71.000	10.000
72.000	8.000
73.000	3.000
74.000	10.000
75.000	5.000
76.000	11.000
77.000	10.000
78.000	7.000
79.000	11.000
80.000	9.000
81.000	11.000
82.000	13.000
83.000	9.000
84.000	10.000
85.000	6.000
86.000	10.000
87.000	2.000
88.000	10.000
89.000	8.000
90.000	8.000
91.000	6.000
92.000	7.000
93.000	11.000
94.000	9.000
95.000	4.000
96.000	6.000
97.000	4.000
98.000	10.000
99.000	6.000
100.000	2.000
101.000	11.000
102.000	7.000
103.000	8.000
104.000	3.000
105.000	11.000
106.000	8.000
107.000	9.000
108.000	5.000
109.000	5.000
110.000	7.000
111.000	6.000
112.000	2.000
113.000	10.000
114.000	11.000
115.000	6.000
116.000	3.000
117.000	6.000
118.000	3.000
119.000	7.000
120.000	4.000
121.000	9.000
122.000	11.000
123.000	9.000
124.000	7.000
125.000	9.000
126.000	3.000
127.000	5.000
128.000	11.000
129.000	2.000
130.000	9.000
131.000	8.000
132.000	11.000
133.000	7.000
134.000	5.000
135.000	5.000
136.000	10.000
137.000	8.000
138.000	4.000
139.000	6.000
140.000	3.000
141.000	3.000
142.000	2.000
143.000	3.000
144.000	5.000
145.000	8.000
146.000	5.000
147.000	4.000
148.000	6.000
149.000	3.000
150.000	2.000
151.000	5.000
152.000	5.000
153.000	3.000
154.000	2.000
155.000	6.000
156.000	5.000
157.000	8.000
158.000	5.000
159.000	5.000
160.000	9.000
161.000	6.000
162.000	18.000
163.000	11.000
164.000	9.000
165.000	6.000
166.000	8.000
167.000	1.000
168.000	1.000
169.000	3.000
170.000	5.000
171.000	4.000
172.000	5.000
173.000	5.000
174.000	3.000
175.000	2.000
176.000	4.000
177.000	5.000
178.000	3.000
179.000	4.000
180.000	3.000
181.000	3.000
182.000	5.000
183.000	7.000
184.000	5.000
185.000	6.000
186.000	4.000
187.000	2.000
188.000	1.000
189.000	1.000
190.000	3.000
191.000	2.000
192.000	0.000
193.000	3.000
194.000	2.000
195.000	3.000
196.000	3.000
197.000	5.000
198.000	6.000
199.000	8.000
200.000	7.000
201.000	11.000
202.000	12.000
203.000	13.000
204.000	13.000
205.000	4.000
206.000	10.000
207.000	9.000
208.000	4.000
209.000	1.000
210.000	1.000
211.000	3.000
212.000	1.000
213.000	2.000
214.000	3.000
215.000	3.000
216.000	1.000
217.000	2.000
218.000	4.000
219.000	4.000
220.000	4.000
221.000	8.000
222.000	3.000
223.000	3.000
224.000	3.000
225.000	4.000
226.000	0.000
227.000	2.000
228.000	0.000
229.000	4.000
230.000	4.000
231.000	4.000
232.000	2.000
233.000	0.000
234.000	3.000
235.000	5.000
236.000	5.000
237.000	2.000
238.000	3.000
239.000	4.000
240.000	2.000
241.000	0.000
242.000	3.000
243.000	4.000
244.000	3.000
245.000	3.000
246.000	4.000
247.000	2.000
248.000	4.000
249.000	8.000
250.000	4.000
251.000	2.000
252.000	2.000
253.000	2.000
254.000	2.000
255.000	2.000
256.000	3.000
257.000	4.000
258.000	4.000
259.000	4.000
260.000	0.000
261.000	3.000
262.000	7.000
263.000	5.000
264.000	1.000
265.000	3.000
266.000	0.000
267.000	2.000
268.000	3.000
269.000	2.000
270.000	5.000
271.000	4.000
272.000	3.000
273.000	2.000
274.000	1.000
275.000	3.000
276.000	3.000
277.000	5.000
278.000	1.000
279.000	4.000
280.000	3.000
281.000	5.000
282.000	4.000
283.000	3.000
284.000	2.000
285.000	2.000
286.000	4.000
287.000	2.000
288.000	3.000
289.000	2.000
290.000	3.000
291.000	3.000
292.000	3.000
293.000	1.000
294.000	3.000
295.000	8.000
296.000	5.000
297.000	2.000
298.000	4.000
299.000	4.000
300.000	8.000
301.000	5.000
302.000	2.000
303.000	3.000
304.000	3.000
305.000	5.000
306.000	2.000
307.000	2.000
308.000	4.000
309.000	5.000
310.000	3.000
311.000	2.000
312.000	4.000
313.000	4.000
314.000	4.000
315.000	3.000
316.000	6.000
317.000	8.000
318.000	9.000
319.000	8.000
320.000	10.000
321.000	16.000
322.000	18.000
323.000	14.000
324.000	12.000
325.000	13.000
326.000	10.000
327.000	7.000
328.000	7.000
329.000	4.000
330.000	4.000
331.000	6.000
332.000	5.000
333.000	5.000
334.000	8.000
335.000	3.000
336.000	5.000
337.000	3.000
338.000	8.000
339.000	6.000
340.000	14.000
341.000	11.000
342.000	11.000
343.000	23.000
344.000	34.000
345.000	50.000
346.000	62.000
347.000	90.000
348.000	116.000
349.000	129.000
350.000	154.000
351.000	163.000
352.000	155.000
353.000	140.000
354.000	109.000
355.000	89.000
356.000	56.000
357.000	57.000
358.000	37.000
359.000	20.000
360.000	7.000
361.000	9.000
362.000	7.000
363.000	7.000
364.000	6.000
365.000	5.000
366.000	2.000
367.000	3.000
368.000	4.000
369.000	12.000
370.000	5.000
371.000	8.000
372.000	8.000
373.000	3.000
374.000	7.000
375.000	7.000
376.000	6.000
377.000	7.000
378.000	5.000
379.000	11.000
380.000	16.000
381.000	14.000
382.000	22.000
383.000	20.000
384.000	35.000
385.000	38.000
386.000	44.000
387.000	33.000
388.000	44.000
389.000	24.000
390.000	23.000
391.000	15.000
392.000	15.000
393.000	7.000
394.000	11.000
395.000	8.000
396.000	12.000
397.000	8.000
398.000	9.000
399.000	8.000
400.000	7.000
401.000	5.000
402.000	8.000
403.000	9.000
404.000	5.000
405.000	6.000
406.000	14.000
407.000	9.000
408.000	8.000
409.000	9.000
410.000	7.000
411.000	9.000
412.000	11.000
413.000	11.000
414.000	12.000
415.000	14.000
416.000	6.000
417.000	7.000
418.000	11.000
419.000	10.000
420.000	3.000
421.000	11.000
422.000	9.000
423.000	11.000
424.000	10.000
425.000	9.000
426.000	7.000
427.000	11.000
428.000	12.000
429.000	8.000
430.000	9.000
431.000	16.000
432.000	14.000
433.000	21.000
434.000	13.000
435.000	13.000
436.000	15.000
437.000	13.000
438.000	11.000
439.000	19.000
440.000	10.000
441.000	14.000
442.000	16.000
443.000	9.000
444.000	15.000
445.000	16.000
446.000	13.000
447.000	12.000
448.000	19.000
449.000	17.000
450.000	12.000
451.000	20.000
452.000	16.000
453.000	20.000
454.000	19.000
455.000	19.000
456.000	19.000
457.000	20.000
458.000	21.000
459.000	18.000
460.000	15.000
461.000	18.000
462.000	13.000
463.000	9.000
464.000	21.000
465.000	18.000
466.000	19.000
467.000	12.000
468.000	28.000
469.000	15.000
470.000	13.000
471.000	25.000
472.000	27.000
473.000	22.000
474.000	22.000
475.000	16.000
476.000	27.000
477.000	27.000
478.000	19.000
479.000	24.000
480.000	26.000
481.000	34.000
482.000	18.000
483.000	38.000
484.000	29.000
485.000	24.000
486.000	24.000
487.000	24.000
488.000	22.000
489.000	23.000
490.000	21.000
491.000	16.000
492.000	18.000
493.000	29.000
494.000	28.000
495.000	32.000
496.000	32.000
497.000	34.000
498.000	17.000
499.000	26.000
500.000	32.000
501.000	25.000
502.000	31.000
503.000	24.000
504.000	29.000
505.000	41.000
506.000	40.000
507.000	37.000
508.000	32.000
509.000	33.000
510.000	27.000
511.000	31.000
512.000	40.000
513.000	40.000
514.000	37.000
515.000	36.000
516.000	32.000
517.000	33.000
518.000	38.000
519.000	42.000
520.000	26.000
521.000	28.000
522.000	32.000
523.000	46.000
524.000	35.000
525.000	42.000
526.000	47.000
527.000	53.000
528.000	37.000
529.000	41.000
530.000	48.000
531.000	42.000
532.000	46.000
533.000	41.000
534.000	39.000
535.000	50.000
536.000	40.000
537.000	53.000
538.000	49.000
539.000	50.000
540.000	47.000
541.000	33.000
542.000	52.000
543.000	62.000
544.000	60.000
545.000	56.000
546.000	43.000
547.000	54.000
548.000	46.000
549.000	54.000
550.000	64.000
551.000	48.000
552.000	47.000
553.000	72.000
554.000	50.000
555.000	60.000
556.000	57.000
557.000	67.000
558.000	45.000
559.000	50.000
560.000	57.000
561.000	52.000
562.000	50.000
563.000	67.000
564.000	67.000
565.000	65.000
566.000	56.000
567.000	65.000
568.000	62.000
569.000	90.000
570.000	78.000
571.000	65.000
572.000	73.000
573.000	71.000
574.000	64.000
575.000	73.000
576.000	65.000
577.000	68.000
578.000	71.000
579.000	71.000
580.000	79.000
581.000	62.000
582.000	77.000
583.000	76.000
584.000	87.000
585.000	68.000
586.000	64.000
587.000	73.000
588.000	74.000
589.000	87.000
590.000	69.000
591.000	87.000
592.000	96.000
593.000	89.000
594.000	92.000
595.000	102.000
596.000	104.000
597.000	78.000
598.000	83.000
599.000	85.000
600.000	82.000
601.000	78.000
602.000	96.000
603.000	83.000
604.000	98.000
605.000	95.000
606.000	94.000
607.000	103.000
608.000	107.000
609.000	77.000
610.000	82.000
611.000	90.000
612.000	109.000
613.000	94.000
614.000	90.000
615.000	99.000
616.000	101.000
617.000	114.000
618.000	98.000
619.000	96.000
620.000	107.000
621.000	110.000
622.000	100.000
623.000	113.000
624.000	104.000
625.000	113.000
626.000	103.000
627.000	93.000
628.000	99.000
629.000	108.000
630.000	99.000
631.000	119.000
632.000	114.000
633.000	107.000
634.000	118.000
635.000	103.000
636.000	112.000
637.000	101.000
638.000	115.000
639.000	113.000
640.000	126.000
641.000	137.000
642.000	118.000
643.000	118.000
644.000	116.000
645.000	134.000
646.000	111.000
647.000	130.000
648.000	127.000
649.000	141.000
650.000	142.000
651.000	114.000
652.000	121.000
653.000	146.000
654.000	127.000
655.000	131.000
656.000	119.000
657.000	139.000
658.000	139.000
659.000	129.000
660.000	141.000
661.000	123.000
662.000	129.000
663.000	158.000
664.000	142.000
665.000	135.000
666.000	120.000
667.000	134.000
668.000	148.000
669.000	147.000
670.000	139.000
671.000	173.000
672.000	160.000
673.000	146.000
674.000	160.000
675.000	172.000
676.000	159.000
677.000	154.000
678.000	138.000
679.000	151.000
680.000	145.000
681.000	178.000
682.000	170.000
683.000	160.000
684.000	157.000
685.000	169.000
686.000	136.000
687.000	152.000
688.000	173.000
689.000	163.000
690.000	166.000
691.000	145.000
692.000	154.000
693.000	166.000
694.000	158.000
695.000	178.000
696.000	182.000
697.000	145.000
698.000	168.000
699.000	178.000
700.000	165.000
701.000	184.000
702.000	162.000
703.000	167.000
704.000	169.000
705.000	183.000
706.000	163.000
707.000	180.000
708.000	188.000
709.000	170.000
710.000	196.000
711.000	167.000
712.000	184.000
713.000	174.000
714.000	163.000
715.000	165.000
716.000	189.000
717.000	173.000
718.000	204.000
719.000	167.000
720.000	173.000
721.000	155.000
722.000	199.000
723.000	209.000
724.000	204.000
725.000	201.000
726.000	184.000
727.000	188.000
728.000	178.000
729.000	205.000
730.000	181.000
731.000	207.000
732.000	202.000
733.000	208.000
734.000	223.000
735.000	219.000
736.000	192.000
737.000	205.000
738.000	188.000
739.000	200.000
740.000	222.000
741.000	222.000
742.000	181.000
743.000	178.000
744.000	209.000
745.000	194.000
746.000	197.000
747.000	200.000
748.000	203.000
749.000	196.000
750.000	194.000
751.000	202.000
752.000	224.000
753.000	213.000
754.000	222.000
755.000	203.000
756.000	240.000
757.000	230.000
758.000	207.000
759.000	204.000
760.000	244.000
761.000	216.000
762.000	238.000
763.000	203.000
764.000	237.000
765.000	201.000
766.000	226.000
767.000	233.000
768.000	247.000
769.000	243.000
770.000	260.000
771.000	231.000
772.000	272.000
773.000	247.000
774.000	238.000
775.000	237.000
776.000	217.000
777.000	238.000
778.000	281.000
779.000	236.000
780.000	237.000
781.000	214.000
782.000	238.000
783.000	235.000
784.000	227.000
785.000	263.000
786.000	242.000
787.000	209.000
788.000	238.000
789.000	236.000
790.000	233.000
791.000	248.000
792.000	247.000
793.000	232.000
794.000	236.000
795.000	275.000
796.000	228.000
797.000	236.000
798.000	236.000
799.000	257.000
800.000	230.000
801.000	223.000
802.000	229.000
803.000	255.000
804.000	245.000
805.000	238.000
806.000	245.000
807.000	243.000
808.000	230.000
809.000	268.000
810.000	240.000
811.000	259.000
812.000	258.000
813.000	263.000
814.000	226.000
815.000	229.000
816.000	266.000
817.000	258.000
818.000	271.000
819.000	255.000
820.000	263.000
821.000	247.000
822.000	251.000
823.000	270.000
824.000	272.000
825.000	256.000
826.000	257.000
827.000	289.000
828.000	267.000
829.000	264.000
830.000	284.000
831.000	243.000
832.000	274.000
833.000	268.000
834.000	267.000
835.000	268.000
836.000	271.000
837.000	278.000
838.000	280.000
839.000	280.000
840.000	269.000
841.000	248.000
842.000	296.000
843.000	297.000
844.000	300.000
845.000	258.000
846.000	293.000
847.000	326.000
848.000	278.000
849.000	314.000
850.000	313.000
851.000	312.000
852.000	299.000
853.000	293.000
854.000	307.000
855.000	329.000
856.000	321.000
857.000	335.000
858.000	358.000
859.000	319.000
860.000	317.000
861.000	340.000
862.000	329.000
863.000	365.000
864.000	357.000
865.000	380.000
866.000	372.000
867.000	366.000
868.000	368.000
869.000	407.000
870.000	383.000
871.000	391.000
872.000	419.000
873.000	403.000
874.000	491.000
875.000	468.000
876.000	513.000
877.000	471.000
878.000	517.000
879.000	560.000
880.000	582.000
881.000	659.000
882.000	671.000
883.000	698.000
884.000	695.000
885.000	791.000
886.000	860.000
887.000	858.000
888.000	930.000
889.000	998.000
890.000	1106.000
891.000	1083.000
892.000	1184.000
893.000	1204.000
894.000	1231.000
895.000	1279.000
896.000	1272.000
897.000	1354.000
898.000	1378.000
899.000	1374.000
900.000	1374.000
901.000	1351.000
902.000	1299.000
903.000	1308.000
904.000	1307.000
905.000	1326.000
906.000	1256.000
907.000	1140.000
908.000	1165.000
909.000	1115.000
910.000	1092.000
911.000	1058.000
912.000	1026.000
913.000	925.000
914.000	892.000
915.000	818.000
916.000	748.000
917.000	698.000
918.000	697.000
919.000	646.000
920.000	585.000
921.000	568.000
922.000	488.000
923.000	522.000
924.000	508.000
925.000	439.000
926.000	456.000
927.000	420.000
928.000	432.000
929.000	361.000
930.000	392.000
931.000	372.000
932.000	365.000
933.000	351.000
934.000	355.000
935.000	343.000
936.000	353.000
937.000	346.000
938.000	320.000
939.000	346.000
940.000	351.000
941.000	346.000
942.000	387.000
943.000	388.000
944.000	411.000
945.000	506.000
946.000	504.000
947.000	544.000
948.000	587.000
949.000	717.000
950.000	688.000
951.000	734.000
952.000	745.000
953.000	756.000
954.000	725.000
955.000	771.000
956.000	694.000
957.000	631.000
958.000	612.000
959.000	549.000
960.000	542.000
961.000	451.000
962.000	421.000
963.000	380.000
964.000	329.000
965.000	316.000
966.000	326.000
967.000	279.000
968.000	302.000
969.000	252.000
970.000	264.000
971.000	296.000
972.000	252.000
973.000	296.000
974.000	262.000
975.000	275.000
976.000	291.000
977.000	285.000
978.000	292.000
979.000	292.000
980.000	265.000
981.000	288.000
982.000	301.000
983.000	299.000
984.000	315.000
985.000	319.000
986.000	294.000
987.000	272.000
988.000	321.000
989.000	324.000
990.000	300.000
991.000	333.000
992.000	380.000
993.000	374.000
994.000	371.000
995.000	396.000
996.000	413.000
997.000	408.000
998.000	379.000
999.000	397.000
1000.000	406.000
1001.000	403.000
1002.000	427.000
1003.000	424.000
1004.000	432.000
1005.000	391.000
1006.000	386.000
1007.000	424.000
1008.000	423.000
1009.000	412.000
1010.000	390.000
1011.000	363.000
1012.000	387.000
1013.000	367.000
1014.000	364.000
1015.000	340.000
1016.000	337.000
1017.000	337.000
1018.000	315.000
1019.000	304.000
1020.000	299.000
1021.000	247.000
1022.000	297.000
1023.000	259.000
1024.000	264.000
