Date:	8/19/2008		Time:	9:12 AM		Version no:	0.00		Project name:	55		Sample name:	222		Section name:	section		Position	394.039995	mm	E0	0.000000	keV	E1	1.000000	keV/channel	sample surface	7.676359	cm	Tube anode:	Mo		Tube voltage:	30	kV	Tube current:	50	mA	gain	20		std. database			resultfile	result		matrix element	11		sample thickness	1.000000		air passage	0.560000	cm	comments	not in position		peaking_time	3.000000	m-sec	trigger_threshold	1229.166667	V	mca_bin_width	22.090000	no:	number_mca_channels	1024.000000	no:	gap_time	0.400000	m-sec	trigger_peaking_time	0.150000	m-sec	GAINDAC	9455		HIGHGAIN	1		TAURC	0		RCTAU	53		RCTAUFRAC	32768		livetime	9.755725	seconds	runtime	10.000503	seconds	input_count_rate	24.145823	cps	output_count_rate	19.031442	cps	triggers	235560	seconds	events_in_run	190324	seconds	channel	content		1.000	0.000
2.000	0.000
3.000	0.000
4.000	0.000
5.000	0.000
6.000	0.000
7.000	0.000
8.000	0.000
9.000	0.000
10.000	0.000
11.000	0.000
12.000	0.000
13.000	0.000
14.000	0.000
15.000	0.000
16.000	0.000
17.000	0.000
18.000	0.000
19.000	0.000
20.000	0.000
21.000	0.000
22.000	0.000
23.000	0.000
24.000	0.000
25.000	0.000
26.000	0.000
27.000	0.000
28.000	0.000
29.000	0.000
30.000	0.000
31.000	0.000
32.000	0.000
33.000	0.000
34.000	1.000
35.000	0.000
36.000	0.000
37.000	1.000
38.000	3.000
39.000	3.000
40.000	2.000
41.000	5.000
42.000	3.000
43.000	7.000
44.000	4.000
45.000	5.000
46.000	4.000
47.000	8.000
48.000	5.000
49.000	9.000
50.000	7.000
51.000	11.000
52.000	10.000
53.000	11.000
54.000	15.000
55.000	15.000
56.000	7.000
57.000	13.000
58.000	10.000
59.000	11.000
60.000	7.000
61.000	11.000
62.000	17.000
63.000	12.000
64.000	6.000
65.000	10.000
66.000	8.000
67.000	6.000
68.000	14.000
69.000	11.000
70.000	10.000
71.000	7.000
72.000	11.000
73.000	12.000
74.000	4.000
75.000	11.000
76.000	8.000
77.000	12.000
78.000	4.000
79.000	10.000
80.000	6.000
81.000	8.000
82.000	4.000
83.000	14.000
84.000	13.000
85.000	8.000
86.000	5.000
87.000	11.000
88.000	13.000
89.000	7.000
90.000	6.000
91.000	8.000
92.000	6.000
93.000	12.000
94.000	6.000
95.000	7.000
96.000	12.000
97.000	8.000
98.000	8.000
99.000	6.000
100.000	3.000
101.000	6.000
102.000	4.000
103.000	9.000
104.000	11.000
105.000	8.000
106.000	6.000
107.000	6.000
108.000	11.000
109.000	8.000
110.000	5.000
111.000	3.000
112.000	10.000
113.000	6.000
114.000	7.000
115.000	5.000
116.000	10.000
117.000	7.000
118.000	6.000
119.000	6.000
120.000	4.000
121.000	7.000
122.000	6.000
123.000	5.000
124.000	9.000
125.000	6.000
126.000	9.000
127.000	8.000
128.000	9.000
129.000	4.000
130.000	9.000
131.000	7.000
132.000	7.000
133.000	3.000
134.000	4.000
135.000	5.000
136.000	4.000
137.000	3.000
138.000	8.000
139.000	2.000
140.000	8.000
141.000	2.000
142.000	5.000
143.000	4.000
144.000	4.000
145.000	8.000
146.000	6.000
147.000	3.000
148.000	3.000
149.000	3.000
150.000	3.000
151.000	3.000
152.000	4.000
153.000	3.000
154.000	1.000
155.000	8.000
156.000	2.000
157.000	4.000
158.000	6.000
159.000	5.000
160.000	11.000
161.000	8.000
162.000	7.000
163.000	9.000
164.000	8.000
165.000	6.000
166.000	7.000
167.000	5.000
168.000	5.000
169.000	6.000
170.000	4.000
171.000	6.000
172.000	4.000
173.000	6.000
174.000	1.000
175.000	3.000
176.000	4.000
177.000	1.000
178.000	4.000
179.000	6.000
180.000	12.000
181.000	7.000
182.000	6.000
183.000	4.000
184.000	7.000
185.000	6.000
186.000	6.000
187.000	3.000
188.000	5.000
189.000	2.000
190.000	3.000
191.000	2.000
192.000	1.000
193.000	3.000
194.000	6.000
195.000	1.000
196.000	2.000
197.000	3.000
198.000	4.000
199.000	5.000
200.000	15.000
201.000	11.000
202.000	12.000
203.000	12.000
204.000	16.000
205.000	13.000
206.000	10.000
207.000	6.000
208.000	5.000
209.000	2.000
210.000	1.000
211.000	0.000
212.000	3.000
213.000	5.000
214.000	2.000
215.000	3.000
216.000	2.000
217.000	6.000
218.000	5.000
219.000	5.000
220.000	7.000
221.000	14.000
222.000	5.000
223.000	6.000
224.000	7.000
225.000	1.000
226.000	4.000
227.000	3.000
228.000	4.000
229.000	5.000
230.000	1.000
231.000	4.000
232.000	1.000
233.000	2.000
234.000	3.000
235.000	2.000
236.000	3.000
237.000	3.000
238.000	6.000
239.000	5.000
240.000	2.000
241.000	2.000
242.000	8.000
243.000	3.000
244.000	7.000
245.000	5.000
246.000	7.000
247.000	3.000
248.000	5.000
249.000	10.000
250.000	8.000
251.000	5.000
252.000	2.000
253.000	6.000
254.000	3.000
255.000	6.000
256.000	5.000
257.000	4.000
258.000	2.000
259.000	3.000
260.000	5.000
261.000	6.000
262.000	3.000
263.000	5.000
264.000	4.000
265.000	7.000
266.000	6.000
267.000	1.000
268.000	4.000
269.000	10.000
270.000	5.000
271.000	4.000
272.000	8.000
273.000	5.000
274.000	5.000
275.000	1.000
276.000	4.000
277.000	3.000
278.000	3.000
279.000	5.000
280.000	5.000
281.000	4.000
282.000	9.000
283.000	1.000
284.000	4.000
285.000	8.000
286.000	7.000
287.000	4.000
288.000	6.000
289.000	5.000
290.000	4.000
291.000	9.000
292.000	6.000
293.000	8.000
294.000	9.000
295.000	7.000
296.000	8.000
297.000	6.000
298.000	9.000
299.000	4.000
300.000	6.000
301.000	8.000
302.000	6.000
303.000	9.000
304.000	6.000
305.000	4.000
306.000	8.000
307.000	4.000
308.000	7.000
309.000	6.000
310.000	8.000
311.000	5.000
312.000	6.000
313.000	4.000
314.000	14.000
315.000	16.000
316.000	10.000
317.000	14.000
318.000	20.000
319.000	22.000
320.000	34.000
321.000	34.000
322.000	48.000
323.000	38.000
324.000	41.000
325.000	29.000
326.000	27.000
327.000	26.000
328.000	14.000
329.000	15.000
330.000	9.000
331.000	15.000
332.000	10.000
333.000	13.000
334.000	14.000
335.000	7.000
336.000	11.000
337.000	11.000
338.000	8.000
339.000	13.000
340.000	14.000
341.000	25.000
342.000	39.000
343.000	65.000
344.000	86.000
345.000	184.000
346.000	267.000
347.000	351.000
348.000	445.000
349.000	526.000
350.000	575.000
351.000	545.000
352.000	540.000
353.000	422.000
354.000	385.000
355.000	255.000
356.000	168.000
357.000	123.000
358.000	66.000
359.000	46.000
360.000	33.000
361.000	17.000
362.000	14.000
363.000	13.000
364.000	15.000
365.000	13.000
366.000	13.000
367.000	15.000
368.000	18.000
369.000	12.000
370.000	15.000
371.000	11.000
372.000	17.000
373.000	22.000
374.000	16.000
375.000	8.000
376.000	20.000
377.000	14.000
378.000	19.000
379.000	30.000
380.000	39.000
381.000	47.000
382.000	67.000
383.000	65.000
384.000	99.000
385.000	115.000
386.000	85.000
387.000	118.000
388.000	84.000
389.000	79.000
390.000	73.000
391.000	65.000
392.000	49.000
393.000	35.000
394.000	29.000
395.000	12.000
396.000	14.000
397.000	17.000
398.000	12.000
399.000	15.000
400.000	19.000
401.000	13.000
402.000	9.000
403.000	13.000
404.000	29.000
405.000	19.000
406.000	21.000
407.000	20.000
408.000	19.000
409.000	26.000
410.000	29.000
411.000	24.000
412.000	15.000
413.000	23.000
414.000	21.000
415.000	19.000
416.000	15.000
417.000	26.000
418.000	16.000
419.000	13.000
420.000	15.000
421.000	17.000
422.000	20.000
423.000	26.000
424.000	28.000
425.000	19.000
426.000	17.000
427.000	31.000
428.000	22.000
429.000	19.000
430.000	30.000
431.000	20.000
432.000	18.000
433.000	25.000
434.000	23.000
435.000	29.000
436.000	27.000
437.000	23.000
438.000	31.000
439.000	18.000
440.000	22.000
441.000	34.000
442.000	25.000
443.000	30.000
444.000	26.000
445.000	24.000
446.000	34.000
447.000	25.000
448.000	36.000
449.000	30.000
450.000	26.000
451.000	27.000
452.000	33.000
453.000	29.000
454.000	25.000
455.000	28.000
456.000	36.000
457.000	33.000
458.000	30.000
459.000	38.000
460.000	34.000
461.000	36.000
462.000	36.000
463.000	28.000
464.000	36.000
465.000	24.000
466.000	22.000
467.000	36.000
468.000	42.000
469.000	41.000
470.000	30.000
471.000	37.000
472.000	39.000
473.000	45.000
474.000	40.000
475.000	45.000
476.000	50.000
477.000	33.000
478.000	35.000
479.000	40.000
480.000	52.000
481.000	36.000
482.000	43.000
483.000	35.000
484.000	41.000
485.000	41.000
486.000	44.000
487.000	37.000
488.000	25.000
489.000	27.000
490.000	48.000
491.000	32.000
492.000	58.000
493.000	36.000
494.000	40.000
495.000	38.000
496.000	42.000
497.000	48.000
498.000	46.000
499.000	56.000
500.000	52.000
501.000	51.000
502.000	57.000
503.000	55.000
504.000	57.000
505.000	56.000
506.000	47.000
507.000	55.000
508.000	53.000
509.000	62.000
510.000	54.000
511.000	47.000
512.000	48.000
513.000	53.000
514.000	42.000
515.000	60.000
516.000	58.000
517.000	50.000
518.000	56.000
519.000	65.000
520.000	58.000
521.000	50.000
522.000	55.000
523.000	59.000
524.000	51.000
525.000	55.000
526.000	62.000
527.000	91.000
528.000	65.000
529.000	65.000
530.000	66.000
531.000	66.000
532.000	61.000
533.000	61.000
534.000	64.000
535.000	76.000
536.000	64.000
537.000	58.000
538.000	69.000
539.000	85.000
540.000	62.000
541.000	61.000
542.000	70.000
543.000	72.000
544.000	52.000
545.000	80.000
546.000	78.000
547.000	75.000
548.000	58.000
549.000	75.000
550.000	86.000
551.000	65.000
552.000	66.000
553.000	80.000
554.000	65.000
555.000	82.000
556.000	74.000
557.000	72.000
558.000	70.000
559.000	75.000
560.000	89.000
561.000	87.000
562.000	82.000
563.000	80.000
564.000	81.000
565.000	85.000
566.000	74.000
567.000	93.000
568.000	80.000
569.000	93.000
570.000	90.000
571.000	83.000
572.000	93.000
573.000	93.000
574.000	81.000
575.000	93.000
576.000	82.000
577.000	75.000
578.000	83.000
579.000	90.000
580.000	87.000
581.000	83.000
582.000	91.000
583.000	90.000
584.000	87.000
585.000	94.000
586.000	84.000
587.000	90.000
588.000	94.000
589.000	93.000
590.000	106.000
591.000	87.000
592.000	97.000
593.000	104.000
594.000	91.000
595.000	92.000
596.000	99.000
597.000	102.000
598.000	109.000
599.000	100.000
600.000	116.000
601.000	114.000
602.000	102.000
603.000	105.000
604.000	118.000
605.000	104.000
606.000	110.000
607.000	104.000
608.000	119.000
609.000	106.000
610.000	121.000
611.000	106.000
612.000	108.000
613.000	109.000
614.000	105.000
615.000	130.000
616.000	118.000
617.000	107.000
618.000	122.000
619.000	108.000
620.000	125.000
621.000	130.000
622.000	111.000
623.000	130.000
624.000	112.000
625.000	122.000
626.000	143.000
627.000	149.000
628.000	124.000
629.000	116.000
630.000	118.000
631.000	122.000
632.000	126.000
633.000	120.000
634.000	127.000
635.000	141.000
636.000	125.000
637.000	121.000
638.000	116.000
639.000	104.000
640.000	128.000
641.000	134.000
642.000	140.000
643.000	152.000
644.000	123.000
645.000	151.000
646.000	127.000
647.000	121.000
648.000	150.000
649.000	152.000
650.000	151.000
651.000	150.000
652.000	162.000
653.000	143.000
654.000	157.000
655.000	153.000
656.000	159.000
657.000	138.000
658.000	137.000
659.000	131.000
660.000	132.000
661.000	144.000
662.000	149.000
663.000	167.000
664.000	137.000
665.000	134.000
666.000	142.000
667.000	152.000
668.000	156.000
669.000	133.000
670.000	141.000
671.000	170.000
672.000	153.000
673.000	158.000
674.000	158.000
675.000	147.000
676.000	167.000
677.000	188.000
678.000	159.000
679.000	154.000
680.000	176.000
681.000	154.000
682.000	151.000
683.000	187.000
684.000	181.000
685.000	170.000
686.000	193.000
687.000	150.000
688.000	176.000
689.000	184.000
690.000	199.000
691.000	178.000
692.000	180.000
693.000	165.000
694.000	175.000
695.000	158.000
696.000	205.000
697.000	172.000
698.000	154.000
699.000	190.000
700.000	161.000
701.000	183.000
702.000	197.000
703.000	178.000
704.000	169.000
705.000	160.000
706.000	191.000
707.000	165.000
708.000	166.000
709.000	197.000
710.000	171.000
711.000	172.000
712.000	190.000
713.000	204.000
714.000	190.000
715.000	177.000
716.000	214.000
717.000	176.000
718.000	202.000
719.000	177.000
720.000	184.000
721.000	206.000
722.000	176.000
723.000	197.000
724.000	199.000
725.000	202.000
726.000	224.000
727.000	176.000
728.000	198.000
729.000	220.000
730.000	190.000
731.000	212.000
732.000	197.000
733.000	178.000
734.000	210.000
735.000	223.000
736.000	225.000
737.000	181.000
738.000	209.000
739.000	192.000
740.000	181.000
741.000	208.000
742.000	186.000
743.000	203.000
744.000	222.000
745.000	187.000
746.000	216.000
747.000	209.000
748.000	200.000
749.000	197.000
750.000	216.000
751.000	206.000
752.000	207.000
753.000	230.000
754.000	218.000
755.000	213.000
756.000	221.000
757.000	208.000
758.000	198.000
759.000	196.000
760.000	202.000
761.000	209.000
762.000	201.000
763.000	248.000
764.000	243.000
765.000	199.000
766.000	203.000
767.000	216.000
768.000	220.000
769.000	232.000
770.000	248.000
771.000	233.000
772.000	217.000
773.000	264.000
774.000	249.000
775.000	225.000
776.000	243.000
777.000	277.000
778.000	228.000
779.000	248.000
780.000	237.000
781.000	215.000
782.000	226.000
783.000	256.000
784.000	243.000
785.000	243.000
786.000	236.000
787.000	252.000
788.000	238.000
789.000	245.000
790.000	208.000
791.000	239.000
792.000	215.000
793.000	224.000
794.000	240.000
795.000	214.000
796.000	238.000
797.000	249.000
798.000	238.000
799.000	240.000
800.000	242.000
801.000	245.000
802.000	247.000
803.000	252.000
804.000	226.000
805.000	245.000
806.000	252.000
807.000	245.000
808.000	252.000
809.000	253.000
810.000	236.000
811.000	299.000
812.000	259.000
813.000	240.000
814.000	252.000
815.000	263.000
816.000	229.000
817.000	264.000
818.000	248.000
819.000	243.000
820.000	257.000
821.000	273.000
822.000	271.000
823.000	262.000
824.000	236.000
825.000	274.000
826.000	291.000
827.000	275.000
828.000	248.000
829.000	265.000
830.000	261.000
831.000	253.000
832.000	223.000
833.000	282.000
834.000	278.000
835.000	259.000
836.000	266.000
837.000	255.000
838.000	281.000
839.000	277.000
840.000	269.000
841.000	284.000
842.000	321.000
843.000	270.000
844.000	305.000
845.000	263.000
846.000	302.000
847.000	290.000
848.000	298.000
849.000	277.000
850.000	308.000
851.000	321.000
852.000	295.000
853.000	302.000
854.000	286.000
855.000	328.000
856.000	334.000
857.000	304.000
858.000	333.000
859.000	329.000
860.000	327.000
861.000	336.000
862.000	389.000
863.000	359.000
864.000	326.000
865.000	344.000
866.000	345.000
867.000	356.000
868.000	338.000
869.000	372.000
870.000	412.000
871.000	430.000
872.000	419.000
873.000	399.000
874.000	416.000
875.000	470.000
876.000	476.000
877.000	501.000
878.000	541.000
879.000	543.000
880.000	605.000
881.000	604.000
882.000	662.000
883.000	660.000
884.000	697.000
885.000	777.000
886.000	798.000
887.000	841.000
888.000	963.000
889.000	944.000
890.000	920.000
891.000	1124.000
892.000	1126.000
893.000	1182.000
894.000	1171.000
895.000	1252.000
896.000	1264.000
897.000	1288.000
898.000	1272.000
899.000	1314.000
900.000	1297.000
901.000	1355.000
902.000	1333.000
903.000	1277.000
904.000	1167.000
905.000	1181.000
906.000	1157.000
907.000	1141.000
908.000	1105.000
909.000	1082.000
910.000	985.000
911.000	931.000
912.000	923.000
913.000	805.000
914.000	784.000
915.000	728.000
916.000	722.000
917.000	663.000
918.000	592.000
919.000	600.000
920.000	568.000
921.000	535.000
922.000	480.000
923.000	497.000
924.000	445.000
925.000	405.000
926.000	390.000
927.000	408.000
928.000	361.000
929.000	366.000
930.000	324.000
931.000	377.000
932.000	337.000
933.000	326.000
934.000	306.000
935.000	320.000
936.000	315.000
937.000	353.000
938.000	283.000
939.000	295.000
940.000	342.000
941.000	343.000
942.000	387.000
943.000	387.000
944.000	381.000
945.000	452.000
946.000	493.000
947.000	528.000
948.000	622.000
949.000	596.000
950.000	705.000
951.000	696.000
952.000	687.000
953.000	731.000
954.000	704.000
955.000	733.000
956.000	681.000
957.000	671.000
958.000	562.000
959.000	614.000
960.000	498.000
961.000	443.000
962.000	391.000
963.000	349.000
964.000	324.000
965.000	331.000
966.000	301.000
967.000	263.000
968.000	266.000
969.000	285.000
970.000	226.000
971.000	262.000
972.000	272.000
973.000	258.000
974.000	249.000
975.000	257.000
976.000	249.000
977.000	292.000
978.000	245.000
979.000	280.000
980.000	275.000
981.000	270.000
982.000	294.000
983.000	324.000
984.000	318.000
985.000	305.000
986.000	281.000
987.000	292.000
988.000	288.000
989.000	357.000
990.000	318.000
991.000	334.000
992.000	386.000
993.000	371.000
994.000	348.000
995.000	347.000
996.000	383.000
997.000	404.000
998.000	482.000
999.000	409.000
1000.000	400.000
1001.000	401.000
1002.000	390.000
1003.000	423.000
1004.000	409.000
1005.000	413.000
1006.000	386.000
1007.000	377.000
1008.000	394.000
1009.000	393.000
1010.000	371.000
1011.000	398.000
1012.000	336.000
1013.000	361.000
1014.000	310.000
1015.000	328.000
1016.000	312.000
1017.000	320.000
1018.000	317.000
1019.000	312.000
1020.000	289.000
1021.000	269.000
1022.000	280.000
1023.000	269.000
1024.000	237.000
