Date:	8/19/2008		Time:	9:13 AM		Version no:	0.00		Project name:	55		Sample name:	222		Section name:	section		Position	402.039995	mm	E0	0.000000	keV	E1	1.000000	keV/channel	sample surface	8.000000	cm	Tube anode:	Mo		Tube voltage:	30	kV	Tube current:	50	mA	gain	20		std. database			resultfile	result		matrix element	11		sample thickness	1.000000		air passage	0.560000	cm	comments	not in position		peaking_time	3.000000	m-sec	trigger_threshold	1229.166667	V	mca_bin_width	22.090000	no:	number_mca_channels	1024.000000	no:	gap_time	0.400000	m-sec	trigger_peaking_time	0.150000	m-sec	GAINDAC	9455		HIGHGAIN	1		TAURC	0		RCTAU	53		RCTAUFRAC	32768		livetime	9.887656	seconds	runtime	10.000502	seconds	input_count_rate	12.436213	cps	output_count_rate	10.757860	cps	triggers	122965	seconds	events_in_run	107584	seconds	channel	content		1.000	0.000
2.000	0.000
3.000	0.000
4.000	0.000
5.000	0.000
6.000	0.000
7.000	0.000
8.000	0.000
9.000	0.000
10.000	0.000
11.000	0.000
12.000	0.000
13.000	0.000
14.000	0.000
15.000	0.000
16.000	0.000
17.000	0.000
18.000	0.000
19.000	0.000
20.000	0.000
21.000	0.000
22.000	0.000
23.000	0.000
24.000	0.000
25.000	0.000
26.000	0.000
27.000	0.000
28.000	0.000
29.000	0.000
30.000	0.000
31.000	0.000
32.000	0.000
33.000	1.000
34.000	0.000
35.000	1.000
36.000	2.000
37.000	1.000
38.000	1.000
39.000	3.000
40.000	6.000
41.000	1.000
42.000	2.000
43.000	3.000
44.000	4.000
45.000	3.000
46.000	7.000
47.000	3.000
48.000	2.000
49.000	3.000
50.000	6.000
51.000	13.000
52.000	5.000
53.000	6.000
54.000	6.000
55.000	6.000
56.000	8.000
57.000	5.000
58.000	2.000
59.000	7.000
60.000	8.000
61.000	8.000
62.000	4.000
63.000	8.000
64.000	4.000
65.000	4.000
66.000	3.000
67.000	5.000
68.000	9.000
69.000	7.000
70.000	6.000
71.000	8.000
72.000	6.000
73.000	3.000
74.000	7.000
75.000	4.000
76.000	4.000
77.000	6.000
78.000	6.000
79.000	8.000
80.000	8.000
81.000	6.000
82.000	6.000
83.000	6.000
84.000	8.000
85.000	7.000
86.000	10.000
87.000	2.000
88.000	5.000
89.000	5.000
90.000	4.000
91.000	5.000
92.000	3.000
93.000	7.000
94.000	4.000
95.000	8.000
96.000	5.000
97.000	5.000
98.000	4.000
99.000	4.000
100.000	11.000
101.000	4.000
102.000	3.000
103.000	3.000
104.000	4.000
105.000	5.000
106.000	7.000
107.000	4.000
108.000	2.000
109.000	5.000
110.000	4.000
111.000	6.000
112.000	6.000
113.000	2.000
114.000	5.000
115.000	3.000
116.000	3.000
117.000	5.000
118.000	2.000
119.000	1.000
120.000	3.000
121.000	2.000
122.000	4.000
123.000	6.000
124.000	7.000
125.000	5.000
126.000	5.000
127.000	4.000
128.000	3.000
129.000	3.000
130.000	2.000
131.000	4.000
132.000	4.000
133.000	2.000
134.000	7.000
135.000	4.000
136.000	1.000
137.000	3.000
138.000	4.000
139.000	2.000
140.000	2.000
141.000	2.000
142.000	2.000
143.000	1.000
144.000	0.000
145.000	2.000
146.000	1.000
147.000	4.000
148.000	3.000
149.000	4.000
150.000	2.000
151.000	4.000
152.000	5.000
153.000	2.000
154.000	3.000
155.000	1.000
156.000	3.000
157.000	2.000
158.000	4.000
159.000	6.000
160.000	10.000
161.000	11.000
162.000	10.000
163.000	7.000
164.000	8.000
165.000	9.000
166.000	5.000
167.000	3.000
168.000	1.000
169.000	3.000
170.000	2.000
171.000	3.000
172.000	4.000
173.000	2.000
174.000	2.000
175.000	2.000
176.000	5.000
177.000	4.000
178.000	2.000
179.000	2.000
180.000	1.000
181.000	3.000
182.000	5.000
183.000	1.000
184.000	7.000
185.000	5.000
186.000	2.000
187.000	3.000
188.000	1.000
189.000	2.000
190.000	3.000
191.000	2.000
192.000	0.000
193.000	3.000
194.000	0.000
195.000	0.000
196.000	2.000
197.000	3.000
198.000	1.000
199.000	4.000
200.000	3.000
201.000	4.000
202.000	1.000
203.000	3.000
204.000	1.000
205.000	1.000
206.000	2.000
207.000	2.000
208.000	4.000
209.000	2.000
210.000	1.000
211.000	1.000
212.000	0.000
213.000	3.000
214.000	0.000
215.000	1.000
216.000	2.000
217.000	4.000
218.000	2.000
219.000	0.000
220.000	0.000
221.000	3.000
222.000	4.000
223.000	1.000
224.000	0.000
225.000	4.000
226.000	1.000
227.000	2.000
228.000	1.000
229.000	1.000
230.000	0.000
231.000	0.000
232.000	1.000
233.000	2.000
234.000	0.000
235.000	4.000
236.000	3.000
237.000	0.000
238.000	2.000
239.000	1.000
240.000	2.000
241.000	1.000
242.000	1.000
243.000	1.000
244.000	2.000
245.000	2.000
246.000	1.000
247.000	5.000
248.000	4.000
249.000	1.000
250.000	0.000
251.000	2.000
252.000	0.000
253.000	1.000
254.000	2.000
255.000	3.000
256.000	0.000
257.000	4.000
258.000	4.000
259.000	1.000
260.000	1.000
261.000	3.000
262.000	2.000
263.000	0.000
264.000	0.000
265.000	0.000
266.000	0.000
267.000	4.000
268.000	2.000
269.000	1.000
270.000	3.000
271.000	0.000
272.000	2.000
273.000	0.000
274.000	3.000
275.000	1.000
276.000	3.000
277.000	1.000
278.000	4.000
279.000	4.000
280.000	2.000
281.000	2.000
282.000	2.000
283.000	1.000
284.000	0.000
285.000	0.000
286.000	1.000
287.000	0.000
288.000	1.000
289.000	3.000
290.000	0.000
291.000	3.000
292.000	4.000
293.000	2.000
294.000	2.000
295.000	5.000
296.000	0.000
297.000	4.000
298.000	3.000
299.000	2.000
300.000	2.000
301.000	1.000
302.000	1.000
303.000	0.000
304.000	4.000
305.000	1.000
306.000	2.000
307.000	1.000
308.000	0.000
309.000	3.000
310.000	1.000
311.000	0.000
312.000	3.000
313.000	1.000
314.000	7.000
315.000	3.000
316.000	2.000
317.000	0.000
318.000	1.000
319.000	1.000
320.000	4.000
321.000	4.000
322.000	0.000
323.000	3.000
324.000	1.000
325.000	0.000
326.000	0.000
327.000	2.000
328.000	1.000
329.000	1.000
330.000	0.000
331.000	1.000
332.000	2.000
333.000	0.000
334.000	2.000
335.000	1.000
336.000	0.000
337.000	2.000
338.000	2.000
339.000	2.000
340.000	3.000
341.000	1.000
342.000	2.000
343.000	3.000
344.000	1.000
345.000	4.000
346.000	6.000
347.000	9.000
348.000	5.000
349.000	8.000
350.000	5.000
351.000	10.000
352.000	6.000
353.000	9.000
354.000	6.000
355.000	2.000
356.000	4.000
357.000	5.000
358.000	2.000
359.000	4.000
360.000	2.000
361.000	2.000
362.000	2.000
363.000	1.000
364.000	4.000
365.000	4.000
366.000	1.000
367.000	1.000
368.000	0.000
369.000	0.000
370.000	3.000
371.000	4.000
372.000	1.000
373.000	1.000
374.000	0.000
375.000	2.000
376.000	2.000
377.000	1.000
378.000	3.000
379.000	3.000
380.000	0.000
381.000	2.000
382.000	3.000
383.000	3.000
384.000	4.000
385.000	4.000
386.000	3.000
387.000	5.000
388.000	6.000
389.000	4.000
390.000	4.000
391.000	2.000
392.000	2.000
393.000	4.000
394.000	1.000
395.000	1.000
396.000	1.000
397.000	3.000
398.000	3.000
399.000	2.000
400.000	3.000
401.000	1.000
402.000	1.000
403.000	3.000
404.000	0.000
405.000	2.000
406.000	4.000
407.000	2.000
408.000	3.000
409.000	3.000
410.000	3.000
411.000	3.000
412.000	4.000
413.000	2.000
414.000	4.000
415.000	1.000
416.000	3.000
417.000	4.000
418.000	2.000
419.000	0.000
420.000	3.000
421.000	6.000
422.000	3.000
423.000	1.000
424.000	3.000
425.000	3.000
426.000	5.000
427.000	2.000
428.000	2.000
429.000	3.000
430.000	5.000
431.000	3.000
432.000	6.000
433.000	4.000
434.000	4.000
435.000	7.000
436.000	3.000
437.000	5.000
438.000	6.000
439.000	1.000
440.000	3.000
441.000	2.000
442.000	5.000
443.000	4.000
444.000	6.000
445.000	6.000
446.000	3.000
447.000	4.000
448.000	4.000
449.000	4.000
450.000	10.000
451.000	4.000
452.000	5.000
453.000	7.000
454.000	6.000
455.000	2.000
456.000	7.000
457.000	5.000
458.000	8.000
459.000	4.000
460.000	3.000
461.000	5.000
462.000	5.000
463.000	5.000
464.000	5.000
465.000	8.000
466.000	6.000
467.000	9.000
468.000	9.000
469.000	7.000
470.000	11.000
471.000	9.000
472.000	4.000
473.000	4.000
474.000	7.000
475.000	6.000
476.000	3.000
477.000	8.000
478.000	9.000
479.000	6.000
480.000	7.000
481.000	7.000
482.000	7.000
483.000	10.000
484.000	3.000
485.000	7.000
486.000	14.000
487.000	9.000
488.000	7.000
489.000	8.000
490.000	7.000
491.000	9.000
492.000	14.000
493.000	14.000
494.000	9.000
495.000	12.000
496.000	8.000
497.000	9.000
498.000	9.000
499.000	4.000
500.000	7.000
501.000	15.000
502.000	15.000
503.000	18.000
504.000	11.000
505.000	9.000
506.000	11.000
507.000	14.000
508.000	11.000
509.000	18.000
510.000	15.000
511.000	10.000
512.000	14.000
513.000	17.000
514.000	11.000
515.000	11.000
516.000	15.000
517.000	12.000
518.000	13.000
519.000	14.000
520.000	16.000
521.000	13.000
522.000	13.000
523.000	20.000
524.000	17.000
525.000	18.000
526.000	14.000
527.000	22.000
528.000	14.000
529.000	12.000
530.000	20.000
531.000	15.000
532.000	19.000
533.000	20.000
534.000	18.000
535.000	21.000
536.000	24.000
537.000	20.000
538.000	15.000
539.000	19.000
540.000	26.000
541.000	11.000
542.000	22.000
543.000	22.000
544.000	19.000
545.000	17.000
546.000	22.000
547.000	20.000
548.000	27.000
549.000	19.000
550.000	27.000
551.000	20.000
552.000	27.000
553.000	29.000
554.000	27.000
555.000	27.000
556.000	21.000
557.000	17.000
558.000	25.000
559.000	38.000
560.000	37.000
561.000	27.000
562.000	28.000
563.000	36.000
564.000	27.000
565.000	29.000
566.000	24.000
567.000	37.000
568.000	31.000
569.000	28.000
570.000	34.000
571.000	34.000
572.000	26.000
573.000	29.000
574.000	37.000
575.000	26.000
576.000	36.000
577.000	33.000
578.000	30.000
579.000	23.000
580.000	30.000
581.000	48.000
582.000	39.000
583.000	32.000
584.000	32.000
585.000	32.000
586.000	47.000
587.000	33.000
588.000	30.000
589.000	44.000
590.000	43.000
591.000	33.000
592.000	39.000
593.000	37.000
594.000	30.000
595.000	50.000
596.000	42.000
597.000	47.000
598.000	40.000
599.000	47.000
600.000	43.000
601.000	37.000
602.000	52.000
603.000	52.000
604.000	37.000
605.000	46.000
606.000	60.000
607.000	45.000
608.000	50.000
609.000	43.000
610.000	45.000
611.000	47.000
612.000	38.000
613.000	55.000
614.000	52.000
615.000	60.000
616.000	60.000
617.000	43.000
618.000	59.000
619.000	53.000
620.000	49.000
621.000	57.000
622.000	57.000
623.000	65.000
624.000	53.000
625.000	61.000
626.000	58.000
627.000	70.000
628.000	61.000
629.000	54.000
630.000	62.000
631.000	49.000
632.000	65.000
633.000	62.000
634.000	69.000
635.000	63.000
636.000	45.000
637.000	66.000
638.000	57.000
639.000	70.000
640.000	58.000
641.000	59.000
642.000	79.000
643.000	68.000
644.000	72.000
645.000	62.000
646.000	68.000
647.000	80.000
648.000	74.000
649.000	90.000
650.000	71.000
651.000	62.000
652.000	83.000
653.000	70.000
654.000	56.000
655.000	65.000
656.000	76.000
657.000	69.000
658.000	70.000
659.000	78.000
660.000	74.000
661.000	86.000
662.000	70.000
663.000	91.000
664.000	75.000
665.000	66.000
666.000	83.000
667.000	81.000
668.000	85.000
669.000	85.000
670.000	68.000
671.000	70.000
672.000	84.000
673.000	92.000
674.000	78.000
675.000	89.000
676.000	84.000
677.000	75.000
678.000	84.000
679.000	84.000
680.000	80.000
681.000	99.000
682.000	94.000
683.000	70.000
684.000	80.000
685.000	92.000
686.000	81.000
687.000	92.000
688.000	103.000
689.000	110.000
690.000	95.000
691.000	95.000
692.000	94.000
693.000	78.000
694.000	96.000
695.000	88.000
696.000	105.000
697.000	97.000
698.000	87.000
699.000	109.000
700.000	91.000
701.000	110.000
702.000	93.000
703.000	117.000
704.000	114.000
705.000	109.000
706.000	96.000
707.000	89.000
708.000	100.000
709.000	106.000
710.000	100.000
711.000	90.000
712.000	95.000
713.000	118.000
714.000	101.000
715.000	96.000
716.000	83.000
717.000	109.000
718.000	103.000
719.000	128.000
720.000	96.000
721.000	110.000
722.000	104.000
723.000	124.000
724.000	139.000
725.000	114.000
726.000	130.000
727.000	124.000
728.000	111.000
729.000	132.000
730.000	114.000
731.000	124.000
732.000	117.000
733.000	128.000
734.000	139.000
735.000	119.000
736.000	95.000
737.000	115.000
738.000	138.000
739.000	117.000
740.000	112.000
741.000	119.000
742.000	109.000
743.000	115.000
744.000	109.000
745.000	111.000
746.000	112.000
747.000	121.000
748.000	129.000
749.000	113.000
750.000	126.000
751.000	136.000
752.000	125.000
753.000	112.000
754.000	122.000
755.000	138.000
756.000	138.000
757.000	137.000
758.000	123.000
759.000	121.000
760.000	122.000
761.000	132.000
762.000	121.000
763.000	133.000
764.000	139.000
765.000	136.000
766.000	145.000
767.000	159.000
768.000	136.000
769.000	146.000
770.000	150.000
771.000	140.000
772.000	122.000
773.000	146.000
774.000	160.000
775.000	142.000
776.000	127.000
777.000	138.000
778.000	143.000
779.000	128.000
780.000	149.000
781.000	138.000
782.000	132.000
783.000	130.000
784.000	139.000
785.000	135.000
786.000	163.000
787.000	133.000
788.000	138.000
789.000	157.000
790.000	123.000
791.000	151.000
792.000	149.000
793.000	132.000
794.000	125.000
795.000	142.000
796.000	150.000
797.000	176.000
798.000	138.000
799.000	139.000
800.000	159.000
801.000	151.000
802.000	136.000
803.000	133.000
804.000	142.000
805.000	142.000
806.000	135.000
807.000	134.000
808.000	137.000
809.000	127.000
810.000	169.000
811.000	154.000
812.000	146.000
813.000	150.000
814.000	132.000
815.000	161.000
816.000	154.000
817.000	155.000
818.000	174.000
819.000	153.000
820.000	148.000
821.000	169.000
822.000	151.000
823.000	159.000
824.000	161.000
825.000	157.000
826.000	156.000
827.000	171.000
828.000	161.000
829.000	157.000
830.000	158.000
831.000	153.000
832.000	161.000
833.000	156.000
834.000	173.000
835.000	136.000
836.000	174.000
837.000	163.000
838.000	169.000
839.000	174.000
840.000	157.000
841.000	166.000
842.000	181.000
843.000	155.000
844.000	177.000
845.000	167.000
846.000	186.000
847.000	187.000
848.000	168.000
849.000	159.000
850.000	178.000
851.000	167.000
852.000	171.000
853.000	167.000
854.000	198.000
855.000	177.000
856.000	185.000
857.000	174.000
858.000	195.000
859.000	210.000
860.000	205.000
861.000	207.000
862.000	192.000
863.000	210.000
864.000	227.000
865.000	182.000
866.000	236.000
867.000	222.000
868.000	245.000
869.000	260.000
870.000	256.000
871.000	251.000
872.000	281.000
873.000	285.000
874.000	296.000
875.000	303.000
876.000	309.000
877.000	293.000
878.000	345.000
879.000	317.000
880.000	399.000
881.000	427.000
882.000	386.000
883.000	423.000
884.000	440.000
885.000	541.000
886.000	540.000
887.000	548.000
888.000	587.000
889.000	638.000
890.000	675.000
891.000	734.000
892.000	700.000
893.000	736.000
894.000	782.000
895.000	803.000
896.000	782.000
897.000	739.000
898.000	787.000
899.000	798.000
900.000	811.000
901.000	797.000
902.000	823.000
903.000	761.000
904.000	765.000
905.000	754.000
906.000	675.000
907.000	634.000
908.000	661.000
909.000	607.000
910.000	605.000
911.000	517.000
912.000	502.000
913.000	474.000
914.000	445.000
915.000	461.000
916.000	404.000
917.000	365.000
918.000	338.000
919.000	389.000
920.000	313.000
921.000	303.000
922.000	307.000
923.000	300.000
924.000	298.000
925.000	285.000
926.000	240.000
927.000	225.000
928.000	234.000
929.000	222.000
930.000	195.000
931.000	207.000
932.000	198.000
933.000	191.000
934.000	188.000
935.000	203.000
936.000	186.000
937.000	197.000
938.000	204.000
939.000	221.000
940.000	218.000
941.000	196.000
942.000	209.000
943.000	246.000
944.000	264.000
945.000	301.000
946.000	305.000
947.000	337.000
948.000	356.000
949.000	417.000
950.000	421.000
951.000	439.000
952.000	412.000
953.000	437.000
954.000	482.000
955.000	455.000
956.000	438.000
957.000	381.000
958.000	351.000
959.000	333.000
960.000	301.000
961.000	259.000
962.000	240.000
963.000	218.000
964.000	212.000
965.000	201.000
966.000	163.000
967.000	164.000
968.000	156.000
969.000	154.000
970.000	148.000
971.000	177.000
972.000	156.000
973.000	168.000
974.000	161.000
975.000	138.000
976.000	167.000
977.000	165.000
978.000	170.000
979.000	149.000
980.000	166.000
981.000	173.000
982.000	194.000
983.000	179.000
984.000	185.000
985.000	196.000
986.000	185.000
987.000	214.000
988.000	203.000
989.000	200.000
990.000	198.000
991.000	253.000
992.000	215.000
993.000	197.000
994.000	218.000
995.000	208.000
996.000	247.000
997.000	255.000
998.000	253.000
999.000	268.000
1000.000	254.000
1001.000	266.000
1002.000	252.000
1003.000	264.000
1004.000	254.000
1005.000	246.000
1006.000	249.000
1007.000	220.000
1008.000	241.000
1009.000	254.000
1010.000	226.000
1011.000	215.000
1012.000	204.000
1013.000	208.000
1014.000	226.000
1015.000	179.000
1016.000	188.000
1017.000	218.000
1018.000	178.000
1019.000	160.000
1020.000	157.000
1021.000	175.000
1022.000	170.000
1023.000	128.000
1024.000	149.000
