Date:	8/19/2008		Time:	8:52 AM		Version no:	0.00		Project name:	55		Sample name:	222		Section name:	section		Position	186.039995	mm	E0	0.000000	keV	E1	1.000000	keV/channel	sample surface	7.653428	cm	Tube anode:	Mo		Tube voltage:	30	kV	Tube current:	50	mA	gain	20		std. database			resultfile	result		matrix element	11		sample thickness	1.000000		air passage	0.560000	cm	comments	not in position		peaking_time	3.000000	m-sec	trigger_threshold	1229.166667	V	mca_bin_width	22.090000	no:	number_mca_channels	1024.000000	no:	gap_time	0.400000	m-sec	trigger_peaking_time	0.150000	m-sec	GAINDAC	9455		HIGHGAIN	1		TAURC	0		RCTAU	53		RCTAUFRAC	32768		livetime	9.704668	seconds	runtime	10.000502	seconds	input_count_rate	28.374902	cps	output_count_rate	21.622915	cps	triggers	275369	seconds	events_in_run	216240	seconds	channel	content		1.000	0.000
2.000	0.000
3.000	0.000
4.000	0.000
5.000	0.000
6.000	0.000
7.000	0.000
8.000	0.000
9.000	0.000
10.000	0.000
11.000	0.000
12.000	0.000
13.000	0.000
14.000	0.000
15.000	0.000
16.000	0.000
17.000	0.000
18.000	0.000
19.000	0.000
20.000	0.000
21.000	0.000
22.000	0.000
23.000	0.000
24.000	0.000
25.000	0.000
26.000	0.000
27.000	0.000
28.000	0.000
29.000	0.000
30.000	0.000
31.000	0.000
32.000	0.000
33.000	0.000
34.000	2.000
35.000	2.000
36.000	2.000
37.000	1.000
38.000	2.000
39.000	3.000
40.000	2.000
41.000	0.000
42.000	2.000
43.000	7.000
44.000	7.000
45.000	7.000
46.000	7.000
47.000	4.000
48.000	3.000
49.000	9.000
50.000	6.000
51.000	7.000
52.000	10.000
53.000	8.000
54.000	10.000
55.000	11.000
56.000	5.000
57.000	6.000
58.000	4.000
59.000	11.000
60.000	6.000
61.000	13.000
62.000	10.000
63.000	8.000
64.000	7.000
65.000	8.000
66.000	8.000
67.000	10.000
68.000	7.000
69.000	18.000
70.000	6.000
71.000	5.000
72.000	7.000
73.000	10.000
74.000	9.000
75.000	7.000
76.000	8.000
77.000	4.000
78.000	8.000
79.000	10.000
80.000	6.000
81.000	7.000
82.000	5.000
83.000	10.000
84.000	5.000
85.000	8.000
86.000	9.000
87.000	9.000
88.000	6.000
89.000	8.000
90.000	12.000
91.000	6.000
92.000	9.000
93.000	9.000
94.000	8.000
95.000	5.000
96.000	10.000
97.000	11.000
98.000	9.000
99.000	7.000
100.000	3.000
101.000	7.000
102.000	5.000
103.000	11.000
104.000	8.000
105.000	4.000
106.000	11.000
107.000	7.000
108.000	4.000
109.000	7.000
110.000	11.000
111.000	8.000
112.000	14.000
113.000	2.000
114.000	8.000
115.000	7.000
116.000	10.000
117.000	4.000
118.000	2.000
119.000	5.000
120.000	6.000
121.000	4.000
122.000	4.000
123.000	6.000
124.000	8.000
125.000	9.000
126.000	5.000
127.000	7.000
128.000	7.000
129.000	10.000
130.000	6.000
131.000	9.000
132.000	3.000
133.000	5.000
134.000	9.000
135.000	4.000
136.000	2.000
137.000	7.000
138.000	4.000
139.000	5.000
140.000	5.000
141.000	2.000
142.000	2.000
143.000	0.000
144.000	1.000
145.000	6.000
146.000	6.000
147.000	4.000
148.000	5.000
149.000	4.000
150.000	1.000
151.000	7.000
152.000	4.000
153.000	2.000
154.000	4.000
155.000	3.000
156.000	2.000
157.000	2.000
158.000	7.000
159.000	6.000
160.000	5.000
161.000	6.000
162.000	4.000
163.000	10.000
164.000	7.000
165.000	9.000
166.000	4.000
167.000	4.000
168.000	5.000
169.000	2.000
170.000	2.000
171.000	2.000
172.000	5.000
173.000	3.000
174.000	4.000
175.000	3.000
176.000	5.000
177.000	7.000
178.000	3.000
179.000	6.000
180.000	15.000
181.000	15.000
182.000	9.000
183.000	8.000
184.000	6.000
185.000	8.000
186.000	6.000
187.000	8.000
188.000	6.000
189.000	6.000
190.000	3.000
191.000	5.000
192.000	3.000
193.000	2.000
194.000	5.000
195.000	7.000
196.000	6.000
197.000	6.000
198.000	10.000
199.000	14.000
200.000	17.000
201.000	25.000
202.000	31.000
203.000	40.000
204.000	28.000
205.000	12.000
206.000	21.000
207.000	7.000
208.000	12.000
209.000	5.000
210.000	1.000
211.000	4.000
212.000	4.000
213.000	7.000
214.000	4.000
215.000	3.000
216.000	6.000
217.000	5.000
218.000	5.000
219.000	8.000
220.000	5.000
221.000	3.000
222.000	4.000
223.000	6.000
224.000	7.000
225.000	3.000
226.000	1.000
227.000	1.000
228.000	5.000
229.000	3.000
230.000	0.000
231.000	4.000
232.000	1.000
233.000	3.000
234.000	4.000
235.000	2.000
236.000	3.000
237.000	6.000
238.000	3.000
239.000	4.000
240.000	3.000
241.000	3.000
242.000	5.000
243.000	6.000
244.000	8.000
245.000	8.000
246.000	9.000
247.000	8.000
248.000	12.000
249.000	10.000
250.000	7.000
251.000	8.000
252.000	3.000
253.000	7.000
254.000	9.000
255.000	9.000
256.000	7.000
257.000	2.000
258.000	6.000
259.000	5.000
260.000	4.000
261.000	5.000
262.000	2.000
263.000	5.000
264.000	8.000
265.000	7.000
266.000	6.000
267.000	5.000
268.000	4.000
269.000	2.000
270.000	5.000
271.000	8.000
272.000	6.000
273.000	7.000
274.000	7.000
275.000	6.000
276.000	1.000
277.000	6.000
278.000	2.000
279.000	9.000
280.000	7.000
281.000	9.000
282.000	3.000
283.000	8.000
284.000	12.000
285.000	6.000
286.000	3.000
287.000	6.000
288.000	4.000
289.000	6.000
290.000	11.000
291.000	8.000
292.000	9.000
293.000	7.000
294.000	8.000
295.000	7.000
296.000	9.000
297.000	5.000
298.000	7.000
299.000	11.000
300.000	4.000
301.000	7.000
302.000	12.000
303.000	7.000
304.000	6.000
305.000	13.000
306.000	10.000
307.000	12.000
308.000	10.000
309.000	12.000
310.000	4.000
311.000	7.000
312.000	11.000
313.000	5.000
314.000	6.000
315.000	9.000
316.000	20.000
317.000	14.000
318.000	25.000
319.000	25.000
320.000	52.000
321.000	48.000
322.000	55.000
323.000	61.000
324.000	38.000
325.000	45.000
326.000	44.000
327.000	21.000
328.000	23.000
329.000	18.000
330.000	12.000
331.000	9.000
332.000	9.000
333.000	13.000
334.000	13.000
335.000	10.000
336.000	12.000
337.000	12.000
338.000	16.000
339.000	19.000
340.000	27.000
341.000	35.000
342.000	60.000
343.000	91.000
344.000	153.000
345.000	213.000
346.000	390.000
347.000	462.000
348.000	567.000
349.000	676.000
350.000	789.000
351.000	724.000
352.000	693.000
353.000	586.000
354.000	514.000
355.000	370.000
356.000	251.000
357.000	157.000
358.000	106.000
359.000	65.000
360.000	39.000
361.000	18.000
362.000	24.000
363.000	20.000
364.000	14.000
365.000	14.000
366.000	15.000
367.000	20.000
368.000	15.000
369.000	19.000
370.000	12.000
371.000	15.000
372.000	24.000
373.000	16.000
374.000	23.000
375.000	26.000
376.000	30.000
377.000	30.000
378.000	27.000
379.000	33.000
380.000	38.000
381.000	64.000
382.000	92.000
383.000	87.000
384.000	111.000
385.000	151.000
386.000	154.000
387.000	136.000
388.000	141.000
389.000	119.000
390.000	119.000
391.000	75.000
392.000	56.000
393.000	37.000
394.000	31.000
395.000	27.000
396.000	26.000
397.000	27.000
398.000	20.000
399.000	23.000
400.000	22.000
401.000	29.000
402.000	23.000
403.000	21.000
404.000	27.000
405.000	22.000
406.000	37.000
407.000	27.000
408.000	20.000
409.000	28.000
410.000	27.000
411.000	27.000
412.000	22.000
413.000	24.000
414.000	31.000
415.000	31.000
416.000	29.000
417.000	37.000
418.000	31.000
419.000	22.000
420.000	19.000
421.000	32.000
422.000	34.000
423.000	41.000
424.000	36.000
425.000	30.000
426.000	21.000
427.000	43.000
428.000	29.000
429.000	30.000
430.000	29.000
431.000	22.000
432.000	34.000
433.000	37.000
434.000	30.000
435.000	31.000
436.000	45.000
437.000	36.000
438.000	42.000
439.000	42.000
440.000	32.000
441.000	44.000
442.000	47.000
443.000	49.000
444.000	50.000
445.000	53.000
446.000	52.000
447.000	36.000
448.000	46.000
449.000	49.000
450.000	40.000
451.000	42.000
452.000	40.000
453.000	50.000
454.000	50.000
455.000	35.000
456.000	59.000
457.000	43.000
458.000	47.000
459.000	36.000
460.000	44.000
461.000	58.000
462.000	60.000
463.000	51.000
464.000	51.000
465.000	51.000
466.000	48.000
467.000	40.000
468.000	49.000
469.000	56.000
470.000	63.000
471.000	51.000
472.000	48.000
473.000	59.000
474.000	52.000
475.000	63.000
476.000	67.000
477.000	43.000
478.000	55.000
479.000	51.000
480.000	53.000
481.000	54.000
482.000	51.000
483.000	52.000
484.000	48.000
485.000	69.000
486.000	50.000
487.000	53.000
488.000	55.000
489.000	56.000
490.000	65.000
491.000	58.000
492.000	64.000
493.000	62.000
494.000	67.000
495.000	75.000
496.000	52.000
497.000	67.000
498.000	68.000
499.000	71.000
500.000	68.000
501.000	59.000
502.000	71.000
503.000	61.000
504.000	66.000
505.000	63.000
506.000	69.000
507.000	79.000
508.000	65.000
509.000	67.000
510.000	80.000
511.000	73.000
512.000	73.000
513.000	74.000
514.000	101.000
515.000	71.000
516.000	89.000
517.000	87.000
518.000	80.000
519.000	86.000
520.000	84.000
521.000	81.000
522.000	94.000
523.000	75.000
524.000	79.000
525.000	93.000
526.000	88.000
527.000	80.000
528.000	88.000
529.000	103.000
530.000	85.000
531.000	93.000
532.000	87.000
533.000	97.000
534.000	89.000
535.000	84.000
536.000	101.000
537.000	98.000
538.000	85.000
539.000	87.000
540.000	86.000
541.000	118.000
542.000	102.000
543.000	91.000
544.000	112.000
545.000	95.000
546.000	94.000
547.000	113.000
548.000	119.000
549.000	90.000
550.000	103.000
551.000	85.000
552.000	89.000
553.000	98.000
554.000	103.000
555.000	87.000
556.000	97.000
557.000	101.000
558.000	123.000
559.000	102.000
560.000	115.000
561.000	107.000
562.000	117.000
563.000	107.000
564.000	134.000
565.000	110.000
566.000	126.000
567.000	144.000
568.000	103.000
569.000	122.000
570.000	116.000
571.000	102.000
572.000	118.000
573.000	120.000
574.000	129.000
575.000	121.000
576.000	123.000
577.000	136.000
578.000	129.000
579.000	137.000
580.000	116.000
581.000	121.000
582.000	124.000
583.000	131.000
584.000	117.000
585.000	118.000
586.000	142.000
587.000	140.000
588.000	106.000
589.000	148.000
590.000	141.000
591.000	122.000
592.000	131.000
593.000	122.000
594.000	127.000
595.000	143.000
596.000	122.000
597.000	141.000
598.000	143.000
599.000	138.000
600.000	155.000
601.000	144.000
602.000	156.000
603.000	144.000
604.000	152.000
605.000	144.000
606.000	143.000
607.000	131.000
608.000	129.000
609.000	146.000
610.000	147.000
611.000	126.000
612.000	137.000
613.000	147.000
614.000	160.000
615.000	134.000
616.000	158.000
617.000	139.000
618.000	157.000
619.000	181.000
620.000	151.000
621.000	144.000
622.000	145.000
623.000	181.000
624.000	166.000
625.000	143.000
626.000	154.000
627.000	167.000
628.000	157.000
629.000	164.000
630.000	140.000
631.000	177.000
632.000	175.000
633.000	170.000
634.000	151.000
635.000	172.000
636.000	179.000
637.000	168.000
638.000	170.000
639.000	169.000
640.000	176.000
641.000	186.000
642.000	159.000
643.000	184.000
644.000	186.000
645.000	190.000
646.000	168.000
647.000	183.000
648.000	168.000
649.000	189.000
650.000	184.000
651.000	182.000
652.000	217.000
653.000	190.000
654.000	185.000
655.000	182.000
656.000	197.000
657.000	169.000
658.000	198.000
659.000	187.000
660.000	181.000
661.000	176.000
662.000	175.000
663.000	185.000
664.000	195.000
665.000	164.000
666.000	205.000
667.000	188.000
668.000	160.000
669.000	194.000
670.000	188.000
671.000	189.000
672.000	207.000
673.000	194.000
674.000	221.000
675.000	198.000
676.000	200.000
677.000	225.000
678.000	195.000
679.000	192.000
680.000	205.000
681.000	194.000
682.000	198.000
683.000	195.000
684.000	180.000
685.000	233.000
686.000	212.000
687.000	198.000
688.000	215.000
689.000	204.000
690.000	227.000
691.000	195.000
692.000	211.000
693.000	223.000
694.000	216.000
695.000	203.000
696.000	202.000
697.000	243.000
698.000	203.000
699.000	196.000
700.000	236.000
701.000	216.000
702.000	202.000
703.000	231.000
704.000	229.000
705.000	208.000
706.000	209.000
707.000	208.000
708.000	207.000
709.000	217.000
710.000	226.000
711.000	227.000
712.000	224.000
713.000	236.000
714.000	248.000
715.000	239.000
716.000	222.000
717.000	213.000
718.000	225.000
719.000	227.000
720.000	236.000
721.000	231.000
722.000	235.000
723.000	231.000
724.000	253.000
725.000	238.000
726.000	231.000
727.000	236.000
728.000	267.000
729.000	233.000
730.000	246.000
731.000	227.000
732.000	240.000
733.000	246.000
734.000	222.000
735.000	239.000
736.000	233.000
737.000	250.000
738.000	224.000
739.000	255.000
740.000	219.000
741.000	251.000
742.000	260.000
743.000	252.000
744.000	256.000
745.000	242.000
746.000	232.000
747.000	234.000
748.000	243.000
749.000	244.000
750.000	236.000
751.000	259.000
752.000	256.000
753.000	258.000
754.000	260.000
755.000	248.000
756.000	234.000
757.000	241.000
758.000	237.000
759.000	266.000
760.000	261.000
761.000	288.000
762.000	281.000
763.000	251.000
764.000	265.000
765.000	265.000
766.000	286.000
767.000	274.000
768.000	250.000
769.000	265.000
770.000	284.000
771.000	287.000
772.000	295.000
773.000	280.000
774.000	290.000
775.000	289.000
776.000	280.000
777.000	263.000
778.000	281.000
779.000	277.000
780.000	322.000
781.000	286.000
782.000	277.000
783.000	273.000
784.000	275.000
785.000	284.000
786.000	293.000
787.000	295.000
788.000	272.000
789.000	264.000
790.000	260.000
791.000	275.000
792.000	257.000
793.000	295.000
794.000	280.000
795.000	266.000
796.000	264.000
797.000	276.000
798.000	293.000
799.000	269.000
800.000	279.000
801.000	267.000
802.000	285.000
803.000	297.000
804.000	281.000
805.000	269.000
806.000	256.000
807.000	288.000
808.000	278.000
809.000	292.000
810.000	286.000
811.000	284.000
812.000	291.000
813.000	261.000
814.000	270.000
815.000	286.000
816.000	309.000
817.000	298.000
818.000	300.000
819.000	279.000
820.000	271.000
821.000	280.000
822.000	290.000
823.000	289.000
824.000	304.000
825.000	283.000
826.000	274.000
827.000	315.000
828.000	280.000
829.000	307.000
830.000	283.000
831.000	262.000
832.000	300.000
833.000	315.000
834.000	307.000
835.000	305.000
836.000	296.000
837.000	300.000
838.000	317.000
839.000	299.000
840.000	310.000
841.000	340.000
842.000	332.000
843.000	309.000
844.000	279.000
845.000	320.000
846.000	316.000
847.000	314.000
848.000	305.000
849.000	335.000
850.000	353.000
851.000	291.000
852.000	342.000
853.000	358.000
854.000	314.000
855.000	329.000
856.000	366.000
857.000	382.000
858.000	380.000
859.000	318.000
860.000	377.000
861.000	371.000
862.000	359.000
863.000	375.000
864.000	406.000
865.000	378.000
866.000	390.000
867.000	393.000
868.000	387.000
869.000	442.000
870.000	426.000
871.000	468.000
872.000	409.000
873.000	495.000
874.000	482.000
875.000	485.000
876.000	514.000
877.000	514.000
878.000	596.000
879.000	594.000
880.000	631.000
881.000	619.000
882.000	652.000
883.000	731.000
884.000	749.000
885.000	890.000
886.000	865.000
887.000	931.000
888.000	970.000
889.000	1068.000
890.000	1150.000
891.000	1162.000
892.000	1245.000
893.000	1206.000
894.000	1299.000
895.000	1288.000
896.000	1381.000
897.000	1409.000
898.000	1387.000
899.000	1478.000
900.000	1504.000
901.000	1430.000
902.000	1487.000
903.000	1386.000
904.000	1394.000
905.000	1357.000
906.000	1406.000
907.000	1299.000
908.000	1264.000
909.000	1188.000
910.000	1187.000
911.000	1039.000
912.000	984.000
913.000	950.000
914.000	905.000
915.000	780.000
916.000	833.000
917.000	764.000
918.000	730.000
919.000	687.000
920.000	652.000
921.000	576.000
922.000	551.000
923.000	544.000
924.000	501.000
925.000	498.000
926.000	450.000
927.000	432.000
928.000	422.000
929.000	400.000
930.000	422.000
931.000	351.000
932.000	398.000
933.000	346.000
934.000	332.000
935.000	356.000
936.000	339.000
937.000	345.000
938.000	315.000
939.000	337.000
940.000	402.000
941.000	357.000
942.000	414.000
943.000	435.000
944.000	480.000
945.000	476.000
946.000	567.000
947.000	563.000
948.000	652.000
949.000	662.000
950.000	717.000
951.000	710.000
952.000	771.000
953.000	765.000
954.000	718.000
955.000	757.000
956.000	771.000
957.000	661.000
958.000	670.000
959.000	555.000
960.000	533.000
961.000	498.000
962.000	420.000
963.000	396.000
964.000	341.000
965.000	341.000
966.000	309.000
967.000	301.000
968.000	289.000
969.000	305.000
970.000	247.000
971.000	274.000
972.000	294.000
973.000	277.000
974.000	279.000
975.000	278.000
976.000	256.000
977.000	267.000
978.000	280.000
979.000	277.000
980.000	272.000
981.000	320.000
982.000	291.000
983.000	279.000
984.000	331.000
985.000	310.000
986.000	297.000
987.000	318.000
988.000	334.000
989.000	345.000
990.000	349.000
991.000	356.000
992.000	384.000
993.000	339.000
994.000	406.000
995.000	377.000
996.000	395.000
997.000	434.000
998.000	434.000
999.000	405.000
1000.000	415.000
1001.000	445.000
1002.000	438.000
1003.000	435.000
1004.000	460.000
1005.000	456.000
1006.000	443.000
1007.000	411.000
1008.000	428.000
1009.000	426.000
1010.000	419.000
1011.000	364.000
1012.000	382.000
1013.000	385.000
1014.000	369.000
1015.000	355.000
1016.000	360.000
1017.000	363.000
1018.000	315.000
1019.000	327.000
1020.000	295.000
1021.000	300.000
1022.000	253.000
1023.000	287.000
1024.000	286.000
