Date:	8/19/2008		Time:	9:03 AM		Version no:	0.00		Project name:	55		Sample name:	222		Section name:	section		Position	298.039995	mm	E0	0.000000	keV	E1	1.000000	keV/channel	sample surface	7.624589	cm	Tube anode:	Mo		Tube voltage:	30	kV	Tube current:	50	mA	gain	20		std. database			resultfile	result		matrix element	11		sample thickness	1.000000		air passage	0.560000	cm	comments	not in position		peaking_time	3.000000	m-sec	trigger_threshold	1229.166667	V	mca_bin_width	22.090000	no:	number_mca_channels	1024.000000	no:	gap_time	0.400000	m-sec	trigger_peaking_time	0.150000	m-sec	GAINDAC	9455		HIGHGAIN	1		TAURC	0		RCTAU	53		RCTAUFRAC	32768		livetime	9.665126	seconds	runtime	10.000503	seconds	input_count_rate	31.145790	cps	output_count_rate	23.236431	cps	triggers	301028	seconds	events_in_run	232376	seconds	channel	content		1.000	0.000
2.000	0.000
3.000	0.000
4.000	0.000
5.000	0.000
6.000	0.000
7.000	0.000
8.000	0.000
9.000	0.000
10.000	0.000
11.000	0.000
12.000	0.000
13.000	0.000
14.000	0.000
15.000	0.000
16.000	0.000
17.000	0.000
18.000	0.000
19.000	0.000
20.000	0.000
21.000	0.000
22.000	0.000
23.000	0.000
24.000	0.000
25.000	0.000
26.000	0.000
27.000	0.000
28.000	0.000
29.000	0.000
30.000	0.000
31.000	1.000
32.000	0.000
33.000	1.000
34.000	0.000
35.000	0.000
36.000	0.000
37.000	1.000
38.000	4.000
39.000	5.000
40.000	1.000
41.000	5.000
42.000	3.000
43.000	4.000
44.000	6.000
45.000	6.000
46.000	3.000
47.000	5.000
48.000	7.000
49.000	15.000
50.000	9.000
51.000	8.000
52.000	10.000
53.000	8.000
54.000	10.000
55.000	8.000
56.000	7.000
57.000	9.000
58.000	10.000
59.000	7.000
60.000	9.000
61.000	10.000
62.000	10.000
63.000	14.000
64.000	13.000
65.000	8.000
66.000	14.000
67.000	7.000
68.000	9.000
69.000	12.000
70.000	8.000
71.000	8.000
72.000	11.000
73.000	11.000
74.000	14.000
75.000	13.000
76.000	10.000
77.000	13.000
78.000	5.000
79.000	10.000
80.000	6.000
81.000	6.000
82.000	12.000
83.000	15.000
84.000	6.000
85.000	6.000
86.000	9.000
87.000	5.000
88.000	10.000
89.000	10.000
90.000	10.000
91.000	9.000
92.000	7.000
93.000	9.000
94.000	12.000
95.000	7.000
96.000	10.000
97.000	12.000
98.000	11.000
99.000	4.000
100.000	6.000
101.000	12.000
102.000	8.000
103.000	8.000
104.000	8.000
105.000	5.000
106.000	7.000
107.000	5.000
108.000	8.000
109.000	9.000
110.000	11.000
111.000	5.000
112.000	6.000
113.000	13.000
114.000	6.000
115.000	5.000
116.000	11.000
117.000	7.000
118.000	8.000
119.000	5.000
120.000	7.000
121.000	11.000
122.000	10.000
123.000	9.000
124.000	11.000
125.000	16.000
126.000	11.000
127.000	13.000
128.000	10.000
129.000	14.000
130.000	14.000
131.000	4.000
132.000	8.000
133.000	5.000
134.000	8.000
135.000	6.000
136.000	9.000
137.000	2.000
138.000	9.000
139.000	4.000
140.000	3.000
141.000	6.000
142.000	7.000
143.000	5.000
144.000	5.000
145.000	2.000
146.000	4.000
147.000	8.000
148.000	3.000
149.000	5.000
150.000	6.000
151.000	5.000
152.000	6.000
153.000	4.000
154.000	2.000
155.000	7.000
156.000	5.000
157.000	4.000
158.000	8.000
159.000	6.000
160.000	7.000
161.000	12.000
162.000	10.000
163.000	11.000
164.000	7.000
165.000	5.000
166.000	7.000
167.000	3.000
168.000	7.000
169.000	3.000
170.000	2.000
171.000	5.000
172.000	4.000
173.000	5.000
174.000	5.000
175.000	5.000
176.000	2.000
177.000	7.000
178.000	2.000
179.000	4.000
180.000	5.000
181.000	7.000
182.000	10.000
183.000	10.000
184.000	7.000
185.000	4.000
186.000	5.000
187.000	5.000
188.000	3.000
189.000	7.000
190.000	3.000
191.000	7.000
192.000	3.000
193.000	4.000
194.000	6.000
195.000	3.000
196.000	6.000
197.000	5.000
198.000	10.000
199.000	11.000
200.000	18.000
201.000	33.000
202.000	33.000
203.000	22.000
204.000	20.000
205.000	16.000
206.000	14.000
207.000	8.000
208.000	7.000
209.000	12.000
210.000	5.000
211.000	6.000
212.000	6.000
213.000	6.000
214.000	2.000
215.000	5.000
216.000	2.000
217.000	9.000
218.000	5.000
219.000	12.000
220.000	9.000
221.000	5.000
222.000	6.000
223.000	6.000
224.000	6.000
225.000	4.000
226.000	4.000
227.000	2.000
228.000	6.000
229.000	5.000
230.000	4.000
231.000	3.000
232.000	5.000
233.000	2.000
234.000	4.000
235.000	4.000
236.000	4.000
237.000	3.000
238.000	3.000
239.000	3.000
240.000	7.000
241.000	9.000
242.000	4.000
243.000	8.000
244.000	7.000
245.000	10.000
246.000	7.000
247.000	5.000
248.000	6.000
249.000	11.000
250.000	7.000
251.000	12.000
252.000	10.000
253.000	11.000
254.000	7.000
255.000	12.000
256.000	9.000
257.000	2.000
258.000	5.000
259.000	4.000
260.000	8.000
261.000	6.000
262.000	6.000
263.000	5.000
264.000	4.000
265.000	11.000
266.000	4.000
267.000	7.000
268.000	7.000
269.000	6.000
270.000	5.000
271.000	13.000
272.000	13.000
273.000	0.000
274.000	6.000
275.000	3.000
276.000	7.000
277.000	5.000
278.000	8.000
279.000	4.000
280.000	6.000
281.000	6.000
282.000	6.000
283.000	5.000
284.000	3.000
285.000	6.000
286.000	4.000
287.000	7.000
288.000	8.000
289.000	5.000
290.000	9.000
291.000	7.000
292.000	5.000
293.000	10.000
294.000	6.000
295.000	14.000
296.000	16.000
297.000	11.000
298.000	5.000
299.000	5.000
300.000	4.000
301.000	4.000
302.000	6.000
303.000	8.000
304.000	8.000
305.000	6.000
306.000	9.000
307.000	8.000
308.000	12.000
309.000	4.000
310.000	10.000
311.000	9.000
312.000	14.000
313.000	9.000
314.000	10.000
315.000	12.000
316.000	10.000
317.000	9.000
318.000	18.000
319.000	31.000
320.000	46.000
321.000	33.000
322.000	65.000
323.000	50.000
324.000	54.000
325.000	46.000
326.000	45.000
327.000	21.000
328.000	22.000
329.000	24.000
330.000	21.000
331.000	12.000
332.000	22.000
333.000	14.000
334.000	15.000
335.000	13.000
336.000	13.000
337.000	12.000
338.000	16.000
339.000	18.000
340.000	30.000
341.000	42.000
342.000	54.000
343.000	98.000
344.000	138.000
345.000	199.000
346.000	297.000
347.000	398.000
348.000	551.000
349.000	685.000
350.000	691.000
351.000	741.000
352.000	696.000
353.000	594.000
354.000	474.000
355.000	365.000
356.000	273.000
357.000	170.000
358.000	101.000
359.000	63.000
360.000	40.000
361.000	16.000
362.000	19.000
363.000	19.000
364.000	23.000
365.000	21.000
366.000	9.000
367.000	7.000
368.000	20.000
369.000	17.000
370.000	20.000
371.000	12.000
372.000	16.000
373.000	13.000
374.000	18.000
375.000	18.000
376.000	21.000
377.000	23.000
378.000	18.000
379.000	42.000
380.000	37.000
381.000	58.000
382.000	61.000
383.000	95.000
384.000	106.000
385.000	125.000
386.000	142.000
387.000	141.000
388.000	126.000
389.000	126.000
390.000	88.000
391.000	72.000
392.000	56.000
393.000	34.000
394.000	30.000
395.000	31.000
396.000	30.000
397.000	24.000
398.000	21.000
399.000	25.000
400.000	23.000
401.000	28.000
402.000	15.000
403.000	21.000
404.000	28.000
405.000	32.000
406.000	23.000
407.000	24.000
408.000	23.000
409.000	29.000
410.000	27.000
411.000	30.000
412.000	31.000
413.000	30.000
414.000	25.000
415.000	24.000
416.000	23.000
417.000	28.000
418.000	31.000
419.000	33.000
420.000	25.000
421.000	28.000
422.000	35.000
423.000	26.000
424.000	32.000
425.000	27.000
426.000	28.000
427.000	26.000
428.000	36.000
429.000	29.000
430.000	26.000
431.000	35.000
432.000	36.000
433.000	39.000
434.000	27.000
435.000	23.000
436.000	41.000
437.000	26.000
438.000	46.000
439.000	39.000
440.000	43.000
441.000	36.000
442.000	40.000
443.000	47.000
444.000	38.000
445.000	43.000
446.000	43.000
447.000	44.000
448.000	36.000
449.000	46.000
450.000	47.000
451.000	39.000
452.000	41.000
453.000	43.000
454.000	43.000
455.000	42.000
456.000	39.000
457.000	43.000
458.000	38.000
459.000	34.000
460.000	40.000
461.000	39.000
462.000	51.000
463.000	47.000
464.000	55.000
465.000	49.000
466.000	48.000
467.000	48.000
468.000	47.000
469.000	48.000
470.000	46.000
471.000	48.000
472.000	52.000
473.000	36.000
474.000	55.000
475.000	50.000
476.000	56.000
477.000	60.000
478.000	59.000
479.000	47.000
480.000	54.000
481.000	48.000
482.000	59.000
483.000	49.000
484.000	56.000
485.000	54.000
486.000	47.000
487.000	45.000
488.000	61.000
489.000	51.000
490.000	56.000
491.000	59.000
492.000	67.000
493.000	45.000
494.000	57.000
495.000	65.000
496.000	57.000
497.000	59.000
498.000	62.000
499.000	53.000
500.000	63.000
501.000	83.000
502.000	71.000
503.000	63.000
504.000	48.000
505.000	91.000
506.000	80.000
507.000	75.000
508.000	67.000
509.000	84.000
510.000	65.000
511.000	85.000
512.000	70.000
513.000	73.000
514.000	86.000
515.000	88.000
516.000	90.000
517.000	77.000
518.000	80.000
519.000	84.000
520.000	85.000
521.000	92.000
522.000	76.000
523.000	88.000
524.000	72.000
525.000	89.000
526.000	79.000
527.000	89.000
528.000	91.000
529.000	88.000
530.000	79.000
531.000	82.000
532.000	91.000
533.000	98.000
534.000	66.000
535.000	91.000
536.000	95.000
537.000	105.000
538.000	84.000
539.000	85.000
540.000	97.000
541.000	72.000
542.000	99.000
543.000	102.000
544.000	104.000
545.000	80.000
546.000	81.000
547.000	82.000
548.000	101.000
549.000	91.000
550.000	104.000
551.000	106.000
552.000	101.000
553.000	87.000
554.000	112.000
555.000	97.000
556.000	85.000
557.000	83.000
558.000	93.000
559.000	88.000
560.000	111.000
561.000	92.000
562.000	92.000
563.000	95.000
564.000	113.000
565.000	106.000
566.000	116.000
567.000	99.000
568.000	115.000
569.000	107.000
570.000	122.000
571.000	111.000
572.000	126.000
573.000	123.000
574.000	107.000
575.000	109.000
576.000	102.000
577.000	108.000
578.000	125.000
579.000	126.000
580.000	118.000
581.000	131.000
582.000	121.000
583.000	111.000
584.000	125.000
585.000	125.000
586.000	108.000
587.000	143.000
588.000	123.000
589.000	102.000
590.000	126.000
591.000	142.000
592.000	128.000
593.000	117.000
594.000	129.000
595.000	142.000
596.000	126.000
597.000	129.000
598.000	129.000
599.000	135.000
600.000	147.000
601.000	138.000
602.000	123.000
603.000	159.000
604.000	151.000
605.000	133.000
606.000	136.000
607.000	122.000
608.000	134.000
609.000	147.000
610.000	153.000
611.000	156.000
612.000	153.000
613.000	153.000
614.000	139.000
615.000	159.000
616.000	166.000
617.000	164.000
618.000	141.000
619.000	178.000
620.000	171.000
621.000	131.000
622.000	170.000
623.000	134.000
624.000	157.000
625.000	175.000
626.000	170.000
627.000	172.000
628.000	190.000
629.000	124.000
630.000	166.000
631.000	165.000
632.000	164.000
633.000	194.000
634.000	167.000
635.000	166.000
636.000	153.000
637.000	168.000
638.000	168.000
639.000	190.000
640.000	149.000
641.000	168.000
642.000	188.000
643.000	162.000
644.000	177.000
645.000	182.000
646.000	176.000
647.000	175.000
648.000	203.000
649.000	209.000
650.000	191.000
651.000	169.000
652.000	206.000
653.000	208.000
654.000	168.000
655.000	211.000
656.000	216.000
657.000	196.000
658.000	208.000
659.000	196.000
660.000	191.000
661.000	169.000
662.000	190.000
663.000	188.000
664.000	201.000
665.000	175.000
666.000	221.000
667.000	190.000
668.000	167.000
669.000	188.000
670.000	171.000
671.000	192.000
672.000	212.000
673.000	199.000
674.000	204.000
675.000	174.000
676.000	207.000
677.000	218.000
678.000	198.000
679.000	227.000
680.000	206.000
681.000	209.000
682.000	205.000
683.000	205.000
684.000	183.000
685.000	200.000
686.000	216.000
687.000	209.000
688.000	233.000
689.000	220.000
690.000	195.000
691.000	198.000
692.000	211.000
693.000	202.000
694.000	223.000
695.000	226.000
696.000	220.000
697.000	214.000
698.000	240.000
699.000	207.000
700.000	243.000
701.000	216.000
702.000	234.000
703.000	219.000
704.000	223.000
705.000	241.000
706.000	222.000
707.000	229.000
708.000	237.000
709.000	224.000
710.000	231.000
711.000	238.000
712.000	209.000
713.000	225.000
714.000	256.000
715.000	223.000
716.000	245.000
717.000	255.000
718.000	228.000
719.000	239.000
720.000	258.000
721.000	232.000
722.000	247.000
723.000	249.000
724.000	258.000
725.000	228.000
726.000	247.000
727.000	226.000
728.000	233.000
729.000	254.000
730.000	255.000
731.000	258.000
732.000	263.000
733.000	276.000
734.000	267.000
735.000	261.000
736.000	241.000
737.000	252.000
738.000	257.000
739.000	239.000
740.000	272.000
741.000	260.000
742.000	283.000
743.000	255.000
744.000	269.000
745.000	244.000
746.000	270.000
747.000	269.000
748.000	263.000
749.000	236.000
750.000	260.000
751.000	253.000
752.000	270.000
753.000	248.000
754.000	259.000
755.000	241.000
756.000	288.000
757.000	270.000
758.000	249.000
759.000	258.000
760.000	267.000
761.000	297.000
762.000	286.000
763.000	306.000
764.000	265.000
765.000	278.000
766.000	278.000
767.000	302.000
768.000	279.000
769.000	291.000
770.000	298.000
771.000	291.000
772.000	308.000
773.000	337.000
774.000	310.000
775.000	335.000
776.000	308.000
777.000	285.000
778.000	275.000
779.000	336.000
780.000	320.000
781.000	278.000
782.000	290.000
783.000	261.000
784.000	270.000
785.000	287.000
786.000	298.000
787.000	299.000
788.000	252.000
789.000	284.000
790.000	300.000
791.000	314.000
792.000	288.000
793.000	295.000
794.000	284.000
795.000	295.000
796.000	300.000
797.000	320.000
798.000	289.000
799.000	266.000
800.000	318.000
801.000	298.000
802.000	285.000
803.000	344.000
804.000	282.000
805.000	283.000
806.000	294.000
807.000	328.000
808.000	303.000
809.000	330.000
810.000	275.000
811.000	286.000
812.000	324.000
813.000	309.000
814.000	280.000
815.000	317.000
816.000	291.000
817.000	290.000
818.000	289.000
819.000	312.000
820.000	333.000
821.000	292.000
822.000	306.000
823.000	294.000
824.000	300.000
825.000	312.000
826.000	308.000
827.000	331.000
828.000	292.000
829.000	295.000
830.000	331.000
831.000	312.000
832.000	322.000
833.000	324.000
834.000	327.000
835.000	330.000
836.000	322.000
837.000	333.000
838.000	301.000
839.000	340.000
840.000	312.000
841.000	346.000
842.000	327.000
843.000	346.000
844.000	342.000
845.000	372.000
846.000	341.000
847.000	319.000
848.000	366.000
849.000	343.000
850.000	380.000
851.000	359.000
852.000	344.000
853.000	349.000
854.000	360.000
855.000	378.000
856.000	367.000
857.000	391.000
858.000	375.000
859.000	384.000
860.000	394.000
861.000	424.000
862.000	428.000
863.000	405.000
864.000	413.000
865.000	458.000
866.000	410.000
867.000	443.000
868.000	501.000
869.000	454.000
870.000	418.000
871.000	506.000
872.000	514.000
873.000	522.000
874.000	526.000
875.000	536.000
876.000	579.000
877.000	617.000
878.000	622.000
879.000	672.000
880.000	738.000
881.000	724.000
882.000	749.000
883.000	846.000
884.000	849.000
885.000	935.000
886.000	1029.000
887.000	1033.000
888.000	1109.000
889.000	1156.000
890.000	1250.000
891.000	1393.000
892.000	1387.000
893.000	1407.000
894.000	1488.000
895.000	1513.000
896.000	1559.000
897.000	1605.000
898.000	1564.000
899.000	1599.000
900.000	1615.000
901.000	1639.000
902.000	1558.000
903.000	1530.000
904.000	1536.000
905.000	1493.000
906.000	1442.000
907.000	1420.000
908.000	1364.000
909.000	1277.000
910.000	1285.000
911.000	1145.000
912.000	1145.000
913.000	1042.000
914.000	1016.000
915.000	886.000
916.000	944.000
917.000	838.000
918.000	769.000
919.000	734.000
920.000	743.000
921.000	680.000
922.000	606.000
923.000	548.000
924.000	580.000
925.000	501.000
926.000	510.000
927.000	475.000
928.000	488.000
929.000	444.000
930.000	426.000
931.000	411.000
932.000	432.000
933.000	351.000
934.000	379.000
935.000	348.000
936.000	384.000
937.000	399.000
938.000	386.000
939.000	371.000
940.000	435.000
941.000	457.000
942.000	403.000
943.000	481.000
944.000	478.000
945.000	554.000
946.000	574.000
947.000	637.000
948.000	724.000
949.000	778.000
950.000	831.000
951.000	802.000
952.000	849.000
953.000	851.000
954.000	872.000
955.000	833.000
956.000	825.000
957.000	715.000
958.000	719.000
959.000	658.000
960.000	609.000
961.000	510.000
962.000	449.000
963.000	460.000
964.000	415.000
965.000	342.000
966.000	383.000
967.000	356.000
968.000	318.000
969.000	294.000
970.000	301.000
971.000	307.000
972.000	341.000
973.000	326.000
974.000	315.000
975.000	301.000
976.000	334.000
977.000	331.000
978.000	298.000
979.000	324.000
980.000	336.000
981.000	324.000
982.000	306.000
983.000	337.000
984.000	361.000
985.000	341.000
986.000	373.000
987.000	363.000
988.000	388.000
989.000	360.000
990.000	399.000
991.000	425.000
992.000	403.000
993.000	406.000
994.000	442.000
995.000	427.000
996.000	444.000
997.000	477.000
998.000	475.000
999.000	501.000
1000.000	462.000
1001.000	489.000
1002.000	495.000
1003.000	510.000
1004.000	485.000
1005.000	506.000
1006.000	456.000
1007.000	475.000
1008.000	424.000
1009.000	435.000
1010.000	451.000
1011.000	432.000
1012.000	430.000
1013.000	406.000
1014.000	436.000
1015.000	379.000
1016.000	406.000
1017.000	359.000
1018.000	354.000
1019.000	347.000
1020.000	343.000
1021.000	311.000
1022.000	304.000
1023.000	316.000
1024.000	291.000
