Date:	8/19/2008		Time:	9:23 AM		Version no:	0.00		Project name:	55		Sample name:	222		Section name:	section		Position	512.039995	mm	E0	0.000000	keV	E1	1.000000	keV/channel	sample surface	7.700251	cm	Tube anode:	Mo		Tube voltage:	30	kV	Tube current:	50	mA	gain	20		std. database			resultfile	result		matrix element	11		sample thickness	1.000000		air passage	0.560000	cm	comments	not in position		peaking_time	3.000000	m-sec	trigger_threshold	1229.166667	V	mca_bin_width	22.090000	no:	number_mca_channels	1024.000000	no:	gap_time	0.400000	m-sec	trigger_peaking_time	0.150000	m-sec	GAINDAC	9455		HIGHGAIN	1		TAURC	0		RCTAU	53		RCTAUFRAC	32768		livetime	9.648622	seconds	runtime	10.000503	seconds	input_count_rate	32.570974	cps	output_count_rate	24.010692	cps	triggers	314265	seconds	events_in_run	240119	seconds	channel	content		1.000	0.000
2.000	0.000
3.000	0.000
4.000	0.000
5.000	0.000
6.000	0.000
7.000	0.000
8.000	0.000
9.000	0.000
10.000	0.000
11.000	0.000
12.000	0.000
13.000	0.000
14.000	0.000
15.000	0.000
16.000	0.000
17.000	0.000
18.000	0.000
19.000	0.000
20.000	0.000
21.000	0.000
22.000	0.000
23.000	0.000
24.000	0.000
25.000	0.000
26.000	0.000
27.000	0.000
28.000	0.000
29.000	0.000
30.000	0.000
31.000	1.000
32.000	1.000
33.000	1.000
34.000	1.000
35.000	0.000
36.000	0.000
37.000	0.000
38.000	2.000
39.000	1.000
40.000	1.000
41.000	2.000
42.000	5.000
43.000	6.000
44.000	7.000
45.000	6.000
46.000	6.000
47.000	6.000
48.000	8.000
49.000	2.000
50.000	7.000
51.000	9.000
52.000	3.000
53.000	8.000
54.000	8.000
55.000	11.000
56.000	7.000
57.000	8.000
58.000	7.000
59.000	13.000
60.000	15.000
61.000	7.000
62.000	7.000
63.000	11.000
64.000	11.000
65.000	14.000
66.000	10.000
67.000	10.000
68.000	14.000
69.000	19.000
70.000	7.000
71.000	17.000
72.000	7.000
73.000	6.000
74.000	6.000
75.000	6.000
76.000	5.000
77.000	8.000
78.000	11.000
79.000	7.000
80.000	4.000
81.000	6.000
82.000	10.000
83.000	9.000
84.000	7.000
85.000	7.000
86.000	5.000
87.000	9.000
88.000	9.000
89.000	11.000
90.000	14.000
91.000	11.000
92.000	7.000
93.000	9.000
94.000	4.000
95.000	11.000
96.000	21.000
97.000	13.000
98.000	10.000
99.000	8.000
100.000	9.000
101.000	12.000
102.000	13.000
103.000	5.000
104.000	11.000
105.000	8.000
106.000	8.000
107.000	6.000
108.000	9.000
109.000	10.000
110.000	10.000
111.000	9.000
112.000	4.000
113.000	11.000
114.000	5.000
115.000	11.000
116.000	4.000
117.000	4.000
118.000	11.000
119.000	7.000
120.000	5.000
121.000	3.000
122.000	8.000
123.000	11.000
124.000	14.000
125.000	8.000
126.000	14.000
127.000	10.000
128.000	11.000
129.000	17.000
130.000	8.000
131.000	9.000
132.000	9.000
133.000	3.000
134.000	6.000
135.000	8.000
136.000	2.000
137.000	5.000
138.000	5.000
139.000	9.000
140.000	4.000
141.000	2.000
142.000	7.000
143.000	4.000
144.000	9.000
145.000	4.000
146.000	2.000
147.000	8.000
148.000	5.000
149.000	2.000
150.000	3.000
151.000	8.000
152.000	3.000
153.000	4.000
154.000	7.000
155.000	2.000
156.000	4.000
157.000	5.000
158.000	2.000
159.000	3.000
160.000	6.000
161.000	12.000
162.000	12.000
163.000	6.000
164.000	8.000
165.000	5.000
166.000	10.000
167.000	10.000
168.000	1.000
169.000	4.000
170.000	4.000
171.000	2.000
172.000	3.000
173.000	4.000
174.000	7.000
175.000	5.000
176.000	4.000
177.000	6.000
178.000	4.000
179.000	7.000
180.000	6.000
181.000	8.000
182.000	4.000
183.000	8.000
184.000	10.000
185.000	10.000
186.000	5.000
187.000	6.000
188.000	5.000
189.000	1.000
190.000	3.000
191.000	5.000
192.000	7.000
193.000	4.000
194.000	4.000
195.000	6.000
196.000	8.000
197.000	8.000
198.000	16.000
199.000	15.000
200.000	27.000
201.000	24.000
202.000	27.000
203.000	29.000
204.000	29.000
205.000	22.000
206.000	20.000
207.000	10.000
208.000	7.000
209.000	5.000
210.000	10.000
211.000	3.000
212.000	5.000
213.000	12.000
214.000	3.000
215.000	3.000
216.000	5.000
217.000	10.000
218.000	8.000
219.000	6.000
220.000	9.000
221.000	10.000
222.000	8.000
223.000	11.000
224.000	10.000
225.000	4.000
226.000	2.000
227.000	6.000
228.000	4.000
229.000	5.000
230.000	2.000
231.000	2.000
232.000	4.000
233.000	3.000
234.000	3.000
235.000	3.000
236.000	8.000
237.000	5.000
238.000	4.000
239.000	5.000
240.000	5.000
241.000	3.000
242.000	2.000
243.000	9.000
244.000	5.000
245.000	7.000
246.000	12.000
247.000	11.000
248.000	13.000
249.000	12.000
250.000	7.000
251.000	8.000
252.000	7.000
253.000	9.000
254.000	7.000
255.000	5.000
256.000	17.000
257.000	8.000
258.000	5.000
259.000	8.000
260.000	1.000
261.000	6.000
262.000	3.000
263.000	3.000
264.000	6.000
265.000	8.000
266.000	4.000
267.000	6.000
268.000	6.000
269.000	8.000
270.000	7.000
271.000	6.000
272.000	3.000
273.000	12.000
274.000	5.000
275.000	6.000
276.000	5.000
277.000	7.000
278.000	3.000
279.000	6.000
280.000	5.000
281.000	4.000
282.000	12.000
283.000	3.000
284.000	2.000
285.000	5.000
286.000	4.000
287.000	8.000
288.000	3.000
289.000	3.000
290.000	6.000
291.000	8.000
292.000	13.000
293.000	8.000
294.000	8.000
295.000	8.000
296.000	12.000
297.000	10.000
298.000	11.000
299.000	9.000
300.000	8.000
301.000	10.000
302.000	5.000
303.000	12.000
304.000	11.000
305.000	8.000
306.000	13.000
307.000	8.000
308.000	6.000
309.000	6.000
310.000	8.000
311.000	5.000
312.000	7.000
313.000	17.000
314.000	10.000
315.000	11.000
316.000	20.000
317.000	25.000
318.000	31.000
319.000	32.000
320.000	55.000
321.000	49.000
322.000	66.000
323.000	58.000
324.000	70.000
325.000	64.000
326.000	52.000
327.000	35.000
328.000	33.000
329.000	15.000
330.000	24.000
331.000	9.000
332.000	11.000
333.000	11.000
334.000	13.000
335.000	11.000
336.000	6.000
337.000	11.000
338.000	8.000
339.000	15.000
340.000	28.000
341.000	32.000
342.000	53.000
343.000	88.000
344.000	150.000
345.000	222.000
346.000	338.000
347.000	461.000
348.000	620.000
349.000	690.000
350.000	783.000
351.000	748.000
352.000	727.000
353.000	607.000
354.000	481.000
355.000	386.000
356.000	258.000
357.000	185.000
358.000	94.000
359.000	67.000
360.000	41.000
361.000	31.000
362.000	21.000
363.000	19.000
364.000	16.000
365.000	14.000
366.000	20.000
367.000	20.000
368.000	17.000
369.000	16.000
370.000	17.000
371.000	29.000
372.000	16.000
373.000	28.000
374.000	26.000
375.000	26.000
376.000	28.000
377.000	30.000
378.000	40.000
379.000	48.000
380.000	51.000
381.000	64.000
382.000	84.000
383.000	110.000
384.000	127.000
385.000	146.000
386.000	140.000
387.000	151.000
388.000	127.000
389.000	126.000
390.000	115.000
391.000	76.000
392.000	74.000
393.000	57.000
394.000	33.000
395.000	26.000
396.000	30.000
397.000	23.000
398.000	21.000
399.000	24.000
400.000	36.000
401.000	24.000
402.000	19.000
403.000	23.000
404.000	29.000
405.000	29.000
406.000	29.000
407.000	39.000
408.000	29.000
409.000	27.000
410.000	37.000
411.000	33.000
412.000	31.000
413.000	20.000
414.000	27.000
415.000	37.000
416.000	31.000
417.000	32.000
418.000	26.000
419.000	36.000
420.000	41.000
421.000	28.000
422.000	43.000
423.000	23.000
424.000	33.000
425.000	44.000
426.000	29.000
427.000	25.000
428.000	48.000
429.000	42.000
430.000	31.000
431.000	42.000
432.000	38.000
433.000	39.000
434.000	33.000
435.000	50.000
436.000	43.000
437.000	43.000
438.000	37.000
439.000	42.000
440.000	38.000
441.000	49.000
442.000	33.000
443.000	54.000
444.000	37.000
445.000	40.000
446.000	42.000
447.000	55.000
448.000	41.000
449.000	44.000
450.000	44.000
451.000	60.000
452.000	62.000
453.000	39.000
454.000	46.000
455.000	48.000
456.000	46.000
457.000	55.000
458.000	47.000
459.000	50.000
460.000	55.000
461.000	67.000
462.000	49.000
463.000	57.000
464.000	53.000
465.000	71.000
466.000	59.000
467.000	64.000
468.000	64.000
469.000	58.000
470.000	51.000
471.000	60.000
472.000	62.000
473.000	61.000
474.000	74.000
475.000	59.000
476.000	60.000
477.000	63.000
478.000	63.000
479.000	53.000
480.000	51.000
481.000	72.000
482.000	61.000
483.000	63.000
484.000	65.000
485.000	51.000
486.000	66.000
487.000	73.000
488.000	61.000
489.000	74.000
490.000	67.000
491.000	61.000
492.000	60.000
493.000	60.000
494.000	58.000
495.000	73.000
496.000	64.000
497.000	66.000
498.000	79.000
499.000	70.000
500.000	73.000
501.000	64.000
502.000	75.000
503.000	80.000
504.000	80.000
505.000	94.000
506.000	84.000
507.000	68.000
508.000	73.000
509.000	95.000
510.000	78.000
511.000	83.000
512.000	94.000
513.000	80.000
514.000	85.000
515.000	87.000
516.000	86.000
517.000	92.000
518.000	97.000
519.000	101.000
520.000	100.000
521.000	97.000
522.000	92.000
523.000	99.000
524.000	112.000
525.000	96.000
526.000	95.000
527.000	89.000
528.000	92.000
529.000	111.000
530.000	109.000
531.000	105.000
532.000	107.000
533.000	85.000
534.000	100.000
535.000	90.000
536.000	112.000
537.000	91.000
538.000	116.000
539.000	111.000
540.000	95.000
541.000	107.000
542.000	99.000
543.000	92.000
544.000	107.000
545.000	114.000
546.000	111.000
547.000	105.000
548.000	90.000
549.000	119.000
550.000	116.000
551.000	118.000
552.000	112.000
553.000	101.000
554.000	124.000
555.000	97.000
556.000	115.000
557.000	126.000
558.000	124.000
559.000	121.000
560.000	110.000
561.000	112.000
562.000	117.000
563.000	127.000
564.000	130.000
565.000	137.000
566.000	116.000
567.000	148.000
568.000	125.000
569.000	124.000
570.000	125.000
571.000	171.000
572.000	171.000
573.000	147.000
574.000	131.000
575.000	128.000
576.000	126.000
577.000	154.000
578.000	140.000
579.000	140.000
580.000	119.000
581.000	156.000
582.000	150.000
583.000	148.000
584.000	141.000
585.000	157.000
586.000	141.000
587.000	135.000
588.000	148.000
589.000	172.000
590.000	171.000
591.000	134.000
592.000	159.000
593.000	144.000
594.000	138.000
595.000	144.000
596.000	141.000
597.000	134.000
598.000	191.000
599.000	148.000
600.000	137.000
601.000	159.000
602.000	172.000
603.000	135.000
604.000	145.000
605.000	171.000
606.000	162.000
607.000	151.000
608.000	174.000
609.000	174.000
610.000	168.000
611.000	170.000
612.000	159.000
613.000	175.000
614.000	152.000
615.000	154.000
616.000	159.000
617.000	173.000
618.000	187.000
619.000	183.000
620.000	187.000
621.000	167.000
622.000	172.000
623.000	179.000
624.000	170.000
625.000	177.000
626.000	158.000
627.000	170.000
628.000	184.000
629.000	179.000
630.000	173.000
631.000	159.000
632.000	177.000
633.000	156.000
634.000	208.000
635.000	185.000
636.000	200.000
637.000	181.000
638.000	178.000
639.000	175.000
640.000	204.000
641.000	214.000
642.000	186.000
643.000	179.000
644.000	207.000
645.000	201.000
646.000	201.000
647.000	204.000
648.000	202.000
649.000	223.000
650.000	229.000
651.000	237.000
652.000	219.000
653.000	234.000
654.000	217.000
655.000	230.000
656.000	207.000
657.000	227.000
658.000	187.000
659.000	198.000
660.000	203.000
661.000	232.000
662.000	223.000
663.000	193.000
664.000	209.000
665.000	196.000
666.000	186.000
667.000	198.000
668.000	225.000
669.000	195.000
670.000	217.000
671.000	229.000
672.000	216.000
673.000	222.000
674.000	213.000
675.000	199.000
676.000	233.000
677.000	223.000
678.000	215.000
679.000	213.000
680.000	219.000
681.000	219.000
682.000	247.000
683.000	212.000
684.000	233.000
685.000	230.000
686.000	229.000
687.000	227.000
688.000	219.000
689.000	245.000
690.000	240.000
691.000	222.000
692.000	243.000
693.000	214.000
694.000	217.000
695.000	250.000
696.000	252.000
697.000	255.000
698.000	263.000
699.000	229.000
700.000	247.000
701.000	265.000
702.000	281.000
703.000	226.000
704.000	251.000
705.000	231.000
706.000	261.000
707.000	282.000
708.000	287.000
709.000	273.000
710.000	261.000
711.000	253.000
712.000	232.000
713.000	280.000
714.000	232.000
715.000	244.000
716.000	251.000
717.000	278.000
718.000	252.000
719.000	253.000
720.000	220.000
721.000	264.000
722.000	267.000
723.000	248.000
724.000	257.000
725.000	286.000
726.000	302.000
727.000	277.000
728.000	264.000
729.000	263.000
730.000	265.000
731.000	250.000
732.000	264.000
733.000	299.000
734.000	278.000
735.000	297.000
736.000	249.000
737.000	265.000
738.000	282.000
739.000	271.000
740.000	309.000
741.000	244.000
742.000	265.000
743.000	277.000
744.000	234.000
745.000	250.000
746.000	262.000
747.000	278.000
748.000	244.000
749.000	265.000
750.000	290.000
751.000	276.000
752.000	291.000
753.000	294.000
754.000	277.000
755.000	279.000
756.000	279.000
757.000	263.000
758.000	288.000
759.000	310.000
760.000	257.000
761.000	279.000
762.000	267.000
763.000	307.000
764.000	275.000
765.000	298.000
766.000	299.000
767.000	263.000
768.000	313.000
769.000	330.000
770.000	289.000
771.000	286.000
772.000	342.000
773.000	324.000
774.000	280.000
775.000	285.000
776.000	312.000
777.000	316.000
778.000	309.000
779.000	294.000
780.000	280.000
781.000	299.000
782.000	280.000
783.000	329.000
784.000	314.000
785.000	271.000
786.000	273.000
787.000	291.000
788.000	315.000
789.000	314.000
790.000	300.000
791.000	288.000
792.000	283.000
793.000	287.000
794.000	279.000
795.000	277.000
796.000	284.000
797.000	297.000
798.000	309.000
799.000	308.000
800.000	311.000
801.000	333.000
802.000	332.000
803.000	296.000
804.000	304.000
805.000	302.000
806.000	305.000
807.000	315.000
808.000	334.000
809.000	295.000
810.000	298.000
811.000	323.000
812.000	317.000
813.000	298.000
814.000	338.000
815.000	326.000
816.000	327.000
817.000	300.000
818.000	315.000
819.000	358.000
820.000	320.000
821.000	320.000
822.000	303.000
823.000	310.000
824.000	364.000
825.000	325.000
826.000	309.000
827.000	343.000
828.000	334.000
829.000	331.000
830.000	324.000
831.000	327.000
832.000	350.000
833.000	341.000
834.000	320.000
835.000	311.000
836.000	351.000
837.000	359.000
838.000	327.000
839.000	324.000
840.000	328.000
841.000	320.000
842.000	385.000
843.000	354.000
844.000	368.000
845.000	385.000
846.000	338.000
847.000	329.000
848.000	353.000
849.000	377.000
850.000	337.000
851.000	369.000
852.000	335.000
853.000	390.000
854.000	401.000
855.000	375.000
856.000	385.000
857.000	403.000
858.000	381.000
859.000	405.000
860.000	402.000
861.000	415.000
862.000	461.000
863.000	442.000
864.000	455.000
865.000	409.000
866.000	451.000
867.000	484.000
868.000	491.000
869.000	451.000
870.000	497.000
871.000	507.000
872.000	462.000
873.000	531.000
874.000	549.000
875.000	576.000
876.000	550.000
877.000	610.000
878.000	557.000
879.000	674.000
880.000	660.000
881.000	712.000
882.000	758.000
883.000	840.000
884.000	847.000
885.000	933.000
886.000	1014.000
887.000	988.000
888.000	1054.000
889.000	1123.000
890.000	1241.000
891.000	1285.000
892.000	1346.000
893.000	1402.000
894.000	1417.000
895.000	1466.000
896.000	1565.000
897.000	1566.000
898.000	1614.000
899.000	1572.000
900.000	1695.000
901.000	1610.000
902.000	1630.000
903.000	1616.000
904.000	1575.000
905.000	1524.000
906.000	1449.000
907.000	1347.000
908.000	1420.000
909.000	1353.000
910.000	1312.000
911.000	1229.000
912.000	1147.000
913.000	1139.000
914.000	1017.000
915.000	972.000
916.000	902.000
917.000	865.000
918.000	779.000
919.000	769.000
920.000	702.000
921.000	637.000
922.000	650.000
923.000	597.000
924.000	584.000
925.000	540.000
926.000	514.000
927.000	481.000
928.000	467.000
929.000	458.000
930.000	430.000
931.000	450.000
932.000	437.000
933.000	382.000
934.000	411.000
935.000	352.000
936.000	412.000
937.000	373.000
938.000	385.000
939.000	409.000
940.000	425.000
941.000	421.000
942.000	468.000
943.000	459.000
944.000	517.000
945.000	553.000
946.000	619.000
947.000	677.000
948.000	678.000
949.000	707.000
950.000	759.000
951.000	837.000
952.000	879.000
953.000	901.000
954.000	847.000
955.000	775.000
956.000	774.000
957.000	720.000
958.000	698.000
959.000	613.000
960.000	606.000
961.000	517.000
962.000	506.000
963.000	437.000
964.000	388.000
965.000	367.000
966.000	337.000
967.000	381.000
968.000	336.000
969.000	302.000
970.000	300.000
971.000	328.000
972.000	322.000
973.000	282.000
974.000	338.000
975.000	292.000
976.000	277.000
977.000	307.000
978.000	318.000
979.000	325.000
980.000	333.000
981.000	303.000
982.000	345.000
983.000	339.000
984.000	354.000
985.000	339.000
986.000	363.000
987.000	349.000
988.000	362.000
989.000	361.000
990.000	414.000
991.000	403.000
992.000	438.000
993.000	409.000
994.000	432.000
995.000	434.000
996.000	474.000
997.000	441.000
998.000	456.000
999.000	457.000
1000.000	473.000
1001.000	488.000
1002.000	457.000
1003.000	462.000
1004.000	452.000
1005.000	503.000
1006.000	522.000
1007.000	471.000
1008.000	489.000
1009.000	426.000
1010.000	471.000
1011.000	386.000
1012.000	430.000
1013.000	439.000
1014.000	419.000
1015.000	414.000
1016.000	400.000
1017.000	399.000
1018.000	358.000
1019.000	374.000
1020.000	333.000
1021.000	336.000
1022.000	294.000
1023.000	309.000
1024.000	294.000
