Date:	8/19/2008		Time:	9:36 AM		Version no:	0.00		Project name:	55		Sample name:	222		Section name:	section		Position	646.039995	mm	E0	0.000000	keV	E1	1.000000	keV/channel	sample surface	7.614021	cm	Tube anode:	Mo		Tube voltage:	30	kV	Tube current:	50	mA	gain	20		std. database			resultfile	result		matrix element	11		sample thickness	1.000000		air passage	0.560000	cm	comments	not in position		peaking_time	3.000000	m-sec	trigger_threshold	1229.166667	V	mca_bin_width	22.090000	no:	number_mca_channels	1024.000000	no:	gap_time	0.400000	m-sec	trigger_peaking_time	0.150000	m-sec	GAINDAC	9455		HIGHGAIN	1		TAURC	0		RCTAU	53		RCTAUFRAC	32768		livetime	9.713620	seconds	runtime	10.000501	seconds	input_count_rate	27.403069	cps	output_count_rate	21.106643	cps	triggers	266183	seconds	events_in_run	211077	seconds	channel	content		1.000	0.000
2.000	0.000
3.000	0.000
4.000	0.000
5.000	0.000
6.000	0.000
7.000	0.000
8.000	0.000
9.000	0.000
10.000	0.000
11.000	0.000
12.000	0.000
13.000	0.000
14.000	0.000
15.000	0.000
16.000	0.000
17.000	0.000
18.000	0.000
19.000	0.000
20.000	0.000
21.000	0.000
22.000	0.000
23.000	0.000
24.000	0.000
25.000	0.000
26.000	0.000
27.000	0.000
28.000	0.000
29.000	0.000
30.000	0.000
31.000	0.000
32.000	1.000
33.000	2.000
34.000	0.000
35.000	0.000
36.000	1.000
37.000	3.000
38.000	3.000
39.000	2.000
40.000	3.000
41.000	3.000
42.000	3.000
43.000	5.000
44.000	2.000
45.000	4.000
46.000	4.000
47.000	9.000
48.000	6.000
49.000	5.000
50.000	4.000
51.000	4.000
52.000	10.000
53.000	10.000
54.000	17.000
55.000	8.000
56.000	6.000
57.000	14.000
58.000	10.000
59.000	12.000
60.000	10.000
61.000	12.000
62.000	16.000
63.000	9.000
64.000	7.000
65.000	20.000
66.000	13.000
67.000	7.000
68.000	11.000
69.000	7.000
70.000	7.000
71.000	12.000
72.000	14.000
73.000	20.000
74.000	7.000
75.000	8.000
76.000	9.000
77.000	11.000
78.000	10.000
79.000	3.000
80.000	9.000
81.000	12.000
82.000	13.000
83.000	4.000
84.000	7.000
85.000	11.000
86.000	10.000
87.000	11.000
88.000	12.000
89.000	7.000
90.000	3.000
91.000	5.000
92.000	9.000
93.000	6.000
94.000	4.000
95.000	11.000
96.000	1.000
97.000	8.000
98.000	9.000
99.000	15.000
100.000	15.000
101.000	5.000
102.000	3.000
103.000	12.000
104.000	3.000
105.000	7.000
106.000	7.000
107.000	12.000
108.000	2.000
109.000	5.000
110.000	10.000
111.000	6.000
112.000	8.000
113.000	7.000
114.000	7.000
115.000	5.000
116.000	10.000
117.000	5.000
118.000	2.000
119.000	13.000
120.000	8.000
121.000	3.000
122.000	1.000
123.000	11.000
124.000	7.000
125.000	6.000
126.000	9.000
127.000	7.000
128.000	10.000
129.000	1.000
130.000	9.000
131.000	12.000
132.000	2.000
133.000	7.000
134.000	2.000
135.000	7.000
136.000	9.000
137.000	6.000
138.000	3.000
139.000	6.000
140.000	4.000
141.000	7.000
142.000	5.000
143.000	6.000
144.000	6.000
145.000	2.000
146.000	3.000
147.000	10.000
148.000	6.000
149.000	10.000
150.000	1.000
151.000	6.000
152.000	6.000
153.000	7.000
154.000	6.000
155.000	4.000
156.000	8.000
157.000	5.000
158.000	7.000
159.000	11.000
160.000	12.000
161.000	13.000
162.000	8.000
163.000	6.000
164.000	9.000
165.000	10.000
166.000	9.000
167.000	10.000
168.000	5.000
169.000	4.000
170.000	3.000
171.000	4.000
172.000	6.000
173.000	2.000
174.000	4.000
175.000	3.000
176.000	7.000
177.000	6.000
178.000	4.000
179.000	6.000
180.000	9.000
181.000	4.000
182.000	3.000
183.000	10.000
184.000	11.000
185.000	7.000
186.000	7.000
187.000	4.000
188.000	9.000
189.000	5.000
190.000	5.000
191.000	5.000
192.000	8.000
193.000	9.000
194.000	4.000
195.000	6.000
196.000	3.000
197.000	8.000
198.000	0.000
199.000	12.000
200.000	13.000
201.000	15.000
202.000	15.000
203.000	28.000
204.000	18.000
205.000	17.000
206.000	12.000
207.000	9.000
208.000	4.000
209.000	7.000
210.000	2.000
211.000	3.000
212.000	8.000
213.000	5.000
214.000	1.000
215.000	3.000
216.000	5.000
217.000	5.000
218.000	3.000
219.000	5.000
220.000	8.000
221.000	6.000
222.000	5.000
223.000	7.000
224.000	4.000
225.000	1.000
226.000	2.000
227.000	7.000
228.000	6.000
229.000	5.000
230.000	4.000
231.000	4.000
232.000	3.000
233.000	2.000
234.000	3.000
235.000	0.000
236.000	1.000
237.000	2.000
238.000	0.000
239.000	4.000
240.000	2.000
241.000	7.000
242.000	6.000
243.000	6.000
244.000	8.000
245.000	10.000
246.000	9.000
247.000	13.000
248.000	9.000
249.000	12.000
250.000	7.000
251.000	5.000
252.000	3.000
253.000	11.000
254.000	8.000
255.000	10.000
256.000	4.000
257.000	6.000
258.000	4.000
259.000	4.000
260.000	3.000
261.000	4.000
262.000	4.000
263.000	8.000
264.000	5.000
265.000	7.000
266.000	8.000
267.000	6.000
268.000	2.000
269.000	5.000
270.000	5.000
271.000	6.000
272.000	4.000
273.000	3.000
274.000	7.000
275.000	3.000
276.000	4.000
277.000	7.000
278.000	2.000
279.000	4.000
280.000	6.000
281.000	6.000
282.000	3.000
283.000	6.000
284.000	5.000
285.000	12.000
286.000	6.000
287.000	6.000
288.000	4.000
289.000	3.000
290.000	3.000
291.000	4.000
292.000	6.000
293.000	5.000
294.000	1.000
295.000	6.000
296.000	6.000
297.000	8.000
298.000	10.000
299.000	10.000
300.000	2.000
301.000	6.000
302.000	5.000
303.000	5.000
304.000	6.000
305.000	9.000
306.000	8.000
307.000	4.000
308.000	10.000
309.000	5.000
310.000	4.000
311.000	5.000
312.000	7.000
313.000	6.000
314.000	7.000
315.000	13.000
316.000	6.000
317.000	9.000
318.000	18.000
319.000	30.000
320.000	33.000
321.000	41.000
322.000	51.000
323.000	55.000
324.000	35.000
325.000	32.000
326.000	23.000
327.000	29.000
328.000	24.000
329.000	21.000
330.000	22.000
331.000	13.000
332.000	6.000
333.000	11.000
334.000	12.000
335.000	11.000
336.000	13.000
337.000	14.000
338.000	16.000
339.000	12.000
340.000	24.000
341.000	30.000
342.000	43.000
343.000	62.000
344.000	124.000
345.000	197.000
346.000	275.000
347.000	406.000
348.000	570.000
349.000	658.000
350.000	661.000
351.000	705.000
352.000	641.000
353.000	578.000
354.000	438.000
355.000	332.000
356.000	226.000
357.000	137.000
358.000	84.000
359.000	60.000
360.000	37.000
361.000	23.000
362.000	8.000
363.000	17.000
364.000	17.000
365.000	22.000
366.000	14.000
367.000	13.000
368.000	12.000
369.000	19.000
370.000	15.000
371.000	15.000
372.000	18.000
373.000	14.000
374.000	16.000
375.000	14.000
376.000	20.000
377.000	15.000
378.000	26.000
379.000	30.000
380.000	50.000
381.000	41.000
382.000	66.000
383.000	85.000
384.000	107.000
385.000	122.000
386.000	130.000
387.000	122.000
388.000	119.000
389.000	104.000
390.000	87.000
391.000	70.000
392.000	54.000
393.000	46.000
394.000	35.000
395.000	24.000
396.000	18.000
397.000	16.000
398.000	15.000
399.000	23.000
400.000	21.000
401.000	25.000
402.000	10.000
403.000	24.000
404.000	19.000
405.000	21.000
406.000	25.000
407.000	28.000
408.000	20.000
409.000	20.000
410.000	30.000
411.000	20.000
412.000	21.000
413.000	20.000
414.000	20.000
415.000	21.000
416.000	26.000
417.000	19.000
418.000	26.000
419.000	16.000
420.000	17.000
421.000	22.000
422.000	23.000
423.000	20.000
424.000	17.000
425.000	23.000
426.000	29.000
427.000	27.000
428.000	26.000
429.000	28.000
430.000	24.000
431.000	24.000
432.000	37.000
433.000	22.000
434.000	20.000
435.000	32.000
436.000	39.000
437.000	21.000
438.000	29.000
439.000	25.000
440.000	36.000
441.000	32.000
442.000	32.000
443.000	32.000
444.000	32.000
445.000	27.000
446.000	30.000
447.000	32.000
448.000	31.000
449.000	28.000
450.000	37.000
451.000	29.000
452.000	22.000
453.000	21.000
454.000	38.000
455.000	31.000
456.000	34.000
457.000	32.000
458.000	38.000
459.000	48.000
460.000	37.000
461.000	40.000
462.000	38.000
463.000	41.000
464.000	29.000
465.000	29.000
466.000	37.000
467.000	39.000
468.000	41.000
469.000	36.000
470.000	33.000
471.000	34.000
472.000	46.000
473.000	35.000
474.000	37.000
475.000	50.000
476.000	41.000
477.000	32.000
478.000	39.000
479.000	43.000
480.000	38.000
481.000	36.000
482.000	41.000
483.000	36.000
484.000	40.000
485.000	46.000
486.000	42.000
487.000	47.000
488.000	44.000
489.000	43.000
490.000	57.000
491.000	51.000
492.000	53.000
493.000	55.000
494.000	54.000
495.000	64.000
496.000	40.000
497.000	46.000
498.000	41.000
499.000	44.000
500.000	60.000
501.000	51.000
502.000	58.000
503.000	57.000
504.000	50.000
505.000	51.000
506.000	49.000
507.000	43.000
508.000	53.000
509.000	55.000
510.000	74.000
511.000	56.000
512.000	50.000
513.000	56.000
514.000	65.000
515.000	57.000
516.000	46.000
517.000	62.000
518.000	47.000
519.000	81.000
520.000	63.000
521.000	57.000
522.000	58.000
523.000	74.000
524.000	57.000
525.000	59.000
526.000	53.000
527.000	75.000
528.000	70.000
529.000	69.000
530.000	73.000
531.000	72.000
532.000	78.000
533.000	58.000
534.000	80.000
535.000	69.000
536.000	82.000
537.000	61.000
538.000	71.000
539.000	68.000
540.000	57.000
541.000	73.000
542.000	71.000
543.000	71.000
544.000	78.000
545.000	75.000
546.000	73.000
547.000	89.000
548.000	75.000
549.000	85.000
550.000	85.000
551.000	88.000
552.000	77.000
553.000	78.000
554.000	85.000
555.000	77.000
556.000	89.000
557.000	71.000
558.000	80.000
559.000	84.000
560.000	105.000
561.000	73.000
562.000	85.000
563.000	72.000
564.000	97.000
565.000	110.000
566.000	106.000
567.000	91.000
568.000	102.000
569.000	88.000
570.000	104.000
571.000	115.000
572.000	84.000
573.000	103.000
574.000	91.000
575.000	99.000
576.000	107.000
577.000	98.000
578.000	96.000
579.000	86.000
580.000	117.000
581.000	108.000
582.000	109.000
583.000	95.000
584.000	105.000
585.000	95.000
586.000	107.000
587.000	104.000
588.000	100.000
589.000	99.000
590.000	110.000
591.000	92.000
592.000	101.000
593.000	113.000
594.000	108.000
595.000	125.000
596.000	106.000
597.000	99.000
598.000	129.000
599.000	92.000
600.000	106.000
601.000	114.000
602.000	128.000
603.000	114.000
604.000	118.000
605.000	130.000
606.000	109.000
607.000	125.000
608.000	124.000
609.000	125.000
610.000	124.000
611.000	100.000
612.000	135.000
613.000	138.000
614.000	125.000
615.000	145.000
616.000	132.000
617.000	132.000
618.000	132.000
619.000	135.000
620.000	133.000
621.000	123.000
622.000	144.000
623.000	139.000
624.000	132.000
625.000	146.000
626.000	155.000
627.000	148.000
628.000	144.000
629.000	157.000
630.000	141.000
631.000	138.000
632.000	145.000
633.000	144.000
634.000	151.000
635.000	167.000
636.000	144.000
637.000	132.000
638.000	155.000
639.000	157.000
640.000	153.000
641.000	177.000
642.000	145.000
643.000	139.000
644.000	148.000
645.000	161.000
646.000	154.000
647.000	152.000
648.000	169.000
649.000	156.000
650.000	158.000
651.000	147.000
652.000	161.000
653.000	181.000
654.000	129.000
655.000	173.000
656.000	145.000
657.000	169.000
658.000	183.000
659.000	175.000
660.000	165.000
661.000	162.000
662.000	187.000
663.000	179.000
664.000	155.000
665.000	171.000
666.000	175.000
667.000	185.000
668.000	178.000
669.000	159.000
670.000	164.000
671.000	161.000
672.000	168.000
673.000	153.000
674.000	194.000
675.000	174.000
676.000	176.000
677.000	187.000
678.000	197.000
679.000	164.000
680.000	191.000
681.000	184.000
682.000	162.000
683.000	171.000
684.000	191.000
685.000	172.000
686.000	193.000
687.000	202.000
688.000	194.000
689.000	182.000
690.000	187.000
691.000	174.000
692.000	217.000
693.000	175.000
694.000	208.000
695.000	190.000
696.000	197.000
697.000	194.000
698.000	188.000
699.000	198.000
700.000	189.000
701.000	209.000
702.000	220.000
703.000	211.000
704.000	208.000
705.000	207.000
706.000	180.000
707.000	216.000
708.000	211.000
709.000	214.000
710.000	189.000
711.000	223.000
712.000	203.000
713.000	211.000
714.000	221.000
715.000	222.000
716.000	211.000
717.000	223.000
718.000	199.000
719.000	214.000
720.000	192.000
721.000	215.000
722.000	198.000
723.000	206.000
724.000	207.000
725.000	216.000
726.000	225.000
727.000	224.000
728.000	214.000
729.000	220.000
730.000	236.000
731.000	227.000
732.000	222.000
733.000	226.000
734.000	221.000
735.000	236.000
736.000	237.000
737.000	215.000
738.000	231.000
739.000	239.000
740.000	232.000
741.000	229.000
742.000	229.000
743.000	216.000
744.000	254.000
745.000	235.000
746.000	222.000
747.000	240.000
748.000	216.000
749.000	230.000
750.000	216.000
751.000	221.000
752.000	241.000
753.000	217.000
754.000	249.000
755.000	236.000
756.000	225.000
757.000	240.000
758.000	234.000
759.000	280.000
760.000	246.000
761.000	259.000
762.000	259.000
763.000	228.000
764.000	268.000
765.000	284.000
766.000	255.000
767.000	286.000
768.000	257.000
769.000	288.000
770.000	280.000
771.000	257.000
772.000	269.000
773.000	299.000
774.000	281.000
775.000	299.000
776.000	282.000
777.000	248.000
778.000	300.000
779.000	237.000
780.000	267.000
781.000	296.000
782.000	258.000
783.000	282.000
784.000	260.000
785.000	256.000
786.000	259.000
787.000	237.000
788.000	257.000
789.000	255.000
790.000	284.000
791.000	251.000
792.000	248.000
793.000	242.000
794.000	258.000
795.000	280.000
796.000	262.000
797.000	286.000
798.000	281.000
799.000	293.000
800.000	249.000
801.000	258.000
802.000	260.000
803.000	262.000
804.000	271.000
805.000	295.000
806.000	274.000
807.000	288.000
808.000	277.000
809.000	268.000
810.000	286.000
811.000	304.000
812.000	259.000
813.000	293.000
814.000	273.000
815.000	257.000
816.000	263.000
817.000	291.000
818.000	282.000
819.000	284.000
820.000	265.000
821.000	307.000
822.000	252.000
823.000	271.000
824.000	290.000
825.000	294.000
826.000	279.000
827.000	314.000
828.000	284.000
829.000	289.000
830.000	286.000
831.000	309.000
832.000	320.000
833.000	305.000
834.000	264.000
835.000	296.000
836.000	306.000
837.000	306.000
838.000	306.000
839.000	285.000
840.000	305.000
841.000	313.000
842.000	315.000
843.000	319.000
844.000	319.000
845.000	316.000
846.000	271.000
847.000	311.000
848.000	292.000
849.000	318.000
850.000	320.000
851.000	307.000
852.000	333.000
853.000	332.000
854.000	358.000
855.000	341.000
856.000	334.000
857.000	354.000
858.000	363.000
859.000	390.000
860.000	354.000
861.000	358.000
862.000	399.000
863.000	375.000
864.000	362.000
865.000	350.000
866.000	375.000
867.000	460.000
868.000	426.000
869.000	435.000
870.000	402.000
871.000	400.000
872.000	443.000
873.000	494.000
874.000	474.000
875.000	532.000
876.000	498.000
877.000	547.000
878.000	525.000
879.000	636.000
880.000	620.000
881.000	654.000
882.000	688.000
883.000	757.000
884.000	813.000
885.000	848.000
886.000	866.000
887.000	999.000
888.000	1022.000
889.000	1034.000
890.000	1120.000
891.000	1190.000
892.000	1291.000
893.000	1252.000
894.000	1338.000
895.000	1390.000
896.000	1360.000
897.000	1477.000
898.000	1524.000
899.000	1463.000
900.000	1462.000
901.000	1499.000
902.000	1433.000
903.000	1441.000
904.000	1385.000
905.000	1360.000
906.000	1378.000
907.000	1271.000
908.000	1294.000
909.000	1213.000
910.000	1200.000
911.000	1094.000
912.000	962.000
913.000	984.000
914.000	958.000
915.000	832.000
916.000	836.000
917.000	765.000
918.000	712.000
919.000	707.000
920.000	655.000
921.000	637.000
922.000	559.000
923.000	509.000
924.000	486.000
925.000	499.000
926.000	460.000
927.000	445.000
928.000	454.000
929.000	422.000
930.000	383.000
931.000	384.000
932.000	335.000
933.000	348.000
934.000	380.000
935.000	358.000
936.000	350.000
937.000	333.000
938.000	390.000
939.000	369.000
940.000	415.000
941.000	364.000
942.000	398.000
943.000	434.000
944.000	487.000
945.000	530.000
946.000	525.000
947.000	602.000
948.000	633.000
949.000	680.000
950.000	736.000
951.000	774.000
952.000	783.000
953.000	755.000
954.000	815.000
955.000	809.000
956.000	705.000
957.000	681.000
958.000	653.000
959.000	626.000
960.000	528.000
961.000	503.000
962.000	453.000
963.000	363.000
964.000	384.000
965.000	357.000
966.000	303.000
967.000	313.000
968.000	320.000
969.000	321.000
970.000	247.000
971.000	279.000
972.000	268.000
973.000	291.000
974.000	273.000
975.000	312.000
976.000	320.000
977.000	275.000
978.000	319.000
979.000	292.000
980.000	311.000
981.000	322.000
982.000	306.000
983.000	286.000
984.000	293.000
985.000	314.000
986.000	334.000
987.000	337.000
988.000	360.000
989.000	353.000
990.000	352.000
991.000	355.000
992.000	389.000
993.000	357.000
994.000	442.000
995.000	423.000
996.000	445.000
997.000	423.000
998.000	446.000
999.000	408.000
1000.000	429.000
1001.000	443.000
1002.000	424.000
1003.000	423.000
1004.000	450.000
1005.000	440.000
1006.000	451.000
1007.000	422.000
1008.000	431.000
1009.000	381.000
1010.000	434.000
1011.000	419.000
1012.000	378.000
1013.000	417.000
1014.000	385.000
1015.000	360.000
1016.000	369.000
1017.000	352.000
1018.000	337.000
1019.000	329.000
1020.000	301.000
1021.000	289.000
1022.000	295.000
1023.000	272.000
1024.000	268.000
