Date:	8/19/2008		Time:	10:00 AM		Version no:	0.00		Project name:	55		Sample name:	222		Section name:	section		Position	898.039995	mm	E0	0.000000	keV	E1	1.000000	keV/channel	sample surface	7.804779	cm	Tube anode:	Mo		Tube voltage:	30	kV	Tube current:	50	mA	gain	20		std. database			resultfile	result		matrix element	11		sample thickness	1.000000		air passage	0.560000	cm	comments	not in position		peaking_time	3.000000	m-sec	trigger_threshold	1229.166667	V	mca_bin_width	22.090000	no:	number_mca_channels	1024.000000	no:	gap_time	0.400000	m-sec	trigger_peaking_time	0.150000	m-sec	GAINDAC	9455		HIGHGAIN	1		TAURC	0		RCTAU	53		RCTAUFRAC	32768		livetime	9.678594	seconds	runtime	10.000502	seconds	input_count_rate	30.322998	cps	output_count_rate	22.725558	cps	triggers	293484	seconds	events_in_run	227267	seconds	channel	content		1.000	0.000
2.000	0.000
3.000	0.000
4.000	0.000
5.000	0.000
6.000	0.000
7.000	0.000
8.000	0.000
9.000	0.000
10.000	0.000
11.000	0.000
12.000	0.000
13.000	0.000
14.000	0.000
15.000	0.000
16.000	0.000
17.000	0.000
18.000	0.000
19.000	0.000
20.000	0.000
21.000	0.000
22.000	0.000
23.000	0.000
24.000	0.000
25.000	0.000
26.000	0.000
27.000	0.000
28.000	0.000
29.000	0.000
30.000	0.000
31.000	0.000
32.000	2.000
33.000	0.000
34.000	0.000
35.000	1.000
36.000	2.000
37.000	4.000
38.000	0.000
39.000	0.000
40.000	2.000
41.000	3.000
42.000	4.000
43.000	4.000
44.000	8.000
45.000	4.000
46.000	6.000
47.000	11.000
48.000	7.000
49.000	6.000
50.000	9.000
51.000	8.000
52.000	8.000
53.000	7.000
54.000	7.000
55.000	12.000
56.000	12.000
57.000	9.000
58.000	10.000
59.000	15.000
60.000	10.000
61.000	13.000
62.000	12.000
63.000	4.000
64.000	11.000
65.000	11.000
66.000	14.000
67.000	10.000
68.000	8.000
69.000	6.000
70.000	9.000
71.000	10.000
72.000	9.000
73.000	12.000
74.000	5.000
75.000	14.000
76.000	10.000
77.000	11.000
78.000	6.000
79.000	11.000
80.000	8.000
81.000	5.000
82.000	7.000
83.000	10.000
84.000	8.000
85.000	4.000
86.000	6.000
87.000	6.000
88.000	7.000
89.000	7.000
90.000	17.000
91.000	9.000
92.000	12.000
93.000	7.000
94.000	9.000
95.000	8.000
96.000	6.000
97.000	6.000
98.000	3.000
99.000	11.000
100.000	5.000
101.000	6.000
102.000	12.000
103.000	10.000
104.000	7.000
105.000	8.000
106.000	3.000
107.000	10.000
108.000	4.000
109.000	5.000
110.000	5.000
111.000	4.000
112.000	9.000
113.000	5.000
114.000	6.000
115.000	10.000
116.000	3.000
117.000	13.000
118.000	4.000
119.000	5.000
120.000	4.000
121.000	6.000
122.000	6.000
123.000	8.000
124.000	13.000
125.000	6.000
126.000	11.000
127.000	16.000
128.000	4.000
129.000	9.000
130.000	6.000
131.000	11.000
132.000	5.000
133.000	6.000
134.000	10.000
135.000	10.000
136.000	8.000
137.000	9.000
138.000	5.000
139.000	6.000
140.000	5.000
141.000	10.000
142.000	3.000
143.000	6.000
144.000	7.000
145.000	6.000
146.000	4.000
147.000	4.000
148.000	2.000
149.000	10.000
150.000	4.000
151.000	5.000
152.000	4.000
153.000	3.000
154.000	5.000
155.000	5.000
156.000	6.000
157.000	4.000
158.000	5.000
159.000	8.000
160.000	7.000
161.000	8.000
162.000	15.000
163.000	9.000
164.000	10.000
165.000	4.000
166.000	6.000
167.000	7.000
168.000	5.000
169.000	5.000
170.000	5.000
171.000	5.000
172.000	0.000
173.000	5.000
174.000	1.000
175.000	3.000
176.000	3.000
177.000	4.000
178.000	4.000
179.000	12.000
180.000	14.000
181.000	7.000
182.000	12.000
183.000	10.000
184.000	13.000
185.000	10.000
186.000	7.000
187.000	4.000
188.000	7.000
189.000	4.000
190.000	5.000
191.000	6.000
192.000	2.000
193.000	5.000
194.000	3.000
195.000	9.000
196.000	4.000
197.000	8.000
198.000	13.000
199.000	23.000
200.000	25.000
201.000	28.000
202.000	46.000
203.000	26.000
204.000	30.000
205.000	37.000
206.000	21.000
207.000	10.000
208.000	10.000
209.000	4.000
210.000	6.000
211.000	2.000
212.000	4.000
213.000	1.000
214.000	2.000
215.000	3.000
216.000	6.000
217.000	3.000
218.000	3.000
219.000	7.000
220.000	6.000
221.000	11.000
222.000	4.000
223.000	3.000
224.000	2.000
225.000	6.000
226.000	1.000
227.000	4.000
228.000	2.000
229.000	3.000
230.000	5.000
231.000	1.000
232.000	5.000
233.000	5.000
234.000	5.000
235.000	3.000
236.000	6.000
237.000	4.000
238.000	1.000
239.000	5.000
240.000	3.000
241.000	8.000
242.000	10.000
243.000	8.000
244.000	13.000
245.000	18.000
246.000	14.000
247.000	15.000
248.000	11.000
249.000	12.000
250.000	9.000
251.000	9.000
252.000	13.000
253.000	9.000
254.000	6.000
255.000	10.000
256.000	8.000
257.000	4.000
258.000	3.000
259.000	9.000
260.000	7.000
261.000	5.000
262.000	4.000
263.000	5.000
264.000	5.000
265.000	5.000
266.000	2.000
267.000	11.000
268.000	6.000
269.000	11.000
270.000	8.000
271.000	7.000
272.000	11.000
273.000	11.000
274.000	5.000
275.000	9.000
276.000	4.000
277.000	7.000
278.000	5.000
279.000	0.000
280.000	7.000
281.000	2.000
282.000	9.000
283.000	11.000
284.000	3.000
285.000	7.000
286.000	4.000
287.000	5.000
288.000	6.000
289.000	4.000
290.000	7.000
291.000	11.000
292.000	5.000
293.000	5.000
294.000	11.000
295.000	10.000
296.000	5.000
297.000	8.000
298.000	9.000
299.000	7.000
300.000	12.000
301.000	8.000
302.000	6.000
303.000	8.000
304.000	7.000
305.000	12.000
306.000	5.000
307.000	10.000
308.000	10.000
309.000	10.000
310.000	10.000
311.000	8.000
312.000	4.000
313.000	9.000
314.000	5.000
315.000	9.000
316.000	7.000
317.000	12.000
318.000	34.000
319.000	36.000
320.000	42.000
321.000	39.000
322.000	54.000
323.000	49.000
324.000	57.000
325.000	41.000
326.000	36.000
327.000	46.000
328.000	23.000
329.000	21.000
330.000	19.000
331.000	18.000
332.000	9.000
333.000	7.000
334.000	10.000
335.000	13.000
336.000	13.000
337.000	19.000
338.000	20.000
339.000	27.000
340.000	26.000
341.000	45.000
342.000	70.000
343.000	109.000
344.000	181.000
345.000	267.000
346.000	446.000
347.000	605.000
348.000	834.000
349.000	886.000
350.000	995.000
351.000	1063.000
352.000	964.000
353.000	881.000
354.000	664.000
355.000	466.000
356.000	347.000
357.000	210.000
358.000	112.000
359.000	71.000
360.000	53.000
361.000	22.000
362.000	18.000
363.000	23.000
364.000	23.000
365.000	19.000
366.000	22.000
367.000	24.000
368.000	28.000
369.000	25.000
370.000	21.000
371.000	20.000
372.000	29.000
373.000	19.000
374.000	18.000
375.000	18.000
376.000	35.000
377.000	32.000
378.000	42.000
379.000	51.000
380.000	56.000
381.000	82.000
382.000	111.000
383.000	119.000
384.000	151.000
385.000	160.000
386.000	171.000
387.000	174.000
388.000	184.000
389.000	153.000
390.000	120.000
391.000	122.000
392.000	71.000
393.000	63.000
394.000	38.000
395.000	36.000
396.000	29.000
397.000	24.000
398.000	27.000
399.000	20.000
400.000	13.000
401.000	31.000
402.000	24.000
403.000	30.000
404.000	31.000
405.000	24.000
406.000	21.000
407.000	21.000
408.000	23.000
409.000	21.000
410.000	31.000
411.000	22.000
412.000	28.000
413.000	25.000
414.000	27.000
415.000	22.000
416.000	26.000
417.000	29.000
418.000	29.000
419.000	26.000
420.000	27.000
421.000	28.000
422.000	43.000
423.000	24.000
424.000	35.000
425.000	23.000
426.000	28.000
427.000	32.000
428.000	32.000
429.000	29.000
430.000	39.000
431.000	31.000
432.000	38.000
433.000	22.000
434.000	31.000
435.000	42.000
436.000	39.000
437.000	28.000
438.000	50.000
439.000	45.000
440.000	32.000
441.000	36.000
442.000	42.000
443.000	44.000
444.000	53.000
445.000	40.000
446.000	50.000
447.000	41.000
448.000	37.000
449.000	43.000
450.000	35.000
451.000	48.000
452.000	52.000
453.000	47.000
454.000	37.000
455.000	53.000
456.000	58.000
457.000	44.000
458.000	49.000
459.000	50.000
460.000	42.000
461.000	46.000
462.000	50.000
463.000	42.000
464.000	54.000
465.000	48.000
466.000	48.000
467.000	56.000
468.000	59.000
469.000	45.000
470.000	48.000
471.000	64.000
472.000	62.000
473.000	59.000
474.000	54.000
475.000	51.000
476.000	56.000
477.000	48.000
478.000	54.000
479.000	65.000
480.000	60.000
481.000	48.000
482.000	51.000
483.000	57.000
484.000	49.000
485.000	70.000
486.000	59.000
487.000	57.000
488.000	58.000
489.000	71.000
490.000	54.000
491.000	76.000
492.000	51.000
493.000	63.000
494.000	57.000
495.000	66.000
496.000	47.000
497.000	61.000
498.000	61.000
499.000	70.000
500.000	52.000
501.000	80.000
502.000	83.000
503.000	65.000
504.000	77.000
505.000	79.000
506.000	67.000
507.000	75.000
508.000	91.000
509.000	74.000
510.000	67.000
511.000	64.000
512.000	72.000
513.000	95.000
514.000	83.000
515.000	71.000
516.000	87.000
517.000	83.000
518.000	84.000
519.000	87.000
520.000	79.000
521.000	76.000
522.000	89.000
523.000	82.000
524.000	85.000
525.000	102.000
526.000	77.000
527.000	108.000
528.000	76.000
529.000	102.000
530.000	97.000
531.000	87.000
532.000	89.000
533.000	83.000
534.000	90.000
535.000	83.000
536.000	97.000
537.000	79.000
538.000	101.000
539.000	98.000
540.000	115.000
541.000	99.000
542.000	102.000
543.000	118.000
544.000	87.000
545.000	92.000
546.000	109.000
547.000	101.000
548.000	100.000
549.000	106.000
550.000	103.000
551.000	97.000
552.000	90.000
553.000	119.000
554.000	104.000
555.000	93.000
556.000	105.000
557.000	112.000
558.000	122.000
559.000	107.000
560.000	119.000
561.000	94.000
562.000	102.000
563.000	111.000
564.000	127.000
565.000	95.000
566.000	126.000
567.000	123.000
568.000	107.000
569.000	128.000
570.000	123.000
571.000	108.000
572.000	104.000
573.000	135.000
574.000	123.000
575.000	144.000
576.000	115.000
577.000	139.000
578.000	130.000
579.000	137.000
580.000	108.000
581.000	131.000
582.000	140.000
583.000	151.000
584.000	126.000
585.000	124.000
586.000	123.000
587.000	136.000
588.000	145.000
589.000	118.000
590.000	140.000
591.000	125.000
592.000	138.000
593.000	141.000
594.000	153.000
595.000	147.000
596.000	140.000
597.000	146.000
598.000	141.000
599.000	147.000
600.000	171.000
601.000	125.000
602.000	160.000
603.000	140.000
604.000	139.000
605.000	158.000
606.000	129.000
607.000	153.000
608.000	153.000
609.000	158.000
610.000	164.000
611.000	153.000
612.000	169.000
613.000	146.000
614.000	161.000
615.000	148.000
616.000	153.000
617.000	150.000
618.000	150.000
619.000	165.000
620.000	171.000
621.000	151.000
622.000	152.000
623.000	182.000
624.000	185.000
625.000	167.000
626.000	183.000
627.000	158.000
628.000	165.000
629.000	183.000
630.000	166.000
631.000	159.000
632.000	183.000
633.000	185.000
634.000	150.000
635.000	182.000
636.000	169.000
637.000	189.000
638.000	169.000
639.000	207.000
640.000	181.000
641.000	162.000
642.000	157.000
643.000	185.000
644.000	183.000
645.000	190.000
646.000	206.000
647.000	185.000
648.000	212.000
649.000	200.000
650.000	211.000
651.000	202.000
652.000	216.000
653.000	186.000
654.000	208.000
655.000	187.000
656.000	197.000
657.000	192.000
658.000	196.000
659.000	207.000
660.000	199.000
661.000	188.000
662.000	205.000
663.000	192.000
664.000	184.000
665.000	192.000
666.000	202.000
667.000	176.000
668.000	208.000
669.000	204.000
670.000	183.000
671.000	210.000
672.000	214.000
673.000	198.000
674.000	200.000
675.000	210.000
676.000	188.000
677.000	189.000
678.000	203.000
679.000	189.000
680.000	219.000
681.000	196.000
682.000	193.000
683.000	220.000
684.000	224.000
685.000	187.000
686.000	199.000
687.000	212.000
688.000	184.000
689.000	213.000
690.000	246.000
691.000	215.000
692.000	218.000
693.000	236.000
694.000	237.000
695.000	205.000
696.000	222.000
697.000	215.000
698.000	216.000
699.000	225.000
700.000	226.000
701.000	218.000
702.000	201.000
703.000	226.000
704.000	220.000
705.000	243.000
706.000	211.000
707.000	234.000
708.000	251.000
709.000	227.000
710.000	254.000
711.000	219.000
712.000	225.000
713.000	221.000
714.000	228.000
715.000	247.000
716.000	242.000
717.000	255.000
718.000	226.000
719.000	234.000
720.000	231.000
721.000	232.000
722.000	243.000
723.000	253.000
724.000	247.000
725.000	265.000
726.000	257.000
727.000	255.000
728.000	255.000
729.000	271.000
730.000	252.000
731.000	256.000
732.000	247.000
733.000	253.000
734.000	226.000
735.000	260.000
736.000	244.000
737.000	237.000
738.000	251.000
739.000	254.000
740.000	283.000
741.000	237.000
742.000	258.000
743.000	270.000
744.000	236.000
745.000	266.000
746.000	281.000
747.000	272.000
748.000	282.000
749.000	256.000
750.000	253.000
751.000	265.000
752.000	249.000
753.000	228.000
754.000	256.000
755.000	257.000
756.000	265.000
757.000	266.000
758.000	258.000
759.000	286.000
760.000	271.000
761.000	230.000
762.000	276.000
763.000	247.000
764.000	281.000
765.000	260.000
766.000	291.000
767.000	284.000
768.000	310.000
769.000	267.000
770.000	268.000
771.000	342.000
772.000	311.000
773.000	333.000
774.000	325.000
775.000	320.000
776.000	325.000
777.000	322.000
778.000	288.000
779.000	284.000
780.000	311.000
781.000	251.000
782.000	297.000
783.000	249.000
784.000	294.000
785.000	272.000
786.000	273.000
787.000	258.000
788.000	299.000
789.000	280.000
790.000	262.000
791.000	303.000
792.000	262.000
793.000	283.000
794.000	270.000
795.000	280.000
796.000	273.000
797.000	277.000
798.000	265.000
799.000	298.000
800.000	298.000
801.000	270.000
802.000	298.000
803.000	296.000
804.000	287.000
805.000	280.000
806.000	271.000
807.000	302.000
808.000	283.000
809.000	297.000
810.000	264.000
811.000	270.000
812.000	287.000
813.000	296.000
814.000	293.000
815.000	331.000
816.000	286.000
817.000	311.000
818.000	304.000
819.000	310.000
820.000	288.000
821.000	296.000
822.000	271.000
823.000	328.000
824.000	324.000
825.000	286.000
826.000	334.000
827.000	317.000
828.000	327.000
829.000	299.000
830.000	314.000
831.000	329.000
832.000	329.000
833.000	348.000
834.000	314.000
835.000	323.000
836.000	332.000
837.000	310.000
838.000	304.000
839.000	350.000
840.000	306.000
841.000	306.000
842.000	313.000
843.000	342.000
844.000	318.000
845.000	352.000
846.000	316.000
847.000	378.000
848.000	344.000
849.000	344.000
850.000	337.000
851.000	341.000
852.000	336.000
853.000	344.000
854.000	336.000
855.000	342.000
856.000	383.000
857.000	346.000
858.000	354.000
859.000	386.000
860.000	372.000
861.000	419.000
862.000	378.000
863.000	422.000
864.000	417.000
865.000	433.000
866.000	465.000
867.000	438.000
868.000	427.000
869.000	424.000
870.000	488.000
871.000	460.000
872.000	476.000
873.000	471.000
874.000	495.000
875.000	495.000
876.000	519.000
877.000	553.000
878.000	541.000
879.000	597.000
880.000	632.000
881.000	673.000
882.000	747.000
883.000	789.000
884.000	870.000
885.000	848.000
886.000	941.000
887.000	1000.000
888.000	1047.000
889.000	1048.000
890.000	1130.000
891.000	1169.000
892.000	1276.000
893.000	1260.000
894.000	1377.000
895.000	1385.000
896.000	1441.000
897.000	1550.000
898.000	1466.000
899.000	1552.000
900.000	1507.000
901.000	1506.000
902.000	1541.000
903.000	1414.000
904.000	1514.000
905.000	1412.000
906.000	1349.000
907.000	1323.000
908.000	1285.000
909.000	1265.000
910.000	1159.000
911.000	1126.000
912.000	1087.000
913.000	1079.000
914.000	979.000
915.000	875.000
916.000	860.000
917.000	819.000
918.000	723.000
919.000	726.000
920.000	620.000
921.000	626.000
922.000	639.000
923.000	532.000
924.000	563.000
925.000	483.000
926.000	491.000
927.000	465.000
928.000	445.000
929.000	407.000
930.000	427.000
931.000	399.000
932.000	370.000
933.000	378.000
934.000	384.000
935.000	380.000
936.000	382.000
937.000	369.000
938.000	376.000
939.000	348.000
940.000	363.000
941.000	368.000
942.000	416.000
943.000	467.000
944.000	488.000
945.000	524.000
946.000	599.000
947.000	650.000
948.000	677.000
949.000	682.000
950.000	721.000
951.000	764.000
952.000	824.000
953.000	785.000
954.000	786.000
955.000	788.000
956.000	735.000
957.000	681.000
958.000	679.000
959.000	646.000
960.000	531.000
961.000	483.000
962.000	516.000
963.000	395.000
964.000	360.000
965.000	329.000
966.000	305.000
967.000	302.000
968.000	305.000
969.000	288.000
970.000	245.000
971.000	279.000
972.000	287.000
973.000	313.000
974.000	271.000
975.000	271.000
976.000	288.000
977.000	293.000
978.000	298.000
979.000	288.000
980.000	306.000
981.000	322.000
982.000	337.000
983.000	325.000
984.000	315.000
985.000	316.000
986.000	286.000
987.000	323.000
988.000	331.000
989.000	340.000
990.000	376.000
991.000	381.000
992.000	384.000
993.000	362.000
994.000	398.000
995.000	396.000
996.000	425.000
997.000	430.000
998.000	377.000
999.000	421.000
1000.000	456.000
1001.000	475.000
1002.000	435.000
1003.000	436.000
1004.000	472.000
1005.000	417.000
1006.000	449.000
1007.000	421.000
1008.000	414.000
1009.000	453.000
1010.000	453.000
1011.000	379.000
1012.000	398.000
1013.000	404.000
1014.000	402.000
1015.000	397.000
1016.000	335.000
1017.000	367.000
1018.000	308.000
1019.000	315.000
1020.000	293.000
1021.000	296.000
1022.000	321.000
1023.000	259.000
1024.000	268.000
