Date:	8/19/2008		Time:	8:53 AM		Version no:	0.00		Project name:	55		Sample name:	222		Section name:	section		Position	188.039995	mm	E0	0.000000	keV	E1	1.000000	keV/channel	sample surface	7.653428	cm	Tube anode:	Mo		Tube voltage:	30	kV	Tube current:	50	mA	gain	20		std. database			resultfile	result		matrix element	11		sample thickness	1.000000		air passage	0.560000	cm	comments	not in position		peaking_time	3.000000	m-sec	trigger_threshold	1229.166667	V	mca_bin_width	22.090000	no:	number_mca_channels	1024.000000	no:	gap_time	0.400000	m-sec	trigger_peaking_time	0.150000	m-sec	GAINDAC	9455		HIGHGAIN	1		TAURC	0		RCTAU	53		RCTAUFRAC	32768		livetime	9.671971	seconds	runtime	10.000514	seconds	input_count_rate	31.138223	cps	output_count_rate	23.259504	cps	triggers	301168	seconds	events_in_run	232607	seconds	channel	content		1.000	0.000
2.000	0.000
3.000	0.000
4.000	0.000
5.000	0.000
6.000	0.000
7.000	0.000
8.000	0.000
9.000	0.000
10.000	0.000
11.000	0.000
12.000	0.000
13.000	0.000
14.000	0.000
15.000	0.000
16.000	0.000
17.000	0.000
18.000	0.000
19.000	0.000
20.000	0.000
21.000	0.000
22.000	0.000
23.000	0.000
24.000	0.000
25.000	0.000
26.000	0.000
27.000	0.000
28.000	0.000
29.000	0.000
30.000	0.000
31.000	0.000
32.000	0.000
33.000	0.000
34.000	3.000
35.000	1.000
36.000	1.000
37.000	0.000
38.000	3.000
39.000	2.000
40.000	5.000
41.000	3.000
42.000	4.000
43.000	6.000
44.000	3.000
45.000	7.000
46.000	8.000
47.000	6.000
48.000	7.000
49.000	5.000
50.000	16.000
51.000	7.000
52.000	6.000
53.000	9.000
54.000	13.000
55.000	10.000
56.000	10.000
57.000	11.000
58.000	15.000
59.000	9.000
60.000	11.000
61.000	9.000
62.000	9.000
63.000	7.000
64.000	4.000
65.000	16.000
66.000	6.000
67.000	11.000
68.000	11.000
69.000	10.000
70.000	15.000
71.000	10.000
72.000	13.000
73.000	8.000
74.000	9.000
75.000	9.000
76.000	11.000
77.000	14.000
78.000	8.000
79.000	15.000
80.000	10.000
81.000	7.000
82.000	9.000
83.000	9.000
84.000	5.000
85.000	12.000
86.000	5.000
87.000	7.000
88.000	7.000
89.000	7.000
90.000	5.000
91.000	5.000
92.000	8.000
93.000	8.000
94.000	5.000
95.000	12.000
96.000	12.000
97.000	10.000
98.000	10.000
99.000	12.000
100.000	7.000
101.000	9.000
102.000	8.000
103.000	7.000
104.000	8.000
105.000	7.000
106.000	9.000
107.000	7.000
108.000	5.000
109.000	6.000
110.000	7.000
111.000	6.000
112.000	7.000
113.000	4.000
114.000	6.000
115.000	6.000
116.000	4.000
117.000	5.000
118.000	5.000
119.000	9.000
120.000	11.000
121.000	5.000
122.000	9.000
123.000	9.000
124.000	5.000
125.000	5.000
126.000	13.000
127.000	13.000
128.000	7.000
129.000	4.000
130.000	6.000
131.000	2.000
132.000	8.000
133.000	7.000
134.000	10.000
135.000	4.000
136.000	8.000
137.000	5.000
138.000	8.000
139.000	13.000
140.000	9.000
141.000	3.000
142.000	3.000
143.000	4.000
144.000	8.000
145.000	5.000
146.000	3.000
147.000	5.000
148.000	0.000
149.000	6.000
150.000	5.000
151.000	3.000
152.000	3.000
153.000	3.000
154.000	5.000
155.000	4.000
156.000	2.000
157.000	4.000
158.000	5.000
159.000	7.000
160.000	11.000
161.000	6.000
162.000	7.000
163.000	8.000
164.000	9.000
165.000	8.000
166.000	7.000
167.000	5.000
168.000	2.000
169.000	3.000
170.000	2.000
171.000	2.000
172.000	2.000
173.000	5.000
174.000	3.000
175.000	2.000
176.000	4.000
177.000	8.000
178.000	10.000
179.000	11.000
180.000	9.000
181.000	10.000
182.000	6.000
183.000	6.000
184.000	7.000
185.000	10.000
186.000	4.000
187.000	1.000
188.000	2.000
189.000	0.000
190.000	1.000
191.000	2.000
192.000	5.000
193.000	6.000
194.000	3.000
195.000	2.000
196.000	7.000
197.000	12.000
198.000	13.000
199.000	13.000
200.000	23.000
201.000	35.000
202.000	27.000
203.000	35.000
204.000	28.000
205.000	18.000
206.000	20.000
207.000	9.000
208.000	8.000
209.000	8.000
210.000	4.000
211.000	4.000
212.000	2.000
213.000	4.000
214.000	5.000
215.000	5.000
216.000	5.000
217.000	3.000
218.000	3.000
219.000	6.000
220.000	10.000
221.000	15.000
222.000	6.000
223.000	8.000
224.000	5.000
225.000	5.000
226.000	4.000
227.000	2.000
228.000	3.000
229.000	5.000
230.000	2.000
231.000	3.000
232.000	6.000
233.000	5.000
234.000	7.000
235.000	6.000
236.000	6.000
237.000	5.000
238.000	3.000
239.000	7.000
240.000	3.000
241.000	7.000
242.000	4.000
243.000	4.000
244.000	12.000
245.000	16.000
246.000	12.000
247.000	14.000
248.000	15.000
249.000	16.000
250.000	6.000
251.000	11.000
252.000	9.000
253.000	11.000
254.000	11.000
255.000	6.000
256.000	2.000
257.000	6.000
258.000	4.000
259.000	7.000
260.000	5.000
261.000	7.000
262.000	7.000
263.000	8.000
264.000	6.000
265.000	5.000
266.000	6.000
267.000	7.000
268.000	9.000
269.000	10.000
270.000	13.000
271.000	9.000
272.000	6.000
273.000	7.000
274.000	4.000
275.000	5.000
276.000	6.000
277.000	7.000
278.000	5.000
279.000	6.000
280.000	5.000
281.000	7.000
282.000	2.000
283.000	7.000
284.000	4.000
285.000	4.000
286.000	1.000
287.000	6.000
288.000	7.000
289.000	6.000
290.000	7.000
291.000	5.000
292.000	7.000
293.000	11.000
294.000	6.000
295.000	7.000
296.000	14.000
297.000	8.000
298.000	8.000
299.000	8.000
300.000	11.000
301.000	9.000
302.000	7.000
303.000	11.000
304.000	5.000
305.000	7.000
306.000	9.000
307.000	7.000
308.000	11.000
309.000	2.000
310.000	10.000
311.000	13.000
312.000	9.000
313.000	13.000
314.000	9.000
315.000	12.000
316.000	17.000
317.000	17.000
318.000	20.000
319.000	27.000
320.000	37.000
321.000	37.000
322.000	52.000
323.000	69.000
324.000	50.000
325.000	43.000
326.000	46.000
327.000	36.000
328.000	24.000
329.000	28.000
330.000	19.000
331.000	13.000
332.000	17.000
333.000	16.000
334.000	19.000
335.000	13.000
336.000	16.000
337.000	19.000
338.000	12.000
339.000	18.000
340.000	39.000
341.000	46.000
342.000	63.000
343.000	104.000
344.000	154.000
345.000	268.000
346.000	355.000
347.000	543.000
348.000	671.000
349.000	828.000
350.000	910.000
351.000	908.000
352.000	882.000
353.000	692.000
354.000	550.000
355.000	388.000
356.000	277.000
357.000	176.000
358.000	129.000
359.000	68.000
360.000	42.000
361.000	32.000
362.000	18.000
363.000	21.000
364.000	10.000
365.000	18.000
366.000	11.000
367.000	23.000
368.000	23.000
369.000	19.000
370.000	24.000
371.000	15.000
372.000	22.000
373.000	21.000
374.000	14.000
375.000	27.000
376.000	26.000
377.000	36.000
378.000	37.000
379.000	50.000
380.000	51.000
381.000	91.000
382.000	95.000
383.000	134.000
384.000	130.000
385.000	175.000
386.000	169.000
387.000	167.000
388.000	149.000
389.000	140.000
390.000	113.000
391.000	82.000
392.000	57.000
393.000	40.000
394.000	44.000
395.000	32.000
396.000	34.000
397.000	21.000
398.000	28.000
399.000	32.000
400.000	25.000
401.000	20.000
402.000	26.000
403.000	20.000
404.000	23.000
405.000	34.000
406.000	32.000
407.000	34.000
408.000	34.000
409.000	34.000
410.000	25.000
411.000	24.000
412.000	25.000
413.000	29.000
414.000	37.000
415.000	30.000
416.000	22.000
417.000	26.000
418.000	34.000
419.000	28.000
420.000	31.000
421.000	33.000
422.000	34.000
423.000	40.000
424.000	27.000
425.000	19.000
426.000	35.000
427.000	38.000
428.000	31.000
429.000	36.000
430.000	32.000
431.000	35.000
432.000	35.000
433.000	40.000
434.000	27.000
435.000	35.000
436.000	39.000
437.000	34.000
438.000	47.000
439.000	50.000
440.000	50.000
441.000	44.000
442.000	46.000
443.000	43.000
444.000	43.000
445.000	47.000
446.000	47.000
447.000	49.000
448.000	52.000
449.000	43.000
450.000	45.000
451.000	36.000
452.000	54.000
453.000	53.000
454.000	46.000
455.000	53.000
456.000	57.000
457.000	52.000
458.000	53.000
459.000	57.000
460.000	58.000
461.000	59.000
462.000	37.000
463.000	53.000
464.000	61.000
465.000	61.000
466.000	60.000
467.000	69.000
468.000	49.000
469.000	63.000
470.000	67.000
471.000	59.000
472.000	61.000
473.000	83.000
474.000	58.000
475.000	59.000
476.000	57.000
477.000	52.000
478.000	44.000
479.000	67.000
480.000	56.000
481.000	70.000
482.000	57.000
483.000	60.000
484.000	50.000
485.000	63.000
486.000	62.000
487.000	64.000
488.000	62.000
489.000	60.000
490.000	60.000
491.000	77.000
492.000	57.000
493.000	79.000
494.000	75.000
495.000	73.000
496.000	82.000
497.000	67.000
498.000	66.000
499.000	63.000
500.000	60.000
501.000	88.000
502.000	69.000
503.000	71.000
504.000	82.000
505.000	70.000
506.000	67.000
507.000	69.000
508.000	74.000
509.000	79.000
510.000	84.000
511.000	83.000
512.000	91.000
513.000	67.000
514.000	94.000
515.000	98.000
516.000	89.000
517.000	84.000
518.000	101.000
519.000	92.000
520.000	103.000
521.000	101.000
522.000	91.000
523.000	99.000
524.000	108.000
525.000	89.000
526.000	99.000
527.000	91.000
528.000	96.000
529.000	104.000
530.000	112.000
531.000	81.000
532.000	96.000
533.000	108.000
534.000	93.000
535.000	94.000
536.000	99.000
537.000	115.000
538.000	107.000
539.000	105.000
540.000	80.000
541.000	101.000
542.000	119.000
543.000	91.000
544.000	96.000
545.000	103.000
546.000	114.000
547.000	101.000
548.000	96.000
549.000	116.000
550.000	115.000
551.000	116.000
552.000	104.000
553.000	108.000
554.000	109.000
555.000	98.000
556.000	120.000
557.000	121.000
558.000	107.000
559.000	118.000
560.000	114.000
561.000	128.000
562.000	131.000
563.000	132.000
564.000	120.000
565.000	112.000
566.000	98.000
567.000	128.000
568.000	109.000
569.000	121.000
570.000	132.000
571.000	125.000
572.000	131.000
573.000	131.000
574.000	136.000
575.000	153.000
576.000	138.000
577.000	144.000
578.000	121.000
579.000	131.000
580.000	138.000
581.000	140.000
582.000	138.000
583.000	143.000
584.000	137.000
585.000	145.000
586.000	143.000
587.000	141.000
588.000	153.000
589.000	141.000
590.000	157.000
591.000	148.000
592.000	150.000
593.000	135.000
594.000	159.000
595.000	171.000
596.000	120.000
597.000	150.000
598.000	157.000
599.000	159.000
600.000	161.000
601.000	172.000
602.000	160.000
603.000	163.000
604.000	144.000
605.000	174.000
606.000	172.000
607.000	178.000
608.000	164.000
609.000	161.000
610.000	182.000
611.000	133.000
612.000	153.000
613.000	149.000
614.000	144.000
615.000	180.000
616.000	171.000
617.000	188.000
618.000	159.000
619.000	152.000
620.000	161.000
621.000	170.000
622.000	178.000
623.000	146.000
624.000	168.000
625.000	179.000
626.000	173.000
627.000	169.000
628.000	180.000
629.000	194.000
630.000	169.000
631.000	160.000
632.000	161.000
633.000	198.000
634.000	191.000
635.000	201.000
636.000	184.000
637.000	173.000
638.000	198.000
639.000	181.000
640.000	175.000
641.000	183.000
642.000	179.000
643.000	200.000
644.000	203.000
645.000	212.000
646.000	188.000
647.000	211.000
648.000	214.000
649.000	184.000
650.000	188.000
651.000	205.000
652.000	227.000
653.000	206.000
654.000	209.000
655.000	225.000
656.000	196.000
657.000	205.000
658.000	212.000
659.000	207.000
660.000	195.000
661.000	232.000
662.000	216.000
663.000	221.000
664.000	192.000
665.000	221.000
666.000	208.000
667.000	220.000
668.000	210.000
669.000	244.000
670.000	191.000
671.000	212.000
672.000	205.000
673.000	198.000
674.000	212.000
675.000	217.000
676.000	227.000
677.000	236.000
678.000	226.000
679.000	220.000
680.000	202.000
681.000	232.000
682.000	239.000
683.000	239.000
684.000	205.000
685.000	212.000
686.000	194.000
687.000	217.000
688.000	229.000
689.000	227.000
690.000	218.000
691.000	206.000
692.000	233.000
693.000	256.000
694.000	247.000
695.000	226.000
696.000	212.000
697.000	214.000
698.000	231.000
699.000	242.000
700.000	234.000
701.000	262.000
702.000	246.000
703.000	240.000
704.000	239.000
705.000	263.000
706.000	255.000
707.000	244.000
708.000	242.000
709.000	266.000
710.000	236.000
711.000	220.000
712.000	261.000
713.000	249.000
714.000	246.000
715.000	269.000
716.000	274.000
717.000	238.000
718.000	221.000
719.000	239.000
720.000	256.000
721.000	252.000
722.000	260.000
723.000	263.000
724.000	250.000
725.000	256.000
726.000	245.000
727.000	250.000
728.000	262.000
729.000	269.000
730.000	273.000
731.000	285.000
732.000	272.000
733.000	251.000
734.000	263.000
735.000	306.000
736.000	264.000
737.000	259.000
738.000	257.000
739.000	258.000
740.000	280.000
741.000	278.000
742.000	280.000
743.000	251.000
744.000	283.000
745.000	271.000
746.000	240.000
747.000	251.000
748.000	278.000
749.000	296.000
750.000	253.000
751.000	265.000
752.000	268.000
753.000	255.000
754.000	273.000
755.000	292.000
756.000	281.000
757.000	275.000
758.000	264.000
759.000	274.000
760.000	257.000
761.000	283.000
762.000	275.000
763.000	263.000
764.000	289.000
765.000	281.000
766.000	273.000
767.000	277.000
768.000	230.000
769.000	306.000
770.000	296.000
771.000	293.000
772.000	309.000
773.000	284.000
774.000	278.000
775.000	273.000
776.000	309.000
777.000	281.000
778.000	298.000
779.000	295.000
780.000	278.000
781.000	277.000
782.000	293.000
783.000	283.000
784.000	276.000
785.000	289.000
786.000	279.000
787.000	311.000
788.000	278.000
789.000	270.000
790.000	276.000
791.000	286.000
792.000	276.000
793.000	254.000
794.000	290.000
795.000	278.000
796.000	288.000
797.000	300.000
798.000	318.000
799.000	311.000
800.000	277.000
801.000	282.000
802.000	307.000
803.000	300.000
804.000	317.000
805.000	331.000
806.000	244.000
807.000	315.000
808.000	287.000
809.000	299.000
810.000	309.000
811.000	270.000
812.000	321.000
813.000	291.000
814.000	305.000
815.000	298.000
816.000	299.000
817.000	332.000
818.000	286.000
819.000	299.000
820.000	332.000
821.000	316.000
822.000	303.000
823.000	324.000
824.000	340.000
825.000	286.000
826.000	309.000
827.000	321.000
828.000	313.000
829.000	308.000
830.000	301.000
831.000	323.000
832.000	317.000
833.000	340.000
834.000	281.000
835.000	331.000
836.000	275.000
837.000	332.000
838.000	335.000
839.000	334.000
840.000	359.000
841.000	331.000
842.000	339.000
843.000	330.000
844.000	341.000
845.000	331.000
846.000	355.000
847.000	318.000
848.000	324.000
849.000	349.000
850.000	340.000
851.000	335.000
852.000	382.000
853.000	342.000
854.000	364.000
855.000	346.000
856.000	431.000
857.000	385.000
858.000	369.000
859.000	357.000
860.000	418.000
861.000	380.000
862.000	390.000
863.000	388.000
864.000	418.000
865.000	456.000
866.000	465.000
867.000	448.000
868.000	427.000
869.000	449.000
870.000	476.000
871.000	452.000
872.000	462.000
873.000	517.000
874.000	469.000
875.000	531.000
876.000	550.000
877.000	590.000
878.000	587.000
879.000	680.000
880.000	678.000
881.000	695.000
882.000	700.000
883.000	757.000
884.000	893.000
885.000	868.000
886.000	987.000
887.000	1028.000
888.000	1036.000
889.000	1186.000
890.000	1161.000
891.000	1254.000
892.000	1274.000
893.000	1340.000
894.000	1370.000
895.000	1412.000
896.000	1555.000
897.000	1488.000
898.000	1461.000
899.000	1564.000
900.000	1575.000
901.000	1569.000
902.000	1557.000
903.000	1540.000
904.000	1523.000
905.000	1433.000
906.000	1406.000
907.000	1330.000
908.000	1332.000
909.000	1208.000
910.000	1198.000
911.000	1104.000
912.000	1158.000
913.000	1051.000
914.000	1001.000
915.000	925.000
916.000	903.000
917.000	728.000
918.000	801.000
919.000	806.000
920.000	645.000
921.000	657.000
922.000	602.000
923.000	578.000
924.000	543.000
925.000	502.000
926.000	498.000
927.000	510.000
928.000	463.000
929.000	451.000
930.000	395.000
931.000	428.000
932.000	420.000
933.000	374.000
934.000	348.000
935.000	384.000
936.000	352.000
937.000	363.000
938.000	348.000
939.000	371.000
940.000	426.000
941.000	441.000
942.000	451.000
943.000	487.000
944.000	487.000
945.000	512.000
946.000	555.000
947.000	609.000
948.000	705.000
949.000	707.000
950.000	766.000
951.000	834.000
952.000	787.000
953.000	806.000
954.000	798.000
955.000	796.000
956.000	783.000
957.000	744.000
958.000	663.000
959.000	617.000
960.000	574.000
961.000	519.000
962.000	471.000
963.000	462.000
964.000	348.000
965.000	316.000
966.000	300.000
967.000	322.000
968.000	334.000
969.000	308.000
970.000	291.000
971.000	281.000
972.000	281.000
973.000	304.000
974.000	321.000
975.000	295.000
976.000	301.000
977.000	272.000
978.000	315.000
979.000	307.000
980.000	274.000
981.000	312.000
982.000	321.000
983.000	313.000
984.000	333.000
985.000	358.000
986.000	347.000
987.000	369.000
988.000	329.000
989.000	343.000
990.000	353.000
991.000	366.000
992.000	392.000
993.000	378.000
994.000	403.000
995.000	412.000
996.000	399.000
997.000	413.000
998.000	446.000
999.000	424.000
1000.000	444.000
1001.000	460.000
1002.000	458.000
1003.000	471.000
1004.000	474.000
1005.000	432.000
1006.000	450.000
1007.000	451.000
1008.000	427.000
1009.000	454.000
1010.000	437.000
1011.000	405.000
1012.000	376.000
1013.000	415.000
1014.000	369.000
1015.000	387.000
1016.000	374.000
1017.000	388.000
1018.000	364.000
1019.000	324.000
1020.000	311.000
1021.000	329.000
1022.000	311.000
1023.000	292.000
1024.000	283.000
