Date:	8/19/2008		Time:	8:59 AM		Version no:	0.00		Project name:	55		Sample name:	222		Section name:	section		Position	256.039995	mm	E0	0.000000	keV	E1	1.000000	keV/channel	sample surface	7.491992	cm	Tube anode:	Mo		Tube voltage:	30	kV	Tube current:	50	mA	gain	20		std. database			resultfile	result		matrix element	11		sample thickness	1.000000		air passage	0.560000	cm	comments	not in position		peaking_time	3.000000	m-sec	trigger_threshold	1229.166667	V	mca_bin_width	22.090000	no:	number_mca_channels	1024.000000	no:	gap_time	0.400000	m-sec	trigger_peaking_time	0.150000	m-sec	GAINDAC	9455		HIGHGAIN	1		TAURC	0		RCTAU	53		RCTAUFRAC	32768		livetime	9.764726	seconds	runtime	10.000502	seconds	input_count_rate	22.841910	cps	output_count_rate	18.211687	cps	triggers	223045	seconds	events_in_run	182126	seconds	channel	content		1.000	0.000
2.000	0.000
3.000	0.000
4.000	0.000
5.000	0.000
6.000	0.000
7.000	0.000
8.000	0.000
9.000	0.000
10.000	0.000
11.000	0.000
12.000	0.000
13.000	0.000
14.000	0.000
15.000	0.000
16.000	0.000
17.000	0.000
18.000	0.000
19.000	0.000
20.000	0.000
21.000	0.000
22.000	0.000
23.000	0.000
24.000	0.000
25.000	0.000
26.000	0.000
27.000	0.000
28.000	0.000
29.000	0.000
30.000	0.000
31.000	0.000
32.000	1.000
33.000	0.000
34.000	1.000
35.000	0.000
36.000	2.000
37.000	2.000
38.000	2.000
39.000	0.000
40.000	3.000
41.000	4.000
42.000	2.000
43.000	2.000
44.000	2.000
45.000	5.000
46.000	8.000
47.000	7.000
48.000	5.000
49.000	9.000
50.000	8.000
51.000	10.000
52.000	9.000
53.000	10.000
54.000	13.000
55.000	7.000
56.000	8.000
57.000	14.000
58.000	14.000
59.000	6.000
60.000	9.000
61.000	13.000
62.000	8.000
63.000	7.000
64.000	4.000
65.000	7.000
66.000	9.000
67.000	12.000
68.000	12.000
69.000	6.000
70.000	13.000
71.000	11.000
72.000	8.000
73.000	12.000
74.000	7.000
75.000	9.000
76.000	11.000
77.000	8.000
78.000	7.000
79.000	7.000
80.000	11.000
81.000	5.000
82.000	9.000
83.000	7.000
84.000	8.000
85.000	5.000
86.000	12.000
87.000	6.000
88.000	8.000
89.000	2.000
90.000	6.000
91.000	12.000
92.000	9.000
93.000	3.000
94.000	6.000
95.000	6.000
96.000	5.000
97.000	8.000
98.000	5.000
99.000	7.000
100.000	6.000
101.000	5.000
102.000	4.000
103.000	7.000
104.000	7.000
105.000	4.000
106.000	5.000
107.000	9.000
108.000	5.000
109.000	9.000
110.000	4.000
111.000	7.000
112.000	7.000
113.000	1.000
114.000	10.000
115.000	4.000
116.000	4.000
117.000	9.000
118.000	6.000
119.000	9.000
120.000	6.000
121.000	5.000
122.000	4.000
123.000	2.000
124.000	5.000
125.000	9.000
126.000	6.000
127.000	3.000
128.000	10.000
129.000	6.000
130.000	8.000
131.000	9.000
132.000	6.000
133.000	6.000
134.000	5.000
135.000	5.000
136.000	8.000
137.000	7.000
138.000	4.000
139.000	6.000
140.000	7.000
141.000	4.000
142.000	3.000
143.000	4.000
144.000	3.000
145.000	5.000
146.000	3.000
147.000	5.000
148.000	4.000
149.000	3.000
150.000	5.000
151.000	2.000
152.000	3.000
153.000	5.000
154.000	1.000
155.000	3.000
156.000	4.000
157.000	7.000
158.000	4.000
159.000	11.000
160.000	13.000
161.000	13.000
162.000	12.000
163.000	13.000
164.000	7.000
165.000	15.000
166.000	9.000
167.000	4.000
168.000	7.000
169.000	3.000
170.000	5.000
171.000	4.000
172.000	5.000
173.000	6.000
174.000	2.000
175.000	1.000
176.000	5.000
177.000	6.000
178.000	0.000
179.000	4.000
180.000	3.000
181.000	4.000
182.000	2.000
183.000	2.000
184.000	3.000
185.000	1.000
186.000	2.000
187.000	4.000
188.000	1.000
189.000	2.000
190.000	0.000
191.000	4.000
192.000	2.000
193.000	3.000
194.000	5.000
195.000	3.000
196.000	6.000
197.000	2.000
198.000	4.000
199.000	5.000
200.000	11.000
201.000	8.000
202.000	6.000
203.000	7.000
204.000	6.000
205.000	11.000
206.000	6.000
207.000	4.000
208.000	4.000
209.000	1.000
210.000	4.000
211.000	5.000
212.000	2.000
213.000	0.000
214.000	1.000
215.000	4.000
216.000	2.000
217.000	2.000
218.000	3.000
219.000	6.000
220.000	3.000
221.000	4.000
222.000	2.000
223.000	3.000
224.000	1.000
225.000	5.000
226.000	4.000
227.000	2.000
228.000	1.000
229.000	6.000
230.000	4.000
231.000	2.000
232.000	6.000
233.000	4.000
234.000	4.000
235.000	0.000
236.000	2.000
237.000	4.000
238.000	4.000
239.000	2.000
240.000	2.000
241.000	3.000
242.000	1.000
243.000	2.000
244.000	5.000
245.000	7.000
246.000	5.000
247.000	1.000
248.000	5.000
249.000	3.000
250.000	3.000
251.000	2.000
252.000	4.000
253.000	1.000
254.000	1.000
255.000	6.000
256.000	5.000
257.000	4.000
258.000	7.000
259.000	1.000
260.000	3.000
261.000	5.000
262.000	2.000
263.000	2.000
264.000	3.000
265.000	5.000
266.000	1.000
267.000	4.000
268.000	4.000
269.000	5.000
270.000	5.000
271.000	5.000
272.000	4.000
273.000	2.000
274.000	1.000
275.000	1.000
276.000	2.000
277.000	2.000
278.000	7.000
279.000	2.000
280.000	0.000
281.000	2.000
282.000	3.000
283.000	2.000
284.000	2.000
285.000	2.000
286.000	2.000
287.000	7.000
288.000	2.000
289.000	4.000
290.000	1.000
291.000	4.000
292.000	7.000
293.000	3.000
294.000	4.000
295.000	6.000
296.000	3.000
297.000	2.000
298.000	5.000
299.000	7.000
300.000	6.000
301.000	6.000
302.000	6.000
303.000	1.000
304.000	2.000
305.000	3.000
306.000	3.000
307.000	2.000
308.000	6.000
309.000	2.000
310.000	4.000
311.000	4.000
312.000	3.000
313.000	8.000
314.000	7.000
315.000	3.000
316.000	1.000
317.000	5.000
318.000	9.000
319.000	7.000
320.000	13.000
321.000	15.000
322.000	18.000
323.000	22.000
324.000	18.000
325.000	10.000
326.000	10.000
327.000	11.000
328.000	8.000
329.000	4.000
330.000	5.000
331.000	3.000
332.000	6.000
333.000	3.000
334.000	7.000
335.000	4.000
336.000	3.000
337.000	4.000
338.000	3.000
339.000	8.000
340.000	7.000
341.000	7.000
342.000	10.000
343.000	24.000
344.000	38.000
345.000	66.000
346.000	90.000
347.000	108.000
348.000	158.000
349.000	166.000
350.000	200.000
351.000	217.000
352.000	172.000
353.000	135.000
354.000	124.000
355.000	95.000
356.000	58.000
357.000	42.000
358.000	31.000
359.000	19.000
360.000	13.000
361.000	18.000
362.000	8.000
363.000	3.000
364.000	3.000
365.000	8.000
366.000	5.000
367.000	7.000
368.000	6.000
369.000	5.000
370.000	5.000
371.000	6.000
372.000	8.000
373.000	5.000
374.000	6.000
375.000	5.000
376.000	2.000
377.000	4.000
378.000	7.000
379.000	10.000
380.000	12.000
381.000	23.000
382.000	19.000
383.000	26.000
384.000	31.000
385.000	36.000
386.000	35.000
387.000	33.000
388.000	44.000
389.000	25.000
390.000	22.000
391.000	27.000
392.000	23.000
393.000	12.000
394.000	9.000
395.000	8.000
396.000	11.000
397.000	8.000
398.000	12.000
399.000	10.000
400.000	10.000
401.000	7.000
402.000	10.000
403.000	9.000
404.000	4.000
405.000	7.000
406.000	7.000
407.000	10.000
408.000	9.000
409.000	8.000
410.000	9.000
411.000	4.000
412.000	10.000
413.000	11.000
414.000	9.000
415.000	9.000
416.000	12.000
417.000	7.000
418.000	18.000
419.000	12.000
420.000	20.000
421.000	17.000
422.000	11.000
423.000	13.000
424.000	8.000
425.000	8.000
426.000	13.000
427.000	5.000
428.000	9.000
429.000	7.000
430.000	9.000
431.000	24.000
432.000	11.000
433.000	9.000
434.000	15.000
435.000	8.000
436.000	20.000
437.000	9.000
438.000	14.000
439.000	13.000
440.000	14.000
441.000	12.000
442.000	15.000
443.000	13.000
444.000	17.000
445.000	12.000
446.000	10.000
447.000	21.000
448.000	19.000
449.000	12.000
450.000	18.000
451.000	15.000
452.000	22.000
453.000	13.000
454.000	21.000
455.000	16.000
456.000	21.000
457.000	25.000
458.000	14.000
459.000	16.000
460.000	24.000
461.000	24.000
462.000	25.000
463.000	22.000
464.000	18.000
465.000	21.000
466.000	21.000
467.000	29.000
468.000	25.000
469.000	17.000
470.000	19.000
471.000	27.000
472.000	25.000
473.000	29.000
474.000	21.000
475.000	26.000
476.000	23.000
477.000	28.000
478.000	19.000
479.000	23.000
480.000	25.000
481.000	32.000
482.000	17.000
483.000	18.000
484.000	26.000
485.000	18.000
486.000	16.000
487.000	25.000
488.000	26.000
489.000	23.000
490.000	29.000
491.000	22.000
492.000	21.000
493.000	28.000
494.000	25.000
495.000	23.000
496.000	30.000
497.000	27.000
498.000	25.000
499.000	20.000
500.000	36.000
501.000	34.000
502.000	22.000
503.000	31.000
504.000	24.000
505.000	31.000
506.000	33.000
507.000	33.000
508.000	43.000
509.000	24.000
510.000	40.000
511.000	31.000
512.000	37.000
513.000	39.000
514.000	35.000
515.000	32.000
516.000	38.000
517.000	34.000
518.000	46.000
519.000	43.000
520.000	30.000
521.000	44.000
522.000	53.000
523.000	41.000
524.000	41.000
525.000	38.000
526.000	41.000
527.000	39.000
528.000	48.000
529.000	40.000
530.000	49.000
531.000	55.000
532.000	52.000
533.000	39.000
534.000	46.000
535.000	42.000
536.000	53.000
537.000	32.000
538.000	55.000
539.000	50.000
540.000	47.000
541.000	46.000
542.000	44.000
543.000	44.000
544.000	53.000
545.000	58.000
546.000	53.000
547.000	50.000
548.000	48.000
549.000	40.000
550.000	69.000
551.000	41.000
552.000	54.000
553.000	59.000
554.000	54.000
555.000	53.000
556.000	55.000
557.000	54.000
558.000	53.000
559.000	50.000
560.000	59.000
561.000	54.000
562.000	47.000
563.000	61.000
564.000	51.000
565.000	60.000
566.000	68.000
567.000	61.000
568.000	64.000
569.000	59.000
570.000	78.000
571.000	68.000
572.000	66.000
573.000	65.000
574.000	70.000
575.000	75.000
576.000	74.000
577.000	80.000
578.000	71.000
579.000	60.000
580.000	77.000
581.000	74.000
582.000	86.000
583.000	69.000
584.000	54.000
585.000	76.000
586.000	65.000
587.000	68.000
588.000	89.000
589.000	75.000
590.000	72.000
591.000	85.000
592.000	89.000
593.000	85.000
594.000	78.000
595.000	81.000
596.000	71.000
597.000	93.000
598.000	84.000
599.000	84.000
600.000	78.000
601.000	84.000
602.000	88.000
603.000	84.000
604.000	81.000
605.000	99.000
606.000	90.000
607.000	93.000
608.000	93.000
609.000	78.000
610.000	92.000
611.000	92.000
612.000	90.000
613.000	99.000
614.000	86.000
615.000	97.000
616.000	94.000
617.000	116.000
618.000	105.000
619.000	97.000
620.000	98.000
621.000	83.000
622.000	111.000
623.000	93.000
624.000	94.000
625.000	94.000
626.000	101.000
627.000	97.000
628.000	88.000
629.000	112.000
630.000	100.000
631.000	100.000
632.000	121.000
633.000	117.000
634.000	124.000
635.000	125.000
636.000	120.000
637.000	94.000
638.000	113.000
639.000	112.000
640.000	118.000
641.000	107.000
642.000	114.000
643.000	120.000
644.000	129.000
645.000	123.000
646.000	118.000
647.000	137.000
648.000	143.000
649.000	125.000
650.000	129.000
651.000	116.000
652.000	116.000
653.000	133.000
654.000	104.000
655.000	104.000
656.000	115.000
657.000	145.000
658.000	145.000
659.000	126.000
660.000	137.000
661.000	153.000
662.000	131.000
663.000	129.000
664.000	121.000
665.000	141.000
666.000	144.000
667.000	139.000
668.000	131.000
669.000	124.000
670.000	137.000
671.000	132.000
672.000	140.000
673.000	132.000
674.000	148.000
675.000	134.000
676.000	138.000
677.000	149.000
678.000	163.000
679.000	141.000
680.000	147.000
681.000	135.000
682.000	171.000
683.000	148.000
684.000	152.000
685.000	177.000
686.000	132.000
687.000	158.000
688.000	155.000
689.000	160.000
690.000	162.000
691.000	163.000
692.000	169.000
693.000	173.000
694.000	172.000
695.000	181.000
696.000	160.000
697.000	158.000
698.000	142.000
699.000	164.000
700.000	143.000
701.000	160.000
702.000	177.000
703.000	165.000
704.000	167.000
705.000	156.000
706.000	175.000
707.000	160.000
708.000	166.000
709.000	153.000
710.000	161.000
711.000	164.000
712.000	215.000
713.000	209.000
714.000	169.000
715.000	197.000
716.000	165.000
717.000	182.000
718.000	190.000
719.000	175.000
720.000	181.000
721.000	181.000
722.000	178.000
723.000	167.000
724.000	166.000
725.000	197.000
726.000	210.000
727.000	190.000
728.000	168.000
729.000	179.000
730.000	186.000
731.000	170.000
732.000	189.000
733.000	197.000
734.000	217.000
735.000	195.000
736.000	209.000
737.000	203.000
738.000	190.000
739.000	181.000
740.000	209.000
741.000	205.000
742.000	221.000
743.000	195.000
744.000	211.000
745.000	219.000
746.000	201.000
747.000	202.000
748.000	205.000
749.000	205.000
750.000	179.000
751.000	209.000
752.000	192.000
753.000	206.000
754.000	212.000
755.000	212.000
756.000	193.000
757.000	239.000
758.000	251.000
759.000	223.000
760.000	199.000
761.000	199.000
762.000	189.000
763.000	220.000
764.000	207.000
765.000	227.000
766.000	216.000
767.000	221.000
768.000	234.000
769.000	213.000
770.000	251.000
771.000	241.000
772.000	263.000
773.000	261.000
774.000	225.000
775.000	229.000
776.000	211.000
777.000	223.000
778.000	206.000
779.000	243.000
780.000	232.000
781.000	208.000
782.000	215.000
783.000	227.000
784.000	230.000
785.000	213.000
786.000	241.000
787.000	240.000
788.000	237.000
789.000	217.000
790.000	237.000
791.000	224.000
792.000	234.000
793.000	208.000
794.000	211.000
795.000	254.000
796.000	215.000
797.000	239.000
798.000	240.000
799.000	275.000
800.000	227.000
801.000	253.000
802.000	242.000
803.000	229.000
804.000	273.000
805.000	242.000
806.000	235.000
807.000	247.000
808.000	230.000
809.000	256.000
810.000	253.000
811.000	243.000
812.000	258.000
813.000	239.000
814.000	220.000
815.000	258.000
816.000	255.000
817.000	264.000
818.000	269.000
819.000	258.000
820.000	246.000
821.000	268.000
822.000	266.000
823.000	268.000
824.000	308.000
825.000	258.000
826.000	259.000
827.000	259.000
828.000	258.000
829.000	290.000
830.000	249.000
831.000	266.000
832.000	251.000
833.000	267.000
834.000	253.000
835.000	257.000
836.000	260.000
837.000	280.000
838.000	266.000
839.000	252.000
840.000	276.000
841.000	322.000
842.000	281.000
843.000	268.000
844.000	281.000
845.000	281.000
846.000	280.000
847.000	284.000
848.000	290.000
849.000	315.000
850.000	308.000
851.000	291.000
852.000	324.000
853.000	323.000
854.000	294.000
855.000	324.000
856.000	322.000
857.000	344.000
858.000	317.000
859.000	296.000
860.000	337.000
861.000	350.000
862.000	358.000
863.000	352.000
864.000	338.000
865.000	383.000
866.000	342.000
867.000	349.000
868.000	380.000
869.000	357.000
870.000	400.000
871.000	392.000
872.000	411.000
873.000	434.000
874.000	449.000
875.000	485.000
876.000	457.000
877.000	488.000
878.000	515.000
879.000	558.000
880.000	537.000
881.000	585.000
882.000	638.000
883.000	672.000
884.000	734.000
885.000	792.000
886.000	831.000
887.000	850.000
888.000	928.000
889.000	980.000
890.000	957.000
891.000	1025.000
892.000	1105.000
893.000	1181.000
894.000	1267.000
895.000	1239.000
896.000	1265.000
897.000	1227.000
898.000	1260.000
899.000	1342.000
900.000	1322.000
901.000	1399.000
902.000	1319.000
903.000	1331.000
904.000	1254.000
905.000	1291.000
906.000	1265.000
907.000	1228.000
908.000	1140.000
909.000	1020.000
910.000	1118.000
911.000	952.000
912.000	941.000
913.000	877.000
914.000	861.000
915.000	763.000
916.000	792.000
917.000	706.000
918.000	642.000
919.000	627.000
920.000	566.000
921.000	552.000
922.000	532.000
923.000	501.000
924.000	508.000
925.000	442.000
926.000	430.000
927.000	430.000
928.000	371.000
929.000	384.000
930.000	349.000
931.000	356.000
932.000	356.000
933.000	359.000
934.000	334.000
935.000	340.000
936.000	324.000
937.000	361.000
938.000	341.000
939.000	338.000
940.000	344.000
941.000	358.000
942.000	401.000
943.000	431.000
944.000	415.000
945.000	494.000
946.000	523.000
947.000	571.000
948.000	588.000
949.000	618.000
950.000	675.000
951.000	671.000
952.000	721.000
953.000	730.000
954.000	745.000
955.000	723.000
956.000	704.000
957.000	691.000
958.000	608.000
959.000	530.000
960.000	509.000
961.000	475.000
962.000	378.000
963.000	365.000
964.000	343.000
965.000	333.000
966.000	314.000
967.000	280.000
968.000	259.000
969.000	242.000
970.000	264.000
971.000	278.000
972.000	278.000
973.000	278.000
974.000	263.000
975.000	254.000
976.000	288.000
977.000	268.000
978.000	263.000
979.000	287.000
980.000	298.000
981.000	323.000
982.000	297.000
983.000	322.000
984.000	292.000
985.000	339.000
986.000	310.000
987.000	296.000
988.000	326.000
989.000	322.000
990.000	353.000
991.000	381.000
992.000	347.000
993.000	345.000
994.000	373.000
995.000	364.000
996.000	391.000
997.000	405.000
998.000	397.000
999.000	397.000
1000.000	396.000
1001.000	379.000
1002.000	406.000
1003.000	402.000
1004.000	444.000
1005.000	401.000
1006.000	395.000
1007.000	425.000
1008.000	404.000
1009.000	375.000
1010.000	348.000
1011.000	384.000
1012.000	387.000
1013.000	361.000
1014.000	385.000
1015.000	325.000
1016.000	341.000
1017.000	332.000
1018.000	326.000
1019.000	338.000
1020.000	292.000
1021.000	309.000
1022.000	274.000
1023.000	292.000
1024.000	242.000
