Date:	8/19/2008		Time:	8:38 AM		Version no:	0.00		Project name:	55		Sample name:	222		Section name:	section		Position	28.039995	mm	E0	0.000000	keV	E1	1.000000	keV/channel	sample surface	7.670914	cm	Tube anode:	Mo		Tube voltage:	30	kV	Tube current:	50	mA	gain	20		std. database			resultfile	result		matrix element	11		sample thickness	1.000000		air passage	0.560000	cm	comments	not in position		peaking_time	3.000000	m-sec	trigger_threshold	1229.166667	V	mca_bin_width	22.090000	no:	number_mca_channels	1024.000000	no:	gap_time	0.400000	m-sec	trigger_peaking_time	0.150000	m-sec	GAINDAC	9455		HIGHGAIN	1		TAURC	0		RCTAU	53		RCTAUFRAC	32768		livetime	9.646403	seconds	runtime	10.000520	seconds	input_count_rate	32.687624	cps	output_count_rate	24.048549	cps	triggers	315318	seconds	events_in_run	240498	seconds	channel	content		1.000	0.000
2.000	0.000
3.000	0.000
4.000	0.000
5.000	0.000
6.000	0.000
7.000	0.000
8.000	0.000
9.000	0.000
10.000	0.000
11.000	0.000
12.000	0.000
13.000	0.000
14.000	0.000
15.000	0.000
16.000	0.000
17.000	0.000
18.000	0.000
19.000	0.000
20.000	0.000
21.000	0.000
22.000	0.000
23.000	0.000
24.000	0.000
25.000	0.000
26.000	0.000
27.000	0.000
28.000	0.000
29.000	0.000
30.000	0.000
31.000	0.000
32.000	0.000
33.000	0.000
34.000	1.000
35.000	2.000
36.000	3.000
37.000	3.000
38.000	1.000
39.000	2.000
40.000	2.000
41.000	4.000
42.000	4.000
43.000	1.000
44.000	8.000
45.000	10.000
46.000	9.000
47.000	4.000
48.000	5.000
49.000	7.000
50.000	2.000
51.000	10.000
52.000	12.000
53.000	7.000
54.000	6.000
55.000	6.000
56.000	14.000
57.000	11.000
58.000	6.000
59.000	9.000
60.000	4.000
61.000	9.000
62.000	7.000
63.000	13.000
64.000	8.000
65.000	10.000
66.000	5.000
67.000	8.000
68.000	14.000
69.000	7.000
70.000	9.000
71.000	6.000
72.000	8.000
73.000	10.000
74.000	8.000
75.000	9.000
76.000	14.000
77.000	8.000
78.000	8.000
79.000	10.000
80.000	8.000
81.000	10.000
82.000	10.000
83.000	8.000
84.000	6.000
85.000	10.000
86.000	11.000
87.000	10.000
88.000	11.000
89.000	9.000
90.000	4.000
91.000	7.000
92.000	6.000
93.000	7.000
94.000	7.000
95.000	13.000
96.000	13.000
97.000	13.000
98.000	10.000
99.000	11.000
100.000	7.000
101.000	4.000
102.000	2.000
103.000	11.000
104.000	11.000
105.000	4.000
106.000	8.000
107.000	7.000
108.000	7.000
109.000	6.000
110.000	11.000
111.000	4.000
112.000	8.000
113.000	4.000
114.000	8.000
115.000	2.000
116.000	8.000
117.000	13.000
118.000	7.000
119.000	10.000
120.000	10.000
121.000	8.000
122.000	7.000
123.000	8.000
124.000	7.000
125.000	11.000
126.000	8.000
127.000	13.000
128.000	11.000
129.000	10.000
130.000	7.000
131.000	5.000
132.000	5.000
133.000	8.000
134.000	6.000
135.000	7.000
136.000	10.000
137.000	7.000
138.000	10.000
139.000	12.000
140.000	9.000
141.000	3.000
142.000	2.000
143.000	5.000
144.000	8.000
145.000	4.000
146.000	7.000
147.000	3.000
148.000	7.000
149.000	2.000
150.000	5.000
151.000	4.000
152.000	2.000
153.000	4.000
154.000	3.000
155.000	5.000
156.000	4.000
157.000	2.000
158.000	4.000
159.000	6.000
160.000	6.000
161.000	8.000
162.000	13.000
163.000	16.000
164.000	9.000
165.000	3.000
166.000	5.000
167.000	3.000
168.000	7.000
169.000	3.000
170.000	7.000
171.000	6.000
172.000	8.000
173.000	5.000
174.000	3.000
175.000	9.000
176.000	8.000
177.000	5.000
178.000	6.000
179.000	7.000
180.000	8.000
181.000	7.000
182.000	10.000
183.000	19.000
184.000	11.000
185.000	5.000
186.000	9.000
187.000	6.000
188.000	1.000
189.000	5.000
190.000	2.000
191.000	5.000
192.000	5.000
193.000	2.000
194.000	4.000
195.000	5.000
196.000	5.000
197.000	8.000
198.000	13.000
199.000	20.000
200.000	21.000
201.000	32.000
202.000	29.000
203.000	30.000
204.000	34.000
205.000	28.000
206.000	24.000
207.000	17.000
208.000	11.000
209.000	6.000
210.000	4.000
211.000	6.000
212.000	3.000
213.000	5.000
214.000	5.000
215.000	2.000
216.000	5.000
217.000	4.000
218.000	7.000
219.000	4.000
220.000	9.000
221.000	4.000
222.000	10.000
223.000	6.000
224.000	6.000
225.000	3.000
226.000	2.000
227.000	7.000
228.000	4.000
229.000	4.000
230.000	3.000
231.000	2.000
232.000	0.000
233.000	5.000
234.000	5.000
235.000	4.000
236.000	2.000
237.000	6.000
238.000	4.000
239.000	4.000
240.000	3.000
241.000	4.000
242.000	4.000
243.000	9.000
244.000	10.000
245.000	12.000
246.000	12.000
247.000	14.000
248.000	9.000
249.000	12.000
250.000	9.000
251.000	8.000
252.000	9.000
253.000	5.000
254.000	10.000
255.000	10.000
256.000	10.000
257.000	4.000
258.000	5.000
259.000	9.000
260.000	5.000
261.000	2.000
262.000	10.000
263.000	10.000
264.000	3.000
265.000	9.000
266.000	3.000
267.000	10.000
268.000	3.000
269.000	9.000
270.000	11.000
271.000	6.000
272.000	5.000
273.000	8.000
274.000	5.000
275.000	6.000
276.000	4.000
277.000	6.000
278.000	6.000
279.000	6.000
280.000	8.000
281.000	9.000
282.000	11.000
283.000	6.000
284.000	4.000
285.000	7.000
286.000	6.000
287.000	9.000
288.000	4.000
289.000	8.000
290.000	4.000
291.000	9.000
292.000	9.000
293.000	9.000
294.000	11.000
295.000	11.000
296.000	7.000
297.000	11.000
298.000	10.000
299.000	14.000
300.000	7.000
301.000	7.000
302.000	13.000
303.000	10.000
304.000	9.000
305.000	11.000
306.000	7.000
307.000	7.000
308.000	6.000
309.000	15.000
310.000	11.000
311.000	10.000
312.000	7.000
313.000	11.000
314.000	12.000
315.000	10.000
316.000	18.000
317.000	16.000
318.000	19.000
319.000	26.000
320.000	45.000
321.000	47.000
322.000	54.000
323.000	51.000
324.000	71.000
325.000	45.000
326.000	39.000
327.000	25.000
328.000	33.000
329.000	25.000
330.000	25.000
331.000	11.000
332.000	15.000
333.000	10.000
334.000	9.000
335.000	10.000
336.000	18.000
337.000	13.000
338.000	30.000
339.000	20.000
340.000	28.000
341.000	43.000
342.000	70.000
343.000	114.000
344.000	159.000
345.000	279.000
346.000	397.000
347.000	521.000
348.000	662.000
349.000	830.000
350.000	895.000
351.000	944.000
352.000	838.000
353.000	749.000
354.000	590.000
355.000	421.000
356.000	274.000
357.000	201.000
358.000	104.000
359.000	84.000
360.000	30.000
361.000	29.000
362.000	24.000
363.000	20.000
364.000	15.000
365.000	18.000
366.000	17.000
367.000	16.000
368.000	16.000
369.000	20.000
370.000	17.000
371.000	23.000
372.000	29.000
373.000	22.000
374.000	21.000
375.000	18.000
376.000	25.000
377.000	29.000
378.000	37.000
379.000	42.000
380.000	60.000
381.000	69.000
382.000	92.000
383.000	103.000
384.000	137.000
385.000	165.000
386.000	170.000
387.000	176.000
388.000	172.000
389.000	158.000
390.000	110.000
391.000	81.000
392.000	64.000
393.000	47.000
394.000	44.000
395.000	32.000
396.000	37.000
397.000	29.000
398.000	18.000
399.000	28.000
400.000	35.000
401.000	27.000
402.000	20.000
403.000	37.000
404.000	26.000
405.000	26.000
406.000	34.000
407.000	27.000
408.000	34.000
409.000	27.000
410.000	31.000
411.000	27.000
412.000	24.000
413.000	35.000
414.000	36.000
415.000	36.000
416.000	31.000
417.000	31.000
418.000	23.000
419.000	39.000
420.000	47.000
421.000	38.000
422.000	24.000
423.000	31.000
424.000	37.000
425.000	44.000
426.000	33.000
427.000	37.000
428.000	36.000
429.000	34.000
430.000	27.000
431.000	36.000
432.000	33.000
433.000	48.000
434.000	48.000
435.000	36.000
436.000	47.000
437.000	40.000
438.000	43.000
439.000	47.000
440.000	40.000
441.000	55.000
442.000	50.000
443.000	52.000
444.000	58.000
445.000	57.000
446.000	56.000
447.000	57.000
448.000	47.000
449.000	40.000
450.000	56.000
451.000	56.000
452.000	49.000
453.000	62.000
454.000	49.000
455.000	51.000
456.000	60.000
457.000	64.000
458.000	47.000
459.000	49.000
460.000	43.000
461.000	63.000
462.000	52.000
463.000	54.000
464.000	52.000
465.000	60.000
466.000	53.000
467.000	62.000
468.000	58.000
469.000	58.000
470.000	59.000
471.000	70.000
472.000	60.000
473.000	73.000
474.000	56.000
475.000	75.000
476.000	62.000
477.000	67.000
478.000	81.000
479.000	68.000
480.000	67.000
481.000	71.000
482.000	64.000
483.000	56.000
484.000	57.000
485.000	55.000
486.000	60.000
487.000	57.000
488.000	65.000
489.000	60.000
490.000	87.000
491.000	69.000
492.000	55.000
493.000	74.000
494.000	85.000
495.000	75.000
496.000	66.000
497.000	55.000
498.000	70.000
499.000	71.000
500.000	66.000
501.000	80.000
502.000	68.000
503.000	72.000
504.000	74.000
505.000	88.000
506.000	90.000
507.000	91.000
508.000	93.000
509.000	94.000
510.000	86.000
511.000	95.000
512.000	96.000
513.000	89.000
514.000	110.000
515.000	103.000
516.000	91.000
517.000	96.000
518.000	96.000
519.000	89.000
520.000	100.000
521.000	88.000
522.000	91.000
523.000	94.000
524.000	110.000
525.000	104.000
526.000	97.000
527.000	93.000
528.000	88.000
529.000	92.000
530.000	110.000
531.000	120.000
532.000	95.000
533.000	88.000
534.000	99.000
535.000	109.000
536.000	111.000
537.000	106.000
538.000	100.000
539.000	100.000
540.000	107.000
541.000	93.000
542.000	93.000
543.000	117.000
544.000	107.000
545.000	99.000
546.000	115.000
547.000	118.000
548.000	112.000
549.000	108.000
550.000	122.000
551.000	121.000
552.000	109.000
553.000	120.000
554.000	121.000
555.000	102.000
556.000	132.000
557.000	114.000
558.000	123.000
559.000	142.000
560.000	123.000
561.000	133.000
562.000	128.000
563.000	123.000
564.000	136.000
565.000	136.000
566.000	141.000
567.000	139.000
568.000	120.000
569.000	111.000
570.000	142.000
571.000	149.000
572.000	151.000
573.000	155.000
574.000	145.000
575.000	162.000
576.000	141.000
577.000	118.000
578.000	147.000
579.000	148.000
580.000	149.000
581.000	152.000
582.000	136.000
583.000	152.000
584.000	111.000
585.000	141.000
586.000	155.000
587.000	158.000
588.000	139.000
589.000	155.000
590.000	140.000
591.000	179.000
592.000	138.000
593.000	159.000
594.000	171.000
595.000	158.000
596.000	138.000
597.000	158.000
598.000	139.000
599.000	173.000
600.000	157.000
601.000	170.000
602.000	173.000
603.000	148.000
604.000	179.000
605.000	144.000
606.000	167.000
607.000	174.000
608.000	177.000
609.000	161.000
610.000	168.000
611.000	157.000
612.000	167.000
613.000	165.000
614.000	180.000
615.000	180.000
616.000	169.000
617.000	170.000
618.000	164.000
619.000	188.000
620.000	197.000
621.000	168.000
622.000	181.000
623.000	164.000
624.000	191.000
625.000	173.000
626.000	163.000
627.000	171.000
628.000	182.000
629.000	180.000
630.000	192.000
631.000	205.000
632.000	188.000
633.000	207.000
634.000	176.000
635.000	183.000
636.000	222.000
637.000	207.000
638.000	219.000
639.000	195.000
640.000	179.000
641.000	180.000
642.000	187.000
643.000	216.000
644.000	238.000
645.000	210.000
646.000	212.000
647.000	225.000
648.000	224.000
649.000	205.000
650.000	211.000
651.000	212.000
652.000	211.000
653.000	182.000
654.000	236.000
655.000	192.000
656.000	223.000
657.000	205.000
658.000	190.000
659.000	213.000
660.000	197.000
661.000	193.000
662.000	232.000
663.000	194.000
664.000	241.000
665.000	217.000
666.000	202.000
667.000	207.000
668.000	207.000
669.000	205.000
670.000	228.000
671.000	220.000
672.000	235.000
673.000	234.000
674.000	224.000
675.000	228.000
676.000	204.000
677.000	248.000
678.000	215.000
679.000	221.000
680.000	231.000
681.000	247.000
682.000	199.000
683.000	230.000
684.000	219.000
685.000	242.000
686.000	244.000
687.000	243.000
688.000	243.000
689.000	227.000
690.000	220.000
691.000	247.000
692.000	216.000
693.000	235.000
694.000	241.000
695.000	239.000
696.000	256.000
697.000	249.000
698.000	241.000
699.000	270.000
700.000	255.000
701.000	241.000
702.000	231.000
703.000	256.000
704.000	227.000
705.000	226.000
706.000	285.000
707.000	277.000
708.000	247.000
709.000	243.000
710.000	253.000
711.000	238.000
712.000	257.000
713.000	253.000
714.000	238.000
715.000	255.000
716.000	275.000
717.000	282.000
718.000	262.000
719.000	241.000
720.000	282.000
721.000	286.000
722.000	251.000
723.000	228.000
724.000	280.000
725.000	281.000
726.000	285.000
727.000	261.000
728.000	237.000
729.000	268.000
730.000	284.000
731.000	287.000
732.000	276.000
733.000	273.000
734.000	271.000
735.000	295.000
736.000	304.000
737.000	296.000
738.000	255.000
739.000	292.000
740.000	293.000
741.000	304.000
742.000	263.000
743.000	307.000
744.000	280.000
745.000	304.000
746.000	263.000
747.000	263.000
748.000	310.000
749.000	324.000
750.000	264.000
751.000	302.000
752.000	279.000
753.000	288.000
754.000	292.000
755.000	284.000
756.000	276.000
757.000	302.000
758.000	292.000
759.000	286.000
760.000	283.000
761.000	288.000
762.000	293.000
763.000	294.000
764.000	318.000
765.000	286.000
766.000	310.000
767.000	329.000
768.000	314.000
769.000	321.000
770.000	318.000
771.000	336.000
772.000	318.000
773.000	325.000
774.000	329.000
775.000	330.000
776.000	312.000
777.000	286.000
778.000	308.000
779.000	298.000
780.000	307.000
781.000	334.000
782.000	288.000
783.000	280.000
784.000	329.000
785.000	320.000
786.000	316.000
787.000	310.000
788.000	303.000
789.000	295.000
790.000	305.000
791.000	319.000
792.000	311.000
793.000	281.000
794.000	323.000
795.000	307.000
796.000	328.000
797.000	299.000
798.000	313.000
799.000	310.000
800.000	317.000
801.000	318.000
802.000	328.000
803.000	331.000
804.000	307.000
805.000	314.000
806.000	318.000
807.000	290.000
808.000	322.000
809.000	282.000
810.000	286.000
811.000	305.000
812.000	313.000
813.000	299.000
814.000	322.000
815.000	308.000
816.000	336.000
817.000	334.000
818.000	334.000
819.000	322.000
820.000	337.000
821.000	326.000
822.000	332.000
823.000	334.000
824.000	313.000
825.000	322.000
826.000	341.000
827.000	310.000
828.000	312.000
829.000	348.000
830.000	312.000
831.000	342.000
832.000	373.000
833.000	343.000
834.000	336.000
835.000	336.000
836.000	315.000
837.000	358.000
838.000	358.000
839.000	360.000
840.000	334.000
841.000	321.000
842.000	366.000
843.000	349.000
844.000	338.000
845.000	344.000
846.000	331.000
847.000	348.000
848.000	397.000
849.000	391.000
850.000	371.000
851.000	372.000
852.000	393.000
853.000	369.000
854.000	375.000
855.000	357.000
856.000	386.000
857.000	366.000
858.000	366.000
859.000	366.000
860.000	407.000
861.000	435.000
862.000	451.000
863.000	397.000
864.000	442.000
865.000	455.000
866.000	442.000
867.000	419.000
868.000	443.000
869.000	495.000
870.000	477.000
871.000	509.000
872.000	503.000
873.000	533.000
874.000	536.000
875.000	558.000
876.000	576.000
877.000	620.000
878.000	640.000
879.000	659.000
880.000	675.000
881.000	738.000
882.000	806.000
883.000	822.000
884.000	860.000
885.000	887.000
886.000	957.000
887.000	1073.000
888.000	1152.000
889.000	1138.000
890.000	1192.000
891.000	1231.000
892.000	1401.000
893.000	1358.000
894.000	1477.000
895.000	1506.000
896.000	1587.000
897.000	1537.000
898.000	1569.000
899.000	1565.000
900.000	1529.000
901.000	1670.000
902.000	1615.000
903.000	1479.000
904.000	1626.000
905.000	1534.000
906.000	1451.000
907.000	1395.000
908.000	1371.000
909.000	1312.000
910.000	1195.000
911.000	1171.000
912.000	1088.000
913.000	1095.000
914.000	994.000
915.000	954.000
916.000	913.000
917.000	840.000
918.000	792.000
919.000	763.000
920.000	658.000
921.000	622.000
922.000	624.000
923.000	609.000
924.000	564.000
925.000	527.000
926.000	547.000
927.000	429.000
928.000	443.000
929.000	453.000
930.000	405.000
931.000	378.000
932.000	402.000
933.000	408.000
934.000	398.000
935.000	392.000
936.000	384.000
937.000	376.000
938.000	362.000
939.000	421.000
940.000	365.000
941.000	399.000
942.000	419.000
943.000	477.000
944.000	532.000
945.000	538.000
946.000	586.000
947.000	605.000
948.000	648.000
949.000	775.000
950.000	779.000
951.000	829.000
952.000	887.000
953.000	825.000
954.000	839.000
955.000	780.000
956.000	831.000
957.000	742.000
958.000	735.000
959.000	582.000
960.000	553.000
961.000	525.000
962.000	468.000
963.000	436.000
964.000	383.000
965.000	365.000
966.000	342.000
967.000	295.000
968.000	303.000
969.000	291.000
970.000	327.000
971.000	329.000
972.000	290.000
973.000	302.000
974.000	291.000
975.000	302.000
976.000	339.000
977.000	293.000
978.000	323.000
979.000	316.000
980.000	279.000
981.000	299.000
982.000	331.000
983.000	345.000
984.000	331.000
985.000	354.000
986.000	341.000
987.000	358.000
988.000	387.000
989.000	375.000
990.000	386.000
991.000	370.000
992.000	354.000
993.000	414.000
994.000	433.000
995.000	397.000
996.000	452.000
997.000	418.000
998.000	442.000
999.000	455.000
1000.000	452.000
1001.000	489.000
1002.000	506.000
1003.000	471.000
1004.000	491.000
1005.000	461.000
1006.000	434.000
1007.000	453.000
1008.000	444.000
1009.000	471.000
1010.000	452.000
1011.000	436.000
1012.000	400.000
1013.000	441.000
1014.000	413.000
1015.000	415.000
1016.000	370.000
1017.000	386.000
1018.000	380.000
1019.000	349.000
1020.000	338.000
1021.000	318.000
1022.000	310.000
1023.000	329.000
1024.000	264.000
