Date:	8/19/2008		Time:	9:28 AM		Version no:	0.00		Project name:	55		Sample name:	222		Section name:	section		Position	560.039995	mm	E0	0.000000	keV	E1	1.000000	keV/channel	sample surface	7.754782	cm	Tube anode:	Mo		Tube voltage:	30	kV	Tube current:	50	mA	gain	20		std. database			resultfile	result		matrix element	11		sample thickness	1.000000		air passage	0.560000	cm	comments	not in position		peaking_time	3.000000	m-sec	trigger_threshold	1229.166667	V	mca_bin_width	22.090000	no:	number_mca_channels	1024.000000	no:	gap_time	0.400000	m-sec	trigger_peaking_time	0.150000	m-sec	GAINDAC	9455		HIGHGAIN	1		TAURC	0		RCTAU	53		RCTAUFRAC	32768		livetime	9.709858	seconds	runtime	10.000503	seconds	input_count_rate	27.302664	cps	output_count_rate	21.027442	cps	triggers	265105	seconds	events_in_run	210285	seconds	channel	content		1.000	0.000
2.000	0.000
3.000	0.000
4.000	0.000
5.000	0.000
6.000	0.000
7.000	0.000
8.000	0.000
9.000	0.000
10.000	0.000
11.000	0.000
12.000	0.000
13.000	0.000
14.000	0.000
15.000	0.000
16.000	0.000
17.000	0.000
18.000	0.000
19.000	0.000
20.000	0.000
21.000	0.000
22.000	0.000
23.000	0.000
24.000	0.000
25.000	0.000
26.000	0.000
27.000	0.000
28.000	0.000
29.000	0.000
30.000	0.000
31.000	0.000
32.000	0.000
33.000	0.000
34.000	1.000
35.000	1.000
36.000	1.000
37.000	1.000
38.000	2.000
39.000	3.000
40.000	5.000
41.000	4.000
42.000	5.000
43.000	1.000
44.000	2.000
45.000	6.000
46.000	3.000
47.000	3.000
48.000	4.000
49.000	11.000
50.000	11.000
51.000	10.000
52.000	16.000
53.000	7.000
54.000	14.000
55.000	8.000
56.000	10.000
57.000	4.000
58.000	7.000
59.000	13.000
60.000	7.000
61.000	14.000
62.000	9.000
63.000	13.000
64.000	7.000
65.000	10.000
66.000	14.000
67.000	9.000
68.000	10.000
69.000	14.000
70.000	5.000
71.000	5.000
72.000	8.000
73.000	14.000
74.000	19.000
75.000	11.000
76.000	9.000
77.000	12.000
78.000	9.000
79.000	7.000
80.000	8.000
81.000	7.000
82.000	6.000
83.000	7.000
84.000	6.000
85.000	15.000
86.000	4.000
87.000	4.000
88.000	5.000
89.000	9.000
90.000	6.000
91.000	9.000
92.000	9.000
93.000	4.000
94.000	7.000
95.000	10.000
96.000	9.000
97.000	10.000
98.000	10.000
99.000	7.000
100.000	8.000
101.000	2.000
102.000	9.000
103.000	10.000
104.000	6.000
105.000	7.000
106.000	5.000
107.000	5.000
108.000	11.000
109.000	6.000
110.000	7.000
111.000	4.000
112.000	9.000
113.000	8.000
114.000	7.000
115.000	6.000
116.000	11.000
117.000	6.000
118.000	4.000
119.000	6.000
120.000	7.000
121.000	11.000
122.000	9.000
123.000	7.000
124.000	5.000
125.000	8.000
126.000	14.000
127.000	10.000
128.000	7.000
129.000	7.000
130.000	9.000
131.000	7.000
132.000	8.000
133.000	10.000
134.000	11.000
135.000	10.000
136.000	5.000
137.000	2.000
138.000	6.000
139.000	8.000
140.000	3.000
141.000	5.000
142.000	6.000
143.000	5.000
144.000	1.000
145.000	4.000
146.000	2.000
147.000	4.000
148.000	2.000
149.000	2.000
150.000	8.000
151.000	6.000
152.000	3.000
153.000	5.000
154.000	6.000
155.000	4.000
156.000	4.000
157.000	5.000
158.000	5.000
159.000	2.000
160.000	10.000
161.000	9.000
162.000	13.000
163.000	6.000
164.000	10.000
165.000	9.000
166.000	7.000
167.000	8.000
168.000	3.000
169.000	7.000
170.000	0.000
171.000	2.000
172.000	4.000
173.000	2.000
174.000	6.000
175.000	6.000
176.000	5.000
177.000	5.000
178.000	7.000
179.000	4.000
180.000	3.000
181.000	2.000
182.000	5.000
183.000	3.000
184.000	3.000
185.000	5.000
186.000	2.000
187.000	2.000
188.000	6.000
189.000	3.000
190.000	3.000
191.000	4.000
192.000	3.000
193.000	3.000
194.000	0.000
195.000	2.000
196.000	5.000
197.000	5.000
198.000	5.000
199.000	12.000
200.000	17.000
201.000	27.000
202.000	28.000
203.000	26.000
204.000	21.000
205.000	21.000
206.000	15.000
207.000	10.000
208.000	4.000
209.000	4.000
210.000	5.000
211.000	7.000
212.000	5.000
213.000	5.000
214.000	4.000
215.000	1.000
216.000	4.000
217.000	6.000
218.000	4.000
219.000	6.000
220.000	8.000
221.000	6.000
222.000	8.000
223.000	3.000
224.000	3.000
225.000	4.000
226.000	4.000
227.000	5.000
228.000	4.000
229.000	7.000
230.000	4.000
231.000	1.000
232.000	4.000
233.000	4.000
234.000	5.000
235.000	3.000
236.000	5.000
237.000	1.000
238.000	3.000
239.000	1.000
240.000	2.000
241.000	2.000
242.000	4.000
243.000	7.000
244.000	3.000
245.000	2.000
246.000	12.000
247.000	4.000
248.000	5.000
249.000	7.000
250.000	6.000
251.000	3.000
252.000	6.000
253.000	5.000
254.000	3.000
255.000	2.000
256.000	3.000
257.000	4.000
258.000	6.000
259.000	4.000
260.000	4.000
261.000	5.000
262.000	3.000
263.000	3.000
264.000	2.000
265.000	1.000
266.000	5.000
267.000	5.000
268.000	8.000
269.000	5.000
270.000	3.000
271.000	7.000
272.000	2.000
273.000	5.000
274.000	5.000
275.000	2.000
276.000	3.000
277.000	4.000
278.000	7.000
279.000	4.000
280.000	7.000
281.000	4.000
282.000	5.000
283.000	6.000
284.000	5.000
285.000	8.000
286.000	3.000
287.000	3.000
288.000	3.000
289.000	8.000
290.000	4.000
291.000	9.000
292.000	6.000
293.000	6.000
294.000	9.000
295.000	5.000
296.000	9.000
297.000	6.000
298.000	10.000
299.000	7.000
300.000	6.000
301.000	3.000
302.000	7.000
303.000	1.000
304.000	7.000
305.000	6.000
306.000	7.000
307.000	8.000
308.000	4.000
309.000	3.000
310.000	2.000
311.000	8.000
312.000	8.000
313.000	5.000
314.000	7.000
315.000	11.000
316.000	11.000
317.000	12.000
318.000	18.000
319.000	30.000
320.000	30.000
321.000	30.000
322.000	36.000
323.000	38.000
324.000	37.000
325.000	42.000
326.000	29.000
327.000	25.000
328.000	16.000
329.000	12.000
330.000	8.000
331.000	6.000
332.000	8.000
333.000	5.000
334.000	14.000
335.000	7.000
336.000	10.000
337.000	11.000
338.000	9.000
339.000	11.000
340.000	17.000
341.000	24.000
342.000	33.000
343.000	44.000
344.000	65.000
345.000	118.000
346.000	195.000
347.000	273.000
348.000	321.000
349.000	436.000
350.000	470.000
351.000	446.000
352.000	434.000
353.000	390.000
354.000	297.000
355.000	238.000
356.000	140.000
357.000	101.000
358.000	62.000
359.000	29.000
360.000	28.000
361.000	16.000
362.000	20.000
363.000	8.000
364.000	14.000
365.000	13.000
366.000	17.000
367.000	13.000
368.000	14.000
369.000	10.000
370.000	19.000
371.000	8.000
372.000	14.000
373.000	20.000
374.000	10.000
375.000	14.000
376.000	11.000
377.000	23.000
378.000	24.000
379.000	24.000
380.000	41.000
381.000	27.000
382.000	56.000
383.000	70.000
384.000	85.000
385.000	98.000
386.000	98.000
387.000	93.000
388.000	91.000
389.000	69.000
390.000	61.000
391.000	48.000
392.000	47.000
393.000	25.000
394.000	24.000
395.000	19.000
396.000	13.000
397.000	11.000
398.000	13.000
399.000	17.000
400.000	9.000
401.000	20.000
402.000	19.000
403.000	15.000
404.000	22.000
405.000	9.000
406.000	17.000
407.000	16.000
408.000	15.000
409.000	16.000
410.000	21.000
411.000	19.000
412.000	17.000
413.000	12.000
414.000	20.000
415.000	17.000
416.000	19.000
417.000	15.000
418.000	20.000
419.000	19.000
420.000	25.000
421.000	19.000
422.000	13.000
423.000	17.000
424.000	21.000
425.000	25.000
426.000	22.000
427.000	22.000
428.000	23.000
429.000	24.000
430.000	32.000
431.000	20.000
432.000	23.000
433.000	21.000
434.000	23.000
435.000	18.000
436.000	26.000
437.000	23.000
438.000	34.000
439.000	21.000
440.000	26.000
441.000	27.000
442.000	30.000
443.000	32.000
444.000	26.000
445.000	27.000
446.000	34.000
447.000	19.000
448.000	25.000
449.000	28.000
450.000	33.000
451.000	35.000
452.000	41.000
453.000	29.000
454.000	33.000
455.000	36.000
456.000	32.000
457.000	38.000
458.000	29.000
459.000	37.000
460.000	38.000
461.000	33.000
462.000	21.000
463.000	28.000
464.000	31.000
465.000	35.000
466.000	33.000
467.000	38.000
468.000	35.000
469.000	29.000
470.000	46.000
471.000	40.000
472.000	33.000
473.000	32.000
474.000	36.000
475.000	37.000
476.000	27.000
477.000	44.000
478.000	46.000
479.000	50.000
480.000	32.000
481.000	42.000
482.000	23.000
483.000	38.000
484.000	38.000
485.000	35.000
486.000	31.000
487.000	37.000
488.000	46.000
489.000	28.000
490.000	54.000
491.000	42.000
492.000	48.000
493.000	41.000
494.000	40.000
495.000	30.000
496.000	31.000
497.000	35.000
498.000	41.000
499.000	45.000
500.000	49.000
501.000	39.000
502.000	40.000
503.000	43.000
504.000	54.000
505.000	57.000
506.000	55.000
507.000	52.000
508.000	57.000
509.000	56.000
510.000	49.000
511.000	57.000
512.000	61.000
513.000	53.000
514.000	57.000
515.000	64.000
516.000	48.000
517.000	55.000
518.000	65.000
519.000	74.000
520.000	61.000
521.000	60.000
522.000	66.000
523.000	58.000
524.000	60.000
525.000	70.000
526.000	63.000
527.000	73.000
528.000	67.000
529.000	72.000
530.000	52.000
531.000	63.000
532.000	82.000
533.000	73.000
534.000	90.000
535.000	76.000
536.000	63.000
537.000	74.000
538.000	80.000
539.000	57.000
540.000	82.000
541.000	67.000
542.000	64.000
543.000	65.000
544.000	73.000
545.000	72.000
546.000	57.000
547.000	59.000
548.000	62.000
549.000	73.000
550.000	72.000
551.000	83.000
552.000	90.000
553.000	58.000
554.000	82.000
555.000	93.000
556.000	81.000
557.000	90.000
558.000	83.000
559.000	69.000
560.000	77.000
561.000	88.000
562.000	87.000
563.000	84.000
564.000	89.000
565.000	76.000
566.000	82.000
567.000	91.000
568.000	84.000
569.000	92.000
570.000	73.000
571.000	89.000
572.000	90.000
573.000	99.000
574.000	81.000
575.000	119.000
576.000	121.000
577.000	84.000
578.000	89.000
579.000	92.000
580.000	95.000
581.000	103.000
582.000	105.000
583.000	112.000
584.000	95.000
585.000	92.000
586.000	107.000
587.000	102.000
588.000	87.000
589.000	117.000
590.000	92.000
591.000	124.000
592.000	115.000
593.000	110.000
594.000	97.000
595.000	109.000
596.000	126.000
597.000	105.000
598.000	138.000
599.000	125.000
600.000	103.000
601.000	96.000
602.000	113.000
603.000	119.000
604.000	124.000
605.000	143.000
606.000	111.000
607.000	111.000
608.000	108.000
609.000	112.000
610.000	129.000
611.000	113.000
612.000	126.000
613.000	132.000
614.000	105.000
615.000	133.000
616.000	117.000
617.000	134.000
618.000	139.000
619.000	128.000
620.000	155.000
621.000	132.000
622.000	126.000
623.000	135.000
624.000	131.000
625.000	133.000
626.000	132.000
627.000	169.000
628.000	115.000
629.000	139.000
630.000	131.000
631.000	149.000
632.000	125.000
633.000	149.000
634.000	149.000
635.000	131.000
636.000	175.000
637.000	152.000
638.000	128.000
639.000	132.000
640.000	151.000
641.000	177.000
642.000	152.000
643.000	138.000
644.000	152.000
645.000	149.000
646.000	164.000
647.000	132.000
648.000	148.000
649.000	160.000
650.000	165.000
651.000	171.000
652.000	183.000
653.000	181.000
654.000	190.000
655.000	165.000
656.000	180.000
657.000	153.000
658.000	171.000
659.000	176.000
660.000	169.000
661.000	175.000
662.000	187.000
663.000	168.000
664.000	174.000
665.000	160.000
666.000	160.000
667.000	169.000
668.000	164.000
669.000	173.000
670.000	151.000
671.000	197.000
672.000	185.000
673.000	172.000
674.000	194.000
675.000	178.000
676.000	187.000
677.000	164.000
678.000	194.000
679.000	197.000
680.000	194.000
681.000	184.000
682.000	176.000
683.000	196.000
684.000	169.000
685.000	194.000
686.000	177.000
687.000	190.000
688.000	177.000
689.000	187.000
690.000	188.000
691.000	193.000
692.000	226.000
693.000	172.000
694.000	221.000
695.000	183.000
696.000	204.000
697.000	195.000
698.000	183.000
699.000	187.000
700.000	201.000
701.000	200.000
702.000	196.000
703.000	208.000
704.000	199.000
705.000	181.000
706.000	205.000
707.000	238.000
708.000	212.000
709.000	209.000
710.000	230.000
711.000	207.000
712.000	197.000
713.000	231.000
714.000	206.000
715.000	228.000
716.000	204.000
717.000	215.000
718.000	220.000
719.000	231.000
720.000	228.000
721.000	215.000
722.000	210.000
723.000	206.000
724.000	214.000
725.000	218.000
726.000	234.000
727.000	242.000
728.000	229.000
729.000	236.000
730.000	218.000
731.000	228.000
732.000	234.000
733.000	245.000
734.000	267.000
735.000	214.000
736.000	227.000
737.000	249.000
738.000	233.000
739.000	219.000
740.000	235.000
741.000	208.000
742.000	228.000
743.000	260.000
744.000	241.000
745.000	271.000
746.000	216.000
747.000	237.000
748.000	224.000
749.000	222.000
750.000	262.000
751.000	227.000
752.000	223.000
753.000	236.000
754.000	226.000
755.000	239.000
756.000	237.000
757.000	236.000
758.000	234.000
759.000	246.000
760.000	257.000
761.000	245.000
762.000	250.000
763.000	253.000
764.000	251.000
765.000	268.000
766.000	260.000
767.000	253.000
768.000	278.000
769.000	283.000
770.000	274.000
771.000	252.000
772.000	256.000
773.000	284.000
774.000	250.000
775.000	305.000
776.000	266.000
777.000	270.000
778.000	291.000
779.000	265.000
780.000	270.000
781.000	270.000
782.000	277.000
783.000	275.000
784.000	229.000
785.000	236.000
786.000	234.000
787.000	246.000
788.000	237.000
789.000	254.000
790.000	277.000
791.000	240.000
792.000	244.000
793.000	245.000
794.000	250.000
795.000	279.000
796.000	242.000
797.000	281.000
798.000	264.000
799.000	268.000
800.000	287.000
801.000	271.000
802.000	277.000
803.000	271.000
804.000	287.000
805.000	276.000
806.000	262.000
807.000	283.000
808.000	277.000
809.000	287.000
810.000	268.000
811.000	289.000
812.000	297.000
813.000	279.000
814.000	289.000
815.000	264.000
816.000	280.000
817.000	283.000
818.000	251.000
819.000	280.000
820.000	267.000
821.000	273.000
822.000	269.000
823.000	291.000
824.000	306.000
825.000	288.000
826.000	297.000
827.000	317.000
828.000	292.000
829.000	283.000
830.000	293.000
831.000	286.000
832.000	279.000
833.000	279.000
834.000	291.000
835.000	300.000
836.000	308.000
837.000	308.000
838.000	342.000
839.000	307.000
840.000	268.000
841.000	330.000
842.000	296.000
843.000	355.000
844.000	297.000
845.000	353.000
846.000	310.000
847.000	308.000
848.000	322.000
849.000	311.000
850.000	345.000
851.000	335.000
852.000	349.000
853.000	333.000
854.000	351.000
855.000	322.000
856.000	358.000
857.000	344.000
858.000	372.000
859.000	381.000
860.000	351.000
861.000	369.000
862.000	375.000
863.000	414.000
864.000	399.000
865.000	404.000
866.000	410.000
867.000	439.000
868.000	395.000
869.000	478.000
870.000	429.000
871.000	410.000
872.000	432.000
873.000	462.000
874.000	500.000
875.000	478.000
876.000	547.000
877.000	543.000
878.000	548.000
879.000	567.000
880.000	645.000
881.000	672.000
882.000	697.000
883.000	786.000
884.000	739.000
885.000	825.000
886.000	859.000
887.000	948.000
888.000	1009.000
889.000	1071.000
890.000	1121.000
891.000	1171.000
892.000	1200.000
893.000	1232.000
894.000	1312.000
895.000	1361.000
896.000	1440.000
897.000	1421.000
898.000	1459.000
899.000	1477.000
900.000	1460.000
901.000	1490.000
902.000	1461.000
903.000	1495.000
904.000	1432.000
905.000	1420.000
906.000	1340.000
907.000	1388.000
908.000	1255.000
909.000	1164.000
910.000	1233.000
911.000	1124.000
912.000	1077.000
913.000	1000.000
914.000	960.000
915.000	905.000
916.000	815.000
917.000	788.000
918.000	792.000
919.000	680.000
920.000	623.000
921.000	637.000
922.000	613.000
923.000	607.000
924.000	530.000
925.000	544.000
926.000	476.000
927.000	440.000
928.000	438.000
929.000	425.000
930.000	407.000
931.000	389.000
932.000	391.000
933.000	357.000
934.000	357.000
935.000	380.000
936.000	342.000
937.000	381.000
938.000	354.000
939.000	393.000
940.000	363.000
941.000	398.000
942.000	391.000
943.000	417.000
944.000	467.000
945.000	518.000
946.000	583.000
947.000	616.000
948.000	658.000
949.000	724.000
950.000	756.000
951.000	781.000
952.000	816.000
953.000	784.000
954.000	793.000
955.000	763.000
956.000	778.000
957.000	726.000
958.000	636.000
959.000	567.000
960.000	552.000
961.000	509.000
962.000	450.000
963.000	430.000
964.000	396.000
965.000	304.000
966.000	294.000
967.000	295.000
968.000	314.000
969.000	336.000
970.000	312.000
971.000	293.000
972.000	326.000
973.000	280.000
974.000	312.000
975.000	275.000
976.000	300.000
977.000	259.000
978.000	290.000
979.000	301.000
980.000	293.000
981.000	321.000
982.000	322.000
983.000	326.000
984.000	327.000
985.000	320.000
986.000	384.000
987.000	354.000
988.000	339.000
989.000	352.000
990.000	385.000
991.000	368.000
992.000	375.000
993.000	404.000
994.000	414.000
995.000	387.000
996.000	431.000
997.000	401.000
998.000	445.000
999.000	464.000
1000.000	420.000
1001.000	457.000
1002.000	429.000
1003.000	426.000
1004.000	474.000
1005.000	461.000
1006.000	454.000
1007.000	468.000
1008.000	434.000
1009.000	436.000
1010.000	408.000
1011.000	407.000
1012.000	407.000
1013.000	403.000
1014.000	393.000
1015.000	378.000
1016.000	381.000
1017.000	344.000
1018.000	347.000
1019.000	323.000
1020.000	338.000
1021.000	305.000
1022.000	303.000
1023.000	303.000
1024.000	247.000
