Date:	8/19/2008		Time:	8:54 AM		Version no:	0.00		Project name:	55		Sample name:	222		Section name:	section		Position	200.039995	mm	E0	0.000000	keV	E1	1.000000	keV/channel	sample surface	7.635507	cm	Tube anode:	Mo		Tube voltage:	30	kV	Tube current:	50	mA	gain	20		std. database			resultfile	result		matrix element	11		sample thickness	1.000000		air passage	0.560000	cm	comments	not in position		peaking_time	3.000000	m-sec	trigger_threshold	1229.166667	V	mca_bin_width	22.090000	no:	number_mca_channels	1024.000000	no:	gap_time	0.400000	m-sec	trigger_peaking_time	0.150000	m-sec	GAINDAC	9455		HIGHGAIN	1		TAURC	0		RCTAU	53		RCTAUFRAC	32768		livetime	9.665597	seconds	runtime	10.000502	seconds	input_count_rate	31.189383	cps	output_count_rate	23.308031	cps	triggers	301464	seconds	events_in_run	233092	seconds	channel	content		1.000	0.000
2.000	0.000
3.000	0.000
4.000	0.000
5.000	0.000
6.000	0.000
7.000	0.000
8.000	0.000
9.000	0.000
10.000	0.000
11.000	0.000
12.000	0.000
13.000	0.000
14.000	0.000
15.000	0.000
16.000	0.000
17.000	0.000
18.000	0.000
19.000	0.000
20.000	0.000
21.000	0.000
22.000	0.000
23.000	0.000
24.000	0.000
25.000	0.000
26.000	0.000
27.000	0.000
28.000	0.000
29.000	0.000
30.000	0.000
31.000	1.000
32.000	0.000
33.000	0.000
34.000	1.000
35.000	2.000
36.000	1.000
37.000	1.000
38.000	1.000
39.000	0.000
40.000	6.000
41.000	5.000
42.000	7.000
43.000	4.000
44.000	4.000
45.000	1.000
46.000	6.000
47.000	6.000
48.000	3.000
49.000	5.000
50.000	8.000
51.000	9.000
52.000	10.000
53.000	10.000
54.000	7.000
55.000	12.000
56.000	12.000
57.000	14.000
58.000	15.000
59.000	8.000
60.000	6.000
61.000	16.000
62.000	8.000
63.000	11.000
64.000	13.000
65.000	16.000
66.000	12.000
67.000	15.000
68.000	8.000
69.000	12.000
70.000	9.000
71.000	8.000
72.000	9.000
73.000	9.000
74.000	9.000
75.000	8.000
76.000	6.000
77.000	10.000
78.000	5.000
79.000	10.000
80.000	6.000
81.000	7.000
82.000	5.000
83.000	10.000
84.000	8.000
85.000	8.000
86.000	4.000
87.000	10.000
88.000	6.000
89.000	12.000
90.000	13.000
91.000	11.000
92.000	7.000
93.000	8.000
94.000	8.000
95.000	6.000
96.000	5.000
97.000	8.000
98.000	7.000
99.000	5.000
100.000	14.000
101.000	3.000
102.000	9.000
103.000	11.000
104.000	9.000
105.000	7.000
106.000	7.000
107.000	7.000
108.000	11.000
109.000	6.000
110.000	6.000
111.000	7.000
112.000	4.000
113.000	8.000
114.000	11.000
115.000	7.000
116.000	2.000
117.000	8.000
118.000	5.000
119.000	8.000
120.000	7.000
121.000	7.000
122.000	4.000
123.000	7.000
124.000	10.000
125.000	12.000
126.000	9.000
127.000	11.000
128.000	16.000
129.000	13.000
130.000	12.000
131.000	10.000
132.000	3.000
133.000	8.000
134.000	7.000
135.000	9.000
136.000	3.000
137.000	8.000
138.000	8.000
139.000	3.000
140.000	4.000
141.000	7.000
142.000	4.000
143.000	4.000
144.000	4.000
145.000	3.000
146.000	4.000
147.000	5.000
148.000	3.000
149.000	2.000
150.000	8.000
151.000	3.000
152.000	2.000
153.000	6.000
154.000	2.000
155.000	6.000
156.000	3.000
157.000	5.000
158.000	9.000
159.000	4.000
160.000	8.000
161.000	12.000
162.000	13.000
163.000	7.000
164.000	9.000
165.000	10.000
166.000	3.000
167.000	5.000
168.000	5.000
169.000	4.000
170.000	3.000
171.000	5.000
172.000	5.000
173.000	7.000
174.000	5.000
175.000	3.000
176.000	1.000
177.000	8.000
178.000	8.000
179.000	3.000
180.000	10.000
181.000	10.000
182.000	7.000
183.000	10.000
184.000	8.000
185.000	5.000
186.000	7.000
187.000	6.000
188.000	6.000
189.000	0.000
190.000	3.000
191.000	3.000
192.000	5.000
193.000	6.000
194.000	4.000
195.000	5.000
196.000	9.000
197.000	9.000
198.000	14.000
199.000	18.000
200.000	26.000
201.000	24.000
202.000	29.000
203.000	23.000
204.000	29.000
205.000	25.000
206.000	10.000
207.000	11.000
208.000	4.000
209.000	6.000
210.000	0.000
211.000	2.000
212.000	6.000
213.000	7.000
214.000	4.000
215.000	5.000
216.000	3.000
217.000	7.000
218.000	7.000
219.000	8.000
220.000	5.000
221.000	6.000
222.000	8.000
223.000	5.000
224.000	3.000
225.000	5.000
226.000	4.000
227.000	4.000
228.000	3.000
229.000	3.000
230.000	2.000
231.000	3.000
232.000	4.000
233.000	6.000
234.000	4.000
235.000	4.000
236.000	4.000
237.000	4.000
238.000	2.000
239.000	7.000
240.000	3.000
241.000	1.000
242.000	6.000
243.000	8.000
244.000	9.000
245.000	11.000
246.000	7.000
247.000	13.000
248.000	19.000
249.000	9.000
250.000	15.000
251.000	8.000
252.000	5.000
253.000	7.000
254.000	7.000
255.000	10.000
256.000	6.000
257.000	3.000
258.000	3.000
259.000	7.000
260.000	7.000
261.000	8.000
262.000	5.000
263.000	6.000
264.000	4.000
265.000	7.000
266.000	6.000
267.000	8.000
268.000	7.000
269.000	6.000
270.000	6.000
271.000	9.000
272.000	7.000
273.000	6.000
274.000	8.000
275.000	7.000
276.000	7.000
277.000	8.000
278.000	5.000
279.000	8.000
280.000	6.000
281.000	6.000
282.000	8.000
283.000	6.000
284.000	3.000
285.000	4.000
286.000	8.000
287.000	9.000
288.000	9.000
289.000	4.000
290.000	6.000
291.000	6.000
292.000	13.000
293.000	7.000
294.000	10.000
295.000	8.000
296.000	4.000
297.000	7.000
298.000	5.000
299.000	12.000
300.000	9.000
301.000	8.000
302.000	10.000
303.000	10.000
304.000	7.000
305.000	11.000
306.000	3.000
307.000	11.000
308.000	9.000
309.000	7.000
310.000	13.000
311.000	13.000
312.000	11.000
313.000	9.000
314.000	6.000
315.000	17.000
316.000	16.000
317.000	22.000
318.000	22.000
319.000	30.000
320.000	44.000
321.000	47.000
322.000	50.000
323.000	47.000
324.000	57.000
325.000	51.000
326.000	50.000
327.000	40.000
328.000	23.000
329.000	16.000
330.000	11.000
331.000	11.000
332.000	15.000
333.000	17.000
334.000	6.000
335.000	14.000
336.000	17.000
337.000	12.000
338.000	11.000
339.000	17.000
340.000	24.000
341.000	38.000
342.000	75.000
343.000	102.000
344.000	146.000
345.000	242.000
346.000	331.000
347.000	481.000
348.000	563.000
349.000	703.000
350.000	723.000
351.000	729.000
352.000	708.000
353.000	598.000
354.000	504.000
355.000	351.000
356.000	280.000
357.000	137.000
358.000	96.000
359.000	61.000
360.000	57.000
361.000	21.000
362.000	20.000
363.000	16.000
364.000	14.000
365.000	26.000
366.000	15.000
367.000	17.000
368.000	17.000
369.000	20.000
370.000	25.000
371.000	12.000
372.000	25.000
373.000	24.000
374.000	20.000
375.000	32.000
376.000	20.000
377.000	31.000
378.000	31.000
379.000	37.000
380.000	56.000
381.000	82.000
382.000	76.000
383.000	86.000
384.000	119.000
385.000	129.000
386.000	132.000
387.000	159.000
388.000	152.000
389.000	100.000
390.000	104.000
391.000	82.000
392.000	61.000
393.000	45.000
394.000	26.000
395.000	36.000
396.000	30.000
397.000	23.000
398.000	26.000
399.000	22.000
400.000	21.000
401.000	27.000
402.000	23.000
403.000	32.000
404.000	26.000
405.000	24.000
406.000	28.000
407.000	34.000
408.000	23.000
409.000	25.000
410.000	34.000
411.000	26.000
412.000	31.000
413.000	37.000
414.000	29.000
415.000	28.000
416.000	29.000
417.000	30.000
418.000	33.000
419.000	28.000
420.000	40.000
421.000	18.000
422.000	18.000
423.000	31.000
424.000	33.000
425.000	31.000
426.000	34.000
427.000	24.000
428.000	38.000
429.000	20.000
430.000	29.000
431.000	25.000
432.000	25.000
433.000	31.000
434.000	36.000
435.000	28.000
436.000	30.000
437.000	46.000
438.000	31.000
439.000	34.000
440.000	32.000
441.000	42.000
442.000	50.000
443.000	50.000
444.000	49.000
445.000	38.000
446.000	51.000
447.000	49.000
448.000	36.000
449.000	45.000
450.000	40.000
451.000	46.000
452.000	53.000
453.000	52.000
454.000	59.000
455.000	60.000
456.000	58.000
457.000	44.000
458.000	49.000
459.000	46.000
460.000	48.000
461.000	48.000
462.000	39.000
463.000	55.000
464.000	68.000
465.000	55.000
466.000	53.000
467.000	51.000
468.000	42.000
469.000	49.000
470.000	52.000
471.000	62.000
472.000	65.000
473.000	53.000
474.000	55.000
475.000	50.000
476.000	73.000
477.000	55.000
478.000	50.000
479.000	59.000
480.000	56.000
481.000	64.000
482.000	55.000
483.000	71.000
484.000	58.000
485.000	62.000
486.000	67.000
487.000	65.000
488.000	60.000
489.000	65.000
490.000	56.000
491.000	45.000
492.000	60.000
493.000	74.000
494.000	64.000
495.000	74.000
496.000	64.000
497.000	79.000
498.000	71.000
499.000	74.000
500.000	80.000
501.000	63.000
502.000	78.000
503.000	71.000
504.000	73.000
505.000	58.000
506.000	71.000
507.000	87.000
508.000	87.000
509.000	75.000
510.000	96.000
511.000	75.000
512.000	86.000
513.000	78.000
514.000	82.000
515.000	80.000
516.000	77.000
517.000	87.000
518.000	74.000
519.000	91.000
520.000	77.000
521.000	88.000
522.000	84.000
523.000	75.000
524.000	90.000
525.000	93.000
526.000	97.000
527.000	102.000
528.000	92.000
529.000	73.000
530.000	104.000
531.000	98.000
532.000	90.000
533.000	104.000
534.000	89.000
535.000	95.000
536.000	97.000
537.000	86.000
538.000	107.000
539.000	88.000
540.000	93.000
541.000	99.000
542.000	105.000
543.000	102.000
544.000	98.000
545.000	109.000
546.000	92.000
547.000	119.000
548.000	81.000
549.000	108.000
550.000	106.000
551.000	112.000
552.000	92.000
553.000	102.000
554.000	107.000
555.000	100.000
556.000	118.000
557.000	124.000
558.000	110.000
559.000	108.000
560.000	115.000
561.000	104.000
562.000	95.000
563.000	110.000
564.000	121.000
565.000	110.000
566.000	135.000
567.000	131.000
568.000	121.000
569.000	98.000
570.000	124.000
571.000	130.000
572.000	130.000
573.000	133.000
574.000	128.000
575.000	121.000
576.000	130.000
577.000	121.000
578.000	137.000
579.000	122.000
580.000	144.000
581.000	119.000
582.000	144.000
583.000	140.000
584.000	165.000
585.000	130.000
586.000	141.000
587.000	126.000
588.000	138.000
589.000	140.000
590.000	126.000
591.000	121.000
592.000	137.000
593.000	127.000
594.000	144.000
595.000	142.000
596.000	131.000
597.000	140.000
598.000	143.000
599.000	161.000
600.000	154.000
601.000	151.000
602.000	148.000
603.000	150.000
604.000	168.000
605.000	149.000
606.000	150.000
607.000	142.000
608.000	179.000
609.000	158.000
610.000	158.000
611.000	163.000
612.000	152.000
613.000	181.000
614.000	190.000
615.000	153.000
616.000	173.000
617.000	145.000
618.000	179.000
619.000	158.000
620.000	205.000
621.000	182.000
622.000	181.000
623.000	195.000
624.000	159.000
625.000	176.000
626.000	175.000
627.000	155.000
628.000	176.000
629.000	165.000
630.000	173.000
631.000	186.000
632.000	189.000
633.000	173.000
634.000	197.000
635.000	191.000
636.000	185.000
637.000	178.000
638.000	185.000
639.000	157.000
640.000	177.000
641.000	191.000
642.000	202.000
643.000	216.000
644.000	167.000
645.000	193.000
646.000	197.000
647.000	190.000
648.000	196.000
649.000	185.000
650.000	185.000
651.000	216.000
652.000	211.000
653.000	228.000
654.000	195.000
655.000	175.000
656.000	194.000
657.000	190.000
658.000	223.000
659.000	191.000
660.000	213.000
661.000	209.000
662.000	201.000
663.000	212.000
664.000	198.000
665.000	198.000
666.000	238.000
667.000	211.000
668.000	200.000
669.000	185.000
670.000	213.000
671.000	200.000
672.000	205.000
673.000	220.000
674.000	191.000
675.000	248.000
676.000	230.000
677.000	204.000
678.000	231.000
679.000	219.000
680.000	191.000
681.000	234.000
682.000	214.000
683.000	233.000
684.000	231.000
685.000	217.000
686.000	245.000
687.000	219.000
688.000	242.000
689.000	201.000
690.000	211.000
691.000	227.000
692.000	204.000
693.000	264.000
694.000	221.000
695.000	202.000
696.000	220.000
697.000	263.000
698.000	271.000
699.000	223.000
700.000	230.000
701.000	255.000
702.000	234.000
703.000	248.000
704.000	215.000
705.000	262.000
706.000	223.000
707.000	237.000
708.000	245.000
709.000	236.000
710.000	263.000
711.000	223.000
712.000	259.000
713.000	246.000
714.000	235.000
715.000	247.000
716.000	235.000
717.000	254.000
718.000	233.000
719.000	254.000
720.000	248.000
721.000	269.000
722.000	235.000
723.000	252.000
724.000	236.000
725.000	259.000
726.000	267.000
727.000	270.000
728.000	269.000
729.000	297.000
730.000	267.000
731.000	234.000
732.000	278.000
733.000	258.000
734.000	287.000
735.000	290.000
736.000	272.000
737.000	282.000
738.000	280.000
739.000	260.000
740.000	254.000
741.000	243.000
742.000	269.000
743.000	235.000
744.000	279.000
745.000	265.000
746.000	248.000
747.000	290.000
748.000	264.000
749.000	280.000
750.000	279.000
751.000	292.000
752.000	256.000
753.000	291.000
754.000	288.000
755.000	289.000
756.000	274.000
757.000	255.000
758.000	277.000
759.000	284.000
760.000	320.000
761.000	253.000
762.000	271.000
763.000	299.000
764.000	306.000
765.000	268.000
766.000	278.000
767.000	284.000
768.000	315.000
769.000	314.000
770.000	284.000
771.000	284.000
772.000	311.000
773.000	343.000
774.000	314.000
775.000	320.000
776.000	299.000
777.000	306.000
778.000	284.000
779.000	310.000
780.000	287.000
781.000	273.000
782.000	306.000
783.000	311.000
784.000	303.000
785.000	316.000
786.000	315.000
787.000	281.000
788.000	320.000
789.000	274.000
790.000	280.000
791.000	285.000
792.000	301.000
793.000	310.000
794.000	313.000
795.000	292.000
796.000	317.000
797.000	302.000
798.000	299.000
799.000	323.000
800.000	293.000
801.000	312.000
802.000	287.000
803.000	303.000
804.000	312.000
805.000	279.000
806.000	302.000
807.000	329.000
808.000	316.000
809.000	306.000
810.000	291.000
811.000	290.000
812.000	303.000
813.000	325.000
814.000	316.000
815.000	341.000
816.000	301.000
817.000	310.000
818.000	311.000
819.000	307.000
820.000	288.000
821.000	311.000
822.000	330.000
823.000	322.000
824.000	285.000
825.000	298.000
826.000	311.000
827.000	306.000
828.000	302.000
829.000	312.000
830.000	319.000
831.000	311.000
832.000	317.000
833.000	333.000
834.000	330.000
835.000	334.000
836.000	325.000
837.000	323.000
838.000	370.000
839.000	325.000
840.000	308.000
841.000	354.000
842.000	353.000
843.000	324.000
844.000	351.000
845.000	350.000
846.000	382.000
847.000	352.000
848.000	387.000
849.000	379.000
850.000	342.000
851.000	399.000
852.000	384.000
853.000	353.000
854.000	333.000
855.000	396.000
856.000	356.000
857.000	399.000
858.000	411.000
859.000	424.000
860.000	341.000
861.000	383.000
862.000	421.000
863.000	433.000
864.000	438.000
865.000	418.000
866.000	464.000
867.000	446.000
868.000	448.000
869.000	442.000
870.000	486.000
871.000	510.000
872.000	499.000
873.000	496.000
874.000	544.000
875.000	552.000
876.000	565.000
877.000	606.000
878.000	587.000
879.000	695.000
880.000	689.000
881.000	717.000
882.000	792.000
883.000	843.000
884.000	883.000
885.000	962.000
886.000	985.000
887.000	987.000
888.000	1098.000
889.000	1123.000
890.000	1187.000
891.000	1291.000
892.000	1305.000
893.000	1405.000
894.000	1390.000
895.000	1463.000
896.000	1504.000
897.000	1530.000
898.000	1459.000
899.000	1555.000
900.000	1558.000
901.000	1530.000
902.000	1505.000
903.000	1578.000
904.000	1458.000
905.000	1516.000
906.000	1497.000
907.000	1363.000
908.000	1334.000
909.000	1246.000
910.000	1168.000
911.000	1186.000
912.000	1081.000
913.000	1059.000
914.000	979.000
915.000	928.000
916.000	877.000
917.000	843.000
918.000	717.000
919.000	745.000
920.000	713.000
921.000	678.000
922.000	601.000
923.000	546.000
924.000	573.000
925.000	508.000
926.000	481.000
927.000	504.000
928.000	460.000
929.000	465.000
930.000	378.000
931.000	394.000
932.000	399.000
933.000	403.000
934.000	389.000
935.000	373.000
936.000	379.000
937.000	385.000
938.000	399.000
939.000	385.000
940.000	415.000
941.000	446.000
942.000	442.000
943.000	471.000
944.000	496.000
945.000	522.000
946.000	610.000
947.000	637.000
948.000	667.000
949.000	701.000
950.000	755.000
951.000	814.000
952.000	773.000
953.000	871.000
954.000	820.000
955.000	784.000
956.000	755.000
957.000	707.000
958.000	644.000
959.000	606.000
960.000	590.000
961.000	526.000
962.000	449.000
963.000	452.000
964.000	432.000
965.000	375.000
966.000	334.000
967.000	302.000
968.000	310.000
969.000	301.000
970.000	315.000
971.000	313.000
972.000	349.000
973.000	294.000
974.000	297.000
975.000	305.000
976.000	308.000
977.000	332.000
978.000	338.000
979.000	286.000
980.000	311.000
981.000	322.000
982.000	333.000
983.000	328.000
984.000	330.000
985.000	331.000
986.000	316.000
987.000	384.000
988.000	381.000
989.000	391.000
990.000	402.000
991.000	393.000
992.000	401.000
993.000	412.000
994.000	415.000
995.000	415.000
996.000	392.000
997.000	440.000
998.000	461.000
999.000	474.000
1000.000	443.000
1001.000	463.000
1002.000	472.000
1003.000	435.000
1004.000	471.000
1005.000	460.000
1006.000	451.000
1007.000	392.000
1008.000	453.000
1009.000	424.000
1010.000	448.000
1011.000	434.000
1012.000	474.000
1013.000	409.000
1014.000	389.000
1015.000	409.000
1016.000	373.000
1017.000	324.000
1018.000	353.000
1019.000	308.000
1020.000	330.000
1021.000	318.000
1022.000	309.000
1023.000	308.000
1024.000	308.000
