Date:	8/19/2008		Time:	8:55 AM		Version no:	0.00		Project name:	55		Sample name:	222		Section name:	section		Position	214.039995	mm	E0	0.000000	keV	E1	1.000000	keV/channel	sample surface	7.554288	cm	Tube anode:	Mo		Tube voltage:	30	kV	Tube current:	50	mA	gain	20		std. database			resultfile	result		matrix element	11		sample thickness	1.000000		air passage	0.560000	cm	comments	not in position		peaking_time	3.000000	m-sec	trigger_threshold	1229.166667	V	mca_bin_width	22.090000	no:	number_mca_channels	1024.000000	no:	gap_time	0.400000	m-sec	trigger_peaking_time	0.150000	m-sec	GAINDAC	9455		HIGHGAIN	1		TAURC	0		RCTAU	53		RCTAUFRAC	32768		livetime	9.677917	seconds	runtime	10.000503	seconds	input_count_rate	30.144710	cps	output_count_rate	22.628461	cps	triggers	291738	seconds	events_in_run	226296	seconds	channel	content		1.000	0.000
2.000	0.000
3.000	0.000
4.000	0.000
5.000	0.000
6.000	0.000
7.000	0.000
8.000	0.000
9.000	0.000
10.000	0.000
11.000	0.000
12.000	0.000
13.000	0.000
14.000	0.000
15.000	0.000
16.000	0.000
17.000	0.000
18.000	0.000
19.000	0.000
20.000	0.000
21.000	0.000
22.000	0.000
23.000	0.000
24.000	0.000
25.000	0.000
26.000	0.000
27.000	0.000
28.000	0.000
29.000	0.000
30.000	0.000
31.000	0.000
32.000	2.000
33.000	2.000
34.000	1.000
35.000	0.000
36.000	2.000
37.000	3.000
38.000	1.000
39.000	4.000
40.000	2.000
41.000	5.000
42.000	2.000
43.000	4.000
44.000	3.000
45.000	7.000
46.000	4.000
47.000	6.000
48.000	12.000
49.000	9.000
50.000	6.000
51.000	7.000
52.000	6.000
53.000	6.000
54.000	8.000
55.000	7.000
56.000	15.000
57.000	1.000
58.000	3.000
59.000	8.000
60.000	12.000
61.000	11.000
62.000	16.000
63.000	9.000
64.000	6.000
65.000	11.000
66.000	8.000
67.000	8.000
68.000	6.000
69.000	10.000
70.000	9.000
71.000	13.000
72.000	12.000
73.000	20.000
74.000	4.000
75.000	10.000
76.000	10.000
77.000	7.000
78.000	11.000
79.000	8.000
80.000	10.000
81.000	13.000
82.000	9.000
83.000	18.000
84.000	5.000
85.000	6.000
86.000	12.000
87.000	11.000
88.000	10.000
89.000	12.000
90.000	9.000
91.000	4.000
92.000	6.000
93.000	11.000
94.000	13.000
95.000	5.000
96.000	6.000
97.000	6.000
98.000	8.000
99.000	5.000
100.000	5.000
101.000	11.000
102.000	7.000
103.000	9.000
104.000	10.000
105.000	4.000
106.000	8.000
107.000	8.000
108.000	9.000
109.000	4.000
110.000	9.000
111.000	7.000
112.000	4.000
113.000	6.000
114.000	3.000
115.000	4.000
116.000	5.000
117.000	4.000
118.000	8.000
119.000	6.000
120.000	16.000
121.000	9.000
122.000	10.000
123.000	6.000
124.000	9.000
125.000	13.000
126.000	15.000
127.000	14.000
128.000	10.000
129.000	14.000
130.000	10.000
131.000	6.000
132.000	9.000
133.000	8.000
134.000	6.000
135.000	4.000
136.000	2.000
137.000	7.000
138.000	4.000
139.000	5.000
140.000	7.000
141.000	2.000
142.000	3.000
143.000	13.000
144.000	2.000
145.000	2.000
146.000	5.000
147.000	3.000
148.000	6.000
149.000	5.000
150.000	1.000
151.000	5.000
152.000	6.000
153.000	7.000
154.000	2.000
155.000	6.000
156.000	4.000
157.000	3.000
158.000	3.000
159.000	5.000
160.000	11.000
161.000	8.000
162.000	12.000
163.000	9.000
164.000	8.000
165.000	14.000
166.000	4.000
167.000	6.000
168.000	6.000
169.000	5.000
170.000	9.000
171.000	5.000
172.000	2.000
173.000	4.000
174.000	4.000
175.000	4.000
176.000	9.000
177.000	3.000
178.000	4.000
179.000	8.000
180.000	5.000
181.000	3.000
182.000	5.000
183.000	7.000
184.000	10.000
185.000	6.000
186.000	4.000
187.000	5.000
188.000	3.000
189.000	3.000
190.000	7.000
191.000	6.000
192.000	4.000
193.000	2.000
194.000	3.000
195.000	5.000
196.000	5.000
197.000	12.000
198.000	7.000
199.000	16.000
200.000	21.000
201.000	33.000
202.000	28.000
203.000	31.000
204.000	32.000
205.000	29.000
206.000	20.000
207.000	11.000
208.000	9.000
209.000	5.000
210.000	6.000
211.000	6.000
212.000	1.000
213.000	2.000
214.000	3.000
215.000	7.000
216.000	6.000
217.000	2.000
218.000	4.000
219.000	6.000
220.000	7.000
221.000	13.000
222.000	1.000
223.000	5.000
224.000	9.000
225.000	2.000
226.000	4.000
227.000	6.000
228.000	3.000
229.000	2.000
230.000	7.000
231.000	3.000
232.000	2.000
233.000	4.000
234.000	1.000
235.000	6.000
236.000	7.000
237.000	1.000
238.000	3.000
239.000	0.000
240.000	4.000
241.000	4.000
242.000	5.000
243.000	3.000
244.000	4.000
245.000	12.000
246.000	12.000
247.000	9.000
248.000	4.000
249.000	6.000
250.000	10.000
251.000	6.000
252.000	6.000
253.000	7.000
254.000	14.000
255.000	8.000
256.000	3.000
257.000	8.000
258.000	3.000
259.000	3.000
260.000	4.000
261.000	6.000
262.000	4.000
263.000	6.000
264.000	4.000
265.000	4.000
266.000	3.000
267.000	2.000
268.000	7.000
269.000	6.000
270.000	4.000
271.000	8.000
272.000	8.000
273.000	6.000
274.000	10.000
275.000	8.000
276.000	6.000
277.000	10.000
278.000	5.000
279.000	3.000
280.000	5.000
281.000	5.000
282.000	6.000
283.000	2.000
284.000	5.000
285.000	7.000
286.000	3.000
287.000	3.000
288.000	5.000
289.000	6.000
290.000	6.000
291.000	8.000
292.000	9.000
293.000	9.000
294.000	4.000
295.000	4.000
296.000	8.000
297.000	9.000
298.000	2.000
299.000	3.000
300.000	11.000
301.000	12.000
302.000	4.000
303.000	6.000
304.000	5.000
305.000	9.000
306.000	5.000
307.000	13.000
308.000	8.000
309.000	6.000
310.000	9.000
311.000	12.000
312.000	9.000
313.000	9.000
314.000	9.000
315.000	8.000
316.000	7.000
317.000	11.000
318.000	22.000
319.000	25.000
320.000	33.000
321.000	37.000
322.000	49.000
323.000	41.000
324.000	44.000
325.000	42.000
326.000	34.000
327.000	27.000
328.000	27.000
329.000	19.000
330.000	12.000
331.000	12.000
332.000	8.000
333.000	11.000
334.000	14.000
335.000	8.000
336.000	12.000
337.000	12.000
338.000	16.000
339.000	12.000
340.000	26.000
341.000	35.000
342.000	55.000
343.000	70.000
344.000	125.000
345.000	192.000
346.000	259.000
347.000	388.000
348.000	485.000
349.000	584.000
350.000	613.000
351.000	652.000
352.000	593.000
353.000	523.000
354.000	431.000
355.000	309.000
356.000	222.000
357.000	105.000
358.000	86.000
359.000	63.000
360.000	31.000
361.000	19.000
362.000	19.000
363.000	21.000
364.000	12.000
365.000	14.000
366.000	16.000
367.000	14.000
368.000	17.000
369.000	12.000
370.000	8.000
371.000	11.000
372.000	19.000
373.000	17.000
374.000	17.000
375.000	18.000
376.000	24.000
377.000	34.000
378.000	28.000
379.000	33.000
380.000	45.000
381.000	57.000
382.000	74.000
383.000	84.000
384.000	104.000
385.000	128.000
386.000	117.000
387.000	98.000
388.000	125.000
389.000	90.000
390.000	74.000
391.000	69.000
392.000	56.000
393.000	44.000
394.000	32.000
395.000	28.000
396.000	38.000
397.000	22.000
398.000	26.000
399.000	19.000
400.000	22.000
401.000	29.000
402.000	20.000
403.000	25.000
404.000	19.000
405.000	28.000
406.000	23.000
407.000	28.000
408.000	20.000
409.000	31.000
410.000	28.000
411.000	19.000
412.000	18.000
413.000	28.000
414.000	19.000
415.000	32.000
416.000	25.000
417.000	36.000
418.000	25.000
419.000	21.000
420.000	25.000
421.000	22.000
422.000	25.000
423.000	37.000
424.000	27.000
425.000	25.000
426.000	23.000
427.000	37.000
428.000	28.000
429.000	28.000
430.000	35.000
431.000	35.000
432.000	32.000
433.000	39.000
434.000	23.000
435.000	30.000
436.000	32.000
437.000	35.000
438.000	31.000
439.000	25.000
440.000	39.000
441.000	38.000
442.000	34.000
443.000	44.000
444.000	25.000
445.000	27.000
446.000	44.000
447.000	44.000
448.000	36.000
449.000	38.000
450.000	45.000
451.000	47.000
452.000	47.000
453.000	51.000
454.000	44.000
455.000	46.000
456.000	44.000
457.000	41.000
458.000	49.000
459.000	47.000
460.000	47.000
461.000	50.000
462.000	35.000
463.000	45.000
464.000	51.000
465.000	57.000
466.000	39.000
467.000	39.000
468.000	45.000
469.000	52.000
470.000	46.000
471.000	52.000
472.000	47.000
473.000	60.000
474.000	72.000
475.000	47.000
476.000	57.000
477.000	40.000
478.000	41.000
479.000	40.000
480.000	38.000
481.000	59.000
482.000	31.000
483.000	49.000
484.000	54.000
485.000	69.000
486.000	50.000
487.000	53.000
488.000	53.000
489.000	72.000
490.000	58.000
491.000	70.000
492.000	57.000
493.000	56.000
494.000	64.000
495.000	66.000
496.000	72.000
497.000	60.000
498.000	56.000
499.000	67.000
500.000	55.000
501.000	73.000
502.000	61.000
503.000	66.000
504.000	65.000
505.000	62.000
506.000	64.000
507.000	62.000
508.000	79.000
509.000	75.000
510.000	69.000
511.000	87.000
512.000	71.000
513.000	67.000
514.000	80.000
515.000	80.000
516.000	89.000
517.000	81.000
518.000	90.000
519.000	80.000
520.000	60.000
521.000	73.000
522.000	73.000
523.000	76.000
524.000	84.000
525.000	91.000
526.000	76.000
527.000	79.000
528.000	74.000
529.000	88.000
530.000	75.000
531.000	82.000
532.000	88.000
533.000	85.000
534.000	90.000
535.000	86.000
536.000	99.000
537.000	105.000
538.000	101.000
539.000	99.000
540.000	78.000
541.000	96.000
542.000	93.000
543.000	98.000
544.000	108.000
545.000	119.000
546.000	80.000
547.000	86.000
548.000	79.000
549.000	104.000
550.000	96.000
551.000	85.000
552.000	94.000
553.000	104.000
554.000	93.000
555.000	102.000
556.000	100.000
557.000	96.000
558.000	98.000
559.000	102.000
560.000	98.000
561.000	110.000
562.000	107.000
563.000	126.000
564.000	101.000
565.000	105.000
566.000	110.000
567.000	122.000
568.000	105.000
569.000	119.000
570.000	119.000
571.000	102.000
572.000	127.000
573.000	124.000
574.000	115.000
575.000	128.000
576.000	105.000
577.000	120.000
578.000	116.000
579.000	142.000
580.000	136.000
581.000	136.000
582.000	115.000
583.000	123.000
584.000	117.000
585.000	140.000
586.000	140.000
587.000	119.000
588.000	136.000
589.000	126.000
590.000	117.000
591.000	119.000
592.000	123.000
593.000	119.000
594.000	141.000
595.000	133.000
596.000	129.000
597.000	120.000
598.000	120.000
599.000	142.000
600.000	142.000
601.000	145.000
602.000	128.000
603.000	145.000
604.000	131.000
605.000	153.000
606.000	123.000
607.000	148.000
608.000	145.000
609.000	131.000
610.000	154.000
611.000	149.000
612.000	140.000
613.000	143.000
614.000	143.000
615.000	147.000
616.000	150.000
617.000	123.000
618.000	137.000
619.000	137.000
620.000	160.000
621.000	141.000
622.000	146.000
623.000	163.000
624.000	162.000
625.000	158.000
626.000	182.000
627.000	170.000
628.000	150.000
629.000	162.000
630.000	157.000
631.000	166.000
632.000	175.000
633.000	169.000
634.000	169.000
635.000	185.000
636.000	172.000
637.000	183.000
638.000	174.000
639.000	178.000
640.000	174.000
641.000	178.000
642.000	188.000
643.000	163.000
644.000	178.000
645.000	161.000
646.000	174.000
647.000	217.000
648.000	176.000
649.000	191.000
650.000	192.000
651.000	200.000
652.000	205.000
653.000	201.000
654.000	195.000
655.000	206.000
656.000	198.000
657.000	189.000
658.000	187.000
659.000	178.000
660.000	194.000
661.000	195.000
662.000	178.000
663.000	211.000
664.000	190.000
665.000	174.000
666.000	196.000
667.000	217.000
668.000	194.000
669.000	193.000
670.000	211.000
671.000	197.000
672.000	189.000
673.000	187.000
674.000	183.000
675.000	199.000
676.000	199.000
677.000	185.000
678.000	202.000
679.000	223.000
680.000	220.000
681.000	221.000
682.000	213.000
683.000	212.000
684.000	229.000
685.000	235.000
686.000	219.000
687.000	211.000
688.000	237.000
689.000	225.000
690.000	204.000
691.000	210.000
692.000	223.000
693.000	231.000
694.000	219.000
695.000	233.000
696.000	239.000
697.000	214.000
698.000	233.000
699.000	232.000
700.000	222.000
701.000	236.000
702.000	265.000
703.000	233.000
704.000	239.000
705.000	241.000
706.000	198.000
707.000	232.000
708.000	240.000
709.000	238.000
710.000	245.000
711.000	222.000
712.000	239.000
713.000	250.000
714.000	233.000
715.000	224.000
716.000	224.000
717.000	242.000
718.000	231.000
719.000	237.000
720.000	233.000
721.000	244.000
722.000	252.000
723.000	272.000
724.000	245.000
725.000	265.000
726.000	267.000
727.000	238.000
728.000	269.000
729.000	240.000
730.000	285.000
731.000	225.000
732.000	236.000
733.000	238.000
734.000	251.000
735.000	234.000
736.000	232.000
737.000	269.000
738.000	253.000
739.000	236.000
740.000	240.000
741.000	261.000
742.000	255.000
743.000	276.000
744.000	289.000
745.000	280.000
746.000	258.000
747.000	265.000
748.000	261.000
749.000	245.000
750.000	282.000
751.000	262.000
752.000	296.000
753.000	249.000
754.000	272.000
755.000	260.000
756.000	258.000
757.000	296.000
758.000	286.000
759.000	258.000
760.000	240.000
761.000	263.000
762.000	231.000
763.000	276.000
764.000	281.000
765.000	267.000
766.000	285.000
767.000	322.000
768.000	293.000
769.000	308.000
770.000	339.000
771.000	280.000
772.000	329.000
773.000	294.000
774.000	266.000
775.000	255.000
776.000	310.000
777.000	325.000
778.000	308.000
779.000	319.000
780.000	311.000
781.000	279.000
782.000	294.000
783.000	305.000
784.000	268.000
785.000	269.000
786.000	286.000
787.000	279.000
788.000	280.000
789.000	283.000
790.000	308.000
791.000	268.000
792.000	264.000
793.000	302.000
794.000	287.000
795.000	268.000
796.000	307.000
797.000	267.000
798.000	289.000
799.000	299.000
800.000	268.000
801.000	264.000
802.000	283.000
803.000	272.000
804.000	307.000
805.000	284.000
806.000	297.000
807.000	279.000
808.000	299.000
809.000	296.000
810.000	285.000
811.000	283.000
812.000	289.000
813.000	291.000
814.000	289.000
815.000	275.000
816.000	292.000
817.000	319.000
818.000	314.000
819.000	332.000
820.000	280.000
821.000	312.000
822.000	289.000
823.000	300.000
824.000	299.000
825.000	318.000
826.000	292.000
827.000	310.000
828.000	349.000
829.000	305.000
830.000	326.000
831.000	300.000
832.000	312.000
833.000	334.000
834.000	322.000
835.000	320.000
836.000	280.000
837.000	322.000
838.000	313.000
839.000	323.000
840.000	342.000
841.000	307.000
842.000	331.000
843.000	309.000
844.000	369.000
845.000	326.000
846.000	346.000
847.000	335.000
848.000	324.000
849.000	376.000
850.000	378.000
851.000	343.000
852.000	362.000
853.000	361.000
854.000	381.000
855.000	388.000
856.000	379.000
857.000	401.000
858.000	394.000
859.000	397.000
860.000	406.000
861.000	391.000
862.000	411.000
863.000	432.000
864.000	409.000
865.000	436.000
866.000	440.000
867.000	461.000
868.000	451.000
869.000	453.000
870.000	484.000
871.000	484.000
872.000	485.000
873.000	516.000
874.000	535.000
875.000	531.000
876.000	550.000
877.000	571.000
878.000	618.000
879.000	674.000
880.000	684.000
881.000	714.000
882.000	733.000
883.000	789.000
884.000	844.000
885.000	882.000
886.000	918.000
887.000	935.000
888.000	1029.000
889.000	1204.000
890.000	1184.000
891.000	1203.000
892.000	1314.000
893.000	1398.000
894.000	1380.000
895.000	1422.000
896.000	1484.000
897.000	1568.000
898.000	1582.000
899.000	1585.000
900.000	1565.000
901.000	1556.000
902.000	1541.000
903.000	1422.000
904.000	1545.000
905.000	1474.000
906.000	1418.000
907.000	1398.000
908.000	1366.000
909.000	1268.000
910.000	1202.000
911.000	1125.000
912.000	1060.000
913.000	1021.000
914.000	970.000
915.000	946.000
916.000	886.000
917.000	750.000
918.000	771.000
919.000	748.000
920.000	731.000
921.000	647.000
922.000	631.000
923.000	570.000
924.000	547.000
925.000	521.000
926.000	498.000
927.000	479.000
928.000	458.000
929.000	440.000
930.000	443.000
931.000	412.000
932.000	417.000
933.000	395.000
934.000	396.000
935.000	365.000
936.000	375.000
937.000	378.000
938.000	386.000
939.000	369.000
940.000	425.000
941.000	409.000
942.000	428.000
943.000	443.000
944.000	467.000
945.000	522.000
946.000	626.000
947.000	612.000
948.000	641.000
949.000	736.000
950.000	769.000
951.000	790.000
952.000	820.000
953.000	846.000
954.000	836.000
955.000	787.000
956.000	707.000
957.000	728.000
958.000	670.000
959.000	560.000
960.000	585.000
961.000	551.000
962.000	447.000
963.000	420.000
964.000	385.000
965.000	343.000
966.000	297.000
967.000	316.000
968.000	341.000
969.000	308.000
970.000	339.000
971.000	291.000
972.000	275.000
973.000	290.000
974.000	288.000
975.000	307.000
976.000	323.000
977.000	311.000
978.000	285.000
979.000	324.000
980.000	316.000
981.000	351.000
982.000	328.000
983.000	307.000
984.000	317.000
985.000	363.000
986.000	304.000
987.000	346.000
988.000	347.000
989.000	384.000
990.000	384.000
991.000	377.000
992.000	391.000
993.000	365.000
994.000	399.000
995.000	409.000
996.000	423.000
997.000	454.000
998.000	454.000
999.000	460.000
1000.000	462.000
1001.000	498.000
1002.000	449.000
1003.000	459.000
1004.000	469.000
1005.000	480.000
1006.000	477.000
1007.000	473.000
1008.000	448.000
1009.000	408.000
1010.000	441.000
1011.000	436.000
1012.000	437.000
1013.000	381.000
1014.000	400.000
1015.000	369.000
1016.000	369.000
1017.000	377.000
1018.000	326.000
1019.000	331.000
1020.000	327.000
1021.000	311.000
1022.000	306.000
1023.000	268.000
1024.000	256.000
