Date:	8/19/2008		Time:	9:45 AM		Version no:	0.00		Project name:	55		Sample name:	222		Section name:	section		Position	744.039995	mm	E0	0.000000	keV	E1	1.000000	keV/channel	sample surface	8.000000	cm	Tube anode:	Mo		Tube voltage:	30	kV	Tube current:	50	mA	gain	20		std. database			resultfile	result		matrix element	11		sample thickness	1.000000		air passage	0.560000	cm	comments	not in position		peaking_time	3.000000	m-sec	trigger_threshold	1229.166667	V	mca_bin_width	22.090000	no:	number_mca_channels	1024.000000	no:	gap_time	0.400000	m-sec	trigger_peaking_time	0.150000	m-sec	GAINDAC	9455		HIGHGAIN	1		TAURC	0		RCTAU	53		RCTAUFRAC	32768		livetime	9.883923	seconds	runtime	10.000503	seconds	input_count_rate	12.745243	cps	output_count_rate	11.002846	cps	triggers	125973	seconds	events_in_run	110034	seconds	channel	content		1.000	0.000
2.000	0.000
3.000	0.000
4.000	0.000
5.000	0.000
6.000	0.000
7.000	0.000
8.000	0.000
9.000	0.000
10.000	0.000
11.000	0.000
12.000	0.000
13.000	0.000
14.000	0.000
15.000	0.000
16.000	0.000
17.000	0.000
18.000	0.000
19.000	0.000
20.000	0.000
21.000	0.000
22.000	0.000
23.000	0.000
24.000	0.000
25.000	0.000
26.000	0.000
27.000	0.000
28.000	0.000
29.000	0.000
30.000	0.000
31.000	0.000
32.000	0.000
33.000	0.000
34.000	0.000
35.000	2.000
36.000	2.000
37.000	1.000
38.000	4.000
39.000	3.000
40.000	8.000
41.000	4.000
42.000	5.000
43.000	3.000
44.000	6.000
45.000	5.000
46.000	3.000
47.000	7.000
48.000	6.000
49.000	6.000
50.000	7.000
51.000	5.000
52.000	5.000
53.000	6.000
54.000	2.000
55.000	3.000
56.000	5.000
57.000	7.000
58.000	8.000
59.000	5.000
60.000	10.000
61.000	8.000
62.000	3.000
63.000	4.000
64.000	4.000
65.000	7.000
66.000	3.000
67.000	5.000
68.000	4.000
69.000	8.000
70.000	7.000
71.000	7.000
72.000	4.000
73.000	5.000
74.000	11.000
75.000	6.000
76.000	3.000
77.000	7.000
78.000	3.000
79.000	2.000
80.000	3.000
81.000	4.000
82.000	10.000
83.000	6.000
84.000	5.000
85.000	2.000
86.000	2.000
87.000	3.000
88.000	6.000
89.000	5.000
90.000	4.000
91.000	1.000
92.000	3.000
93.000	4.000
94.000	5.000
95.000	6.000
96.000	6.000
97.000	5.000
98.000	2.000
99.000	2.000
100.000	5.000
101.000	3.000
102.000	4.000
103.000	5.000
104.000	3.000
105.000	4.000
106.000	6.000
107.000	4.000
108.000	5.000
109.000	6.000
110.000	5.000
111.000	4.000
112.000	4.000
113.000	6.000
114.000	3.000
115.000	2.000
116.000	2.000
117.000	2.000
118.000	3.000
119.000	2.000
120.000	2.000
121.000	4.000
122.000	3.000
123.000	3.000
124.000	8.000
125.000	1.000
126.000	6.000
127.000	8.000
128.000	6.000
129.000	8.000
130.000	7.000
131.000	5.000
132.000	6.000
133.000	2.000
134.000	7.000
135.000	10.000
136.000	3.000
137.000	0.000
138.000	3.000
139.000	1.000
140.000	2.000
141.000	4.000
142.000	4.000
143.000	0.000
144.000	4.000
145.000	5.000
146.000	4.000
147.000	3.000
148.000	3.000
149.000	4.000
150.000	3.000
151.000	2.000
152.000	2.000
153.000	4.000
154.000	2.000
155.000	2.000
156.000	2.000
157.000	3.000
158.000	4.000
159.000	5.000
160.000	9.000
161.000	13.000
162.000	10.000
163.000	7.000
164.000	11.000
165.000	4.000
166.000	4.000
167.000	5.000
168.000	3.000
169.000	2.000
170.000	6.000
171.000	2.000
172.000	3.000
173.000	0.000
174.000	3.000
175.000	2.000
176.000	5.000
177.000	4.000
178.000	5.000
179.000	4.000
180.000	1.000
181.000	2.000
182.000	1.000
183.000	0.000
184.000	3.000
185.000	2.000
186.000	1.000
187.000	2.000
188.000	2.000
189.000	2.000
190.000	2.000
191.000	2.000
192.000	2.000
193.000	1.000
194.000	1.000
195.000	2.000
196.000	2.000
197.000	0.000
198.000	4.000
199.000	1.000
200.000	2.000
201.000	2.000
202.000	3.000
203.000	4.000
204.000	1.000
205.000	5.000
206.000	3.000
207.000	3.000
208.000	2.000
209.000	1.000
210.000	1.000
211.000	2.000
212.000	1.000
213.000	2.000
214.000	4.000
215.000	1.000
216.000	0.000
217.000	2.000
218.000	0.000
219.000	2.000
220.000	3.000
221.000	2.000
222.000	0.000
223.000	2.000
224.000	5.000
225.000	1.000
226.000	1.000
227.000	2.000
228.000	1.000
229.000	3.000
230.000	1.000
231.000	3.000
232.000	1.000
233.000	4.000
234.000	1.000
235.000	0.000
236.000	1.000
237.000	1.000
238.000	4.000
239.000	2.000
240.000	2.000
241.000	0.000
242.000	1.000
243.000	0.000
244.000	3.000
245.000	4.000
246.000	0.000
247.000	1.000
248.000	4.000
249.000	1.000
250.000	3.000
251.000	1.000
252.000	3.000
253.000	4.000
254.000	2.000
255.000	1.000
256.000	1.000
257.000	1.000
258.000	0.000
259.000	1.000
260.000	0.000
261.000	2.000
262.000	1.000
263.000	3.000
264.000	1.000
265.000	0.000
266.000	1.000
267.000	1.000
268.000	0.000
269.000	0.000
270.000	3.000
271.000	0.000
272.000	3.000
273.000	0.000
274.000	2.000
275.000	2.000
276.000	2.000
277.000	2.000
278.000	1.000
279.000	2.000
280.000	1.000
281.000	2.000
282.000	4.000
283.000	0.000
284.000	3.000
285.000	4.000
286.000	2.000
287.000	0.000
288.000	1.000
289.000	0.000
290.000	1.000
291.000	1.000
292.000	3.000
293.000	1.000
294.000	2.000
295.000	4.000
296.000	4.000
297.000	4.000
298.000	1.000
299.000	5.000
300.000	3.000
301.000	1.000
302.000	1.000
303.000	3.000
304.000	4.000
305.000	2.000
306.000	2.000
307.000	2.000
308.000	2.000
309.000	1.000
310.000	0.000
311.000	5.000
312.000	2.000
313.000	1.000
314.000	2.000
315.000	1.000
316.000	0.000
317.000	0.000
318.000	2.000
319.000	3.000
320.000	2.000
321.000	0.000
322.000	0.000
323.000	1.000
324.000	2.000
325.000	2.000
326.000	2.000
327.000	2.000
328.000	3.000
329.000	0.000
330.000	1.000
331.000	2.000
332.000	2.000
333.000	3.000
334.000	2.000
335.000	2.000
336.000	1.000
337.000	2.000
338.000	2.000
339.000	1.000
340.000	3.000
341.000	1.000
342.000	5.000
343.000	2.000
344.000	2.000
345.000	2.000
346.000	3.000
347.000	11.000
348.000	8.000
349.000	8.000
350.000	3.000
351.000	6.000
352.000	10.000
353.000	4.000
354.000	9.000
355.000	2.000
356.000	4.000
357.000	4.000
358.000	3.000
359.000	3.000
360.000	2.000
361.000	2.000
362.000	4.000
363.000	2.000
364.000	2.000
365.000	1.000
366.000	2.000
367.000	1.000
368.000	1.000
369.000	2.000
370.000	0.000
371.000	3.000
372.000	3.000
373.000	2.000
374.000	2.000
375.000	0.000
376.000	1.000
377.000	3.000
378.000	2.000
379.000	2.000
380.000	6.000
381.000	4.000
382.000	4.000
383.000	3.000
384.000	8.000
385.000	5.000
386.000	3.000
387.000	3.000
388.000	5.000
389.000	6.000
390.000	1.000
391.000	2.000
392.000	2.000
393.000	3.000
394.000	1.000
395.000	1.000
396.000	2.000
397.000	1.000
398.000	0.000
399.000	4.000
400.000	2.000
401.000	1.000
402.000	0.000
403.000	3.000
404.000	1.000
405.000	5.000
406.000	4.000
407.000	3.000
408.000	3.000
409.000	1.000
410.000	1.000
411.000	3.000
412.000	4.000
413.000	1.000
414.000	3.000
415.000	7.000
416.000	6.000
417.000	0.000
418.000	6.000
419.000	2.000
420.000	3.000
421.000	4.000
422.000	1.000
423.000	3.000
424.000	4.000
425.000	4.000
426.000	5.000
427.000	5.000
428.000	3.000
429.000	2.000
430.000	7.000
431.000	4.000
432.000	3.000
433.000	0.000
434.000	0.000
435.000	3.000
436.000	2.000
437.000	2.000
438.000	5.000
439.000	5.000
440.000	2.000
441.000	4.000
442.000	1.000
443.000	3.000
444.000	8.000
445.000	4.000
446.000	6.000
447.000	1.000
448.000	1.000
449.000	2.000
450.000	8.000
451.000	4.000
452.000	4.000
453.000	4.000
454.000	2.000
455.000	10.000
456.000	8.000
457.000	4.000
458.000	4.000
459.000	6.000
460.000	5.000
461.000	9.000
462.000	6.000
463.000	6.000
464.000	3.000
465.000	8.000
466.000	6.000
467.000	8.000
468.000	4.000
469.000	8.000
470.000	15.000
471.000	5.000
472.000	8.000
473.000	2.000
474.000	6.000
475.000	10.000
476.000	10.000
477.000	9.000
478.000	8.000
479.000	12.000
480.000	6.000
481.000	5.000
482.000	12.000
483.000	11.000
484.000	7.000
485.000	9.000
486.000	13.000
487.000	11.000
488.000	7.000
489.000	14.000
490.000	14.000
491.000	7.000
492.000	4.000
493.000	11.000
494.000	9.000
495.000	16.000
496.000	13.000
497.000	14.000
498.000	17.000
499.000	12.000
500.000	6.000
501.000	10.000
502.000	11.000
503.000	8.000
504.000	8.000
505.000	16.000
506.000	7.000
507.000	10.000
508.000	6.000
509.000	11.000
510.000	15.000
511.000	25.000
512.000	12.000
513.000	9.000
514.000	15.000
515.000	17.000
516.000	15.000
517.000	13.000
518.000	22.000
519.000	17.000
520.000	21.000
521.000	17.000
522.000	15.000
523.000	14.000
524.000	20.000
525.000	29.000
526.000	16.000
527.000	9.000
528.000	12.000
529.000	25.000
530.000	16.000
531.000	18.000
532.000	22.000
533.000	20.000
534.000	18.000
535.000	23.000
536.000	18.000
537.000	18.000
538.000	23.000
539.000	20.000
540.000	19.000
541.000	20.000
542.000	28.000
543.000	28.000
544.000	30.000
545.000	29.000
546.000	24.000
547.000	25.000
548.000	24.000
549.000	37.000
550.000	25.000
551.000	22.000
552.000	29.000
553.000	26.000
554.000	24.000
555.000	18.000
556.000	22.000
557.000	30.000
558.000	36.000
559.000	33.000
560.000	28.000
561.000	33.000
562.000	20.000
563.000	26.000
564.000	32.000
565.000	24.000
566.000	21.000
567.000	36.000
568.000	43.000
569.000	31.000
570.000	31.000
571.000	38.000
572.000	30.000
573.000	28.000
574.000	31.000
575.000	38.000
576.000	40.000
577.000	36.000
578.000	33.000
579.000	39.000
580.000	39.000
581.000	44.000
582.000	41.000
583.000	36.000
584.000	41.000
585.000	29.000
586.000	39.000
587.000	47.000
588.000	39.000
589.000	31.000
590.000	44.000
591.000	35.000
592.000	38.000
593.000	45.000
594.000	41.000
595.000	53.000
596.000	40.000
597.000	52.000
598.000	39.000
599.000	51.000
600.000	54.000
601.000	46.000
602.000	46.000
603.000	51.000
604.000	40.000
605.000	49.000
606.000	63.000
607.000	58.000
608.000	56.000
609.000	60.000
610.000	43.000
611.000	65.000
612.000	50.000
613.000	39.000
614.000	56.000
615.000	54.000
616.000	38.000
617.000	43.000
618.000	61.000
619.000	49.000
620.000	51.000
621.000	59.000
622.000	56.000
623.000	55.000
624.000	68.000
625.000	61.000
626.000	79.000
627.000	61.000
628.000	69.000
629.000	47.000
630.000	60.000
631.000	75.000
632.000	83.000
633.000	60.000
634.000	55.000
635.000	63.000
636.000	59.000
637.000	70.000
638.000	64.000
639.000	76.000
640.000	60.000
641.000	79.000
642.000	65.000
643.000	67.000
644.000	80.000
645.000	62.000
646.000	69.000
647.000	76.000
648.000	75.000
649.000	74.000
650.000	80.000
651.000	77.000
652.000	66.000
653.000	82.000
654.000	65.000
655.000	74.000
656.000	74.000
657.000	87.000
658.000	84.000
659.000	71.000
660.000	81.000
661.000	81.000
662.000	79.000
663.000	99.000
664.000	83.000
665.000	74.000
666.000	76.000
667.000	88.000
668.000	98.000
669.000	96.000
670.000	96.000
671.000	98.000
672.000	73.000
673.000	100.000
674.000	73.000
675.000	74.000
676.000	85.000
677.000	97.000
678.000	74.000
679.000	101.000
680.000	100.000
681.000	82.000
682.000	89.000
683.000	98.000
684.000	96.000
685.000	73.000
686.000	101.000
687.000	96.000
688.000	97.000
689.000	94.000
690.000	107.000
691.000	86.000
692.000	96.000
693.000	96.000
694.000	108.000
695.000	99.000
696.000	109.000
697.000	100.000
698.000	100.000
699.000	81.000
700.000	93.000
701.000	110.000
702.000	114.000
703.000	109.000
704.000	111.000
705.000	84.000
706.000	109.000
707.000	108.000
708.000	116.000
709.000	112.000
710.000	100.000
711.000	105.000
712.000	97.000
713.000	111.000
714.000	111.000
715.000	107.000
716.000	116.000
717.000	118.000
718.000	123.000
719.000	112.000
720.000	112.000
721.000	110.000
722.000	101.000
723.000	118.000
724.000	115.000
725.000	111.000
726.000	124.000
727.000	119.000
728.000	131.000
729.000	123.000
730.000	119.000
731.000	119.000
732.000	114.000
733.000	134.000
734.000	118.000
735.000	118.000
736.000	105.000
737.000	142.000
738.000	131.000
739.000	124.000
740.000	110.000
741.000	122.000
742.000	125.000
743.000	139.000
744.000	110.000
745.000	119.000
746.000	148.000
747.000	125.000
748.000	128.000
749.000	137.000
750.000	118.000
751.000	130.000
752.000	104.000
753.000	131.000
754.000	128.000
755.000	100.000
756.000	125.000
757.000	141.000
758.000	116.000
759.000	115.000
760.000	127.000
761.000	126.000
762.000	134.000
763.000	124.000
764.000	125.000
765.000	122.000
766.000	140.000
767.000	146.000
768.000	131.000
769.000	165.000
770.000	141.000
771.000	154.000
772.000	135.000
773.000	142.000
774.000	148.000
775.000	132.000
776.000	145.000
777.000	156.000
778.000	140.000
779.000	131.000
780.000	175.000
781.000	127.000
782.000	144.000
783.000	144.000
784.000	132.000
785.000	136.000
786.000	142.000
787.000	139.000
788.000	135.000
789.000	150.000
790.000	167.000
791.000	139.000
792.000	145.000
793.000	156.000
794.000	127.000
795.000	116.000
796.000	153.000
797.000	149.000
798.000	151.000
799.000	152.000
800.000	145.000
801.000	153.000
802.000	130.000
803.000	159.000
804.000	180.000
805.000	140.000
806.000	154.000
807.000	129.000
808.000	155.000
809.000	158.000
810.000	155.000
811.000	129.000
812.000	156.000
813.000	172.000
814.000	127.000
815.000	140.000
816.000	134.000
817.000	136.000
818.000	166.000
819.000	162.000
820.000	152.000
821.000	150.000
822.000	177.000
823.000	177.000
824.000	150.000
825.000	167.000
826.000	176.000
827.000	172.000
828.000	177.000
829.000	175.000
830.000	165.000
831.000	130.000
832.000	151.000
833.000	187.000
834.000	154.000
835.000	163.000
836.000	191.000
837.000	170.000
838.000	178.000
839.000	143.000
840.000	165.000
841.000	177.000
842.000	149.000
843.000	186.000
844.000	184.000
845.000	167.000
846.000	179.000
847.000	199.000
848.000	173.000
849.000	208.000
850.000	192.000
851.000	212.000
852.000	200.000
853.000	208.000
854.000	210.000
855.000	203.000
856.000	197.000
857.000	183.000
858.000	193.000
859.000	203.000
860.000	217.000
861.000	191.000
862.000	209.000
863.000	214.000
864.000	223.000
865.000	196.000
866.000	223.000
867.000	237.000
868.000	266.000
869.000	277.000
870.000	251.000
871.000	244.000
872.000	285.000
873.000	294.000
874.000	260.000
875.000	332.000
876.000	322.000
877.000	334.000
878.000	337.000
879.000	394.000
880.000	371.000
881.000	374.000
882.000	417.000
883.000	426.000
884.000	538.000
885.000	485.000
886.000	551.000
887.000	627.000
888.000	590.000
889.000	578.000
890.000	650.000
891.000	685.000
892.000	653.000
893.000	746.000
894.000	724.000
895.000	796.000
896.000	779.000
897.000	865.000
898.000	762.000
899.000	823.000
900.000	846.000
901.000	805.000
902.000	833.000
903.000	719.000
904.000	716.000
905.000	786.000
906.000	767.000
907.000	709.000
908.000	694.000
909.000	660.000
910.000	620.000
911.000	533.000
912.000	519.000
913.000	533.000
914.000	525.000
915.000	461.000
916.000	413.000
917.000	413.000
918.000	375.000
919.000	358.000
920.000	378.000
921.000	329.000
922.000	299.000
923.000	326.000
924.000	285.000
925.000	253.000
926.000	244.000
927.000	254.000
928.000	234.000
929.000	235.000
930.000	228.000
931.000	223.000
932.000	237.000
933.000	197.000
934.000	209.000
935.000	208.000
936.000	189.000
937.000	212.000
938.000	206.000
939.000	201.000
940.000	212.000
941.000	207.000
942.000	216.000
943.000	259.000
944.000	232.000
945.000	306.000
946.000	319.000
947.000	367.000
948.000	328.000
949.000	346.000
950.000	433.000
951.000	454.000
952.000	501.000
953.000	474.000
954.000	456.000
955.000	489.000
956.000	434.000
957.000	405.000
958.000	372.000
959.000	334.000
960.000	313.000
961.000	262.000
962.000	290.000
963.000	246.000
964.000	256.000
965.000	208.000
966.000	191.000
967.000	180.000
968.000	170.000
969.000	165.000
970.000	153.000
971.000	172.000
972.000	147.000
973.000	157.000
974.000	178.000
975.000	164.000
976.000	178.000
977.000	186.000
978.000	169.000
979.000	174.000
980.000	178.000
981.000	171.000
982.000	192.000
983.000	195.000
984.000	207.000
985.000	170.000
986.000	191.000
987.000	184.000
988.000	216.000
989.000	206.000
990.000	214.000
991.000	210.000
992.000	203.000
993.000	257.000
994.000	218.000
995.000	245.000
996.000	256.000
997.000	231.000
998.000	231.000
999.000	262.000
1000.000	261.000
1001.000	266.000
1002.000	233.000
1003.000	277.000
1004.000	247.000
1005.000	233.000
1006.000	246.000
1007.000	219.000
1008.000	242.000
1009.000	246.000
1010.000	262.000
1011.000	218.000
1012.000	194.000
1013.000	196.000
1014.000	212.000
1015.000	192.000
1016.000	196.000
1017.000	201.000
1018.000	178.000
1019.000	174.000
1020.000	160.000
1021.000	141.000
1022.000	156.000
1023.000	154.000
1024.000	129.000
