Date:	8/19/2008		Time:	9:46 AM		Version no:	0.00		Project name:	55		Sample name:	222		Section name:	section		Position	750.039995	mm	E0	0.000000	keV	E1	1.000000	keV/channel	sample surface	7.740506	cm	Tube anode:	Mo		Tube voltage:	30	kV	Tube current:	50	mA	gain	20		std. database			resultfile	result		matrix element	11		sample thickness	1.000000		air passage	0.560000	cm	comments	not in position		peaking_time	3.000000	m-sec	trigger_threshold	1229.166667	V	mca_bin_width	22.090000	no:	number_mca_channels	1024.000000	no:	gap_time	0.400000	m-sec	trigger_peaking_time	0.150000	m-sec	GAINDAC	9455		HIGHGAIN	1		TAURC	0		RCTAU	53		RCTAUFRAC	32768		livetime	9.739258	seconds	runtime	10.000502	seconds	input_count_rate	25.181077	cps	output_count_rate	19.688312	cps	triggers	245245	seconds	events_in_run	196893	seconds	channel	content		1.000	0.000
2.000	0.000
3.000	0.000
4.000	0.000
5.000	0.000
6.000	0.000
7.000	0.000
8.000	0.000
9.000	0.000
10.000	0.000
11.000	0.000
12.000	0.000
13.000	0.000
14.000	0.000
15.000	0.000
16.000	0.000
17.000	0.000
18.000	0.000
19.000	0.000
20.000	0.000
21.000	0.000
22.000	0.000
23.000	0.000
24.000	0.000
25.000	0.000
26.000	0.000
27.000	0.000
28.000	0.000
29.000	0.000
30.000	0.000
31.000	0.000
32.000	0.000
33.000	0.000
34.000	1.000
35.000	1.000
36.000	1.000
37.000	1.000
38.000	5.000
39.000	5.000
40.000	2.000
41.000	5.000
42.000	4.000
43.000	5.000
44.000	5.000
45.000	5.000
46.000	5.000
47.000	4.000
48.000	6.000
49.000	2.000
50.000	4.000
51.000	10.000
52.000	10.000
53.000	17.000
54.000	15.000
55.000	11.000
56.000	6.000
57.000	16.000
58.000	10.000
59.000	8.000
60.000	9.000
61.000	9.000
62.000	19.000
63.000	9.000
64.000	8.000
65.000	9.000
66.000	7.000
67.000	7.000
68.000	10.000
69.000	11.000
70.000	13.000
71.000	7.000
72.000	10.000
73.000	12.000
74.000	8.000
75.000	10.000
76.000	10.000
77.000	6.000
78.000	11.000
79.000	7.000
80.000	11.000
81.000	6.000
82.000	3.000
83.000	7.000
84.000	6.000
85.000	10.000
86.000	9.000
87.000	5.000
88.000	7.000
89.000	6.000
90.000	6.000
91.000	12.000
92.000	9.000
93.000	7.000
94.000	8.000
95.000	6.000
96.000	10.000
97.000	3.000
98.000	12.000
99.000	7.000
100.000	8.000
101.000	8.000
102.000	8.000
103.000	5.000
104.000	7.000
105.000	8.000
106.000	9.000
107.000	7.000
108.000	7.000
109.000	10.000
110.000	15.000
111.000	8.000
112.000	9.000
113.000	5.000
114.000	6.000
115.000	8.000
116.000	6.000
117.000	5.000
118.000	8.000
119.000	3.000
120.000	4.000
121.000	8.000
122.000	4.000
123.000	9.000
124.000	6.000
125.000	10.000
126.000	15.000
127.000	12.000
128.000	12.000
129.000	5.000
130.000	5.000
131.000	6.000
132.000	7.000
133.000	3.000
134.000	8.000
135.000	5.000
136.000	6.000
137.000	4.000
138.000	6.000
139.000	2.000
140.000	6.000
141.000	3.000
142.000	2.000
143.000	1.000
144.000	6.000
145.000	5.000
146.000	6.000
147.000	3.000
148.000	4.000
149.000	4.000
150.000	3.000
151.000	9.000
152.000	6.000
153.000	4.000
154.000	4.000
155.000	4.000
156.000	5.000
157.000	1.000
158.000	7.000
159.000	5.000
160.000	6.000
161.000	9.000
162.000	15.000
163.000	14.000
164.000	10.000
165.000	15.000
166.000	4.000
167.000	5.000
168.000	3.000
169.000	2.000
170.000	2.000
171.000	2.000
172.000	4.000
173.000	5.000
174.000	4.000
175.000	0.000
176.000	6.000
177.000	7.000
178.000	7.000
179.000	10.000
180.000	5.000
181.000	13.000
182.000	10.000
183.000	10.000
184.000	4.000
185.000	4.000
186.000	5.000
187.000	7.000
188.000	4.000
189.000	1.000
190.000	3.000
191.000	0.000
192.000	5.000
193.000	4.000
194.000	3.000
195.000	2.000
196.000	4.000
197.000	4.000
198.000	8.000
199.000	21.000
200.000	22.000
201.000	25.000
202.000	19.000
203.000	20.000
204.000	28.000
205.000	18.000
206.000	16.000
207.000	13.000
208.000	11.000
209.000	9.000
210.000	8.000
211.000	3.000
212.000	2.000
213.000	3.000
214.000	5.000
215.000	2.000
216.000	5.000
217.000	2.000
218.000	1.000
219.000	5.000
220.000	11.000
221.000	5.000
222.000	7.000
223.000	9.000
224.000	9.000
225.000	4.000
226.000	6.000
227.000	8.000
228.000	3.000
229.000	7.000
230.000	2.000
231.000	3.000
232.000	2.000
233.000	3.000
234.000	1.000
235.000	5.000
236.000	2.000
237.000	0.000
238.000	0.000
239.000	2.000
240.000	3.000
241.000	6.000
242.000	3.000
243.000	5.000
244.000	8.000
245.000	6.000
246.000	10.000
247.000	7.000
248.000	14.000
249.000	10.000
250.000	8.000
251.000	2.000
252.000	2.000
253.000	5.000
254.000	6.000
255.000	7.000
256.000	7.000
257.000	3.000
258.000	6.000
259.000	1.000
260.000	5.000
261.000	6.000
262.000	1.000
263.000	4.000
264.000	6.000
265.000	1.000
266.000	6.000
267.000	5.000
268.000	6.000
269.000	4.000
270.000	10.000
271.000	5.000
272.000	5.000
273.000	8.000
274.000	5.000
275.000	5.000
276.000	4.000
277.000	4.000
278.000	6.000
279.000	2.000
280.000	9.000
281.000	3.000
282.000	4.000
283.000	3.000
284.000	2.000
285.000	3.000
286.000	9.000
287.000	3.000
288.000	6.000
289.000	11.000
290.000	7.000
291.000	4.000
292.000	9.000
293.000	6.000
294.000	10.000
295.000	8.000
296.000	5.000
297.000	10.000
298.000	8.000
299.000	7.000
300.000	3.000
301.000	6.000
302.000	5.000
303.000	7.000
304.000	4.000
305.000	9.000
306.000	4.000
307.000	6.000
308.000	7.000
309.000	9.000
310.000	5.000
311.000	4.000
312.000	4.000
313.000	5.000
314.000	5.000
315.000	4.000
316.000	6.000
317.000	14.000
318.000	17.000
319.000	17.000
320.000	30.000
321.000	22.000
322.000	42.000
323.000	32.000
324.000	29.000
325.000	26.000
326.000	19.000
327.000	19.000
328.000	19.000
329.000	10.000
330.000	11.000
331.000	15.000
332.000	10.000
333.000	15.000
334.000	8.000
335.000	12.000
336.000	8.000
337.000	10.000
338.000	11.000
339.000	15.000
340.000	10.000
341.000	26.000
342.000	40.000
343.000	68.000
344.000	115.000
345.000	133.000
346.000	198.000
347.000	285.000
348.000	397.000
349.000	476.000
350.000	508.000
351.000	486.000
352.000	504.000
353.000	397.000
354.000	334.000
355.000	262.000
356.000	160.000
357.000	102.000
358.000	66.000
359.000	40.000
360.000	27.000
361.000	17.000
362.000	16.000
363.000	16.000
364.000	9.000
365.000	10.000
366.000	15.000
367.000	10.000
368.000	10.000
369.000	17.000
370.000	11.000
371.000	10.000
372.000	11.000
373.000	14.000
374.000	24.000
375.000	27.000
376.000	16.000
377.000	29.000
378.000	26.000
379.000	27.000
380.000	30.000
381.000	46.000
382.000	55.000
383.000	76.000
384.000	85.000
385.000	89.000
386.000	97.000
387.000	99.000
388.000	112.000
389.000	86.000
390.000	61.000
391.000	48.000
392.000	41.000
393.000	34.000
394.000	18.000
395.000	19.000
396.000	15.000
397.000	10.000
398.000	19.000
399.000	15.000
400.000	12.000
401.000	18.000
402.000	26.000
403.000	20.000
404.000	18.000
405.000	22.000
406.000	19.000
407.000	20.000
408.000	19.000
409.000	22.000
410.000	19.000
411.000	19.000
412.000	18.000
413.000	17.000
414.000	18.000
415.000	19.000
416.000	18.000
417.000	26.000
418.000	17.000
419.000	17.000
420.000	16.000
421.000	22.000
422.000	25.000
423.000	26.000
424.000	24.000
425.000	30.000
426.000	23.000
427.000	14.000
428.000	16.000
429.000	27.000
430.000	28.000
431.000	22.000
432.000	31.000
433.000	27.000
434.000	20.000
435.000	26.000
436.000	25.000
437.000	21.000
438.000	30.000
439.000	23.000
440.000	26.000
441.000	30.000
442.000	35.000
443.000	25.000
444.000	33.000
445.000	35.000
446.000	26.000
447.000	23.000
448.000	31.000
449.000	41.000
450.000	35.000
451.000	39.000
452.000	34.000
453.000	40.000
454.000	28.000
455.000	37.000
456.000	37.000
457.000	35.000
458.000	28.000
459.000	35.000
460.000	30.000
461.000	32.000
462.000	32.000
463.000	44.000
464.000	31.000
465.000	34.000
466.000	38.000
467.000	51.000
468.000	27.000
469.000	49.000
470.000	40.000
471.000	35.000
472.000	32.000
473.000	54.000
474.000	42.000
475.000	39.000
476.000	35.000
477.000	36.000
478.000	33.000
479.000	24.000
480.000	47.000
481.000	40.000
482.000	37.000
483.000	31.000
484.000	44.000
485.000	44.000
486.000	55.000
487.000	39.000
488.000	35.000
489.000	37.000
490.000	39.000
491.000	28.000
492.000	57.000
493.000	39.000
494.000	50.000
495.000	37.000
496.000	54.000
497.000	50.000
498.000	47.000
499.000	50.000
500.000	63.000
501.000	45.000
502.000	57.000
503.000	58.000
504.000	52.000
505.000	46.000
506.000	55.000
507.000	59.000
508.000	64.000
509.000	43.000
510.000	57.000
511.000	59.000
512.000	61.000
513.000	54.000
514.000	56.000
515.000	62.000
516.000	78.000
517.000	77.000
518.000	66.000
519.000	61.000
520.000	72.000
521.000	45.000
522.000	71.000
523.000	63.000
524.000	73.000
525.000	59.000
526.000	81.000
527.000	75.000
528.000	70.000
529.000	69.000
530.000	70.000
531.000	63.000
532.000	58.000
533.000	74.000
534.000	80.000
535.000	69.000
536.000	68.000
537.000	74.000
538.000	74.000
539.000	67.000
540.000	67.000
541.000	69.000
542.000	75.000
543.000	73.000
544.000	59.000
545.000	71.000
546.000	76.000
547.000	86.000
548.000	64.000
549.000	88.000
550.000	70.000
551.000	96.000
552.000	82.000
553.000	103.000
554.000	96.000
555.000	93.000
556.000	72.000
557.000	78.000
558.000	83.000
559.000	81.000
560.000	63.000
561.000	100.000
562.000	68.000
563.000	97.000
564.000	86.000
565.000	91.000
566.000	89.000
567.000	81.000
568.000	82.000
569.000	99.000
570.000	86.000
571.000	95.000
572.000	86.000
573.000	107.000
574.000	92.000
575.000	103.000
576.000	81.000
577.000	106.000
578.000	99.000
579.000	97.000
580.000	90.000
581.000	97.000
582.000	109.000
583.000	102.000
584.000	107.000
585.000	110.000
586.000	118.000
587.000	109.000
588.000	78.000
589.000	100.000
590.000	97.000
591.000	102.000
592.000	118.000
593.000	116.000
594.000	101.000
595.000	112.000
596.000	99.000
597.000	92.000
598.000	122.000
599.000	118.000
600.000	101.000
601.000	120.000
602.000	117.000
603.000	132.000
604.000	86.000
605.000	130.000
606.000	103.000
607.000	107.000
608.000	120.000
609.000	113.000
610.000	119.000
611.000	122.000
612.000	134.000
613.000	129.000
614.000	127.000
615.000	123.000
616.000	112.000
617.000	99.000
618.000	132.000
619.000	125.000
620.000	124.000
621.000	116.000
622.000	131.000
623.000	138.000
624.000	141.000
625.000	123.000
626.000	141.000
627.000	144.000
628.000	142.000
629.000	168.000
630.000	143.000
631.000	132.000
632.000	133.000
633.000	138.000
634.000	123.000
635.000	140.000
636.000	131.000
637.000	136.000
638.000	154.000
639.000	164.000
640.000	147.000
641.000	147.000
642.000	148.000
643.000	147.000
644.000	141.000
645.000	147.000
646.000	139.000
647.000	144.000
648.000	167.000
649.000	165.000
650.000	136.000
651.000	194.000
652.000	161.000
653.000	159.000
654.000	153.000
655.000	162.000
656.000	139.000
657.000	175.000
658.000	177.000
659.000	152.000
660.000	163.000
661.000	155.000
662.000	174.000
663.000	171.000
664.000	136.000
665.000	152.000
666.000	134.000
667.000	205.000
668.000	181.000
669.000	162.000
670.000	189.000
671.000	158.000
672.000	179.000
673.000	143.000
674.000	163.000
675.000	191.000
676.000	186.000
677.000	171.000
678.000	174.000
679.000	175.000
680.000	173.000
681.000	160.000
682.000	193.000
683.000	158.000
684.000	181.000
685.000	184.000
686.000	161.000
687.000	187.000
688.000	167.000
689.000	205.000
690.000	175.000
691.000	173.000
692.000	181.000
693.000	181.000
694.000	211.000
695.000	177.000
696.000	200.000
697.000	204.000
698.000	182.000
699.000	181.000
700.000	190.000
701.000	197.000
702.000	197.000
703.000	194.000
704.000	203.000
705.000	193.000
706.000	200.000
707.000	209.000
708.000	218.000
709.000	207.000
710.000	188.000
711.000	194.000
712.000	189.000
713.000	228.000
714.000	189.000
715.000	198.000
716.000	212.000
717.000	178.000
718.000	214.000
719.000	207.000
720.000	209.000
721.000	203.000
722.000	211.000
723.000	225.000
724.000	218.000
725.000	205.000
726.000	220.000
727.000	239.000
728.000	209.000
729.000	212.000
730.000	213.000
731.000	224.000
732.000	221.000
733.000	241.000
734.000	202.000
735.000	214.000
736.000	213.000
737.000	239.000
738.000	228.000
739.000	230.000
740.000	198.000
741.000	227.000
742.000	195.000
743.000	230.000
744.000	232.000
745.000	239.000
746.000	218.000
747.000	256.000
748.000	236.000
749.000	237.000
750.000	251.000
751.000	202.000
752.000	194.000
753.000	256.000
754.000	225.000
755.000	238.000
756.000	230.000
757.000	220.000
758.000	221.000
759.000	221.000
760.000	221.000
761.000	223.000
762.000	216.000
763.000	217.000
764.000	211.000
765.000	248.000
766.000	277.000
767.000	244.000
768.000	266.000
769.000	229.000
770.000	250.000
771.000	266.000
772.000	280.000
773.000	259.000
774.000	271.000
775.000	256.000
776.000	276.000
777.000	264.000
778.000	264.000
779.000	245.000
780.000	266.000
781.000	238.000
782.000	247.000
783.000	236.000
784.000	221.000
785.000	240.000
786.000	225.000
787.000	254.000
788.000	241.000
789.000	230.000
790.000	246.000
791.000	276.000
792.000	251.000
793.000	252.000
794.000	250.000
795.000	272.000
796.000	246.000
797.000	230.000
798.000	286.000
799.000	248.000
800.000	238.000
801.000	248.000
802.000	274.000
803.000	228.000
804.000	296.000
805.000	274.000
806.000	263.000
807.000	225.000
808.000	256.000
809.000	272.000
810.000	263.000
811.000	266.000
812.000	234.000
813.000	273.000
814.000	235.000
815.000	255.000
816.000	283.000
817.000	277.000
818.000	276.000
819.000	261.000
820.000	272.000
821.000	286.000
822.000	273.000
823.000	248.000
824.000	256.000
825.000	229.000
826.000	273.000
827.000	293.000
828.000	290.000
829.000	255.000
830.000	254.000
831.000	286.000
832.000	273.000
833.000	285.000
834.000	276.000
835.000	292.000
836.000	279.000
837.000	251.000
838.000	263.000
839.000	271.000
840.000	304.000
841.000	282.000
842.000	272.000
843.000	298.000
844.000	272.000
845.000	282.000
846.000	307.000
847.000	309.000
848.000	279.000
849.000	310.000
850.000	324.000
851.000	270.000
852.000	324.000
853.000	280.000
854.000	319.000
855.000	336.000
856.000	308.000
857.000	353.000
858.000	314.000
859.000	328.000
860.000	351.000
861.000	334.000
862.000	370.000
863.000	390.000
864.000	360.000
865.000	362.000
866.000	374.000
867.000	343.000
868.000	376.000
869.000	353.000
870.000	406.000
871.000	436.000
872.000	465.000
873.000	426.000
874.000	475.000
875.000	472.000
876.000	460.000
877.000	521.000
878.000	538.000
879.000	543.000
880.000	590.000
881.000	634.000
882.000	641.000
883.000	730.000
884.000	775.000
885.000	761.000
886.000	834.000
887.000	870.000
888.000	931.000
889.000	951.000
890.000	1010.000
891.000	1069.000
892.000	1206.000
893.000	1217.000
894.000	1238.000
895.000	1310.000
896.000	1312.000
897.000	1383.000
898.000	1322.000
899.000	1347.000
900.000	1406.000
901.000	1387.000
902.000	1298.000
903.000	1348.000
904.000	1298.000
905.000	1261.000
906.000	1233.000
907.000	1233.000
908.000	1176.000
909.000	1130.000
910.000	1052.000
911.000	1035.000
912.000	926.000
913.000	897.000
914.000	862.000
915.000	826.000
916.000	794.000
917.000	703.000
918.000	696.000
919.000	625.000
920.000	591.000
921.000	584.000
922.000	532.000
923.000	482.000
924.000	488.000
925.000	461.000
926.000	456.000
927.000	406.000
928.000	396.000
929.000	363.000
930.000	368.000
931.000	309.000
932.000	350.000
933.000	350.000
934.000	320.000
935.000	336.000
936.000	319.000
937.000	307.000
938.000	321.000
939.000	348.000
940.000	330.000
941.000	319.000
942.000	343.000
943.000	422.000
944.000	420.000
945.000	508.000
946.000	519.000
947.000	538.000
948.000	591.000
949.000	671.000
950.000	626.000
951.000	737.000
952.000	716.000
953.000	739.000
954.000	730.000
955.000	724.000
956.000	738.000
957.000	660.000
958.000	628.000
959.000	582.000
960.000	503.000
961.000	474.000
962.000	375.000
963.000	366.000
964.000	331.000
965.000	302.000
966.000	302.000
967.000	273.000
968.000	252.000
969.000	291.000
970.000	275.000
971.000	264.000
972.000	257.000
973.000	251.000
974.000	270.000
975.000	279.000
976.000	284.000
977.000	265.000
978.000	252.000
979.000	295.000
980.000	278.000
981.000	290.000
982.000	272.000
983.000	290.000
984.000	326.000
985.000	309.000
986.000	294.000
987.000	347.000
988.000	312.000
989.000	344.000
990.000	330.000
991.000	337.000
992.000	361.000
993.000	361.000
994.000	355.000
995.000	374.000
996.000	396.000
997.000	418.000
998.000	403.000
999.000	375.000
1000.000	389.000
1001.000	390.000
1002.000	399.000
1003.000	425.000
1004.000	415.000
1005.000	451.000
1006.000	399.000
1007.000	423.000
1008.000	396.000
1009.000	364.000
1010.000	378.000
1011.000	406.000
1012.000	358.000
1013.000	362.000
1014.000	332.000
1015.000	349.000
1016.000	339.000
1017.000	367.000
1018.000	302.000
1019.000	317.000
1020.000	309.000
1021.000	277.000
1022.000	261.000
1023.000	252.000
1024.000	250.000
