Date:	8/19/2008		Time:	9:40 AM		Version no:	0.00		Project name:	55		Sample name:	222		Section name:	section		Position	684.039995	mm	E0	0.000000	keV	E1	1.000000	keV/channel	sample surface	7.679659	cm	Tube anode:	Mo		Tube voltage:	30	kV	Tube current:	50	mA	gain	20		std. database			resultfile	result		matrix element	11		sample thickness	1.000000		air passage	0.560000	cm	comments	not in position		peaking_time	3.000000	m-sec	trigger_threshold	1229.166667	V	mca_bin_width	22.090000	no:	number_mca_channels	1024.000000	no:	gap_time	0.400000	m-sec	trigger_peaking_time	0.150000	m-sec	GAINDAC	9455		HIGHGAIN	1		TAURC	0		RCTAU	53		RCTAUFRAC	32768		livetime	9.701878	seconds	runtime	10.000502	seconds	input_count_rate	28.145686	cps	output_count_rate	21.452124	cps	triggers	273066	seconds	events_in_run	214532	seconds	channel	content		1.000	0.000
2.000	0.000
3.000	0.000
4.000	0.000
5.000	0.000
6.000	0.000
7.000	0.000
8.000	0.000
9.000	0.000
10.000	0.000
11.000	0.000
12.000	0.000
13.000	0.000
14.000	0.000
15.000	0.000
16.000	0.000
17.000	0.000
18.000	0.000
19.000	0.000
20.000	0.000
21.000	0.000
22.000	0.000
23.000	0.000
24.000	0.000
25.000	0.000
26.000	0.000
27.000	0.000
28.000	0.000
29.000	0.000
30.000	0.000
31.000	0.000
32.000	2.000
33.000	1.000
34.000	0.000
35.000	1.000
36.000	0.000
37.000	0.000
38.000	1.000
39.000	2.000
40.000	5.000
41.000	6.000
42.000	4.000
43.000	5.000
44.000	3.000
45.000	4.000
46.000	3.000
47.000	5.000
48.000	8.000
49.000	11.000
50.000	9.000
51.000	11.000
52.000	10.000
53.000	12.000
54.000	11.000
55.000	7.000
56.000	4.000
57.000	12.000
58.000	9.000
59.000	6.000
60.000	6.000
61.000	6.000
62.000	17.000
63.000	9.000
64.000	8.000
65.000	15.000
66.000	12.000
67.000	8.000
68.000	8.000
69.000	13.000
70.000	7.000
71.000	9.000
72.000	7.000
73.000	1.000
74.000	6.000
75.000	12.000
76.000	11.000
77.000	4.000
78.000	7.000
79.000	5.000
80.000	0.000
81.000	7.000
82.000	6.000
83.000	4.000
84.000	3.000
85.000	7.000
86.000	8.000
87.000	7.000
88.000	11.000
89.000	7.000
90.000	10.000
91.000	16.000
92.000	11.000
93.000	6.000
94.000	8.000
95.000	10.000
96.000	4.000
97.000	6.000
98.000	10.000
99.000	4.000
100.000	4.000
101.000	9.000
102.000	9.000
103.000	8.000
104.000	9.000
105.000	7.000
106.000	5.000
107.000	8.000
108.000	3.000
109.000	10.000
110.000	3.000
111.000	5.000
112.000	8.000
113.000	5.000
114.000	9.000
115.000	5.000
116.000	5.000
117.000	7.000
118.000	7.000
119.000	10.000
120.000	3.000
121.000	8.000
122.000	7.000
123.000	3.000
124.000	3.000
125.000	8.000
126.000	11.000
127.000	6.000
128.000	12.000
129.000	11.000
130.000	13.000
131.000	2.000
132.000	9.000
133.000	5.000
134.000	8.000
135.000	7.000
136.000	6.000
137.000	8.000
138.000	4.000
139.000	6.000
140.000	2.000
141.000	5.000
142.000	2.000
143.000	3.000
144.000	7.000
145.000	5.000
146.000	2.000
147.000	2.000
148.000	5.000
149.000	8.000
150.000	5.000
151.000	2.000
152.000	2.000
153.000	2.000
154.000	6.000
155.000	3.000
156.000	2.000
157.000	4.000
158.000	9.000
159.000	7.000
160.000	10.000
161.000	11.000
162.000	12.000
163.000	9.000
164.000	17.000
165.000	9.000
166.000	11.000
167.000	6.000
168.000	5.000
169.000	1.000
170.000	4.000
171.000	4.000
172.000	11.000
173.000	7.000
174.000	3.000
175.000	6.000
176.000	5.000
177.000	3.000
178.000	3.000
179.000	9.000
180.000	10.000
181.000	12.000
182.000	10.000
183.000	8.000
184.000	5.000
185.000	8.000
186.000	4.000
187.000	7.000
188.000	6.000
189.000	5.000
190.000	5.000
191.000	4.000
192.000	2.000
193.000	4.000
194.000	5.000
195.000	4.000
196.000	6.000
197.000	2.000
198.000	6.000
199.000	9.000
200.000	14.000
201.000	25.000
202.000	30.000
203.000	22.000
204.000	24.000
205.000	20.000
206.000	10.000
207.000	8.000
208.000	5.000
209.000	5.000
210.000	7.000
211.000	7.000
212.000	0.000
213.000	2.000
214.000	3.000
215.000	2.000
216.000	6.000
217.000	8.000
218.000	7.000
219.000	8.000
220.000	6.000
221.000	7.000
222.000	6.000
223.000	5.000
224.000	1.000
225.000	6.000
226.000	4.000
227.000	6.000
228.000	3.000
229.000	3.000
230.000	3.000
231.000	6.000
232.000	5.000
233.000	5.000
234.000	5.000
235.000	3.000
236.000	7.000
237.000	3.000
238.000	8.000
239.000	5.000
240.000	5.000
241.000	7.000
242.000	3.000
243.000	6.000
244.000	11.000
245.000	7.000
246.000	7.000
247.000	5.000
248.000	17.000
249.000	11.000
250.000	6.000
251.000	7.000
252.000	7.000
253.000	4.000
254.000	6.000
255.000	3.000
256.000	5.000
257.000	3.000
258.000	8.000
259.000	8.000
260.000	7.000
261.000	6.000
262.000	8.000
263.000	3.000
264.000	4.000
265.000	4.000
266.000	2.000
267.000	8.000
268.000	6.000
269.000	0.000
270.000	5.000
271.000	6.000
272.000	7.000
273.000	3.000
274.000	1.000
275.000	2.000
276.000	2.000
277.000	5.000
278.000	8.000
279.000	3.000
280.000	5.000
281.000	6.000
282.000	7.000
283.000	3.000
284.000	3.000
285.000	2.000
286.000	6.000
287.000	6.000
288.000	6.000
289.000	3.000
290.000	3.000
291.000	9.000
292.000	13.000
293.000	2.000
294.000	10.000
295.000	6.000
296.000	6.000
297.000	7.000
298.000	7.000
299.000	8.000
300.000	6.000
301.000	9.000
302.000	7.000
303.000	6.000
304.000	11.000
305.000	6.000
306.000	8.000
307.000	6.000
308.000	6.000
309.000	8.000
310.000	5.000
311.000	5.000
312.000	4.000
313.000	6.000
314.000	9.000
315.000	18.000
316.000	8.000
317.000	12.000
318.000	18.000
319.000	22.000
320.000	31.000
321.000	28.000
322.000	42.000
323.000	33.000
324.000	47.000
325.000	29.000
326.000	28.000
327.000	30.000
328.000	22.000
329.000	14.000
330.000	16.000
331.000	8.000
332.000	9.000
333.000	8.000
334.000	8.000
335.000	5.000
336.000	12.000
337.000	9.000
338.000	16.000
339.000	21.000
340.000	25.000
341.000	33.000
342.000	57.000
343.000	101.000
344.000	152.000
345.000	244.000
346.000	327.000
347.000	461.000
348.000	622.000
349.000	730.000
350.000	737.000
351.000	831.000
352.000	759.000
353.000	671.000
354.000	482.000
355.000	389.000
356.000	248.000
357.000	153.000
358.000	90.000
359.000	57.000
360.000	31.000
361.000	31.000
362.000	14.000
363.000	12.000
364.000	18.000
365.000	10.000
366.000	14.000
367.000	16.000
368.000	15.000
369.000	17.000
370.000	16.000
371.000	11.000
372.000	14.000
373.000	16.000
374.000	20.000
375.000	20.000
376.000	20.000
377.000	16.000
378.000	31.000
379.000	28.000
380.000	51.000
381.000	63.000
382.000	65.000
383.000	105.000
384.000	127.000
385.000	152.000
386.000	133.000
387.000	149.000
388.000	129.000
389.000	111.000
390.000	85.000
391.000	83.000
392.000	60.000
393.000	37.000
394.000	30.000
395.000	20.000
396.000	23.000
397.000	12.000
398.000	22.000
399.000	13.000
400.000	10.000
401.000	16.000
402.000	20.000
403.000	17.000
404.000	12.000
405.000	16.000
406.000	22.000
407.000	13.000
408.000	20.000
409.000	22.000
410.000	11.000
411.000	22.000
412.000	22.000
413.000	20.000
414.000	14.000
415.000	20.000
416.000	18.000
417.000	18.000
418.000	16.000
419.000	20.000
420.000	16.000
421.000	20.000
422.000	19.000
423.000	24.000
424.000	23.000
425.000	17.000
426.000	14.000
427.000	31.000
428.000	19.000
429.000	21.000
430.000	21.000
431.000	34.000
432.000	22.000
433.000	18.000
434.000	28.000
435.000	23.000
436.000	27.000
437.000	22.000
438.000	28.000
439.000	25.000
440.000	27.000
441.000	22.000
442.000	29.000
443.000	28.000
444.000	20.000
445.000	26.000
446.000	33.000
447.000	33.000
448.000	29.000
449.000	35.000
450.000	25.000
451.000	27.000
452.000	23.000
453.000	39.000
454.000	30.000
455.000	34.000
456.000	29.000
457.000	33.000
458.000	38.000
459.000	24.000
460.000	19.000
461.000	44.000
462.000	40.000
463.000	40.000
464.000	29.000
465.000	41.000
466.000	28.000
467.000	36.000
468.000	32.000
469.000	27.000
470.000	50.000
471.000	30.000
472.000	34.000
473.000	44.000
474.000	37.000
475.000	40.000
476.000	38.000
477.000	39.000
478.000	36.000
479.000	33.000
480.000	39.000
481.000	50.000
482.000	47.000
483.000	43.000
484.000	37.000
485.000	41.000
486.000	40.000
487.000	40.000
488.000	50.000
489.000	35.000
490.000	44.000
491.000	37.000
492.000	38.000
493.000	50.000
494.000	33.000
495.000	41.000
496.000	43.000
497.000	32.000
498.000	52.000
499.000	55.000
500.000	46.000
501.000	44.000
502.000	55.000
503.000	46.000
504.000	56.000
505.000	53.000
506.000	62.000
507.000	49.000
508.000	48.000
509.000	56.000
510.000	59.000
511.000	47.000
512.000	39.000
513.000	64.000
514.000	55.000
515.000	64.000
516.000	42.000
517.000	57.000
518.000	64.000
519.000	65.000
520.000	55.000
521.000	52.000
522.000	77.000
523.000	59.000
524.000	56.000
525.000	64.000
526.000	56.000
527.000	79.000
528.000	63.000
529.000	73.000
530.000	63.000
531.000	59.000
532.000	79.000
533.000	75.000
534.000	75.000
535.000	51.000
536.000	63.000
537.000	72.000
538.000	76.000
539.000	75.000
540.000	67.000
541.000	53.000
542.000	80.000
543.000	52.000
544.000	74.000
545.000	81.000
546.000	94.000
547.000	61.000
548.000	77.000
549.000	72.000
550.000	70.000
551.000	93.000
552.000	85.000
553.000	78.000
554.000	71.000
555.000	76.000
556.000	73.000
557.000	71.000
558.000	80.000
559.000	79.000
560.000	94.000
561.000	91.000
562.000	87.000
563.000	76.000
564.000	100.000
565.000	99.000
566.000	94.000
567.000	75.000
568.000	100.000
569.000	77.000
570.000	81.000
571.000	96.000
572.000	119.000
573.000	93.000
574.000	98.000
575.000	75.000
576.000	85.000
577.000	101.000
578.000	107.000
579.000	112.000
580.000	104.000
581.000	105.000
582.000	117.000
583.000	94.000
584.000	103.000
585.000	97.000
586.000	112.000
587.000	106.000
588.000	103.000
589.000	104.000
590.000	126.000
591.000	128.000
592.000	114.000
593.000	106.000
594.000	116.000
595.000	105.000
596.000	106.000
597.000	117.000
598.000	122.000
599.000	129.000
600.000	97.000
601.000	120.000
602.000	84.000
603.000	124.000
604.000	131.000
605.000	128.000
606.000	103.000
607.000	137.000
608.000	131.000
609.000	115.000
610.000	129.000
611.000	125.000
612.000	120.000
613.000	131.000
614.000	133.000
615.000	128.000
616.000	134.000
617.000	116.000
618.000	118.000
619.000	117.000
620.000	142.000
621.000	122.000
622.000	139.000
623.000	128.000
624.000	137.000
625.000	120.000
626.000	118.000
627.000	145.000
628.000	139.000
629.000	132.000
630.000	139.000
631.000	150.000
632.000	154.000
633.000	141.000
634.000	161.000
635.000	147.000
636.000	142.000
637.000	143.000
638.000	143.000
639.000	159.000
640.000	153.000
641.000	168.000
642.000	145.000
643.000	160.000
644.000	158.000
645.000	148.000
646.000	175.000
647.000	155.000
648.000	170.000
649.000	174.000
650.000	191.000
651.000	183.000
652.000	175.000
653.000	149.000
654.000	161.000
655.000	149.000
656.000	171.000
657.000	178.000
658.000	146.000
659.000	181.000
660.000	169.000
661.000	168.000
662.000	175.000
663.000	178.000
664.000	166.000
665.000	167.000
666.000	173.000
667.000	197.000
668.000	173.000
669.000	194.000
670.000	188.000
671.000	187.000
672.000	190.000
673.000	209.000
674.000	188.000
675.000	182.000
676.000	205.000
677.000	188.000
678.000	179.000
679.000	206.000
680.000	170.000
681.000	197.000
682.000	169.000
683.000	206.000
684.000	206.000
685.000	190.000
686.000	200.000
687.000	165.000
688.000	195.000
689.000	195.000
690.000	174.000
691.000	185.000
692.000	171.000
693.000	213.000
694.000	201.000
695.000	202.000
696.000	207.000
697.000	214.000
698.000	212.000
699.000	248.000
700.000	197.000
701.000	180.000
702.000	212.000
703.000	236.000
704.000	213.000
705.000	205.000
706.000	190.000
707.000	220.000
708.000	217.000
709.000	185.000
710.000	215.000
711.000	217.000
712.000	219.000
713.000	202.000
714.000	226.000
715.000	215.000
716.000	228.000
717.000	194.000
718.000	211.000
719.000	228.000
720.000	220.000
721.000	219.000
722.000	207.000
723.000	237.000
724.000	226.000
725.000	204.000
726.000	244.000
727.000	232.000
728.000	248.000
729.000	228.000
730.000	242.000
731.000	237.000
732.000	254.000
733.000	228.000
734.000	234.000
735.000	249.000
736.000	255.000
737.000	240.000
738.000	221.000
739.000	251.000
740.000	237.000
741.000	236.000
742.000	244.000
743.000	241.000
744.000	255.000
745.000	206.000
746.000	224.000
747.000	226.000
748.000	230.000
749.000	220.000
750.000	267.000
751.000	262.000
752.000	254.000
753.000	242.000
754.000	250.000
755.000	262.000
756.000	259.000
757.000	242.000
758.000	272.000
759.000	258.000
760.000	240.000
761.000	254.000
762.000	271.000
763.000	258.000
764.000	260.000
765.000	271.000
766.000	278.000
767.000	275.000
768.000	253.000
769.000	261.000
770.000	262.000
771.000	273.000
772.000	306.000
773.000	283.000
774.000	255.000
775.000	283.000
776.000	286.000
777.000	284.000
778.000	294.000
779.000	295.000
780.000	280.000
781.000	276.000
782.000	243.000
783.000	241.000
784.000	256.000
785.000	246.000
786.000	248.000
787.000	262.000
788.000	261.000
789.000	258.000
790.000	240.000
791.000	297.000
792.000	248.000
793.000	279.000
794.000	274.000
795.000	250.000
796.000	262.000
797.000	250.000
798.000	275.000
799.000	242.000
800.000	270.000
801.000	278.000
802.000	298.000
803.000	280.000
804.000	296.000
805.000	272.000
806.000	276.000
807.000	287.000
808.000	280.000
809.000	270.000
810.000	335.000
811.000	288.000
812.000	297.000
813.000	299.000
814.000	274.000
815.000	284.000
816.000	299.000
817.000	279.000
818.000	324.000
819.000	276.000
820.000	328.000
821.000	314.000
822.000	302.000
823.000	287.000
824.000	301.000
825.000	292.000
826.000	312.000
827.000	321.000
828.000	289.000
829.000	296.000
830.000	314.000
831.000	287.000
832.000	320.000
833.000	311.000
834.000	293.000
835.000	328.000
836.000	312.000
837.000	317.000
838.000	275.000
839.000	333.000
840.000	327.000
841.000	298.000
842.000	336.000
843.000	311.000
844.000	326.000
845.000	339.000
846.000	336.000
847.000	321.000
848.000	309.000
849.000	348.000
850.000	293.000
851.000	346.000
852.000	349.000
853.000	339.000
854.000	347.000
855.000	387.000
856.000	374.000
857.000	367.000
858.000	382.000
859.000	401.000
860.000	387.000
861.000	360.000
862.000	397.000
863.000	406.000
864.000	400.000
865.000	464.000
866.000	428.000
867.000	402.000
868.000	454.000
869.000	452.000
870.000	447.000
871.000	436.000
872.000	445.000
873.000	477.000
874.000	515.000
875.000	515.000
876.000	526.000
877.000	558.000
878.000	612.000
879.000	601.000
880.000	616.000
881.000	646.000
882.000	766.000
883.000	774.000
884.000	818.000
885.000	886.000
886.000	916.000
887.000	961.000
888.000	1000.000
889.000	1096.000
890.000	1105.000
891.000	1208.000
892.000	1219.000
893.000	1389.000
894.000	1465.000
895.000	1403.000
896.000	1452.000
897.000	1529.000
898.000	1384.000
899.000	1452.000
900.000	1495.000
901.000	1472.000
902.000	1533.000
903.000	1445.000
904.000	1387.000
905.000	1409.000
906.000	1334.000
907.000	1301.000
908.000	1241.000
909.000	1208.000
910.000	1184.000
911.000	1122.000
912.000	1004.000
913.000	959.000
914.000	864.000
915.000	828.000
916.000	832.000
917.000	792.000
918.000	703.000
919.000	708.000
920.000	688.000
921.000	585.000
922.000	555.000
923.000	518.000
924.000	520.000
925.000	475.000
926.000	444.000
927.000	462.000
928.000	428.000
929.000	409.000
930.000	386.000
931.000	392.000
932.000	373.000
933.000	380.000
934.000	374.000
935.000	356.000
936.000	350.000
937.000	335.000
938.000	347.000
939.000	387.000
940.000	385.000
941.000	379.000
942.000	412.000
943.000	437.000
944.000	482.000
945.000	508.000
946.000	549.000
947.000	607.000
948.000	648.000
949.000	688.000
950.000	737.000
951.000	748.000
952.000	761.000
953.000	797.000
954.000	783.000
955.000	774.000
956.000	735.000
957.000	747.000
958.000	635.000
959.000	605.000
960.000	519.000
961.000	442.000
962.000	434.000
963.000	411.000
964.000	387.000
965.000	344.000
966.000	354.000
967.000	319.000
968.000	312.000
969.000	317.000
970.000	286.000
971.000	291.000
972.000	285.000
973.000	274.000
974.000	328.000
975.000	289.000
976.000	297.000
977.000	281.000
978.000	308.000
979.000	329.000
980.000	287.000
981.000	319.000
982.000	321.000
983.000	296.000
984.000	289.000
985.000	319.000
986.000	358.000
987.000	345.000
988.000	390.000
989.000	367.000
990.000	368.000
991.000	389.000
992.000	388.000
993.000	380.000
994.000	399.000
995.000	410.000
996.000	407.000
997.000	420.000
998.000	428.000
999.000	445.000
1000.000	437.000
1001.000	415.000
1002.000	430.000
1003.000	423.000
1004.000	435.000
1005.000	407.000
1006.000	450.000
1007.000	422.000
1008.000	444.000
1009.000	445.000
1010.000	470.000
1011.000	436.000
1012.000	389.000
1013.000	370.000
1014.000	393.000
1015.000	377.000
1016.000	389.000
1017.000	368.000
1018.000	318.000
1019.000	357.000
1020.000	331.000
1021.000	324.000
1022.000	280.000
1023.000	301.000
1024.000	290.000
