Date:	8/19/2008		Time:	9:07 AM		Version no:	0.00		Project name:	55		Sample name:	222		Section name:	section		Position	342.039995	mm	E0	0.000000	keV	E1	1.000000	keV/channel	sample surface	7.534796	cm	Tube anode:	Mo		Tube voltage:	30	kV	Tube current:	50	mA	gain	20		std. database			resultfile	result		matrix element	11		sample thickness	1.000000		air passage	0.560000	cm	comments	not in position		peaking_time	3.000000	m-sec	trigger_threshold	1229.166667	V	mca_bin_width	22.090000	no:	number_mca_channels	1024.000000	no:	gap_time	0.400000	m-sec	trigger_peaking_time	0.150000	m-sec	GAINDAC	9455		HIGHGAIN	1		TAURC	0		RCTAU	53		RCTAUFRAC	32768		livetime	9.698964	seconds	runtime	10.000502	seconds	input_count_rate	28.797199	cps	output_count_rate	21.916001	cps	triggers	279303	seconds	events_in_run	219171	seconds	channel	content		1.000	0.000
2.000	0.000
3.000	0.000
4.000	0.000
5.000	0.000
6.000	0.000
7.000	0.000
8.000	0.000
9.000	0.000
10.000	0.000
11.000	0.000
12.000	0.000
13.000	0.000
14.000	0.000
15.000	0.000
16.000	0.000
17.000	0.000
18.000	0.000
19.000	0.000
20.000	0.000
21.000	0.000
22.000	0.000
23.000	0.000
24.000	0.000
25.000	0.000
26.000	0.000
27.000	0.000
28.000	0.000
29.000	0.000
30.000	0.000
31.000	0.000
32.000	0.000
33.000	2.000
34.000	1.000
35.000	1.000
36.000	2.000
37.000	1.000
38.000	1.000
39.000	2.000
40.000	1.000
41.000	0.000
42.000	4.000
43.000	8.000
44.000	6.000
45.000	7.000
46.000	4.000
47.000	11.000
48.000	8.000
49.000	12.000
50.000	3.000
51.000	6.000
52.000	7.000
53.000	12.000
54.000	9.000
55.000	11.000
56.000	12.000
57.000	14.000
58.000	13.000
59.000	13.000
60.000	9.000
61.000	11.000
62.000	9.000
63.000	13.000
64.000	15.000
65.000	11.000
66.000	16.000
67.000	12.000
68.000	9.000
69.000	14.000
70.000	10.000
71.000	11.000
72.000	10.000
73.000	11.000
74.000	12.000
75.000	7.000
76.000	9.000
77.000	10.000
78.000	12.000
79.000	8.000
80.000	7.000
81.000	16.000
82.000	11.000
83.000	7.000
84.000	8.000
85.000	10.000
86.000	10.000
87.000	9.000
88.000	6.000
89.000	10.000
90.000	6.000
91.000	8.000
92.000	2.000
93.000	8.000
94.000	5.000
95.000	7.000
96.000	5.000
97.000	9.000
98.000	10.000
99.000	3.000
100.000	11.000
101.000	6.000
102.000	10.000
103.000	6.000
104.000	6.000
105.000	3.000
106.000	7.000
107.000	2.000
108.000	4.000
109.000	9.000
110.000	11.000
111.000	11.000
112.000	10.000
113.000	8.000
114.000	9.000
115.000	9.000
116.000	3.000
117.000	15.000
118.000	6.000
119.000	6.000
120.000	3.000
121.000	13.000
122.000	6.000
123.000	8.000
124.000	7.000
125.000	10.000
126.000	7.000
127.000	11.000
128.000	12.000
129.000	12.000
130.000	6.000
131.000	8.000
132.000	8.000
133.000	7.000
134.000	6.000
135.000	7.000
136.000	5.000
137.000	4.000
138.000	7.000
139.000	5.000
140.000	8.000
141.000	5.000
142.000	4.000
143.000	8.000
144.000	1.000
145.000	4.000
146.000	3.000
147.000	11.000
148.000	1.000
149.000	7.000
150.000	7.000
151.000	4.000
152.000	6.000
153.000	6.000
154.000	6.000
155.000	4.000
156.000	6.000
157.000	6.000
158.000	5.000
159.000	5.000
160.000	5.000
161.000	12.000
162.000	15.000
163.000	6.000
164.000	9.000
165.000	8.000
166.000	9.000
167.000	9.000
168.000	8.000
169.000	6.000
170.000	6.000
171.000	7.000
172.000	1.000
173.000	3.000
174.000	6.000
175.000	5.000
176.000	2.000
177.000	4.000
178.000	4.000
179.000	8.000
180.000	8.000
181.000	17.000
182.000	8.000
183.000	13.000
184.000	9.000
185.000	3.000
186.000	7.000
187.000	5.000
188.000	4.000
189.000	3.000
190.000	3.000
191.000	0.000
192.000	4.000
193.000	3.000
194.000	3.000
195.000	5.000
196.000	1.000
197.000	13.000
198.000	8.000
199.000	11.000
200.000	10.000
201.000	21.000
202.000	35.000
203.000	18.000
204.000	24.000
205.000	10.000
206.000	10.000
207.000	7.000
208.000	7.000
209.000	5.000
210.000	6.000
211.000	2.000
212.000	3.000
213.000	1.000
214.000	2.000
215.000	4.000
216.000	2.000
217.000	5.000
218.000	4.000
219.000	6.000
220.000	7.000
221.000	8.000
222.000	7.000
223.000	8.000
224.000	4.000
225.000	1.000
226.000	2.000
227.000	8.000
228.000	4.000
229.000	5.000
230.000	1.000
231.000	3.000
232.000	3.000
233.000	4.000
234.000	1.000
235.000	5.000
236.000	6.000
237.000	4.000
238.000	2.000
239.000	4.000
240.000	5.000
241.000	7.000
242.000	5.000
243.000	8.000
244.000	7.000
245.000	9.000
246.000	12.000
247.000	13.000
248.000	15.000
249.000	11.000
250.000	14.000
251.000	9.000
252.000	6.000
253.000	9.000
254.000	10.000
255.000	3.000
256.000	4.000
257.000	6.000
258.000	8.000
259.000	10.000
260.000	8.000
261.000	0.000
262.000	5.000
263.000	3.000
264.000	6.000
265.000	0.000
266.000	2.000
267.000	6.000
268.000	7.000
269.000	4.000
270.000	4.000
271.000	5.000
272.000	6.000
273.000	1.000
274.000	7.000
275.000	3.000
276.000	10.000
277.000	7.000
278.000	5.000
279.000	3.000
280.000	3.000
281.000	2.000
282.000	9.000
283.000	5.000
284.000	7.000
285.000	9.000
286.000	7.000
287.000	5.000
288.000	4.000
289.000	4.000
290.000	12.000
291.000	8.000
292.000	10.000
293.000	6.000
294.000	6.000
295.000	7.000
296.000	6.000
297.000	5.000
298.000	5.000
299.000	12.000
300.000	9.000
301.000	3.000
302.000	6.000
303.000	2.000
304.000	6.000
305.000	10.000
306.000	7.000
307.000	5.000
308.000	7.000
309.000	8.000
310.000	6.000
311.000	8.000
312.000	4.000
313.000	11.000
314.000	10.000
315.000	12.000
316.000	15.000
317.000	17.000
318.000	29.000
319.000	30.000
320.000	30.000
321.000	42.000
322.000	58.000
323.000	62.000
324.000	59.000
325.000	56.000
326.000	51.000
327.000	34.000
328.000	20.000
329.000	23.000
330.000	22.000
331.000	7.000
332.000	16.000
333.000	14.000
334.000	9.000
335.000	16.000
336.000	19.000
337.000	6.000
338.000	8.000
339.000	15.000
340.000	25.000
341.000	28.000
342.000	47.000
343.000	92.000
344.000	125.000
345.000	199.000
346.000	312.000
347.000	407.000
348.000	563.000
349.000	626.000
350.000	720.000
351.000	708.000
352.000	689.000
353.000	577.000
354.000	476.000
355.000	332.000
356.000	258.000
357.000	181.000
358.000	89.000
359.000	56.000
360.000	36.000
361.000	20.000
362.000	16.000
363.000	13.000
364.000	17.000
365.000	11.000
366.000	16.000
367.000	19.000
368.000	15.000
369.000	29.000
370.000	15.000
371.000	28.000
372.000	19.000
373.000	21.000
374.000	22.000
375.000	13.000
376.000	23.000
377.000	26.000
378.000	36.000
379.000	38.000
380.000	54.000
381.000	56.000
382.000	79.000
383.000	95.000
384.000	106.000
385.000	139.000
386.000	126.000
387.000	135.000
388.000	115.000
389.000	112.000
390.000	95.000
391.000	73.000
392.000	54.000
393.000	40.000
394.000	40.000
395.000	34.000
396.000	21.000
397.000	22.000
398.000	25.000
399.000	24.000
400.000	20.000
401.000	21.000
402.000	23.000
403.000	24.000
404.000	18.000
405.000	20.000
406.000	31.000
407.000	23.000
408.000	26.000
409.000	22.000
410.000	28.000
411.000	29.000
412.000	27.000
413.000	34.000
414.000	27.000
415.000	21.000
416.000	26.000
417.000	28.000
418.000	21.000
419.000	36.000
420.000	21.000
421.000	34.000
422.000	18.000
423.000	37.000
424.000	34.000
425.000	28.000
426.000	29.000
427.000	26.000
428.000	32.000
429.000	33.000
430.000	21.000
431.000	36.000
432.000	36.000
433.000	34.000
434.000	38.000
435.000	34.000
436.000	28.000
437.000	31.000
438.000	35.000
439.000	34.000
440.000	35.000
441.000	40.000
442.000	39.000
443.000	39.000
444.000	38.000
445.000	37.000
446.000	43.000
447.000	36.000
448.000	53.000
449.000	34.000
450.000	35.000
451.000	35.000
452.000	47.000
453.000	46.000
454.000	42.000
455.000	45.000
456.000	49.000
457.000	45.000
458.000	57.000
459.000	43.000
460.000	49.000
461.000	37.000
462.000	44.000
463.000	43.000
464.000	35.000
465.000	49.000
466.000	43.000
467.000	47.000
468.000	52.000
469.000	46.000
470.000	48.000
471.000	63.000
472.000	48.000
473.000	44.000
474.000	50.000
475.000	48.000
476.000	54.000
477.000	61.000
478.000	52.000
479.000	41.000
480.000	49.000
481.000	49.000
482.000	50.000
483.000	58.000
484.000	51.000
485.000	49.000
486.000	53.000
487.000	53.000
488.000	52.000
489.000	66.000
490.000	63.000
491.000	58.000
492.000	55.000
493.000	39.000
494.000	56.000
495.000	56.000
496.000	55.000
497.000	66.000
498.000	68.000
499.000	60.000
500.000	68.000
501.000	58.000
502.000	58.000
503.000	53.000
504.000	68.000
505.000	78.000
506.000	69.000
507.000	72.000
508.000	79.000
509.000	59.000
510.000	63.000
511.000	76.000
512.000	71.000
513.000	53.000
514.000	64.000
515.000	70.000
516.000	71.000
517.000	81.000
518.000	87.000
519.000	79.000
520.000	62.000
521.000	78.000
522.000	75.000
523.000	84.000
524.000	66.000
525.000	67.000
526.000	83.000
527.000	84.000
528.000	87.000
529.000	82.000
530.000	94.000
531.000	86.000
532.000	81.000
533.000	99.000
534.000	94.000
535.000	94.000
536.000	88.000
537.000	85.000
538.000	72.000
539.000	86.000
540.000	91.000
541.000	85.000
542.000	92.000
543.000	102.000
544.000	107.000
545.000	87.000
546.000	87.000
547.000	73.000
548.000	94.000
549.000	95.000
550.000	103.000
551.000	91.000
552.000	91.000
553.000	88.000
554.000	87.000
555.000	81.000
556.000	82.000
557.000	82.000
558.000	107.000
559.000	119.000
560.000	108.000
561.000	118.000
562.000	103.000
563.000	99.000
564.000	105.000
565.000	107.000
566.000	115.000
567.000	105.000
568.000	112.000
569.000	106.000
570.000	118.000
571.000	115.000
572.000	110.000
573.000	107.000
574.000	115.000
575.000	116.000
576.000	107.000
577.000	129.000
578.000	121.000
579.000	123.000
580.000	109.000
581.000	137.000
582.000	108.000
583.000	124.000
584.000	137.000
585.000	137.000
586.000	103.000
587.000	112.000
588.000	119.000
589.000	119.000
590.000	125.000
591.000	136.000
592.000	118.000
593.000	133.000
594.000	128.000
595.000	126.000
596.000	132.000
597.000	117.000
598.000	99.000
599.000	105.000
600.000	124.000
601.000	142.000
602.000	127.000
603.000	139.000
604.000	130.000
605.000	135.000
606.000	145.000
607.000	144.000
608.000	128.000
609.000	151.000
610.000	148.000
611.000	139.000
612.000	126.000
613.000	142.000
614.000	134.000
615.000	151.000
616.000	151.000
617.000	147.000
618.000	155.000
619.000	134.000
620.000	156.000
621.000	155.000
622.000	165.000
623.000	155.000
624.000	151.000
625.000	141.000
626.000	140.000
627.000	154.000
628.000	154.000
629.000	174.000
630.000	122.000
631.000	173.000
632.000	146.000
633.000	155.000
634.000	161.000
635.000	178.000
636.000	160.000
637.000	154.000
638.000	168.000
639.000	175.000
640.000	161.000
641.000	164.000
642.000	177.000
643.000	170.000
644.000	167.000
645.000	178.000
646.000	190.000
647.000	162.000
648.000	175.000
649.000	185.000
650.000	177.000
651.000	190.000
652.000	195.000
653.000	208.000
654.000	185.000
655.000	184.000
656.000	176.000
657.000	193.000
658.000	188.000
659.000	192.000
660.000	160.000
661.000	179.000
662.000	184.000
663.000	173.000
664.000	200.000
665.000	171.000
666.000	153.000
667.000	167.000
668.000	176.000
669.000	186.000
670.000	218.000
671.000	171.000
672.000	181.000
673.000	185.000
674.000	199.000
675.000	194.000
676.000	206.000
677.000	197.000
678.000	206.000
679.000	216.000
680.000	180.000
681.000	205.000
682.000	208.000
683.000	220.000
684.000	227.000
685.000	183.000
686.000	218.000
687.000	209.000
688.000	215.000
689.000	197.000
690.000	221.000
691.000	208.000
692.000	206.000
693.000	222.000
694.000	221.000
695.000	204.000
696.000	203.000
697.000	209.000
698.000	220.000
699.000	212.000
700.000	219.000
701.000	217.000
702.000	221.000
703.000	205.000
704.000	206.000
705.000	226.000
706.000	233.000
707.000	220.000
708.000	219.000
709.000	223.000
710.000	192.000
711.000	215.000
712.000	229.000
713.000	215.000
714.000	235.000
715.000	202.000
716.000	229.000
717.000	198.000
718.000	235.000
719.000	223.000
720.000	244.000
721.000	217.000
722.000	234.000
723.000	229.000
724.000	215.000
725.000	262.000
726.000	231.000
727.000	223.000
728.000	220.000
729.000	250.000
730.000	246.000
731.000	232.000
732.000	247.000
733.000	250.000
734.000	268.000
735.000	238.000
736.000	265.000
737.000	228.000
738.000	238.000
739.000	233.000
740.000	230.000
741.000	242.000
742.000	267.000
743.000	241.000
744.000	270.000
745.000	231.000
746.000	238.000
747.000	277.000
748.000	242.000
749.000	282.000
750.000	238.000
751.000	225.000
752.000	256.000
753.000	255.000
754.000	254.000
755.000	255.000
756.000	255.000
757.000	245.000
758.000	253.000
759.000	239.000
760.000	245.000
761.000	250.000
762.000	261.000
763.000	217.000
764.000	274.000
765.000	258.000
766.000	269.000
767.000	265.000
768.000	285.000
769.000	279.000
770.000	287.000
771.000	264.000
772.000	319.000
773.000	300.000
774.000	290.000
775.000	298.000
776.000	267.000
777.000	276.000
778.000	266.000
779.000	274.000
780.000	285.000
781.000	280.000
782.000	248.000
783.000	285.000
784.000	264.000
785.000	307.000
786.000	249.000
787.000	268.000
788.000	270.000
789.000	266.000
790.000	267.000
791.000	263.000
792.000	257.000
793.000	255.000
794.000	278.000
795.000	280.000
796.000	262.000
797.000	287.000
798.000	264.000
799.000	250.000
800.000	313.000
801.000	268.000
802.000	277.000
803.000	261.000
804.000	272.000
805.000	290.000
806.000	293.000
807.000	271.000
808.000	274.000
809.000	284.000
810.000	272.000
811.000	277.000
812.000	298.000
813.000	283.000
814.000	270.000
815.000	310.000
816.000	296.000
817.000	280.000
818.000	295.000
819.000	289.000
820.000	303.000
821.000	288.000
822.000	290.000
823.000	300.000
824.000	284.000
825.000	270.000
826.000	266.000
827.000	282.000
828.000	299.000
829.000	304.000
830.000	311.000
831.000	300.000
832.000	279.000
833.000	298.000
834.000	310.000
835.000	302.000
836.000	301.000
837.000	337.000
838.000	289.000
839.000	333.000
840.000	324.000
841.000	283.000
842.000	313.000
843.000	300.000
844.000	318.000
845.000	339.000
846.000	341.000
847.000	344.000
848.000	314.000
849.000	331.000
850.000	327.000
851.000	386.000
852.000	323.000
853.000	361.000
854.000	361.000
855.000	350.000
856.000	381.000
857.000	376.000
858.000	362.000
859.000	347.000
860.000	380.000
861.000	402.000
862.000	373.000
863.000	379.000
864.000	408.000
865.000	400.000
866.000	352.000
867.000	444.000
868.000	450.000
869.000	430.000
870.000	413.000
871.000	462.000
872.000	462.000
873.000	480.000
874.000	482.000
875.000	506.000
876.000	525.000
877.000	548.000
878.000	583.000
879.000	612.000
880.000	669.000
881.000	700.000
882.000	722.000
883.000	736.000
884.000	797.000
885.000	849.000
886.000	896.000
887.000	926.000
888.000	984.000
889.000	1049.000
890.000	1189.000
891.000	1190.000
892.000	1196.000
893.000	1299.000
894.000	1418.000
895.000	1328.000
896.000	1434.000
897.000	1423.000
898.000	1366.000
899.000	1535.000
900.000	1476.000
901.000	1473.000
902.000	1589.000
903.000	1454.000
904.000	1442.000
905.000	1386.000
906.000	1369.000
907.000	1355.000
908.000	1276.000
909.000	1155.000
910.000	1179.000
911.000	1082.000
912.000	1055.000
913.000	992.000
914.000	937.000
915.000	913.000
916.000	813.000
917.000	787.000
918.000	700.000
919.000	713.000
920.000	651.000
921.000	626.000
922.000	570.000
923.000	530.000
924.000	572.000
925.000	480.000
926.000	471.000
927.000	429.000
928.000	427.000
929.000	423.000
930.000	404.000
931.000	425.000
932.000	374.000
933.000	374.000
934.000	378.000
935.000	347.000
936.000	373.000
937.000	370.000
938.000	355.000
939.000	357.000
940.000	376.000
941.000	390.000
942.000	438.000
943.000	446.000
944.000	502.000
945.000	488.000
946.000	566.000
947.000	553.000
948.000	634.000
949.000	733.000
950.000	754.000
951.000	764.000
952.000	839.000
953.000	809.000
954.000	779.000
955.000	743.000
956.000	752.000
957.000	749.000
958.000	672.000
959.000	608.000
960.000	588.000
961.000	455.000
962.000	455.000
963.000	390.000
964.000	376.000
965.000	355.000
966.000	329.000
967.000	292.000
968.000	293.000
969.000	306.000
970.000	299.000
971.000	292.000
972.000	274.000
973.000	281.000
974.000	275.000
975.000	299.000
976.000	289.000
977.000	283.000
978.000	290.000
979.000	305.000
980.000	330.000
981.000	278.000
982.000	313.000
983.000	325.000
984.000	341.000
985.000	322.000
986.000	297.000
987.000	363.000
988.000	326.000
989.000	342.000
990.000	363.000
991.000	363.000
992.000	388.000
993.000	393.000
994.000	427.000
995.000	399.000
996.000	404.000
997.000	397.000
998.000	439.000
999.000	411.000
1000.000	453.000
1001.000	444.000
1002.000	411.000
1003.000	421.000
1004.000	457.000
1005.000	460.000
1006.000	468.000
1007.000	422.000
1008.000	443.000
1009.000	414.000
1010.000	440.000
1011.000	427.000
1012.000	438.000
1013.000	404.000
1014.000	398.000
1015.000	371.000
1016.000	409.000
1017.000	361.000
1018.000	353.000
1019.000	356.000
1020.000	355.000
1021.000	286.000
1022.000	328.000
1023.000	276.000
1024.000	249.000
