Date:	8/19/2008		Time:	9:46 AM		Version no:	0.00		Project name:	55		Sample name:	222		Section name:	section		Position	756.039995	mm	E0	0.000000	keV	E1	1.000000	keV/channel	sample surface	7.800035	cm	Tube anode:	Mo		Tube voltage:	30	kV	Tube current:	50	mA	gain	20		std. database			resultfile	result		matrix element	11		sample thickness	1.000000		air passage	0.560000	cm	comments	not in position		peaking_time	3.000000	m-sec	trigger_threshold	1229.166667	V	mca_bin_width	22.090000	no:	number_mca_channels	1024.000000	no:	gap_time	0.400000	m-sec	trigger_peaking_time	0.150000	m-sec	GAINDAC	9455		HIGHGAIN	1		TAURC	0		RCTAU	53		RCTAUFRAC	32768		livetime	9.752987	seconds	runtime	10.000502	seconds	input_count_rate	24.574009	cps	output_count_rate	19.324329	cps	triggers	239670	seconds	events_in_run	193253	seconds	channel	content		1.000	0.000
2.000	0.000
3.000	0.000
4.000	0.000
5.000	0.000
6.000	0.000
7.000	0.000
8.000	0.000
9.000	0.000
10.000	0.000
11.000	0.000
12.000	0.000
13.000	0.000
14.000	0.000
15.000	0.000
16.000	0.000
17.000	0.000
18.000	0.000
19.000	0.000
20.000	0.000
21.000	0.000
22.000	0.000
23.000	0.000
24.000	0.000
25.000	0.000
26.000	0.000
27.000	0.000
28.000	0.000
29.000	0.000
30.000	0.000
31.000	0.000
32.000	1.000
33.000	0.000
34.000	1.000
35.000	2.000
36.000	1.000
37.000	0.000
38.000	2.000
39.000	2.000
40.000	3.000
41.000	6.000
42.000	4.000
43.000	5.000
44.000	1.000
45.000	2.000
46.000	2.000
47.000	9.000
48.000	4.000
49.000	4.000
50.000	11.000
51.000	11.000
52.000	9.000
53.000	7.000
54.000	14.000
55.000	15.000
56.000	11.000
57.000	7.000
58.000	10.000
59.000	7.000
60.000	7.000
61.000	13.000
62.000	12.000
63.000	7.000
64.000	15.000
65.000	10.000
66.000	8.000
67.000	13.000
68.000	11.000
69.000	9.000
70.000	7.000
71.000	7.000
72.000	8.000
73.000	10.000
74.000	9.000
75.000	3.000
76.000	11.000
77.000	7.000
78.000	3.000
79.000	4.000
80.000	6.000
81.000	4.000
82.000	10.000
83.000	7.000
84.000	8.000
85.000	6.000
86.000	14.000
87.000	8.000
88.000	9.000
89.000	9.000
90.000	9.000
91.000	5.000
92.000	9.000
93.000	3.000
94.000	8.000
95.000	12.000
96.000	4.000
97.000	9.000
98.000	12.000
99.000	9.000
100.000	4.000
101.000	4.000
102.000	4.000
103.000	4.000
104.000	7.000
105.000	7.000
106.000	10.000
107.000	2.000
108.000	4.000
109.000	10.000
110.000	8.000
111.000	5.000
112.000	7.000
113.000	7.000
114.000	2.000
115.000	10.000
116.000	3.000
117.000	6.000
118.000	3.000
119.000	9.000
120.000	4.000
121.000	4.000
122.000	5.000
123.000	6.000
124.000	6.000
125.000	9.000
126.000	9.000
127.000	9.000
128.000	8.000
129.000	5.000
130.000	5.000
131.000	1.000
132.000	5.000
133.000	5.000
134.000	7.000
135.000	3.000
136.000	2.000
137.000	7.000
138.000	6.000
139.000	7.000
140.000	3.000
141.000	6.000
142.000	1.000
143.000	4.000
144.000	5.000
145.000	2.000
146.000	6.000
147.000	4.000
148.000	5.000
149.000	3.000
150.000	2.000
151.000	3.000
152.000	4.000
153.000	6.000
154.000	6.000
155.000	7.000
156.000	4.000
157.000	3.000
158.000	5.000
159.000	5.000
160.000	9.000
161.000	13.000
162.000	11.000
163.000	12.000
164.000	7.000
165.000	4.000
166.000	6.000
167.000	10.000
168.000	6.000
169.000	1.000
170.000	4.000
171.000	3.000
172.000	3.000
173.000	3.000
174.000	6.000
175.000	3.000
176.000	5.000
177.000	5.000
178.000	7.000
179.000	7.000
180.000	3.000
181.000	10.000
182.000	9.000
183.000	7.000
184.000	8.000
185.000	8.000
186.000	1.000
187.000	4.000
188.000	4.000
189.000	2.000
190.000	2.000
191.000	3.000
192.000	2.000
193.000	3.000
194.000	3.000
195.000	1.000
196.000	7.000
197.000	7.000
198.000	7.000
199.000	9.000
200.000	22.000
201.000	13.000
202.000	22.000
203.000	24.000
204.000	21.000
205.000	22.000
206.000	13.000
207.000	11.000
208.000	5.000
209.000	5.000
210.000	2.000
211.000	7.000
212.000	2.000
213.000	4.000
214.000	5.000
215.000	6.000
216.000	5.000
217.000	6.000
218.000	5.000
219.000	3.000
220.000	8.000
221.000	4.000
222.000	6.000
223.000	2.000
224.000	4.000
225.000	5.000
226.000	2.000
227.000	0.000
228.000	3.000
229.000	0.000
230.000	3.000
231.000	5.000
232.000	3.000
233.000	4.000
234.000	3.000
235.000	9.000
236.000	5.000
237.000	2.000
238.000	0.000
239.000	4.000
240.000	5.000
241.000	1.000
242.000	5.000
243.000	5.000
244.000	11.000
245.000	6.000
246.000	8.000
247.000	14.000
248.000	8.000
249.000	9.000
250.000	16.000
251.000	7.000
252.000	4.000
253.000	5.000
254.000	7.000
255.000	6.000
256.000	5.000
257.000	4.000
258.000	6.000
259.000	7.000
260.000	13.000
261.000	5.000
262.000	6.000
263.000	1.000
264.000	4.000
265.000	9.000
266.000	9.000
267.000	3.000
268.000	7.000
269.000	6.000
270.000	5.000
271.000	3.000
272.000	4.000
273.000	7.000
274.000	5.000
275.000	5.000
276.000	7.000
277.000	6.000
278.000	4.000
279.000	11.000
280.000	3.000
281.000	4.000
282.000	10.000
283.000	4.000
284.000	2.000
285.000	4.000
286.000	7.000
287.000	6.000
288.000	2.000
289.000	5.000
290.000	9.000
291.000	2.000
292.000	7.000
293.000	7.000
294.000	6.000
295.000	6.000
296.000	10.000
297.000	7.000
298.000	10.000
299.000	8.000
300.000	12.000
301.000	8.000
302.000	2.000
303.000	8.000
304.000	5.000
305.000	5.000
306.000	3.000
307.000	11.000
308.000	10.000
309.000	7.000
310.000	12.000
311.000	4.000
312.000	11.000
313.000	11.000
314.000	6.000
315.000	9.000
316.000	11.000
317.000	15.000
318.000	18.000
319.000	18.000
320.000	26.000
321.000	32.000
322.000	42.000
323.000	38.000
324.000	39.000
325.000	46.000
326.000	33.000
327.000	23.000
328.000	31.000
329.000	12.000
330.000	10.000
331.000	11.000
332.000	9.000
333.000	9.000
334.000	4.000
335.000	13.000
336.000	10.000
337.000	14.000
338.000	16.000
339.000	14.000
340.000	19.000
341.000	29.000
342.000	49.000
343.000	68.000
344.000	136.000
345.000	164.000
346.000	306.000
347.000	424.000
348.000	507.000
349.000	704.000
350.000	673.000
351.000	758.000
352.000	671.000
353.000	556.000
354.000	432.000
355.000	344.000
356.000	228.000
357.000	135.000
358.000	83.000
359.000	55.000
360.000	38.000
361.000	14.000
362.000	9.000
363.000	20.000
364.000	12.000
365.000	17.000
366.000	14.000
367.000	19.000
368.000	19.000
369.000	8.000
370.000	16.000
371.000	16.000
372.000	17.000
373.000	16.000
374.000	14.000
375.000	17.000
376.000	13.000
377.000	16.000
378.000	27.000
379.000	38.000
380.000	45.000
381.000	52.000
382.000	79.000
383.000	84.000
384.000	117.000
385.000	114.000
386.000	125.000
387.000	112.000
388.000	116.000
389.000	111.000
390.000	89.000
391.000	69.000
392.000	53.000
393.000	40.000
394.000	38.000
395.000	26.000
396.000	16.000
397.000	16.000
398.000	20.000
399.000	18.000
400.000	23.000
401.000	20.000
402.000	16.000
403.000	18.000
404.000	15.000
405.000	21.000
406.000	16.000
407.000	20.000
408.000	20.000
409.000	29.000
410.000	25.000
411.000	23.000
412.000	23.000
413.000	20.000
414.000	28.000
415.000	26.000
416.000	24.000
417.000	21.000
418.000	32.000
419.000	18.000
420.000	27.000
421.000	18.000
422.000	27.000
423.000	29.000
424.000	28.000
425.000	17.000
426.000	26.000
427.000	20.000
428.000	21.000
429.000	17.000
430.000	21.000
431.000	34.000
432.000	23.000
433.000	21.000
434.000	25.000
435.000	24.000
436.000	31.000
437.000	24.000
438.000	39.000
439.000	29.000
440.000	38.000
441.000	44.000
442.000	33.000
443.000	35.000
444.000	42.000
445.000	38.000
446.000	22.000
447.000	31.000
448.000	34.000
449.000	32.000
450.000	34.000
451.000	30.000
452.000	27.000
453.000	26.000
454.000	42.000
455.000	31.000
456.000	40.000
457.000	32.000
458.000	44.000
459.000	36.000
460.000	36.000
461.000	38.000
462.000	38.000
463.000	38.000
464.000	48.000
465.000	39.000
466.000	35.000
467.000	29.000
468.000	38.000
469.000	41.000
470.000	42.000
471.000	32.000
472.000	49.000
473.000	33.000
474.000	47.000
475.000	47.000
476.000	46.000
477.000	50.000
478.000	43.000
479.000	36.000
480.000	47.000
481.000	33.000
482.000	37.000
483.000	39.000
484.000	35.000
485.000	54.000
486.000	39.000
487.000	52.000
488.000	58.000
489.000	52.000
490.000	45.000
491.000	48.000
492.000	34.000
493.000	43.000
494.000	54.000
495.000	45.000
496.000	41.000
497.000	36.000
498.000	49.000
499.000	60.000
500.000	43.000
501.000	63.000
502.000	66.000
503.000	55.000
504.000	46.000
505.000	59.000
506.000	62.000
507.000	57.000
508.000	76.000
509.000	54.000
510.000	67.000
511.000	60.000
512.000	60.000
513.000	51.000
514.000	61.000
515.000	67.000
516.000	70.000
517.000	55.000
518.000	52.000
519.000	57.000
520.000	59.000
521.000	71.000
522.000	80.000
523.000	90.000
524.000	62.000
525.000	68.000
526.000	66.000
527.000	73.000
528.000	61.000
529.000	81.000
530.000	80.000
531.000	66.000
532.000	79.000
533.000	68.000
534.000	82.000
535.000	76.000
536.000	83.000
537.000	78.000
538.000	85.000
539.000	70.000
540.000	64.000
541.000	84.000
542.000	75.000
543.000	74.000
544.000	71.000
545.000	83.000
546.000	93.000
547.000	93.000
548.000	87.000
549.000	76.000
550.000	82.000
551.000	66.000
552.000	97.000
553.000	87.000
554.000	85.000
555.000	78.000
556.000	94.000
557.000	81.000
558.000	91.000
559.000	86.000
560.000	86.000
561.000	78.000
562.000	77.000
563.000	90.000
564.000	103.000
565.000	92.000
566.000	80.000
567.000	79.000
568.000	105.000
569.000	78.000
570.000	84.000
571.000	100.000
572.000	120.000
573.000	87.000
574.000	101.000
575.000	106.000
576.000	87.000
577.000	103.000
578.000	103.000
579.000	106.000
580.000	78.000
581.000	125.000
582.000	120.000
583.000	100.000
584.000	78.000
585.000	103.000
586.000	103.000
587.000	111.000
588.000	110.000
589.000	123.000
590.000	92.000
591.000	109.000
592.000	103.000
593.000	108.000
594.000	99.000
595.000	96.000
596.000	113.000
597.000	110.000
598.000	123.000
599.000	100.000
600.000	115.000
601.000	109.000
602.000	124.000
603.000	136.000
604.000	118.000
605.000	119.000
606.000	108.000
607.000	121.000
608.000	119.000
609.000	130.000
610.000	118.000
611.000	132.000
612.000	146.000
613.000	125.000
614.000	148.000
615.000	125.000
616.000	141.000
617.000	130.000
618.000	132.000
619.000	140.000
620.000	119.000
621.000	133.000
622.000	116.000
623.000	150.000
624.000	119.000
625.000	151.000
626.000	125.000
627.000	125.000
628.000	119.000
629.000	138.000
630.000	155.000
631.000	130.000
632.000	143.000
633.000	146.000
634.000	132.000
635.000	162.000
636.000	128.000
637.000	162.000
638.000	131.000
639.000	135.000
640.000	134.000
641.000	137.000
642.000	136.000
643.000	155.000
644.000	142.000
645.000	162.000
646.000	153.000
647.000	166.000
648.000	150.000
649.000	159.000
650.000	170.000
651.000	185.000
652.000	147.000
653.000	167.000
654.000	165.000
655.000	187.000
656.000	185.000
657.000	155.000
658.000	166.000
659.000	171.000
660.000	154.000
661.000	190.000
662.000	145.000
663.000	188.000
664.000	186.000
665.000	142.000
666.000	178.000
667.000	168.000
668.000	165.000
669.000	148.000
670.000	169.000
671.000	172.000
672.000	182.000
673.000	145.000
674.000	161.000
675.000	154.000
676.000	166.000
677.000	188.000
678.000	202.000
679.000	191.000
680.000	142.000
681.000	182.000
682.000	171.000
683.000	178.000
684.000	156.000
685.000	188.000
686.000	192.000
687.000	164.000
688.000	198.000
689.000	181.000
690.000	184.000
691.000	193.000
692.000	175.000
693.000	187.000
694.000	193.000
695.000	174.000
696.000	194.000
697.000	159.000
698.000	170.000
699.000	178.000
700.000	183.000
701.000	206.000
702.000	204.000
703.000	215.000
704.000	185.000
705.000	212.000
706.000	209.000
707.000	209.000
708.000	192.000
709.000	204.000
710.000	181.000
711.000	188.000
712.000	203.000
713.000	207.000
714.000	198.000
715.000	199.000
716.000	190.000
717.000	159.000
718.000	208.000
719.000	226.000
720.000	195.000
721.000	201.000
722.000	213.000
723.000	200.000
724.000	212.000
725.000	198.000
726.000	240.000
727.000	212.000
728.000	200.000
729.000	239.000
730.000	206.000
731.000	212.000
732.000	206.000
733.000	220.000
734.000	219.000
735.000	193.000
736.000	211.000
737.000	200.000
738.000	246.000
739.000	246.000
740.000	216.000
741.000	183.000
742.000	222.000
743.000	183.000
744.000	213.000
745.000	220.000
746.000	212.000
747.000	214.000
748.000	237.000
749.000	184.000
750.000	234.000
751.000	201.000
752.000	249.000
753.000	226.000
754.000	199.000
755.000	209.000
756.000	212.000
757.000	196.000
758.000	221.000
759.000	212.000
760.000	211.000
761.000	233.000
762.000	237.000
763.000	247.000
764.000	230.000
765.000	210.000
766.000	251.000
767.000	246.000
768.000	228.000
769.000	264.000
770.000	265.000
771.000	224.000
772.000	276.000
773.000	246.000
774.000	273.000
775.000	243.000
776.000	243.000
777.000	268.000
778.000	262.000
779.000	257.000
780.000	242.000
781.000	229.000
782.000	242.000
783.000	217.000
784.000	245.000
785.000	239.000
786.000	245.000
787.000	249.000
788.000	220.000
789.000	245.000
790.000	221.000
791.000	231.000
792.000	249.000
793.000	206.000
794.000	245.000
795.000	232.000
796.000	230.000
797.000	255.000
798.000	236.000
799.000	254.000
800.000	234.000
801.000	210.000
802.000	251.000
803.000	266.000
804.000	249.000
805.000	239.000
806.000	279.000
807.000	261.000
808.000	233.000
809.000	225.000
810.000	274.000
811.000	240.000
812.000	226.000
813.000	247.000
814.000	233.000
815.000	276.000
816.000	269.000
817.000	225.000
818.000	278.000
819.000	244.000
820.000	238.000
821.000	261.000
822.000	228.000
823.000	255.000
824.000	247.000
825.000	269.000
826.000	225.000
827.000	301.000
828.000	261.000
829.000	264.000
830.000	241.000
831.000	300.000
832.000	249.000
833.000	257.000
834.000	292.000
835.000	277.000
836.000	263.000
837.000	265.000
838.000	276.000
839.000	278.000
840.000	254.000
841.000	272.000
842.000	292.000
843.000	282.000
844.000	279.000
845.000	291.000
846.000	284.000
847.000	299.000
848.000	307.000
849.000	283.000
850.000	283.000
851.000	322.000
852.000	290.000
853.000	294.000
854.000	320.000
855.000	320.000
856.000	313.000
857.000	315.000
858.000	340.000
859.000	302.000
860.000	338.000
861.000	342.000
862.000	336.000
863.000	382.000
864.000	351.000
865.000	370.000
866.000	353.000
867.000	353.000
868.000	350.000
869.000	383.000
870.000	365.000
871.000	380.000
872.000	410.000
873.000	397.000
874.000	393.000
875.000	437.000
876.000	465.000
877.000	472.000
878.000	480.000
879.000	529.000
880.000	594.000
881.000	596.000
882.000	615.000
883.000	674.000
884.000	710.000
885.000	760.000
886.000	771.000
887.000	829.000
888.000	888.000
889.000	953.000
890.000	1033.000
891.000	1044.000
892.000	1046.000
893.000	1165.000
894.000	1156.000
895.000	1198.000
896.000	1271.000
897.000	1293.000
898.000	1317.000
899.000	1321.000
900.000	1268.000
901.000	1305.000
902.000	1248.000
903.000	1287.000
904.000	1231.000
905.000	1224.000
906.000	1185.000
907.000	1142.000
908.000	1118.000
909.000	1015.000
910.000	1039.000
911.000	934.000
912.000	912.000
913.000	887.000
914.000	826.000
915.000	812.000
916.000	742.000
917.000	676.000
918.000	630.000
919.000	599.000
920.000	545.000
921.000	532.000
922.000	523.000
923.000	475.000
924.000	476.000
925.000	457.000
926.000	417.000
927.000	403.000
928.000	405.000
929.000	355.000
930.000	403.000
931.000	340.000
932.000	329.000
933.000	342.000
934.000	346.000
935.000	292.000
936.000	293.000
937.000	342.000
938.000	313.000
939.000	275.000
940.000	327.000
941.000	348.000
942.000	316.000
943.000	420.000
944.000	415.000
945.000	471.000
946.000	500.000
947.000	517.000
948.000	547.000
949.000	615.000
950.000	652.000
951.000	681.000
952.000	742.000
953.000	750.000
954.000	730.000
955.000	692.000
956.000	676.000
957.000	580.000
958.000	591.000
959.000	489.000
960.000	482.000
961.000	465.000
962.000	368.000
963.000	354.000
964.000	326.000
965.000	274.000
966.000	285.000
967.000	286.000
968.000	246.000
969.000	300.000
970.000	245.000
971.000	250.000
972.000	250.000
973.000	235.000
974.000	270.000
975.000	221.000
976.000	226.000
977.000	262.000
978.000	250.000
979.000	256.000
980.000	245.000
981.000	291.000
982.000	276.000
983.000	277.000
984.000	284.000
985.000	280.000
986.000	262.000
987.000	296.000
988.000	281.000
989.000	315.000
990.000	306.000
991.000	355.000
992.000	310.000
993.000	334.000
994.000	339.000
995.000	357.000
996.000	379.000
997.000	359.000
998.000	360.000
999.000	382.000
1000.000	380.000
1001.000	359.000
1002.000	401.000
1003.000	402.000
1004.000	402.000
1005.000	422.000
1006.000	396.000
1007.000	394.000
1008.000	375.000
1009.000	387.000
1010.000	381.000
1011.000	345.000
1012.000	345.000
1013.000	357.000
1014.000	362.000
1015.000	327.000
1016.000	356.000
1017.000	309.000
1018.000	288.000
1019.000	320.000
1020.000	270.000
1021.000	268.000
1022.000	279.000
1023.000	243.000
1024.000	220.000
