Date:	8/19/2008		Time:	9:36 AM		Version no:	0.00		Project name:	55		Sample name:	222		Section name:	section		Position	650.039995	mm	E0	0.000000	keV	E1	1.000000	keV/channel	sample surface	7.614021	cm	Tube anode:	Mo		Tube voltage:	30	kV	Tube current:	50	mA	gain	20		std. database			resultfile	result		matrix element	11		sample thickness	1.000000		air passage	0.560000	cm	comments	not in position		peaking_time	3.000000	m-sec	trigger_threshold	1229.166667	V	mca_bin_width	22.090000	no:	number_mca_channels	1024.000000	no:	gap_time	0.400000	m-sec	trigger_peaking_time	0.150000	m-sec	GAINDAC	9455		HIGHGAIN	1		TAURC	0		RCTAU	53		RCTAUFRAC	32768		livetime	9.707722	seconds	runtime	10.000502	seconds	input_count_rate	27.635627	cps	output_count_rate	21.223435	cps	triggers	268279	seconds	events_in_run	212245	seconds	channel	content		1.000	0.000
2.000	0.000
3.000	0.000
4.000	0.000
5.000	0.000
6.000	0.000
7.000	0.000
8.000	0.000
9.000	0.000
10.000	0.000
11.000	0.000
12.000	0.000
13.000	0.000
14.000	0.000
15.000	0.000
16.000	0.000
17.000	0.000
18.000	0.000
19.000	0.000
20.000	0.000
21.000	0.000
22.000	0.000
23.000	0.000
24.000	0.000
25.000	0.000
26.000	0.000
27.000	0.000
28.000	0.000
29.000	0.000
30.000	0.000
31.000	1.000
32.000	0.000
33.000	0.000
34.000	0.000
35.000	3.000
36.000	2.000
37.000	2.000
38.000	3.000
39.000	2.000
40.000	6.000
41.000	9.000
42.000	6.000
43.000	3.000
44.000	6.000
45.000	5.000
46.000	4.000
47.000	6.000
48.000	7.000
49.000	7.000
50.000	11.000
51.000	8.000
52.000	7.000
53.000	8.000
54.000	9.000
55.000	9.000
56.000	12.000
57.000	9.000
58.000	10.000
59.000	15.000
60.000	9.000
61.000	8.000
62.000	9.000
63.000	15.000
64.000	4.000
65.000	7.000
66.000	13.000
67.000	12.000
68.000	10.000
69.000	8.000
70.000	7.000
71.000	7.000
72.000	5.000
73.000	9.000
74.000	13.000
75.000	10.000
76.000	8.000
77.000	15.000
78.000	7.000
79.000	11.000
80.000	5.000
81.000	10.000
82.000	14.000
83.000	6.000
84.000	9.000
85.000	10.000
86.000	11.000
87.000	7.000
88.000	5.000
89.000	5.000
90.000	8.000
91.000	5.000
92.000	6.000
93.000	7.000
94.000	4.000
95.000	11.000
96.000	11.000
97.000	9.000
98.000	8.000
99.000	7.000
100.000	8.000
101.000	11.000
102.000	4.000
103.000	8.000
104.000	6.000
105.000	6.000
106.000	7.000
107.000	14.000
108.000	4.000
109.000	3.000
110.000	7.000
111.000	8.000
112.000	6.000
113.000	6.000
114.000	9.000
115.000	7.000
116.000	6.000
117.000	10.000
118.000	3.000
119.000	7.000
120.000	4.000
121.000	5.000
122.000	7.000
123.000	10.000
124.000	7.000
125.000	9.000
126.000	12.000
127.000	10.000
128.000	8.000
129.000	6.000
130.000	10.000
131.000	8.000
132.000	4.000
133.000	3.000
134.000	4.000
135.000	7.000
136.000	6.000
137.000	3.000
138.000	7.000
139.000	4.000
140.000	3.000
141.000	2.000
142.000	9.000
143.000	4.000
144.000	5.000
145.000	5.000
146.000	6.000
147.000	7.000
148.000	5.000
149.000	2.000
150.000	4.000
151.000	2.000
152.000	3.000
153.000	1.000
154.000	7.000
155.000	2.000
156.000	5.000
157.000	7.000
158.000	9.000
159.000	10.000
160.000	8.000
161.000	13.000
162.000	10.000
163.000	14.000
164.000	12.000
165.000	14.000
166.000	6.000
167.000	8.000
168.000	3.000
169.000	5.000
170.000	3.000
171.000	4.000
172.000	9.000
173.000	7.000
174.000	3.000
175.000	5.000
176.000	4.000
177.000	2.000
178.000	10.000
179.000	7.000
180.000	3.000
181.000	7.000
182.000	7.000
183.000	6.000
184.000	11.000
185.000	9.000
186.000	6.000
187.000	5.000
188.000	5.000
189.000	4.000
190.000	3.000
191.000	3.000
192.000	6.000
193.000	3.000
194.000	3.000
195.000	6.000
196.000	7.000
197.000	7.000
198.000	10.000
199.000	10.000
200.000	12.000
201.000	18.000
202.000	25.000
203.000	16.000
204.000	15.000
205.000	11.000
206.000	13.000
207.000	10.000
208.000	8.000
209.000	3.000
210.000	2.000
211.000	7.000
212.000	4.000
213.000	2.000
214.000	1.000
215.000	5.000
216.000	3.000
217.000	7.000
218.000	13.000
219.000	5.000
220.000	6.000
221.000	10.000
222.000	1.000
223.000	5.000
224.000	6.000
225.000	5.000
226.000	1.000
227.000	2.000
228.000	2.000
229.000	3.000
230.000	2.000
231.000	2.000
232.000	7.000
233.000	3.000
234.000	2.000
235.000	4.000
236.000	4.000
237.000	4.000
238.000	3.000
239.000	3.000
240.000	4.000
241.000	3.000
242.000	4.000
243.000	2.000
244.000	10.000
245.000	8.000
246.000	5.000
247.000	6.000
248.000	10.000
249.000	4.000
250.000	5.000
251.000	5.000
252.000	6.000
253.000	8.000
254.000	9.000
255.000	4.000
256.000	3.000
257.000	6.000
258.000	7.000
259.000	4.000
260.000	4.000
261.000	3.000
262.000	1.000
263.000	2.000
264.000	2.000
265.000	3.000
266.000	7.000
267.000	5.000
268.000	3.000
269.000	2.000
270.000	4.000
271.000	7.000
272.000	3.000
273.000	9.000
274.000	5.000
275.000	3.000
276.000	6.000
277.000	2.000
278.000	5.000
279.000	3.000
280.000	6.000
281.000	3.000
282.000	4.000
283.000	4.000
284.000	5.000
285.000	8.000
286.000	0.000
287.000	11.000
288.000	3.000
289.000	5.000
290.000	8.000
291.000	8.000
292.000	3.000
293.000	5.000
294.000	10.000
295.000	3.000
296.000	6.000
297.000	5.000
298.000	6.000
299.000	7.000
300.000	3.000
301.000	5.000
302.000	6.000
303.000	5.000
304.000	5.000
305.000	4.000
306.000	8.000
307.000	6.000
308.000	9.000
309.000	9.000
310.000	5.000
311.000	0.000
312.000	6.000
313.000	5.000
314.000	7.000
315.000	5.000
316.000	9.000
317.000	12.000
318.000	15.000
319.000	23.000
320.000	31.000
321.000	33.000
322.000	55.000
323.000	38.000
324.000	36.000
325.000	49.000
326.000	25.000
327.000	22.000
328.000	18.000
329.000	13.000
330.000	11.000
331.000	17.000
332.000	6.000
333.000	6.000
334.000	7.000
335.000	11.000
336.000	7.000
337.000	5.000
338.000	9.000
339.000	9.000
340.000	18.000
341.000	21.000
342.000	34.000
343.000	58.000
344.000	93.000
345.000	140.000
346.000	234.000
347.000	292.000
348.000	386.000
349.000	458.000
350.000	470.000
351.000	495.000
352.000	435.000
353.000	399.000
354.000	341.000
355.000	226.000
356.000	174.000
357.000	134.000
358.000	66.000
359.000	34.000
360.000	34.000
361.000	19.000
362.000	11.000
363.000	14.000
364.000	17.000
365.000	19.000
366.000	11.000
367.000	12.000
368.000	13.000
369.000	11.000
370.000	13.000
371.000	10.000
372.000	9.000
373.000	9.000
374.000	14.000
375.000	18.000
376.000	18.000
377.000	21.000
378.000	18.000
379.000	29.000
380.000	27.000
381.000	40.000
382.000	57.000
383.000	69.000
384.000	82.000
385.000	98.000
386.000	84.000
387.000	107.000
388.000	100.000
389.000	70.000
390.000	72.000
391.000	68.000
392.000	35.000
393.000	33.000
394.000	23.000
395.000	17.000
396.000	13.000
397.000	23.000
398.000	16.000
399.000	11.000
400.000	16.000
401.000	16.000
402.000	16.000
403.000	14.000
404.000	24.000
405.000	19.000
406.000	21.000
407.000	13.000
408.000	22.000
409.000	27.000
410.000	16.000
411.000	22.000
412.000	29.000
413.000	23.000
414.000	14.000
415.000	15.000
416.000	22.000
417.000	21.000
418.000	26.000
419.000	30.000
420.000	25.000
421.000	20.000
422.000	17.000
423.000	24.000
424.000	17.000
425.000	25.000
426.000	22.000
427.000	16.000
428.000	21.000
429.000	30.000
430.000	21.000
431.000	15.000
432.000	36.000
433.000	26.000
434.000	18.000
435.000	21.000
436.000	23.000
437.000	31.000
438.000	30.000
439.000	29.000
440.000	27.000
441.000	24.000
442.000	39.000
443.000	31.000
444.000	28.000
445.000	34.000
446.000	29.000
447.000	26.000
448.000	38.000
449.000	34.000
450.000	30.000
451.000	20.000
452.000	37.000
453.000	42.000
454.000	24.000
455.000	29.000
456.000	38.000
457.000	24.000
458.000	36.000
459.000	39.000
460.000	29.000
461.000	24.000
462.000	34.000
463.000	20.000
464.000	46.000
465.000	39.000
466.000	33.000
467.000	38.000
468.000	32.000
469.000	36.000
470.000	39.000
471.000	31.000
472.000	45.000
473.000	49.000
474.000	34.000
475.000	50.000
476.000	37.000
477.000	40.000
478.000	35.000
479.000	36.000
480.000	46.000
481.000	41.000
482.000	37.000
483.000	39.000
484.000	43.000
485.000	41.000
486.000	37.000
487.000	46.000
488.000	38.000
489.000	44.000
490.000	43.000
491.000	32.000
492.000	48.000
493.000	44.000
494.000	43.000
495.000	45.000
496.000	49.000
497.000	43.000
498.000	37.000
499.000	31.000
500.000	62.000
501.000	40.000
502.000	58.000
503.000	50.000
504.000	41.000
505.000	53.000
506.000	56.000
507.000	46.000
508.000	54.000
509.000	46.000
510.000	64.000
511.000	49.000
512.000	51.000
513.000	50.000
514.000	64.000
515.000	57.000
516.000	51.000
517.000	69.000
518.000	58.000
519.000	61.000
520.000	64.000
521.000	58.000
522.000	65.000
523.000	64.000
524.000	70.000
525.000	85.000
526.000	71.000
527.000	70.000
528.000	75.000
529.000	77.000
530.000	87.000
531.000	62.000
532.000	78.000
533.000	68.000
534.000	74.000
535.000	72.000
536.000	86.000
537.000	85.000
538.000	75.000
539.000	67.000
540.000	77.000
541.000	68.000
542.000	79.000
543.000	77.000
544.000	81.000
545.000	71.000
546.000	61.000
547.000	67.000
548.000	71.000
549.000	88.000
550.000	83.000
551.000	77.000
552.000	77.000
553.000	67.000
554.000	82.000
555.000	81.000
556.000	88.000
557.000	84.000
558.000	95.000
559.000	96.000
560.000	82.000
561.000	77.000
562.000	79.000
563.000	97.000
564.000	73.000
565.000	80.000
566.000	84.000
567.000	78.000
568.000	97.000
569.000	73.000
570.000	100.000
571.000	86.000
572.000	86.000
573.000	89.000
574.000	99.000
575.000	94.000
576.000	96.000
577.000	83.000
578.000	111.000
579.000	104.000
580.000	102.000
581.000	100.000
582.000	97.000
583.000	98.000
584.000	90.000
585.000	89.000
586.000	99.000
587.000	126.000
588.000	116.000
589.000	113.000
590.000	115.000
591.000	106.000
592.000	111.000
593.000	121.000
594.000	134.000
595.000	99.000
596.000	118.000
597.000	130.000
598.000	129.000
599.000	105.000
600.000	114.000
601.000	110.000
602.000	129.000
603.000	112.000
604.000	128.000
605.000	108.000
606.000	114.000
607.000	123.000
608.000	134.000
609.000	126.000
610.000	137.000
611.000	147.000
612.000	110.000
613.000	129.000
614.000	150.000
615.000	141.000
616.000	119.000
617.000	120.000
618.000	128.000
619.000	134.000
620.000	156.000
621.000	123.000
622.000	130.000
623.000	135.000
624.000	150.000
625.000	146.000
626.000	141.000
627.000	148.000
628.000	138.000
629.000	142.000
630.000	151.000
631.000	142.000
632.000	154.000
633.000	149.000
634.000	144.000
635.000	140.000
636.000	136.000
637.000	170.000
638.000	153.000
639.000	144.000
640.000	128.000
641.000	130.000
642.000	143.000
643.000	132.000
644.000	158.000
645.000	172.000
646.000	161.000
647.000	137.000
648.000	171.000
649.000	156.000
650.000	164.000
651.000	153.000
652.000	164.000
653.000	159.000
654.000	178.000
655.000	156.000
656.000	161.000
657.000	174.000
658.000	196.000
659.000	170.000
660.000	173.000
661.000	189.000
662.000	169.000
663.000	197.000
664.000	167.000
665.000	169.000
666.000	160.000
667.000	176.000
668.000	167.000
669.000	168.000
670.000	188.000
671.000	177.000
672.000	183.000
673.000	172.000
674.000	186.000
675.000	187.000
676.000	177.000
677.000	148.000
678.000	206.000
679.000	203.000
680.000	184.000
681.000	167.000
682.000	185.000
683.000	170.000
684.000	191.000
685.000	199.000
686.000	182.000
687.000	189.000
688.000	182.000
689.000	179.000
690.000	219.000
691.000	209.000
692.000	199.000
693.000	184.000
694.000	217.000
695.000	198.000
696.000	184.000
697.000	189.000
698.000	186.000
699.000	231.000
700.000	215.000
701.000	208.000
702.000	200.000
703.000	222.000
704.000	190.000
705.000	189.000
706.000	214.000
707.000	233.000
708.000	217.000
709.000	222.000
710.000	229.000
711.000	202.000
712.000	187.000
713.000	234.000
714.000	216.000
715.000	209.000
716.000	202.000
717.000	209.000
718.000	210.000
719.000	233.000
720.000	216.000
721.000	209.000
722.000	228.000
723.000	228.000
724.000	213.000
725.000	207.000
726.000	244.000
727.000	242.000
728.000	235.000
729.000	268.000
730.000	230.000
731.000	232.000
732.000	241.000
733.000	211.000
734.000	244.000
735.000	229.000
736.000	233.000
737.000	238.000
738.000	233.000
739.000	213.000
740.000	216.000
741.000	226.000
742.000	208.000
743.000	247.000
744.000	217.000
745.000	217.000
746.000	286.000
747.000	247.000
748.000	248.000
749.000	238.000
750.000	213.000
751.000	258.000
752.000	218.000
753.000	237.000
754.000	268.000
755.000	228.000
756.000	249.000
757.000	264.000
758.000	240.000
759.000	259.000
760.000	226.000
761.000	261.000
762.000	251.000
763.000	261.000
764.000	256.000
765.000	272.000
766.000	266.000
767.000	246.000
768.000	275.000
769.000	265.000
770.000	276.000
771.000	284.000
772.000	294.000
773.000	254.000
774.000	257.000
775.000	290.000
776.000	302.000
777.000	268.000
778.000	273.000
779.000	274.000
780.000	238.000
781.000	272.000
782.000	269.000
783.000	276.000
784.000	300.000
785.000	235.000
786.000	272.000
787.000	255.000
788.000	247.000
789.000	236.000
790.000	284.000
791.000	255.000
792.000	248.000
793.000	275.000
794.000	232.000
795.000	262.000
796.000	266.000
797.000	265.000
798.000	276.000
799.000	254.000
800.000	270.000
801.000	252.000
802.000	271.000
803.000	269.000
804.000	301.000
805.000	280.000
806.000	268.000
807.000	301.000
808.000	305.000
809.000	259.000
810.000	303.000
811.000	268.000
812.000	283.000
813.000	265.000
814.000	290.000
815.000	270.000
816.000	302.000
817.000	282.000
818.000	299.000
819.000	268.000
820.000	282.000
821.000	289.000
822.000	289.000
823.000	307.000
824.000	313.000
825.000	307.000
826.000	354.000
827.000	264.000
828.000	302.000
829.000	309.000
830.000	294.000
831.000	316.000
832.000	335.000
833.000	318.000
834.000	293.000
835.000	305.000
836.000	317.000
837.000	305.000
838.000	289.000
839.000	319.000
840.000	311.000
841.000	326.000
842.000	336.000
843.000	334.000
844.000	333.000
845.000	305.000
846.000	329.000
847.000	330.000
848.000	360.000
849.000	334.000
850.000	315.000
851.000	364.000
852.000	331.000
853.000	348.000
854.000	369.000
855.000	366.000
856.000	341.000
857.000	357.000
858.000	347.000
859.000	411.000
860.000	363.000
861.000	384.000
862.000	397.000
863.000	376.000
864.000	411.000
865.000	418.000
866.000	433.000
867.000	398.000
868.000	413.000
869.000	448.000
870.000	425.000
871.000	433.000
872.000	467.000
873.000	470.000
874.000	497.000
875.000	506.000
876.000	532.000
877.000	540.000
878.000	539.000
879.000	552.000
880.000	703.000
881.000	696.000
882.000	729.000
883.000	782.000
884.000	841.000
885.000	857.000
886.000	932.000
887.000	960.000
888.000	1000.000
889.000	1059.000
890.000	1130.000
891.000	1232.000
892.000	1285.000
893.000	1312.000
894.000	1327.000
895.000	1398.000
896.000	1410.000
897.000	1478.000
898.000	1466.000
899.000	1467.000
900.000	1589.000
901.000	1499.000
902.000	1501.000
903.000	1445.000
904.000	1485.000
905.000	1383.000
906.000	1350.000
907.000	1269.000
908.000	1259.000
909.000	1202.000
910.000	1252.000
911.000	1066.000
912.000	1025.000
913.000	971.000
914.000	930.000
915.000	866.000
916.000	832.000
917.000	738.000
918.000	785.000
919.000	664.000
920.000	673.000
921.000	607.000
922.000	631.000
923.000	583.000
924.000	551.000
925.000	503.000
926.000	468.000
927.000	452.000
928.000	449.000
929.000	408.000
930.000	378.000
931.000	433.000
932.000	399.000
933.000	368.000
934.000	353.000
935.000	388.000
936.000	370.000
937.000	387.000
938.000	379.000
939.000	394.000
940.000	384.000
941.000	387.000
942.000	425.000
943.000	444.000
944.000	490.000
945.000	525.000
946.000	556.000
947.000	608.000
948.000	639.000
949.000	658.000
950.000	724.000
951.000	787.000
952.000	771.000
953.000	841.000
954.000	826.000
955.000	771.000
956.000	736.000
957.000	721.000
958.000	648.000
959.000	581.000
960.000	553.000
961.000	507.000
962.000	451.000
963.000	433.000
964.000	356.000
965.000	356.000
966.000	324.000
967.000	281.000
968.000	294.000
969.000	308.000
970.000	291.000
971.000	273.000
972.000	287.000
973.000	287.000
974.000	291.000
975.000	290.000
976.000	310.000
977.000	286.000
978.000	260.000
979.000	285.000
980.000	292.000
981.000	335.000
982.000	294.000
983.000	291.000
984.000	324.000
985.000	293.000
986.000	347.000
987.000	311.000
988.000	349.000
989.000	377.000
990.000	370.000
991.000	381.000
992.000	369.000
993.000	411.000
994.000	393.000
995.000	424.000
996.000	424.000
997.000	439.000
998.000	466.000
999.000	473.000
1000.000	433.000
1001.000	447.000
1002.000	499.000
1003.000	442.000
1004.000	459.000
1005.000	472.000
1006.000	438.000
1007.000	419.000
1008.000	392.000
1009.000	441.000
1010.000	433.000
1011.000	421.000
1012.000	407.000
1013.000	375.000
1014.000	364.000
1015.000	321.000
1016.000	382.000
1017.000	362.000
1018.000	360.000
1019.000	341.000
1020.000	322.000
1021.000	333.000
1022.000	315.000
1023.000	287.000
1024.000	290.000
