Date:	8/19/2008		Time:	9:20 AM		Version no:	0.00		Project name:	55		Sample name:	222		Section name:	section		Position	482.039995	mm	E0	0.000000	keV	E1	1.000000	keV/channel	sample surface	7.669002	cm	Tube anode:	Mo		Tube voltage:	30	kV	Tube current:	50	mA	gain	20		std. database			resultfile	result		matrix element	11		sample thickness	1.000000		air passage	0.560000	cm	comments	not in position		peaking_time	3.000000	m-sec	trigger_threshold	1229.166667	V	mca_bin_width	22.090000	no:	number_mca_channels	1024.000000	no:	gap_time	0.400000	m-sec	trigger_peaking_time	0.150000	m-sec	GAINDAC	9455		HIGHGAIN	1		TAURC	0		RCTAU	53		RCTAUFRAC	32768		livetime	9.744505	seconds	runtime	10.000502	seconds	input_count_rate	25.552453	cps	output_count_rate	19.953198	cps	triggers	248996	seconds	events_in_run	199542	seconds	channel	content		1.000	0.000
2.000	0.000
3.000	0.000
4.000	0.000
5.000	0.000
6.000	0.000
7.000	0.000
8.000	0.000
9.000	0.000
10.000	0.000
11.000	0.000
12.000	0.000
13.000	0.000
14.000	0.000
15.000	0.000
16.000	0.000
17.000	0.000
18.000	0.000
19.000	0.000
20.000	0.000
21.000	0.000
22.000	0.000
23.000	0.000
24.000	0.000
25.000	0.000
26.000	0.000
27.000	0.000
28.000	0.000
29.000	0.000
30.000	0.000
31.000	0.000
32.000	2.000
33.000	1.000
34.000	0.000
35.000	1.000
36.000	0.000
37.000	0.000
38.000	2.000
39.000	1.000
40.000	5.000
41.000	4.000
42.000	3.000
43.000	5.000
44.000	4.000
45.000	4.000
46.000	7.000
47.000	1.000
48.000	4.000
49.000	6.000
50.000	11.000
51.000	9.000
52.000	8.000
53.000	6.000
54.000	12.000
55.000	10.000
56.000	10.000
57.000	15.000
58.000	12.000
59.000	9.000
60.000	8.000
61.000	10.000
62.000	10.000
63.000	9.000
64.000	15.000
65.000	12.000
66.000	9.000
67.000	7.000
68.000	8.000
69.000	13.000
70.000	10.000
71.000	7.000
72.000	8.000
73.000	5.000
74.000	12.000
75.000	11.000
76.000	15.000
77.000	8.000
78.000	13.000
79.000	7.000
80.000	12.000
81.000	9.000
82.000	6.000
83.000	7.000
84.000	4.000
85.000	11.000
86.000	8.000
87.000	7.000
88.000	12.000
89.000	6.000
90.000	6.000
91.000	8.000
92.000	5.000
93.000	4.000
94.000	10.000
95.000	6.000
96.000	16.000
97.000	7.000
98.000	6.000
99.000	6.000
100.000	10.000
101.000	7.000
102.000	6.000
103.000	1.000
104.000	4.000
105.000	9.000
106.000	5.000
107.000	8.000
108.000	5.000
109.000	7.000
110.000	7.000
111.000	8.000
112.000	6.000
113.000	2.000
114.000	4.000
115.000	6.000
116.000	4.000
117.000	7.000
118.000	6.000
119.000	5.000
120.000	7.000
121.000	4.000
122.000	7.000
123.000	6.000
124.000	5.000
125.000	12.000
126.000	7.000
127.000	4.000
128.000	9.000
129.000	6.000
130.000	6.000
131.000	5.000
132.000	5.000
133.000	8.000
134.000	5.000
135.000	4.000
136.000	4.000
137.000	6.000
138.000	9.000
139.000	7.000
140.000	8.000
141.000	4.000
142.000	3.000
143.000	6.000
144.000	4.000
145.000	1.000
146.000	3.000
147.000	4.000
148.000	6.000
149.000	1.000
150.000	6.000
151.000	4.000
152.000	5.000
153.000	1.000
154.000	2.000
155.000	3.000
156.000	3.000
157.000	6.000
158.000	5.000
159.000	4.000
160.000	4.000
161.000	12.000
162.000	10.000
163.000	7.000
164.000	7.000
165.000	7.000
166.000	6.000
167.000	8.000
168.000	7.000
169.000	3.000
170.000	2.000
171.000	4.000
172.000	1.000
173.000	3.000
174.000	4.000
175.000	4.000
176.000	7.000
177.000	4.000
178.000	4.000
179.000	5.000
180.000	6.000
181.000	1.000
182.000	4.000
183.000	9.000
184.000	7.000
185.000	3.000
186.000	3.000
187.000	2.000
188.000	2.000
189.000	2.000
190.000	2.000
191.000	1.000
192.000	2.000
193.000	5.000
194.000	1.000
195.000	4.000
196.000	3.000
197.000	7.000
198.000	7.000
199.000	8.000
200.000	11.000
201.000	16.000
202.000	15.000
203.000	22.000
204.000	22.000
205.000	15.000
206.000	13.000
207.000	8.000
208.000	6.000
209.000	4.000
210.000	6.000
211.000	5.000
212.000	2.000
213.000	1.000
214.000	1.000
215.000	4.000
216.000	8.000
217.000	4.000
218.000	2.000
219.000	10.000
220.000	8.000
221.000	3.000
222.000	5.000
223.000	5.000
224.000	4.000
225.000	3.000
226.000	4.000
227.000	1.000
228.000	6.000
229.000	5.000
230.000	0.000
231.000	3.000
232.000	4.000
233.000	6.000
234.000	5.000
235.000	3.000
236.000	6.000
237.000	4.000
238.000	3.000
239.000	5.000
240.000	2.000
241.000	2.000
242.000	3.000
243.000	8.000
244.000	11.000
245.000	6.000
246.000	5.000
247.000	13.000
248.000	13.000
249.000	5.000
250.000	11.000
251.000	12.000
252.000	5.000
253.000	9.000
254.000	4.000
255.000	5.000
256.000	5.000
257.000	4.000
258.000	7.000
259.000	10.000
260.000	4.000
261.000	5.000
262.000	6.000
263.000	2.000
264.000	6.000
265.000	8.000
266.000	7.000
267.000	3.000
268.000	5.000
269.000	7.000
270.000	5.000
271.000	5.000
272.000	4.000
273.000	3.000
274.000	7.000
275.000	5.000
276.000	5.000
277.000	5.000
278.000	5.000
279.000	3.000
280.000	7.000
281.000	4.000
282.000	2.000
283.000	9.000
284.000	8.000
285.000	4.000
286.000	4.000
287.000	6.000
288.000	6.000
289.000	4.000
290.000	8.000
291.000	4.000
292.000	6.000
293.000	7.000
294.000	4.000
295.000	9.000
296.000	6.000
297.000	3.000
298.000	6.000
299.000	6.000
300.000	5.000
301.000	3.000
302.000	7.000
303.000	3.000
304.000	9.000
305.000	5.000
306.000	5.000
307.000	2.000
308.000	6.000
309.000	7.000
310.000	3.000
311.000	12.000
312.000	10.000
313.000	5.000
314.000	10.000
315.000	7.000
316.000	15.000
317.000	14.000
318.000	28.000
319.000	25.000
320.000	34.000
321.000	35.000
322.000	40.000
323.000	47.000
324.000	41.000
325.000	46.000
326.000	33.000
327.000	32.000
328.000	19.000
329.000	9.000
330.000	15.000
331.000	16.000
332.000	17.000
333.000	12.000
334.000	13.000
335.000	10.000
336.000	10.000
337.000	10.000
338.000	18.000
339.000	15.000
340.000	29.000
341.000	51.000
342.000	66.000
343.000	113.000
344.000	178.000
345.000	310.000
346.000	453.000
347.000	660.000
348.000	753.000
349.000	911.000
350.000	971.000
351.000	1022.000
352.000	919.000
353.000	837.000
354.000	634.000
355.000	480.000
356.000	325.000
357.000	215.000
358.000	124.000
359.000	77.000
360.000	60.000
361.000	21.000
362.000	24.000
363.000	18.000
364.000	10.000
365.000	15.000
366.000	17.000
367.000	11.000
368.000	14.000
369.000	19.000
370.000	14.000
371.000	27.000
372.000	17.000
373.000	17.000
374.000	20.000
375.000	17.000
376.000	27.000
377.000	25.000
378.000	29.000
379.000	42.000
380.000	54.000
381.000	81.000
382.000	110.000
383.000	142.000
384.000	154.000
385.000	177.000
386.000	192.000
387.000	180.000
388.000	179.000
389.000	148.000
390.000	115.000
391.000	96.000
392.000	76.000
393.000	54.000
394.000	43.000
395.000	35.000
396.000	35.000
397.000	24.000
398.000	14.000
399.000	17.000
400.000	11.000
401.000	15.000
402.000	19.000
403.000	14.000
404.000	16.000
405.000	30.000
406.000	20.000
407.000	22.000
408.000	14.000
409.000	14.000
410.000	29.000
411.000	21.000
412.000	21.000
413.000	26.000
414.000	25.000
415.000	20.000
416.000	19.000
417.000	18.000
418.000	26.000
419.000	25.000
420.000	26.000
421.000	22.000
422.000	31.000
423.000	29.000
424.000	20.000
425.000	30.000
426.000	17.000
427.000	36.000
428.000	26.000
429.000	25.000
430.000	34.000
431.000	36.000
432.000	25.000
433.000	31.000
434.000	19.000
435.000	23.000
436.000	35.000
437.000	23.000
438.000	32.000
439.000	40.000
440.000	31.000
441.000	35.000
442.000	23.000
443.000	29.000
444.000	33.000
445.000	31.000
446.000	31.000
447.000	49.000
448.000	33.000
449.000	20.000
450.000	42.000
451.000	32.000
452.000	33.000
453.000	30.000
454.000	30.000
455.000	28.000
456.000	36.000
457.000	27.000
458.000	43.000
459.000	40.000
460.000	35.000
461.000	39.000
462.000	36.000
463.000	34.000
464.000	27.000
465.000	34.000
466.000	39.000
467.000	38.000
468.000	33.000
469.000	43.000
470.000	36.000
471.000	46.000
472.000	27.000
473.000	51.000
474.000	50.000
475.000	46.000
476.000	48.000
477.000	43.000
478.000	33.000
479.000	50.000
480.000	48.000
481.000	37.000
482.000	46.000
483.000	43.000
484.000	35.000
485.000	42.000
486.000	41.000
487.000	44.000
488.000	49.000
489.000	55.000
490.000	48.000
491.000	46.000
492.000	53.000
493.000	53.000
494.000	47.000
495.000	66.000
496.000	44.000
497.000	47.000
498.000	50.000
499.000	56.000
500.000	49.000
501.000	54.000
502.000	52.000
503.000	67.000
504.000	54.000
505.000	54.000
506.000	64.000
507.000	67.000
508.000	67.000
509.000	62.000
510.000	61.000
511.000	44.000
512.000	64.000
513.000	67.000
514.000	69.000
515.000	66.000
516.000	55.000
517.000	54.000
518.000	74.000
519.000	62.000
520.000	72.000
521.000	71.000
522.000	70.000
523.000	74.000
524.000	71.000
525.000	64.000
526.000	71.000
527.000	63.000
528.000	83.000
529.000	74.000
530.000	86.000
531.000	81.000
532.000	78.000
533.000	81.000
534.000	74.000
535.000	69.000
536.000	88.000
537.000	77.000
538.000	89.000
539.000	85.000
540.000	79.000
541.000	69.000
542.000	73.000
543.000	80.000
544.000	86.000
545.000	88.000
546.000	74.000
547.000	85.000
548.000	75.000
549.000	89.000
550.000	86.000
551.000	91.000
552.000	81.000
553.000	99.000
554.000	78.000
555.000	81.000
556.000	78.000
557.000	83.000
558.000	96.000
559.000	92.000
560.000	87.000
561.000	101.000
562.000	95.000
563.000	96.000
564.000	101.000
565.000	118.000
566.000	103.000
567.000	102.000
568.000	92.000
569.000	103.000
570.000	96.000
571.000	88.000
572.000	102.000
573.000	99.000
574.000	101.000
575.000	104.000
576.000	115.000
577.000	113.000
578.000	87.000
579.000	127.000
580.000	102.000
581.000	111.000
582.000	106.000
583.000	113.000
584.000	78.000
585.000	121.000
586.000	111.000
587.000	137.000
588.000	104.000
589.000	118.000
590.000	103.000
591.000	118.000
592.000	122.000
593.000	93.000
594.000	114.000
595.000	107.000
596.000	125.000
597.000	126.000
598.000	132.000
599.000	133.000
600.000	131.000
601.000	132.000
602.000	149.000
603.000	126.000
604.000	124.000
605.000	130.000
606.000	139.000
607.000	126.000
608.000	133.000
609.000	118.000
610.000	132.000
611.000	129.000
612.000	155.000
613.000	121.000
614.000	145.000
615.000	130.000
616.000	130.000
617.000	148.000
618.000	141.000
619.000	148.000
620.000	126.000
621.000	129.000
622.000	127.000
623.000	152.000
624.000	118.000
625.000	152.000
626.000	139.000
627.000	146.000
628.000	159.000
629.000	166.000
630.000	125.000
631.000	125.000
632.000	148.000
633.000	148.000
634.000	142.000
635.000	133.000
636.000	150.000
637.000	156.000
638.000	161.000
639.000	149.000
640.000	152.000
641.000	165.000
642.000	153.000
643.000	155.000
644.000	161.000
645.000	162.000
646.000	137.000
647.000	152.000
648.000	172.000
649.000	170.000
650.000	190.000
651.000	157.000
652.000	189.000
653.000	161.000
654.000	163.000
655.000	159.000
656.000	140.000
657.000	185.000
658.000	170.000
659.000	156.000
660.000	177.000
661.000	166.000
662.000	160.000
663.000	185.000
664.000	175.000
665.000	176.000
666.000	187.000
667.000	187.000
668.000	172.000
669.000	154.000
670.000	171.000
671.000	187.000
672.000	171.000
673.000	177.000
674.000	194.000
675.000	176.000
676.000	178.000
677.000	176.000
678.000	173.000
679.000	196.000
680.000	175.000
681.000	201.000
682.000	187.000
683.000	165.000
684.000	183.000
685.000	205.000
686.000	202.000
687.000	182.000
688.000	173.000
689.000	189.000
690.000	179.000
691.000	202.000
692.000	194.000
693.000	197.000
694.000	172.000
695.000	195.000
696.000	188.000
697.000	190.000
698.000	198.000
699.000	185.000
700.000	194.000
701.000	186.000
702.000	195.000
703.000	200.000
704.000	201.000
705.000	174.000
706.000	186.000
707.000	189.000
708.000	231.000
709.000	188.000
710.000	194.000
711.000	218.000
712.000	208.000
713.000	213.000
714.000	233.000
715.000	210.000
716.000	180.000
717.000	199.000
718.000	213.000
719.000	221.000
720.000	240.000
721.000	226.000
722.000	213.000
723.000	205.000
724.000	201.000
725.000	230.000
726.000	230.000
727.000	254.000
728.000	223.000
729.000	212.000
730.000	226.000
731.000	244.000
732.000	209.000
733.000	229.000
734.000	206.000
735.000	236.000
736.000	211.000
737.000	233.000
738.000	230.000
739.000	225.000
740.000	210.000
741.000	202.000
742.000	227.000
743.000	244.000
744.000	245.000
745.000	211.000
746.000	249.000
747.000	259.000
748.000	253.000
749.000	262.000
750.000	247.000
751.000	230.000
752.000	213.000
753.000	191.000
754.000	232.000
755.000	225.000
756.000	247.000
757.000	249.000
758.000	251.000
759.000	232.000
760.000	227.000
761.000	211.000
762.000	261.000
763.000	251.000
764.000	235.000
765.000	228.000
766.000	251.000
767.000	251.000
768.000	246.000
769.000	261.000
770.000	266.000
771.000	264.000
772.000	264.000
773.000	257.000
774.000	249.000
775.000	292.000
776.000	267.000
777.000	269.000
778.000	239.000
779.000	252.000
780.000	249.000
781.000	254.000
782.000	225.000
783.000	193.000
784.000	241.000
785.000	249.000
786.000	259.000
787.000	231.000
788.000	234.000
789.000	230.000
790.000	239.000
791.000	235.000
792.000	237.000
793.000	237.000
794.000	261.000
795.000	220.000
796.000	244.000
797.000	289.000
798.000	270.000
799.000	252.000
800.000	211.000
801.000	231.000
802.000	261.000
803.000	256.000
804.000	246.000
805.000	264.000
806.000	244.000
807.000	264.000
808.000	263.000
809.000	271.000
810.000	240.000
811.000	239.000
812.000	254.000
813.000	273.000
814.000	230.000
815.000	258.000
816.000	286.000
817.000	278.000
818.000	255.000
819.000	228.000
820.000	250.000
821.000	245.000
822.000	289.000
823.000	269.000
824.000	294.000
825.000	281.000
826.000	297.000
827.000	273.000
828.000	260.000
829.000	282.000
830.000	266.000
831.000	289.000
832.000	300.000
833.000	248.000
834.000	286.000
835.000	300.000
836.000	305.000
837.000	286.000
838.000	280.000
839.000	279.000
840.000	312.000
841.000	261.000
842.000	264.000
843.000	280.000
844.000	324.000
845.000	291.000
846.000	291.000
847.000	317.000
848.000	284.000
849.000	287.000
850.000	308.000
851.000	279.000
852.000	332.000
853.000	280.000
854.000	301.000
855.000	309.000
856.000	353.000
857.000	326.000
858.000	343.000
859.000	283.000
860.000	357.000
861.000	343.000
862.000	338.000
863.000	343.000
864.000	390.000
865.000	355.000
866.000	380.000
867.000	351.000
868.000	369.000
869.000	344.000
870.000	373.000
871.000	380.000
872.000	405.000
873.000	392.000
874.000	465.000
875.000	422.000
876.000	450.000
877.000	497.000
878.000	504.000
879.000	547.000
880.000	618.000
881.000	577.000
882.000	623.000
883.000	655.000
884.000	691.000
885.000	772.000
886.000	790.000
887.000	818.000
888.000	923.000
889.000	965.000
890.000	996.000
891.000	1090.000
892.000	1120.000
893.000	1175.000
894.000	1232.000
895.000	1224.000
896.000	1239.000
897.000	1254.000
898.000	1282.000
899.000	1256.000
900.000	1349.000
901.000	1340.000
902.000	1301.000
903.000	1289.000
904.000	1282.000
905.000	1254.000
906.000	1155.000
907.000	1225.000
908.000	1154.000
909.000	1077.000
910.000	1025.000
911.000	978.000
912.000	953.000
913.000	901.000
914.000	825.000
915.000	760.000
916.000	722.000
917.000	682.000
918.000	638.000
919.000	639.000
920.000	563.000
921.000	551.000
922.000	511.000
923.000	496.000
924.000	464.000
925.000	424.000
926.000	427.000
927.000	375.000
928.000	389.000
929.000	372.000
930.000	371.000
931.000	341.000
932.000	329.000
933.000	318.000
934.000	291.000
935.000	287.000
936.000	312.000
937.000	344.000
938.000	337.000
939.000	325.000
940.000	353.000
941.000	392.000
942.000	358.000
943.000	367.000
944.000	425.000
945.000	459.000
946.000	483.000
947.000	553.000
948.000	596.000
949.000	591.000
950.000	668.000
951.000	681.000
952.000	713.000
953.000	700.000
954.000	703.000
955.000	741.000
956.000	672.000
957.000	652.000
958.000	584.000
959.000	561.000
960.000	503.000
961.000	405.000
962.000	405.000
963.000	355.000
964.000	358.000
965.000	325.000
966.000	269.000
967.000	261.000
968.000	244.000
969.000	273.000
970.000	259.000
971.000	247.000
972.000	261.000
973.000	243.000
974.000	264.000
975.000	235.000
976.000	274.000
977.000	251.000
978.000	240.000
979.000	247.000
980.000	270.000
981.000	261.000
982.000	257.000
983.000	291.000
984.000	278.000
985.000	301.000
986.000	291.000
987.000	295.000
988.000	309.000
989.000	319.000
990.000	318.000
991.000	323.000
992.000	304.000
993.000	338.000
994.000	340.000
995.000	340.000
996.000	332.000
997.000	400.000
998.000	388.000
999.000	388.000
1000.000	398.000
1001.000	417.000
1002.000	396.000
1003.000	424.000
1004.000	415.000
1005.000	435.000
1006.000	415.000
1007.000	388.000
1008.000	415.000
1009.000	389.000
1010.000	383.000
1011.000	353.000
1012.000	325.000
1013.000	325.000
1014.000	347.000
1015.000	330.000
1016.000	333.000
1017.000	306.000
1018.000	286.000
1019.000	304.000
1020.000	281.000
1021.000	284.000
1022.000	255.000
1023.000	266.000
1024.000	222.000
