Date:	8/19/2008		Time:	9:08 AM		Version no:	0.00		Project name:	55		Sample name:	222		Section name:	section		Position	346.039995	mm	E0	0.000000	keV	E1	1.000000	keV/channel	sample surface	7.526714	cm	Tube anode:	Mo		Tube voltage:	30	kV	Tube current:	50	mA	gain	20		std. database			resultfile	result		matrix element	11		sample thickness	1.000000		air passage	0.560000	cm	comments	not in position		peaking_time	3.000000	m-sec	trigger_threshold	1229.166667	V	mca_bin_width	22.090000	no:	number_mca_channels	1024.000000	no:	gap_time	0.400000	m-sec	trigger_peaking_time	0.150000	m-sec	GAINDAC	9455		HIGHGAIN	1		TAURC	0		RCTAU	53		RCTAUFRAC	32768		livetime	9.692507	seconds	runtime	10.000514	seconds	input_count_rate	29.037275	cps	output_count_rate	21.981171	cps	triggers	281444	seconds	events_in_run	219823	seconds	channel	content		1.000	0.000
2.000	0.000
3.000	0.000
4.000	0.000
5.000	0.000
6.000	0.000
7.000	0.000
8.000	0.000
9.000	0.000
10.000	0.000
11.000	0.000
12.000	0.000
13.000	0.000
14.000	0.000
15.000	0.000
16.000	0.000
17.000	0.000
18.000	0.000
19.000	0.000
20.000	0.000
21.000	0.000
22.000	0.000
23.000	0.000
24.000	0.000
25.000	0.000
26.000	0.000
27.000	0.000
28.000	0.000
29.000	0.000
30.000	0.000
31.000	0.000
32.000	0.000
33.000	0.000
34.000	2.000
35.000	4.000
36.000	1.000
37.000	4.000
38.000	1.000
39.000	3.000
40.000	2.000
41.000	6.000
42.000	3.000
43.000	7.000
44.000	3.000
45.000	9.000
46.000	6.000
47.000	6.000
48.000	9.000
49.000	4.000
50.000	5.000
51.000	7.000
52.000	4.000
53.000	10.000
54.000	8.000
55.000	10.000
56.000	7.000
57.000	7.000
58.000	9.000
59.000	13.000
60.000	12.000
61.000	14.000
62.000	9.000
63.000	14.000
64.000	11.000
65.000	12.000
66.000	16.000
67.000	11.000
68.000	9.000
69.000	18.000
70.000	10.000
71.000	9.000
72.000	8.000
73.000	14.000
74.000	9.000
75.000	3.000
76.000	7.000
77.000	8.000
78.000	13.000
79.000	8.000
80.000	6.000
81.000	12.000
82.000	12.000
83.000	8.000
84.000	5.000
85.000	6.000
86.000	12.000
87.000	7.000
88.000	6.000
89.000	4.000
90.000	5.000
91.000	7.000
92.000	9.000
93.000	7.000
94.000	7.000
95.000	6.000
96.000	10.000
97.000	7.000
98.000	8.000
99.000	9.000
100.000	10.000
101.000	8.000
102.000	7.000
103.000	10.000
104.000	6.000
105.000	5.000
106.000	3.000
107.000	5.000
108.000	7.000
109.000	7.000
110.000	6.000
111.000	7.000
112.000	11.000
113.000	8.000
114.000	10.000
115.000	8.000
116.000	5.000
117.000	7.000
118.000	6.000
119.000	10.000
120.000	9.000
121.000	11.000
122.000	13.000
123.000	5.000
124.000	16.000
125.000	6.000
126.000	9.000
127.000	10.000
128.000	9.000
129.000	4.000
130.000	9.000
131.000	7.000
132.000	6.000
133.000	4.000
134.000	5.000
135.000	9.000
136.000	5.000
137.000	3.000
138.000	4.000
139.000	2.000
140.000	4.000
141.000	7.000
142.000	6.000
143.000	2.000
144.000	4.000
145.000	4.000
146.000	6.000
147.000	7.000
148.000	5.000
149.000	6.000
150.000	6.000
151.000	4.000
152.000	1.000
153.000	2.000
154.000	6.000
155.000	1.000
156.000	3.000
157.000	4.000
158.000	6.000
159.000	12.000
160.000	8.000
161.000	12.000
162.000	12.000
163.000	14.000
164.000	10.000
165.000	6.000
166.000	3.000
167.000	2.000
168.000	3.000
169.000	3.000
170.000	4.000
171.000	4.000
172.000	4.000
173.000	7.000
174.000	5.000
175.000	7.000
176.000	8.000
177.000	7.000
178.000	4.000
179.000	6.000
180.000	4.000
181.000	12.000
182.000	9.000
183.000	10.000
184.000	10.000
185.000	6.000
186.000	5.000
187.000	3.000
188.000	1.000
189.000	3.000
190.000	4.000
191.000	6.000
192.000	4.000
193.000	3.000
194.000	5.000
195.000	11.000
196.000	5.000
197.000	7.000
198.000	13.000
199.000	15.000
200.000	25.000
201.000	32.000
202.000	29.000
203.000	30.000
204.000	36.000
205.000	14.000
206.000	18.000
207.000	12.000
208.000	8.000
209.000	4.000
210.000	2.000
211.000	2.000
212.000	4.000
213.000	4.000
214.000	1.000
215.000	4.000
216.000	6.000
217.000	4.000
218.000	3.000
219.000	3.000
220.000	3.000
221.000	4.000
222.000	3.000
223.000	6.000
224.000	6.000
225.000	6.000
226.000	5.000
227.000	2.000
228.000	1.000
229.000	4.000
230.000	5.000
231.000	2.000
232.000	2.000
233.000	5.000
234.000	1.000
235.000	3.000
236.000	4.000
237.000	5.000
238.000	8.000
239.000	1.000
240.000	4.000
241.000	3.000
242.000	6.000
243.000	9.000
244.000	7.000
245.000	8.000
246.000	12.000
247.000	12.000
248.000	10.000
249.000	6.000
250.000	8.000
251.000	8.000
252.000	8.000
253.000	10.000
254.000	2.000
255.000	10.000
256.000	5.000
257.000	7.000
258.000	8.000
259.000	8.000
260.000	4.000
261.000	1.000
262.000	2.000
263.000	1.000
264.000	8.000
265.000	3.000
266.000	3.000
267.000	10.000
268.000	7.000
269.000	10.000
270.000	10.000
271.000	7.000
272.000	6.000
273.000	5.000
274.000	5.000
275.000	7.000
276.000	5.000
277.000	3.000
278.000	6.000
279.000	3.000
280.000	2.000
281.000	4.000
282.000	2.000
283.000	4.000
284.000	4.000
285.000	4.000
286.000	4.000
287.000	7.000
288.000	8.000
289.000	7.000
290.000	6.000
291.000	8.000
292.000	5.000
293.000	7.000
294.000	7.000
295.000	6.000
296.000	4.000
297.000	10.000
298.000	15.000
299.000	8.000
300.000	8.000
301.000	6.000
302.000	11.000
303.000	8.000
304.000	6.000
305.000	4.000
306.000	9.000
307.000	6.000
308.000	7.000
309.000	9.000
310.000	7.000
311.000	6.000
312.000	8.000
313.000	7.000
314.000	14.000
315.000	8.000
316.000	16.000
317.000	16.000
318.000	16.000
319.000	28.000
320.000	37.000
321.000	54.000
322.000	43.000
323.000	50.000
324.000	52.000
325.000	47.000
326.000	36.000
327.000	41.000
328.000	29.000
329.000	24.000
330.000	17.000
331.000	10.000
332.000	15.000
333.000	15.000
334.000	7.000
335.000	15.000
336.000	14.000
337.000	11.000
338.000	14.000
339.000	20.000
340.000	22.000
341.000	24.000
342.000	47.000
343.000	83.000
344.000	133.000
345.000	190.000
346.000	297.000
347.000	384.000
348.000	495.000
349.000	612.000
350.000	628.000
351.000	640.000
352.000	589.000
353.000	542.000
354.000	427.000
355.000	337.000
356.000	206.000
357.000	140.000
358.000	80.000
359.000	48.000
360.000	37.000
361.000	20.000
362.000	23.000
363.000	22.000
364.000	12.000
365.000	19.000
366.000	15.000
367.000	13.000
368.000	15.000
369.000	9.000
370.000	21.000
371.000	14.000
372.000	18.000
373.000	22.000
374.000	16.000
375.000	23.000
376.000	14.000
377.000	27.000
378.000	36.000
379.000	32.000
380.000	46.000
381.000	58.000
382.000	71.000
383.000	76.000
384.000	109.000
385.000	127.000
386.000	133.000
387.000	111.000
388.000	108.000
389.000	105.000
390.000	71.000
391.000	67.000
392.000	55.000
393.000	44.000
394.000	32.000
395.000	37.000
396.000	21.000
397.000	18.000
398.000	25.000
399.000	21.000
400.000	29.000
401.000	23.000
402.000	18.000
403.000	23.000
404.000	35.000
405.000	19.000
406.000	21.000
407.000	21.000
408.000	13.000
409.000	27.000
410.000	22.000
411.000	25.000
412.000	26.000
413.000	33.000
414.000	17.000
415.000	23.000
416.000	28.000
417.000	21.000
418.000	23.000
419.000	25.000
420.000	25.000
421.000	24.000
422.000	23.000
423.000	24.000
424.000	25.000
425.000	34.000
426.000	27.000
427.000	37.000
428.000	24.000
429.000	35.000
430.000	26.000
431.000	26.000
432.000	33.000
433.000	29.000
434.000	36.000
435.000	36.000
436.000	37.000
437.000	35.000
438.000	29.000
439.000	35.000
440.000	41.000
441.000	42.000
442.000	36.000
443.000	47.000
444.000	33.000
445.000	31.000
446.000	38.000
447.000	32.000
448.000	36.000
449.000	53.000
450.000	54.000
451.000	36.000
452.000	49.000
453.000	38.000
454.000	36.000
455.000	41.000
456.000	37.000
457.000	48.000
458.000	34.000
459.000	53.000
460.000	40.000
461.000	38.000
462.000	53.000
463.000	59.000
464.000	36.000
465.000	43.000
466.000	37.000
467.000	64.000
468.000	51.000
469.000	42.000
470.000	55.000
471.000	43.000
472.000	43.000
473.000	56.000
474.000	55.000
475.000	50.000
476.000	45.000
477.000	47.000
478.000	53.000
479.000	54.000
480.000	49.000
481.000	40.000
482.000	45.000
483.000	48.000
484.000	43.000
485.000	59.000
486.000	54.000
487.000	55.000
488.000	47.000
489.000	52.000
490.000	66.000
491.000	44.000
492.000	45.000
493.000	62.000
494.000	45.000
495.000	61.000
496.000	53.000
497.000	60.000
498.000	55.000
499.000	72.000
500.000	57.000
501.000	65.000
502.000	60.000
503.000	58.000
504.000	59.000
505.000	73.000
506.000	69.000
507.000	59.000
508.000	87.000
509.000	61.000
510.000	58.000
511.000	62.000
512.000	70.000
513.000	68.000
514.000	66.000
515.000	70.000
516.000	61.000
517.000	75.000
518.000	78.000
519.000	70.000
520.000	61.000
521.000	90.000
522.000	92.000
523.000	67.000
524.000	76.000
525.000	69.000
526.000	78.000
527.000	79.000
528.000	97.000
529.000	87.000
530.000	97.000
531.000	77.000
532.000	72.000
533.000	77.000
534.000	81.000
535.000	96.000
536.000	79.000
537.000	66.000
538.000	87.000
539.000	84.000
540.000	95.000
541.000	91.000
542.000	76.000
543.000	90.000
544.000	93.000
545.000	93.000
546.000	94.000
547.000	94.000
548.000	90.000
549.000	88.000
550.000	85.000
551.000	101.000
552.000	92.000
553.000	81.000
554.000	97.000
555.000	96.000
556.000	96.000
557.000	82.000
558.000	90.000
559.000	92.000
560.000	125.000
561.000	114.000
562.000	109.000
563.000	117.000
564.000	109.000
565.000	103.000
566.000	89.000
567.000	95.000
568.000	117.000
569.000	111.000
570.000	111.000
571.000	105.000
572.000	114.000
573.000	115.000
574.000	119.000
575.000	113.000
576.000	115.000
577.000	118.000
578.000	116.000
579.000	114.000
580.000	101.000
581.000	126.000
582.000	110.000
583.000	114.000
584.000	114.000
585.000	122.000
586.000	128.000
587.000	127.000
588.000	118.000
589.000	127.000
590.000	120.000
591.000	120.000
592.000	140.000
593.000	112.000
594.000	128.000
595.000	118.000
596.000	145.000
597.000	130.000
598.000	135.000
599.000	134.000
600.000	129.000
601.000	110.000
602.000	153.000
603.000	121.000
604.000	115.000
605.000	135.000
606.000	129.000
607.000	141.000
608.000	143.000
609.000	140.000
610.000	139.000
611.000	141.000
612.000	124.000
613.000	132.000
614.000	141.000
615.000	134.000
616.000	140.000
617.000	135.000
618.000	139.000
619.000	160.000
620.000	160.000
621.000	175.000
622.000	143.000
623.000	148.000
624.000	148.000
625.000	165.000
626.000	148.000
627.000	138.000
628.000	150.000
629.000	173.000
630.000	165.000
631.000	178.000
632.000	149.000
633.000	139.000
634.000	149.000
635.000	143.000
636.000	182.000
637.000	161.000
638.000	169.000
639.000	198.000
640.000	158.000
641.000	165.000
642.000	159.000
643.000	157.000
644.000	166.000
645.000	187.000
646.000	193.000
647.000	178.000
648.000	186.000
649.000	192.000
650.000	171.000
651.000	188.000
652.000	198.000
653.000	195.000
654.000	199.000
655.000	179.000
656.000	199.000
657.000	192.000
658.000	174.000
659.000	181.000
660.000	196.000
661.000	185.000
662.000	174.000
663.000	166.000
664.000	155.000
665.000	190.000
666.000	192.000
667.000	211.000
668.000	195.000
669.000	199.000
670.000	178.000
671.000	197.000
672.000	191.000
673.000	209.000
674.000	194.000
675.000	183.000
676.000	203.000
677.000	205.000
678.000	206.000
679.000	187.000
680.000	206.000
681.000	204.000
682.000	224.000
683.000	195.000
684.000	199.000
685.000	218.000
686.000	186.000
687.000	222.000
688.000	230.000
689.000	208.000
690.000	207.000
691.000	194.000
692.000	207.000
693.000	199.000
694.000	218.000
695.000	206.000
696.000	217.000
697.000	208.000
698.000	216.000
699.000	217.000
700.000	213.000
701.000	239.000
702.000	218.000
703.000	213.000
704.000	210.000
705.000	195.000
706.000	207.000
707.000	237.000
708.000	215.000
709.000	203.000
710.000	216.000
711.000	247.000
712.000	221.000
713.000	242.000
714.000	226.000
715.000	229.000
716.000	227.000
717.000	240.000
718.000	249.000
719.000	219.000
720.000	245.000
721.000	224.000
722.000	242.000
723.000	243.000
724.000	229.000
725.000	232.000
726.000	238.000
727.000	227.000
728.000	221.000
729.000	273.000
730.000	231.000
731.000	247.000
732.000	238.000
733.000	241.000
734.000	264.000
735.000	255.000
736.000	253.000
737.000	196.000
738.000	253.000
739.000	257.000
740.000	260.000
741.000	258.000
742.000	246.000
743.000	261.000
744.000	256.000
745.000	263.000
746.000	242.000
747.000	260.000
748.000	271.000
749.000	245.000
750.000	228.000
751.000	260.000
752.000	242.000
753.000	255.000
754.000	260.000
755.000	254.000
756.000	250.000
757.000	253.000
758.000	240.000
759.000	277.000
760.000	227.000
761.000	266.000
762.000	239.000
763.000	260.000
764.000	285.000
765.000	304.000
766.000	276.000
767.000	290.000
768.000	263.000
769.000	303.000
770.000	300.000
771.000	277.000
772.000	263.000
773.000	283.000
774.000	279.000
775.000	316.000
776.000	276.000
777.000	303.000
778.000	285.000
779.000	281.000
780.000	290.000
781.000	292.000
782.000	281.000
783.000	271.000
784.000	291.000
785.000	265.000
786.000	261.000
787.000	246.000
788.000	274.000
789.000	269.000
790.000	260.000
791.000	270.000
792.000	285.000
793.000	280.000
794.000	312.000
795.000	271.000
796.000	308.000
797.000	287.000
798.000	293.000
799.000	299.000
800.000	268.000
801.000	275.000
802.000	281.000
803.000	292.000
804.000	252.000
805.000	284.000
806.000	308.000
807.000	304.000
808.000	308.000
809.000	310.000
810.000	266.000
811.000	317.000
812.000	306.000
813.000	294.000
814.000	282.000
815.000	283.000
816.000	284.000
817.000	295.000
818.000	297.000
819.000	312.000
820.000	301.000
821.000	302.000
822.000	306.000
823.000	286.000
824.000	304.000
825.000	300.000
826.000	274.000
827.000	303.000
828.000	324.000
829.000	315.000
830.000	321.000
831.000	316.000
832.000	319.000
833.000	330.000
834.000	310.000
835.000	315.000
836.000	308.000
837.000	310.000
838.000	300.000
839.000	312.000
840.000	332.000
841.000	298.000
842.000	334.000
843.000	301.000
844.000	306.000
845.000	302.000
846.000	299.000
847.000	335.000
848.000	336.000
849.000	329.000
850.000	346.000
851.000	356.000
852.000	363.000
853.000	337.000
854.000	361.000
855.000	370.000
856.000	360.000
857.000	382.000
858.000	361.000
859.000	382.000
860.000	408.000
861.000	381.000
862.000	426.000
863.000	409.000
864.000	411.000
865.000	408.000
866.000	382.000
867.000	438.000
868.000	441.000
869.000	419.000
870.000	443.000
871.000	489.000
872.000	466.000
873.000	477.000
874.000	549.000
875.000	543.000
876.000	501.000
877.000	556.000
878.000	604.000
879.000	604.000
880.000	620.000
881.000	732.000
882.000	741.000
883.000	776.000
884.000	821.000
885.000	888.000
886.000	911.000
887.000	995.000
888.000	1020.000
889.000	1084.000
890.000	1128.000
891.000	1219.000
892.000	1207.000
893.000	1309.000
894.000	1457.000
895.000	1408.000
896.000	1414.000
897.000	1486.000
898.000	1519.000
899.000	1480.000
900.000	1505.000
901.000	1532.000
902.000	1557.000
903.000	1485.000
904.000	1448.000
905.000	1397.000
906.000	1460.000
907.000	1290.000
908.000	1323.000
909.000	1248.000
910.000	1109.000
911.000	1100.000
912.000	1035.000
913.000	908.000
914.000	965.000
915.000	900.000
916.000	756.000
917.000	793.000
918.000	734.000
919.000	709.000
920.000	682.000
921.000	625.000
922.000	587.000
923.000	540.000
924.000	512.000
925.000	501.000
926.000	464.000
927.000	474.000
928.000	442.000
929.000	459.000
930.000	395.000
931.000	400.000
932.000	379.000
933.000	335.000
934.000	376.000
935.000	380.000
936.000	334.000
937.000	403.000
938.000	336.000
939.000	406.000
940.000	369.000
941.000	367.000
942.000	421.000
943.000	456.000
944.000	506.000
945.000	515.000
946.000	611.000
947.000	647.000
948.000	652.000
949.000	685.000
950.000	705.000
951.000	781.000
952.000	826.000
953.000	859.000
954.000	853.000
955.000	838.000
956.000	706.000
957.000	725.000
958.000	664.000
959.000	591.000
960.000	516.000
961.000	507.000
962.000	446.000
963.000	385.000
964.000	364.000
965.000	389.000
966.000	318.000
967.000	327.000
968.000	303.000
969.000	299.000
970.000	267.000
971.000	262.000
972.000	278.000
973.000	295.000
974.000	320.000
975.000	288.000
976.000	299.000
977.000	350.000
978.000	332.000
979.000	297.000
980.000	326.000
981.000	316.000
982.000	316.000
983.000	343.000
984.000	273.000
985.000	346.000
986.000	312.000
987.000	320.000
988.000	344.000
989.000	401.000
990.000	347.000
991.000	395.000
992.000	390.000
993.000	376.000
994.000	390.000
995.000	390.000
996.000	395.000
997.000	404.000
998.000	425.000
999.000	414.000
1000.000	440.000
1001.000	445.000
1002.000	451.000
1003.000	457.000
1004.000	431.000
1005.000	465.000
1006.000	461.000
1007.000	454.000
1008.000	439.000
1009.000	385.000
1010.000	465.000
1011.000	389.000
1012.000	420.000
1013.000	406.000
1014.000	395.000
1015.000	382.000
1016.000	380.000
1017.000	352.000
1018.000	338.000
1019.000	319.000
1020.000	284.000
1021.000	326.000
1022.000	301.000
1023.000	318.000
1024.000	307.000
