Date:	8/19/2008		Time:	10:03 AM		Version no:	0.00		Project name:	55		Sample name:	222		Section name:	section		Position	934.039995	mm	E0	0.000000	keV	E1	1.000000	keV/channel	sample surface	7.798863	cm	Tube anode:	Mo		Tube voltage:	30	kV	Tube current:	50	mA	gain	20		std. database			resultfile	result		matrix element	11		sample thickness	1.000000		air passage	0.560000	cm	comments	not in position		peaking_time	3.000000	m-sec	trigger_threshold	1229.166667	V	mca_bin_width	22.090000	no:	number_mca_channels	1024.000000	no:	gap_time	0.400000	m-sec	trigger_peaking_time	0.150000	m-sec	GAINDAC	9455		HIGHGAIN	1		TAURC	0		RCTAU	53		RCTAUFRAC	32768		livetime	9.718834	seconds	runtime	10.000503	seconds	input_count_rate	26.382073	cps	output_count_rate	20.437872	cps	triggers	256403	seconds	events_in_run	204389	seconds	channel	content		1.000	0.000
2.000	0.000
3.000	0.000
4.000	0.000
5.000	0.000
6.000	0.000
7.000	0.000
8.000	0.000
9.000	0.000
10.000	0.000
11.000	0.000
12.000	0.000
13.000	0.000
14.000	0.000
15.000	0.000
16.000	0.000
17.000	0.000
18.000	0.000
19.000	0.000
20.000	0.000
21.000	0.000
22.000	0.000
23.000	0.000
24.000	0.000
25.000	0.000
26.000	0.000
27.000	0.000
28.000	0.000
29.000	0.000
30.000	0.000
31.000	1.000
32.000	0.000
33.000	2.000
34.000	0.000
35.000	2.000
36.000	1.000
37.000	1.000
38.000	0.000
39.000	2.000
40.000	2.000
41.000	6.000
42.000	3.000
43.000	2.000
44.000	2.000
45.000	6.000
46.000	8.000
47.000	10.000
48.000	5.000
49.000	7.000
50.000	7.000
51.000	5.000
52.000	5.000
53.000	10.000
54.000	9.000
55.000	10.000
56.000	10.000
57.000	11.000
58.000	9.000
59.000	8.000
60.000	9.000
61.000	6.000
62.000	7.000
63.000	10.000
64.000	5.000
65.000	13.000
66.000	9.000
67.000	13.000
68.000	9.000
69.000	12.000
70.000	10.000
71.000	7.000
72.000	11.000
73.000	6.000
74.000	6.000
75.000	9.000
76.000	10.000
77.000	8.000
78.000	7.000
79.000	10.000
80.000	7.000
81.000	8.000
82.000	6.000
83.000	8.000
84.000	11.000
85.000	7.000
86.000	7.000
87.000	8.000
88.000	9.000
89.000	8.000
90.000	8.000
91.000	7.000
92.000	4.000
93.000	1.000
94.000	5.000
95.000	7.000
96.000	9.000
97.000	9.000
98.000	13.000
99.000	8.000
100.000	9.000
101.000	10.000
102.000	9.000
103.000	6.000
104.000	4.000
105.000	10.000
106.000	7.000
107.000	7.000
108.000	10.000
109.000	8.000
110.000	13.000
111.000	4.000
112.000	13.000
113.000	4.000
114.000	7.000
115.000	7.000
116.000	9.000
117.000	4.000
118.000	6.000
119.000	6.000
120.000	5.000
121.000	6.000
122.000	5.000
123.000	3.000
124.000	7.000
125.000	15.000
126.000	6.000
127.000	6.000
128.000	10.000
129.000	15.000
130.000	10.000
131.000	6.000
132.000	5.000
133.000	8.000
134.000	7.000
135.000	4.000
136.000	6.000
137.000	6.000
138.000	6.000
139.000	6.000
140.000	5.000
141.000	3.000
142.000	6.000
143.000	4.000
144.000	6.000
145.000	7.000
146.000	6.000
147.000	3.000
148.000	2.000
149.000	1.000
150.000	5.000
151.000	11.000
152.000	4.000
153.000	5.000
154.000	7.000
155.000	2.000
156.000	2.000
157.000	3.000
158.000	7.000
159.000	1.000
160.000	7.000
161.000	17.000
162.000	10.000
163.000	9.000
164.000	10.000
165.000	12.000
166.000	9.000
167.000	6.000
168.000	5.000
169.000	1.000
170.000	1.000
171.000	5.000
172.000	4.000
173.000	2.000
174.000	5.000
175.000	4.000
176.000	6.000
177.000	6.000
178.000	7.000
179.000	5.000
180.000	10.000
181.000	6.000
182.000	9.000
183.000	4.000
184.000	6.000
185.000	9.000
186.000	4.000
187.000	1.000
188.000	2.000
189.000	6.000
190.000	2.000
191.000	4.000
192.000	7.000
193.000	5.000
194.000	2.000
195.000	3.000
196.000	3.000
197.000	5.000
198.000	9.000
199.000	12.000
200.000	20.000
201.000	27.000
202.000	20.000
203.000	26.000
204.000	23.000
205.000	17.000
206.000	19.000
207.000	13.000
208.000	8.000
209.000	5.000
210.000	5.000
211.000	8.000
212.000	4.000
213.000	7.000
214.000	2.000
215.000	10.000
216.000	7.000
217.000	5.000
218.000	4.000
219.000	14.000
220.000	7.000
221.000	5.000
222.000	2.000
223.000	7.000
224.000	6.000
225.000	4.000
226.000	6.000
227.000	1.000
228.000	2.000
229.000	4.000
230.000	3.000
231.000	5.000
232.000	3.000
233.000	1.000
234.000	4.000
235.000	4.000
236.000	6.000
237.000	1.000
238.000	1.000
239.000	2.000
240.000	5.000
241.000	3.000
242.000	4.000
243.000	6.000
244.000	7.000
245.000	9.000
246.000	11.000
247.000	11.000
248.000	11.000
249.000	13.000
250.000	8.000
251.000	10.000
252.000	7.000
253.000	8.000
254.000	5.000
255.000	7.000
256.000	8.000
257.000	8.000
258.000	4.000
259.000	4.000
260.000	6.000
261.000	2.000
262.000	3.000
263.000	4.000
264.000	8.000
265.000	1.000
266.000	3.000
267.000	6.000
268.000	3.000
269.000	5.000
270.000	5.000
271.000	2.000
272.000	6.000
273.000	8.000
274.000	5.000
275.000	5.000
276.000	4.000
277.000	3.000
278.000	4.000
279.000	4.000
280.000	7.000
281.000	4.000
282.000	6.000
283.000	7.000
284.000	4.000
285.000	4.000
286.000	6.000
287.000	6.000
288.000	4.000
289.000	6.000
290.000	4.000
291.000	5.000
292.000	7.000
293.000	7.000
294.000	9.000
295.000	8.000
296.000	7.000
297.000	9.000
298.000	7.000
299.000	2.000
300.000	9.000
301.000	10.000
302.000	3.000
303.000	10.000
304.000	11.000
305.000	4.000
306.000	8.000
307.000	8.000
308.000	8.000
309.000	14.000
310.000	5.000
311.000	2.000
312.000	7.000
313.000	8.000
314.000	8.000
315.000	10.000
316.000	11.000
317.000	13.000
318.000	21.000
319.000	28.000
320.000	29.000
321.000	37.000
322.000	53.000
323.000	46.000
324.000	44.000
325.000	29.000
326.000	24.000
327.000	33.000
328.000	13.000
329.000	11.000
330.000	6.000
331.000	7.000
332.000	10.000
333.000	10.000
334.000	9.000
335.000	8.000
336.000	14.000
337.000	12.000
338.000	6.000
339.000	9.000
340.000	19.000
341.000	28.000
342.000	46.000
343.000	49.000
344.000	130.000
345.000	142.000
346.000	222.000
347.000	316.000
348.000	382.000
349.000	469.000
350.000	530.000
351.000	516.000
352.000	465.000
353.000	414.000
354.000	316.000
355.000	248.000
356.000	151.000
357.000	99.000
358.000	68.000
359.000	46.000
360.000	24.000
361.000	21.000
362.000	17.000
363.000	10.000
364.000	8.000
365.000	8.000
366.000	14.000
367.000	5.000
368.000	10.000
369.000	12.000
370.000	17.000
371.000	11.000
372.000	11.000
373.000	17.000
374.000	17.000
375.000	11.000
376.000	18.000
377.000	18.000
378.000	21.000
379.000	24.000
380.000	27.000
381.000	36.000
382.000	51.000
383.000	83.000
384.000	88.000
385.000	86.000
386.000	83.000
387.000	108.000
388.000	69.000
389.000	80.000
390.000	77.000
391.000	53.000
392.000	43.000
393.000	36.000
394.000	28.000
395.000	24.000
396.000	20.000
397.000	11.000
398.000	17.000
399.000	19.000
400.000	14.000
401.000	16.000
402.000	22.000
403.000	21.000
404.000	19.000
405.000	14.000
406.000	20.000
407.000	19.000
408.000	20.000
409.000	24.000
410.000	24.000
411.000	21.000
412.000	18.000
413.000	20.000
414.000	19.000
415.000	14.000
416.000	23.000
417.000	26.000
418.000	22.000
419.000	19.000
420.000	23.000
421.000	17.000
422.000	19.000
423.000	15.000
424.000	17.000
425.000	25.000
426.000	18.000
427.000	13.000
428.000	34.000
429.000	25.000
430.000	28.000
431.000	26.000
432.000	31.000
433.000	26.000
434.000	26.000
435.000	23.000
436.000	22.000
437.000	30.000
438.000	24.000
439.000	23.000
440.000	33.000
441.000	22.000
442.000	28.000
443.000	35.000
444.000	29.000
445.000	33.000
446.000	27.000
447.000	40.000
448.000	19.000
449.000	36.000
450.000	34.000
451.000	27.000
452.000	26.000
453.000	29.000
454.000	34.000
455.000	37.000
456.000	45.000
457.000	35.000
458.000	35.000
459.000	38.000
460.000	40.000
461.000	41.000
462.000	38.000
463.000	34.000
464.000	32.000
465.000	33.000
466.000	35.000
467.000	32.000
468.000	39.000
469.000	43.000
470.000	43.000
471.000	43.000
472.000	33.000
473.000	36.000
474.000	29.000
475.000	45.000
476.000	40.000
477.000	33.000
478.000	40.000
479.000	39.000
480.000	37.000
481.000	51.000
482.000	44.000
483.000	42.000
484.000	35.000
485.000	44.000
486.000	41.000
487.000	36.000
488.000	50.000
489.000	47.000
490.000	57.000
491.000	37.000
492.000	33.000
493.000	37.000
494.000	43.000
495.000	46.000
496.000	43.000
497.000	40.000
498.000	42.000
499.000	62.000
500.000	49.000
501.000	45.000
502.000	54.000
503.000	50.000
504.000	55.000
505.000	60.000
506.000	56.000
507.000	55.000
508.000	58.000
509.000	54.000
510.000	45.000
511.000	62.000
512.000	57.000
513.000	57.000
514.000	54.000
515.000	52.000
516.000	68.000
517.000	51.000
518.000	65.000
519.000	68.000
520.000	62.000
521.000	71.000
522.000	60.000
523.000	61.000
524.000	61.000
525.000	76.000
526.000	66.000
527.000	73.000
528.000	70.000
529.000	74.000
530.000	69.000
531.000	63.000
532.000	53.000
533.000	66.000
534.000	79.000
535.000	64.000
536.000	63.000
537.000	70.000
538.000	65.000
539.000	79.000
540.000	89.000
541.000	76.000
542.000	92.000
543.000	79.000
544.000	75.000
545.000	68.000
546.000	74.000
547.000	89.000
548.000	82.000
549.000	76.000
550.000	69.000
551.000	85.000
552.000	67.000
553.000	88.000
554.000	86.000
555.000	73.000
556.000	83.000
557.000	80.000
558.000	68.000
559.000	76.000
560.000	96.000
561.000	78.000
562.000	84.000
563.000	91.000
564.000	89.000
565.000	85.000
566.000	84.000
567.000	103.000
568.000	90.000
569.000	100.000
570.000	94.000
571.000	86.000
572.000	90.000
573.000	97.000
574.000	102.000
575.000	99.000
576.000	76.000
577.000	116.000
578.000	99.000
579.000	111.000
580.000	90.000
581.000	99.000
582.000	94.000
583.000	96.000
584.000	97.000
585.000	101.000
586.000	101.000
587.000	94.000
588.000	94.000
589.000	123.000
590.000	111.000
591.000	104.000
592.000	107.000
593.000	108.000
594.000	97.000
595.000	111.000
596.000	96.000
597.000	76.000
598.000	110.000
599.000	122.000
600.000	107.000
601.000	124.000
602.000	138.000
603.000	122.000
604.000	115.000
605.000	122.000
606.000	128.000
607.000	113.000
608.000	120.000
609.000	127.000
610.000	126.000
611.000	138.000
612.000	114.000
613.000	145.000
614.000	123.000
615.000	133.000
616.000	139.000
617.000	118.000
618.000	144.000
619.000	143.000
620.000	138.000
621.000	134.000
622.000	130.000
623.000	107.000
624.000	139.000
625.000	153.000
626.000	132.000
627.000	133.000
628.000	138.000
629.000	137.000
630.000	142.000
631.000	144.000
632.000	141.000
633.000	138.000
634.000	135.000
635.000	145.000
636.000	140.000
637.000	154.000
638.000	145.000
639.000	143.000
640.000	149.000
641.000	168.000
642.000	121.000
643.000	148.000
644.000	184.000
645.000	139.000
646.000	137.000
647.000	154.000
648.000	157.000
649.000	181.000
650.000	162.000
651.000	163.000
652.000	177.000
653.000	175.000
654.000	175.000
655.000	185.000
656.000	170.000
657.000	157.000
658.000	153.000
659.000	170.000
660.000	168.000
661.000	146.000
662.000	147.000
663.000	170.000
664.000	158.000
665.000	170.000
666.000	183.000
667.000	159.000
668.000	135.000
669.000	169.000
670.000	168.000
671.000	152.000
672.000	164.000
673.000	175.000
674.000	164.000
675.000	179.000
676.000	180.000
677.000	159.000
678.000	171.000
679.000	169.000
680.000	179.000
681.000	158.000
682.000	179.000
683.000	155.000
684.000	195.000
685.000	204.000
686.000	191.000
687.000	200.000
688.000	195.000
689.000	170.000
690.000	188.000
691.000	156.000
692.000	190.000
693.000	200.000
694.000	186.000
695.000	175.000
696.000	201.000
697.000	208.000
698.000	204.000
699.000	188.000
700.000	192.000
701.000	163.000
702.000	183.000
703.000	173.000
704.000	203.000
705.000	188.000
706.000	195.000
707.000	204.000
708.000	197.000
709.000	200.000
710.000	218.000
711.000	216.000
712.000	211.000
713.000	199.000
714.000	183.000
715.000	222.000
716.000	201.000
717.000	216.000
718.000	206.000
719.000	230.000
720.000	243.000
721.000	224.000
722.000	229.000
723.000	216.000
724.000	240.000
725.000	205.000
726.000	241.000
727.000	205.000
728.000	240.000
729.000	256.000
730.000	237.000
731.000	210.000
732.000	228.000
733.000	212.000
734.000	241.000
735.000	226.000
736.000	215.000
737.000	212.000
738.000	219.000
739.000	237.000
740.000	218.000
741.000	239.000
742.000	221.000
743.000	236.000
744.000	217.000
745.000	206.000
746.000	233.000
747.000	233.000
748.000	221.000
749.000	217.000
750.000	211.000
751.000	227.000
752.000	231.000
753.000	233.000
754.000	240.000
755.000	218.000
756.000	224.000
757.000	221.000
758.000	232.000
759.000	245.000
760.000	269.000
761.000	247.000
762.000	245.000
763.000	238.000
764.000	214.000
765.000	225.000
766.000	237.000
767.000	241.000
768.000	235.000
769.000	262.000
770.000	250.000
771.000	256.000
772.000	290.000
773.000	279.000
774.000	297.000
775.000	263.000
776.000	278.000
777.000	278.000
778.000	261.000
779.000	259.000
780.000	257.000
781.000	238.000
782.000	247.000
783.000	270.000
784.000	267.000
785.000	248.000
786.000	227.000
787.000	246.000
788.000	242.000
789.000	233.000
790.000	239.000
791.000	239.000
792.000	255.000
793.000	261.000
794.000	242.000
795.000	265.000
796.000	284.000
797.000	290.000
798.000	257.000
799.000	244.000
800.000	257.000
801.000	277.000
802.000	231.000
803.000	262.000
804.000	273.000
805.000	240.000
806.000	262.000
807.000	273.000
808.000	225.000
809.000	254.000
810.000	281.000
811.000	275.000
812.000	303.000
813.000	278.000
814.000	244.000
815.000	311.000
816.000	266.000
817.000	292.000
818.000	277.000
819.000	310.000
820.000	271.000
821.000	259.000
822.000	317.000
823.000	278.000
824.000	285.000
825.000	293.000
826.000	282.000
827.000	277.000
828.000	296.000
829.000	300.000
830.000	261.000
831.000	284.000
832.000	283.000
833.000	299.000
834.000	324.000
835.000	277.000
836.000	298.000
837.000	305.000
838.000	309.000
839.000	323.000
840.000	295.000
841.000	296.000
842.000	274.000
843.000	293.000
844.000	317.000
845.000	310.000
846.000	319.000
847.000	300.000
848.000	283.000
849.000	340.000
850.000	352.000
851.000	309.000
852.000	313.000
853.000	338.000
854.000	315.000
855.000	378.000
856.000	340.000
857.000	353.000
858.000	373.000
859.000	352.000
860.000	333.000
861.000	359.000
862.000	381.000
863.000	377.000
864.000	356.000
865.000	380.000
866.000	417.000
867.000	404.000
868.000	403.000
869.000	440.000
870.000	377.000
871.000	443.000
872.000	434.000
873.000	471.000
874.000	469.000
875.000	487.000
876.000	497.000
877.000	526.000
878.000	555.000
879.000	648.000
880.000	608.000
881.000	637.000
882.000	699.000
883.000	672.000
884.000	767.000
885.000	805.000
886.000	801.000
887.000	938.000
888.000	979.000
889.000	997.000
890.000	1043.000
891.000	1095.000
892.000	1182.000
893.000	1252.000
894.000	1313.000
895.000	1276.000
896.000	1380.000
897.000	1375.000
898.000	1411.000
899.000	1432.000
900.000	1429.000
901.000	1344.000
902.000	1415.000
903.000	1421.000
904.000	1328.000
905.000	1372.000
906.000	1286.000
907.000	1203.000
908.000	1212.000
909.000	1115.000
910.000	1006.000
911.000	1057.000
912.000	1017.000
913.000	944.000
914.000	894.000
915.000	801.000
916.000	783.000
917.000	737.000
918.000	715.000
919.000	688.000
920.000	636.000
921.000	639.000
922.000	541.000
923.000	534.000
924.000	483.000
925.000	484.000
926.000	473.000
927.000	415.000
928.000	390.000
929.000	423.000
930.000	393.000
931.000	370.000
932.000	390.000
933.000	359.000
934.000	340.000
935.000	336.000
936.000	364.000
937.000	388.000
938.000	367.000
939.000	382.000
940.000	364.000
941.000	396.000
942.000	397.000
943.000	442.000
944.000	462.000
945.000	485.000
946.000	521.000
947.000	557.000
948.000	634.000
949.000	707.000
950.000	732.000
951.000	754.000
952.000	759.000
953.000	780.000
954.000	736.000
955.000	750.000
956.000	727.000
957.000	722.000
958.000	672.000
959.000	555.000
960.000	503.000
961.000	475.000
962.000	432.000
963.000	384.000
964.000	365.000
965.000	353.000
966.000	288.000
967.000	301.000
968.000	302.000
969.000	300.000
970.000	271.000
971.000	248.000
972.000	277.000
973.000	291.000
974.000	288.000
975.000	278.000
976.000	290.000
977.000	293.000
978.000	260.000
979.000	322.000
980.000	283.000
981.000	287.000
982.000	303.000
983.000	328.000
984.000	336.000
985.000	305.000
986.000	328.000
987.000	363.000
988.000	329.000
989.000	323.000
990.000	372.000
991.000	332.000
992.000	335.000
993.000	353.000
994.000	404.000
995.000	411.000
996.000	384.000
997.000	418.000
998.000	420.000
999.000	414.000
1000.000	419.000
1001.000	452.000
1002.000	473.000
1003.000	427.000
1004.000	396.000
1005.000	441.000
1006.000	437.000
1007.000	438.000
1008.000	427.000
1009.000	414.000
1010.000	365.000
1011.000	407.000
1012.000	410.000
1013.000	354.000
1014.000	392.000
1015.000	316.000
1016.000	356.000
1017.000	326.000
1018.000	320.000
1019.000	313.000
1020.000	327.000
1021.000	268.000
1022.000	289.000
1023.000	291.000
1024.000	294.000
