Date:	8/19/2008		Time:	9:54 AM		Version no:	0.00		Project name:	55		Sample name:	222		Section name:	section		Position	840.039995	mm	E0	0.000000	keV	E1	1.000000	keV/channel	sample surface	7.805658	cm	Tube anode:	Mo		Tube voltage:	30	kV	Tube current:	50	mA	gain	20		std. database			resultfile	result		matrix element	11		sample thickness	1.000000		air passage	0.560000	cm	comments	not in position		peaking_time	3.000000	m-sec	trigger_threshold	1229.166667	V	mca_bin_width	22.090000	no:	number_mca_channels	1024.000000	no:	gap_time	0.400000	m-sec	trigger_peaking_time	0.150000	m-sec	GAINDAC	9455		HIGHGAIN	1		TAURC	0		RCTAU	53		RCTAUFRAC	32768		livetime	9.748529	seconds	runtime	10.000502	seconds	input_count_rate	24.367779	cps	output_count_rate	19.182836	cps	triggers	237550	seconds	events_in_run	191838	seconds	channel	content		1.000	0.000
2.000	0.000
3.000	0.000
4.000	0.000
5.000	0.000
6.000	0.000
7.000	0.000
8.000	0.000
9.000	0.000
10.000	0.000
11.000	0.000
12.000	0.000
13.000	0.000
14.000	0.000
15.000	0.000
16.000	0.000
17.000	0.000
18.000	0.000
19.000	0.000
20.000	0.000
21.000	0.000
22.000	0.000
23.000	0.000
24.000	0.000
25.000	0.000
26.000	0.000
27.000	0.000
28.000	0.000
29.000	0.000
30.000	0.000
31.000	0.000
32.000	0.000
33.000	1.000
34.000	0.000
35.000	1.000
36.000	1.000
37.000	2.000
38.000	3.000
39.000	1.000
40.000	2.000
41.000	3.000
42.000	6.000
43.000	2.000
44.000	1.000
45.000	3.000
46.000	6.000
47.000	4.000
48.000	8.000
49.000	8.000
50.000	10.000
51.000	11.000
52.000	9.000
53.000	10.000
54.000	11.000
55.000	8.000
56.000	11.000
57.000	6.000
58.000	9.000
59.000	13.000
60.000	11.000
61.000	5.000
62.000	9.000
63.000	12.000
64.000	8.000
65.000	10.000
66.000	11.000
67.000	6.000
68.000	11.000
69.000	5.000
70.000	5.000
71.000	11.000
72.000	9.000
73.000	11.000
74.000	11.000
75.000	11.000
76.000	7.000
77.000	9.000
78.000	8.000
79.000	12.000
80.000	8.000
81.000	10.000
82.000	13.000
83.000	4.000
84.000	7.000
85.000	12.000
86.000	5.000
87.000	8.000
88.000	4.000
89.000	8.000
90.000	4.000
91.000	8.000
92.000	13.000
93.000	5.000
94.000	9.000
95.000	8.000
96.000	6.000
97.000	9.000
98.000	8.000
99.000	7.000
100.000	9.000
101.000	10.000
102.000	9.000
103.000	3.000
104.000	3.000
105.000	5.000
106.000	3.000
107.000	6.000
108.000	5.000
109.000	9.000
110.000	7.000
111.000	5.000
112.000	6.000
113.000	7.000
114.000	8.000
115.000	6.000
116.000	3.000
117.000	8.000
118.000	7.000
119.000	5.000
120.000	7.000
121.000	5.000
122.000	9.000
123.000	5.000
124.000	11.000
125.000	11.000
126.000	6.000
127.000	6.000
128.000	9.000
129.000	5.000
130.000	7.000
131.000	3.000
132.000	4.000
133.000	8.000
134.000	3.000
135.000	4.000
136.000	4.000
137.000	2.000
138.000	4.000
139.000	8.000
140.000	4.000
141.000	4.000
142.000	5.000
143.000	3.000
144.000	8.000
145.000	4.000
146.000	2.000
147.000	5.000
148.000	3.000
149.000	4.000
150.000	3.000
151.000	5.000
152.000	3.000
153.000	6.000
154.000	4.000
155.000	5.000
156.000	4.000
157.000	5.000
158.000	13.000
159.000	5.000
160.000	11.000
161.000	7.000
162.000	13.000
163.000	15.000
164.000	11.000
165.000	9.000
166.000	10.000
167.000	8.000
168.000	4.000
169.000	3.000
170.000	2.000
171.000	4.000
172.000	4.000
173.000	4.000
174.000	5.000
175.000	7.000
176.000	3.000
177.000	3.000
178.000	4.000
179.000	5.000
180.000	5.000
181.000	4.000
182.000	7.000
183.000	4.000
184.000	8.000
185.000	2.000
186.000	9.000
187.000	2.000
188.000	2.000
189.000	2.000
190.000	3.000
191.000	2.000
192.000	2.000
193.000	4.000
194.000	3.000
195.000	3.000
196.000	4.000
197.000	6.000
198.000	3.000
199.000	7.000
200.000	9.000
201.000	13.000
202.000	10.000
203.000	15.000
204.000	12.000
205.000	12.000
206.000	8.000
207.000	4.000
208.000	6.000
209.000	1.000
210.000	4.000
211.000	2.000
212.000	5.000
213.000	4.000
214.000	2.000
215.000	2.000
216.000	3.000
217.000	5.000
218.000	5.000
219.000	4.000
220.000	2.000
221.000	2.000
222.000	2.000
223.000	5.000
224.000	5.000
225.000	1.000
226.000	4.000
227.000	2.000
228.000	2.000
229.000	3.000
230.000	5.000
231.000	2.000
232.000	3.000
233.000	2.000
234.000	6.000
235.000	3.000
236.000	3.000
237.000	2.000
238.000	7.000
239.000	1.000
240.000	3.000
241.000	7.000
242.000	2.000
243.000	5.000
244.000	4.000
245.000	7.000
246.000	10.000
247.000	8.000
248.000	8.000
249.000	10.000
250.000	7.000
251.000	5.000
252.000	2.000
253.000	7.000
254.000	5.000
255.000	3.000
256.000	5.000
257.000	5.000
258.000	3.000
259.000	4.000
260.000	5.000
261.000	2.000
262.000	6.000
263.000	4.000
264.000	3.000
265.000	3.000
266.000	3.000
267.000	4.000
268.000	1.000
269.000	4.000
270.000	4.000
271.000	2.000
272.000	4.000
273.000	3.000
274.000	2.000
275.000	2.000
276.000	0.000
277.000	2.000
278.000	5.000
279.000	3.000
280.000	5.000
281.000	4.000
282.000	6.000
283.000	3.000
284.000	4.000
285.000	2.000
286.000	5.000
287.000	5.000
288.000	3.000
289.000	5.000
290.000	2.000
291.000	3.000
292.000	6.000
293.000	3.000
294.000	8.000
295.000	10.000
296.000	4.000
297.000	4.000
298.000	9.000
299.000	6.000
300.000	7.000
301.000	6.000
302.000	2.000
303.000	5.000
304.000	5.000
305.000	4.000
306.000	2.000
307.000	3.000
308.000	3.000
309.000	4.000
310.000	3.000
311.000	8.000
312.000	9.000
313.000	5.000
314.000	5.000
315.000	8.000
316.000	4.000
317.000	8.000
318.000	15.000
319.000	17.000
320.000	15.000
321.000	25.000
322.000	17.000
323.000	25.000
324.000	22.000
325.000	23.000
326.000	27.000
327.000	17.000
328.000	12.000
329.000	8.000
330.000	9.000
331.000	5.000
332.000	6.000
333.000	3.000
334.000	10.000
335.000	10.000
336.000	5.000
337.000	7.000
338.000	8.000
339.000	8.000
340.000	9.000
341.000	24.000
342.000	27.000
343.000	62.000
344.000	97.000
345.000	134.000
346.000	185.000
347.000	306.000
348.000	374.000
349.000	459.000
350.000	510.000
351.000	444.000
352.000	458.000
353.000	406.000
354.000	322.000
355.000	198.000
356.000	155.000
357.000	93.000
358.000	63.000
359.000	40.000
360.000	29.000
361.000	22.000
362.000	10.000
363.000	15.000
364.000	7.000
365.000	11.000
366.000	14.000
367.000	8.000
368.000	7.000
369.000	8.000
370.000	13.000
371.000	8.000
372.000	10.000
373.000	13.000
374.000	10.000
375.000	13.000
376.000	13.000
377.000	13.000
378.000	24.000
379.000	32.000
380.000	23.000
381.000	47.000
382.000	39.000
383.000	48.000
384.000	89.000
385.000	95.000
386.000	119.000
387.000	94.000
388.000	88.000
389.000	72.000
390.000	68.000
391.000	51.000
392.000	37.000
393.000	30.000
394.000	19.000
395.000	22.000
396.000	17.000
397.000	15.000
398.000	17.000
399.000	9.000
400.000	8.000
401.000	14.000
402.000	9.000
403.000	14.000
404.000	11.000
405.000	20.000
406.000	10.000
407.000	15.000
408.000	13.000
409.000	18.000
410.000	17.000
411.000	15.000
412.000	18.000
413.000	10.000
414.000	18.000
415.000	24.000
416.000	16.000
417.000	24.000
418.000	14.000
419.000	14.000
420.000	16.000
421.000	16.000
422.000	21.000
423.000	17.000
424.000	18.000
425.000	18.000
426.000	17.000
427.000	13.000
428.000	13.000
429.000	18.000
430.000	20.000
431.000	23.000
432.000	23.000
433.000	18.000
434.000	14.000
435.000	32.000
436.000	20.000
437.000	19.000
438.000	22.000
439.000	26.000
440.000	30.000
441.000	26.000
442.000	36.000
443.000	18.000
444.000	27.000
445.000	27.000
446.000	30.000
447.000	12.000
448.000	16.000
449.000	24.000
450.000	23.000
451.000	19.000
452.000	16.000
453.000	23.000
454.000	26.000
455.000	42.000
456.000	24.000
457.000	26.000
458.000	27.000
459.000	25.000
460.000	23.000
461.000	19.000
462.000	27.000
463.000	31.000
464.000	28.000
465.000	26.000
466.000	28.000
467.000	40.000
468.000	40.000
469.000	26.000
470.000	24.000
471.000	35.000
472.000	34.000
473.000	28.000
474.000	33.000
475.000	36.000
476.000	30.000
477.000	30.000
478.000	36.000
479.000	39.000
480.000	37.000
481.000	28.000
482.000	27.000
483.000	28.000
484.000	32.000
485.000	31.000
486.000	35.000
487.000	37.000
488.000	35.000
489.000	39.000
490.000	32.000
491.000	34.000
492.000	45.000
493.000	26.000
494.000	29.000
495.000	36.000
496.000	33.000
497.000	40.000
498.000	42.000
499.000	42.000
500.000	46.000
501.000	39.000
502.000	53.000
503.000	36.000
504.000	41.000
505.000	53.000
506.000	54.000
507.000	41.000
508.000	39.000
509.000	42.000
510.000	51.000
511.000	41.000
512.000	47.000
513.000	51.000
514.000	53.000
515.000	52.000
516.000	42.000
517.000	51.000
518.000	41.000
519.000	43.000
520.000	63.000
521.000	53.000
522.000	55.000
523.000	49.000
524.000	59.000
525.000	60.000
526.000	57.000
527.000	57.000
528.000	56.000
529.000	45.000
530.000	56.000
531.000	67.000
532.000	65.000
533.000	69.000
534.000	67.000
535.000	61.000
536.000	62.000
537.000	84.000
538.000	75.000
539.000	66.000
540.000	60.000
541.000	79.000
542.000	64.000
543.000	71.000
544.000	53.000
545.000	61.000
546.000	67.000
547.000	79.000
548.000	68.000
549.000	57.000
550.000	76.000
551.000	61.000
552.000	63.000
553.000	68.000
554.000	81.000
555.000	61.000
556.000	54.000
557.000	73.000
558.000	68.000
559.000	70.000
560.000	89.000
561.000	54.000
562.000	67.000
563.000	71.000
564.000	59.000
565.000	73.000
566.000	81.000
567.000	85.000
568.000	72.000
569.000	75.000
570.000	75.000
571.000	73.000
572.000	81.000
573.000	91.000
574.000	88.000
575.000	101.000
576.000	95.000
577.000	90.000
578.000	72.000
579.000	89.000
580.000	95.000
581.000	93.000
582.000	84.000
583.000	102.000
584.000	96.000
585.000	86.000
586.000	98.000
587.000	90.000
588.000	83.000
589.000	107.000
590.000	81.000
591.000	97.000
592.000	92.000
593.000	81.000
594.000	107.000
595.000	95.000
596.000	90.000
597.000	103.000
598.000	121.000
599.000	98.000
600.000	118.000
601.000	102.000
602.000	111.000
603.000	112.000
604.000	97.000
605.000	101.000
606.000	101.000
607.000	116.000
608.000	118.000
609.000	123.000
610.000	119.000
611.000	100.000
612.000	114.000
613.000	100.000
614.000	131.000
615.000	98.000
616.000	123.000
617.000	124.000
618.000	129.000
619.000	137.000
620.000	121.000
621.000	127.000
622.000	111.000
623.000	119.000
624.000	138.000
625.000	124.000
626.000	131.000
627.000	117.000
628.000	133.000
629.000	116.000
630.000	147.000
631.000	135.000
632.000	139.000
633.000	140.000
634.000	128.000
635.000	138.000
636.000	153.000
637.000	128.000
638.000	131.000
639.000	143.000
640.000	129.000
641.000	162.000
642.000	154.000
643.000	143.000
644.000	160.000
645.000	151.000
646.000	132.000
647.000	165.000
648.000	171.000
649.000	149.000
650.000	160.000
651.000	152.000
652.000	172.000
653.000	144.000
654.000	150.000
655.000	136.000
656.000	149.000
657.000	156.000
658.000	153.000
659.000	155.000
660.000	136.000
661.000	142.000
662.000	151.000
663.000	130.000
664.000	163.000
665.000	165.000
666.000	161.000
667.000	158.000
668.000	178.000
669.000	148.000
670.000	153.000
671.000	152.000
672.000	171.000
673.000	156.000
674.000	177.000
675.000	170.000
676.000	170.000
677.000	147.000
678.000	139.000
679.000	175.000
680.000	167.000
681.000	169.000
682.000	151.000
683.000	186.000
684.000	217.000
685.000	191.000
686.000	183.000
687.000	191.000
688.000	192.000
689.000	169.000
690.000	179.000
691.000	178.000
692.000	173.000
693.000	149.000
694.000	182.000
695.000	177.000
696.000	188.000
697.000	197.000
698.000	198.000
699.000	178.000
700.000	167.000
701.000	192.000
702.000	200.000
703.000	202.000
704.000	199.000
705.000	199.000
706.000	189.000
707.000	204.000
708.000	172.000
709.000	211.000
710.000	211.000
711.000	194.000
712.000	194.000
713.000	205.000
714.000	215.000
715.000	182.000
716.000	190.000
717.000	217.000
718.000	170.000
719.000	206.000
720.000	199.000
721.000	192.000
722.000	208.000
723.000	228.000
724.000	220.000
725.000	210.000
726.000	207.000
727.000	220.000
728.000	232.000
729.000	230.000
730.000	215.000
731.000	237.000
732.000	216.000
733.000	211.000
734.000	227.000
735.000	214.000
736.000	227.000
737.000	205.000
738.000	218.000
739.000	222.000
740.000	216.000
741.000	220.000
742.000	201.000
743.000	202.000
744.000	232.000
745.000	229.000
746.000	192.000
747.000	195.000
748.000	221.000
749.000	212.000
750.000	219.000
751.000	230.000
752.000	211.000
753.000	215.000
754.000	237.000
755.000	249.000
756.000	254.000
757.000	233.000
758.000	200.000
759.000	227.000
760.000	262.000
761.000	247.000
762.000	225.000
763.000	244.000
764.000	250.000
765.000	236.000
766.000	244.000
767.000	240.000
768.000	288.000
769.000	247.000
770.000	225.000
771.000	255.000
772.000	273.000
773.000	263.000
774.000	270.000
775.000	293.000
776.000	254.000
777.000	268.000
778.000	278.000
779.000	262.000
780.000	253.000
781.000	234.000
782.000	281.000
783.000	264.000
784.000	250.000
785.000	217.000
786.000	227.000
787.000	258.000
788.000	271.000
789.000	227.000
790.000	244.000
791.000	218.000
792.000	253.000
793.000	231.000
794.000	276.000
795.000	246.000
796.000	232.000
797.000	229.000
798.000	250.000
799.000	234.000
800.000	240.000
801.000	252.000
802.000	248.000
803.000	230.000
804.000	285.000
805.000	257.000
806.000	266.000
807.000	269.000
808.000	251.000
809.000	272.000
810.000	231.000
811.000	284.000
812.000	258.000
813.000	272.000
814.000	239.000
815.000	252.000
816.000	279.000
817.000	266.000
818.000	242.000
819.000	300.000
820.000	282.000
821.000	230.000
822.000	248.000
823.000	265.000
824.000	289.000
825.000	238.000
826.000	266.000
827.000	298.000
828.000	243.000
829.000	250.000
830.000	261.000
831.000	298.000
832.000	275.000
833.000	295.000
834.000	273.000
835.000	289.000
836.000	269.000
837.000	282.000
838.000	319.000
839.000	296.000
840.000	249.000
841.000	288.000
842.000	294.000
843.000	298.000
844.000	309.000
845.000	301.000
846.000	283.000
847.000	338.000
848.000	302.000
849.000	317.000
850.000	282.000
851.000	290.000
852.000	292.000
853.000	292.000
854.000	307.000
855.000	348.000
856.000	337.000
857.000	364.000
858.000	318.000
859.000	355.000
860.000	301.000
861.000	364.000
862.000	355.000
863.000	353.000
864.000	341.000
865.000	409.000
866.000	356.000
867.000	392.000
868.000	395.000
869.000	392.000
870.000	423.000
871.000	442.000
872.000	466.000
873.000	454.000
874.000	519.000
875.000	462.000
876.000	505.000
877.000	542.000
878.000	492.000
879.000	567.000
880.000	599.000
881.000	656.000
882.000	695.000
883.000	769.000
884.000	781.000
885.000	810.000
886.000	875.000
887.000	877.000
888.000	949.000
889.000	1003.000
890.000	1023.000
891.000	1106.000
892.000	1146.000
893.000	1247.000
894.000	1202.000
895.000	1267.000
896.000	1267.000
897.000	1289.000
898.000	1365.000
899.000	1373.000
900.000	1407.000
901.000	1406.000
902.000	1338.000
903.000	1305.000
904.000	1336.000
905.000	1245.000
906.000	1322.000
907.000	1212.000
908.000	1087.000
909.000	1122.000
910.000	1006.000
911.000	957.000
912.000	911.000
913.000	857.000
914.000	787.000
915.000	804.000
916.000	724.000
917.000	674.000
918.000	709.000
919.000	605.000
920.000	550.000
921.000	508.000
922.000	480.000
923.000	478.000
924.000	470.000
925.000	449.000
926.000	449.000
927.000	402.000
928.000	363.000
929.000	313.000
930.000	396.000
931.000	375.000
932.000	342.000
933.000	348.000
934.000	341.000
935.000	336.000
936.000	327.000
937.000	290.000
938.000	359.000
939.000	343.000
940.000	324.000
941.000	375.000
942.000	372.000
943.000	350.000
944.000	451.000
945.000	453.000
946.000	476.000
947.000	563.000
948.000	604.000
949.000	658.000
950.000	680.000
951.000	732.000
952.000	716.000
953.000	754.000
954.000	734.000
955.000	727.000
956.000	699.000
957.000	620.000
958.000	580.000
959.000	575.000
960.000	517.000
961.000	473.000
962.000	400.000
963.000	370.000
964.000	313.000
965.000	296.000
966.000	286.000
967.000	261.000
968.000	287.000
969.000	239.000
970.000	298.000
971.000	240.000
972.000	264.000
973.000	247.000
974.000	278.000
975.000	272.000
976.000	258.000
977.000	250.000
978.000	246.000
979.000	298.000
980.000	269.000
981.000	264.000
982.000	278.000
983.000	269.000
984.000	263.000
985.000	297.000
986.000	269.000
987.000	305.000
988.000	291.000
989.000	358.000
990.000	335.000
991.000	330.000
992.000	353.000
993.000	387.000
994.000	349.000
995.000	430.000
996.000	393.000
997.000	377.000
998.000	393.000
999.000	405.000
1000.000	410.000
1001.000	431.000
1002.000	428.000
1003.000	405.000
1004.000	405.000
1005.000	400.000
1006.000	414.000
1007.000	413.000
1008.000	405.000
1009.000	381.000
1010.000	370.000
1011.000	360.000
1012.000	367.000
1013.000	349.000
1014.000	330.000
1015.000	314.000
1016.000	325.000
1017.000	311.000
1018.000	318.000
1019.000	283.000
1020.000	275.000
1021.000	318.000
1022.000	259.000
1023.000	241.000
1024.000	231.000
