Date:	8/19/2008		Time:	10:00 AM		Version no:	0.00		Project name:	55		Sample name:	222		Section name:	section		Position	896.039995	mm	E0	0.000000	keV	E1	1.000000	keV/channel	sample surface	7.798422	cm	Tube anode:	Mo		Tube voltage:	30	kV	Tube current:	50	mA	gain	20		std. database			resultfile	result		matrix element	11		sample thickness	1.000000		air passage	0.560000	cm	comments	not in position		peaking_time	3.000000	m-sec	trigger_threshold	1229.166667	V	mca_bin_width	22.090000	no:	number_mca_channels	1024.000000	no:	gap_time	0.400000	m-sec	trigger_peaking_time	0.150000	m-sec	GAINDAC	9455		HIGHGAIN	1		TAURC	0		RCTAU	53		RCTAUFRAC	32768		livetime	9.680482	seconds	runtime	10.000503	seconds	input_count_rate	30.149014	cps	output_count_rate	22.626561	cps	triggers	291857	seconds	events_in_run	226277	seconds	channel	content		1.000	0.000
2.000	0.000
3.000	0.000
4.000	0.000
5.000	0.000
6.000	0.000
7.000	0.000
8.000	0.000
9.000	0.000
10.000	0.000
11.000	0.000
12.000	0.000
13.000	0.000
14.000	0.000
15.000	0.000
16.000	0.000
17.000	0.000
18.000	0.000
19.000	0.000
20.000	0.000
21.000	0.000
22.000	0.000
23.000	0.000
24.000	0.000
25.000	0.000
26.000	0.000
27.000	0.000
28.000	0.000
29.000	0.000
30.000	0.000
31.000	0.000
32.000	0.000
33.000	0.000
34.000	1.000
35.000	1.000
36.000	3.000
37.000	3.000
38.000	1.000
39.000	2.000
40.000	1.000
41.000	5.000
42.000	5.000
43.000	3.000
44.000	5.000
45.000	8.000
46.000	8.000
47.000	6.000
48.000	8.000
49.000	4.000
50.000	6.000
51.000	14.000
52.000	9.000
53.000	14.000
54.000	11.000
55.000	16.000
56.000	12.000
57.000	14.000
58.000	10.000
59.000	16.000
60.000	12.000
61.000	8.000
62.000	8.000
63.000	11.000
64.000	9.000
65.000	8.000
66.000	5.000
67.000	6.000
68.000	9.000
69.000	13.000
70.000	13.000
71.000	10.000
72.000	11.000
73.000	11.000
74.000	9.000
75.000	6.000
76.000	14.000
77.000	4.000
78.000	9.000
79.000	8.000
80.000	9.000
81.000	13.000
82.000	13.000
83.000	11.000
84.000	11.000
85.000	10.000
86.000	7.000
87.000	4.000
88.000	5.000
89.000	7.000
90.000	5.000
91.000	4.000
92.000	7.000
93.000	6.000
94.000	12.000
95.000	12.000
96.000	11.000
97.000	7.000
98.000	7.000
99.000	8.000
100.000	11.000
101.000	7.000
102.000	5.000
103.000	15.000
104.000	10.000
105.000	12.000
106.000	10.000
107.000	6.000
108.000	11.000
109.000	9.000
110.000	8.000
111.000	15.000
112.000	7.000
113.000	9.000
114.000	7.000
115.000	5.000
116.000	8.000
117.000	4.000
118.000	6.000
119.000	6.000
120.000	8.000
121.000	7.000
122.000	6.000
123.000	7.000
124.000	9.000
125.000	12.000
126.000	11.000
127.000	11.000
128.000	8.000
129.000	8.000
130.000	8.000
131.000	4.000
132.000	11.000
133.000	9.000
134.000	9.000
135.000	5.000
136.000	4.000
137.000	3.000
138.000	6.000
139.000	6.000
140.000	2.000
141.000	5.000
142.000	3.000
143.000	7.000
144.000	2.000
145.000	4.000
146.000	2.000
147.000	4.000
148.000	1.000
149.000	2.000
150.000	9.000
151.000	8.000
152.000	7.000
153.000	3.000
154.000	6.000
155.000	3.000
156.000	5.000
157.000	6.000
158.000	9.000
159.000	5.000
160.000	6.000
161.000	11.000
162.000	11.000
163.000	10.000
164.000	9.000
165.000	10.000
166.000	8.000
167.000	4.000
168.000	7.000
169.000	8.000
170.000	2.000
171.000	4.000
172.000	7.000
173.000	6.000
174.000	9.000
175.000	6.000
176.000	3.000
177.000	6.000
178.000	6.000
179.000	8.000
180.000	14.000
181.000	8.000
182.000	14.000
183.000	8.000
184.000	13.000
185.000	6.000
186.000	5.000
187.000	7.000
188.000	4.000
189.000	3.000
190.000	4.000
191.000	1.000
192.000	1.000
193.000	1.000
194.000	3.000
195.000	7.000
196.000	5.000
197.000	10.000
198.000	19.000
199.000	20.000
200.000	22.000
201.000	34.000
202.000	38.000
203.000	48.000
204.000	27.000
205.000	30.000
206.000	23.000
207.000	10.000
208.000	4.000
209.000	8.000
210.000	2.000
211.000	1.000
212.000	3.000
213.000	1.000
214.000	5.000
215.000	1.000
216.000	7.000
217.000	7.000
218.000	7.000
219.000	5.000
220.000	8.000
221.000	10.000
222.000	7.000
223.000	9.000
224.000	6.000
225.000	10.000
226.000	5.000
227.000	4.000
228.000	8.000
229.000	4.000
230.000	3.000
231.000	3.000
232.000	1.000
233.000	2.000
234.000	5.000
235.000	2.000
236.000	3.000
237.000	5.000
238.000	3.000
239.000	4.000
240.000	1.000
241.000	4.000
242.000	5.000
243.000	8.000
244.000	2.000
245.000	13.000
246.000	16.000
247.000	22.000
248.000	11.000
249.000	17.000
250.000	8.000
251.000	9.000
252.000	11.000
253.000	11.000
254.000	11.000
255.000	12.000
256.000	12.000
257.000	7.000
258.000	9.000
259.000	6.000
260.000	7.000
261.000	9.000
262.000	6.000
263.000	5.000
264.000	2.000
265.000	5.000
266.000	8.000
267.000	8.000
268.000	5.000
269.000	4.000
270.000	6.000
271.000	12.000
272.000	6.000
273.000	4.000
274.000	5.000
275.000	2.000
276.000	8.000
277.000	6.000
278.000	4.000
279.000	4.000
280.000	9.000
281.000	1.000
282.000	7.000
283.000	4.000
284.000	2.000
285.000	7.000
286.000	8.000
287.000	5.000
288.000	3.000
289.000	6.000
290.000	7.000
291.000	13.000
292.000	7.000
293.000	14.000
294.000	5.000
295.000	7.000
296.000	10.000
297.000	5.000
298.000	11.000
299.000	12.000
300.000	7.000
301.000	8.000
302.000	7.000
303.000	10.000
304.000	10.000
305.000	5.000
306.000	8.000
307.000	10.000
308.000	11.000
309.000	6.000
310.000	9.000
311.000	10.000
312.000	8.000
313.000	12.000
314.000	9.000
315.000	11.000
316.000	20.000
317.000	19.000
318.000	20.000
319.000	39.000
320.000	44.000
321.000	53.000
322.000	70.000
323.000	50.000
324.000	56.000
325.000	44.000
326.000	50.000
327.000	45.000
328.000	33.000
329.000	23.000
330.000	15.000
331.000	13.000
332.000	13.000
333.000	14.000
334.000	19.000
335.000	15.000
336.000	11.000
337.000	17.000
338.000	23.000
339.000	23.000
340.000	30.000
341.000	47.000
342.000	74.000
343.000	117.000
344.000	200.000
345.000	318.000
346.000	437.000
347.000	624.000
348.000	746.000
349.000	889.000
350.000	1008.000
351.000	990.000
352.000	945.000
353.000	786.000
354.000	672.000
355.000	471.000
356.000	311.000
357.000	201.000
358.000	142.000
359.000	73.000
360.000	49.000
361.000	32.000
362.000	17.000
363.000	21.000
364.000	16.000
365.000	22.000
366.000	15.000
367.000	21.000
368.000	21.000
369.000	21.000
370.000	17.000
371.000	16.000
372.000	26.000
373.000	21.000
374.000	22.000
375.000	28.000
376.000	29.000
377.000	24.000
378.000	33.000
379.000	54.000
380.000	61.000
381.000	67.000
382.000	88.000
383.000	109.000
384.000	141.000
385.000	186.000
386.000	190.000
387.000	176.000
388.000	142.000
389.000	159.000
390.000	129.000
391.000	95.000
392.000	68.000
393.000	56.000
394.000	37.000
395.000	31.000
396.000	28.000
397.000	21.000
398.000	26.000
399.000	29.000
400.000	26.000
401.000	24.000
402.000	30.000
403.000	23.000
404.000	24.000
405.000	31.000
406.000	26.000
407.000	20.000
408.000	29.000
409.000	23.000
410.000	28.000
411.000	29.000
412.000	30.000
413.000	29.000
414.000	29.000
415.000	25.000
416.000	29.000
417.000	19.000
418.000	27.000
419.000	26.000
420.000	34.000
421.000	39.000
422.000	29.000
423.000	23.000
424.000	22.000
425.000	35.000
426.000	25.000
427.000	29.000
428.000	32.000
429.000	42.000
430.000	34.000
431.000	39.000
432.000	34.000
433.000	26.000
434.000	37.000
435.000	28.000
436.000	39.000
437.000	41.000
438.000	35.000
439.000	45.000
440.000	36.000
441.000	39.000
442.000	41.000
443.000	44.000
444.000	53.000
445.000	40.000
446.000	54.000
447.000	46.000
448.000	44.000
449.000	40.000
450.000	41.000
451.000	48.000
452.000	53.000
453.000	43.000
454.000	58.000
455.000	51.000
456.000	49.000
457.000	42.000
458.000	68.000
459.000	62.000
460.000	66.000
461.000	58.000
462.000	51.000
463.000	53.000
464.000	44.000
465.000	55.000
466.000	67.000
467.000	54.000
468.000	51.000
469.000	60.000
470.000	51.000
471.000	72.000
472.000	61.000
473.000	68.000
474.000	60.000
475.000	56.000
476.000	58.000
477.000	46.000
478.000	51.000
479.000	57.000
480.000	54.000
481.000	58.000
482.000	63.000
483.000	62.000
484.000	55.000
485.000	48.000
486.000	66.000
487.000	69.000
488.000	59.000
489.000	60.000
490.000	74.000
491.000	64.000
492.000	53.000
493.000	76.000
494.000	37.000
495.000	72.000
496.000	60.000
497.000	65.000
498.000	57.000
499.000	58.000
500.000	74.000
501.000	61.000
502.000	74.000
503.000	74.000
504.000	68.000
505.000	67.000
506.000	71.000
507.000	80.000
508.000	98.000
509.000	64.000
510.000	84.000
511.000	68.000
512.000	85.000
513.000	80.000
514.000	82.000
515.000	91.000
516.000	100.000
517.000	75.000
518.000	80.000
519.000	87.000
520.000	97.000
521.000	83.000
522.000	64.000
523.000	72.000
524.000	98.000
525.000	103.000
526.000	80.000
527.000	93.000
528.000	93.000
529.000	96.000
530.000	88.000
531.000	99.000
532.000	108.000
533.000	89.000
534.000	100.000
535.000	80.000
536.000	82.000
537.000	91.000
538.000	93.000
539.000	97.000
540.000	112.000
541.000	84.000
542.000	107.000
543.000	101.000
544.000	105.000
545.000	81.000
546.000	114.000
547.000	94.000
548.000	106.000
549.000	106.000
550.000	103.000
551.000	120.000
552.000	101.000
553.000	125.000
554.000	89.000
555.000	104.000
556.000	113.000
557.000	103.000
558.000	96.000
559.000	106.000
560.000	118.000
561.000	111.000
562.000	102.000
563.000	109.000
564.000	98.000
565.000	123.000
566.000	131.000
567.000	123.000
568.000	115.000
569.000	122.000
570.000	109.000
571.000	125.000
572.000	107.000
573.000	111.000
574.000	120.000
575.000	133.000
576.000	131.000
577.000	136.000
578.000	119.000
579.000	138.000
580.000	111.000
581.000	113.000
582.000	141.000
583.000	156.000
584.000	119.000
585.000	152.000
586.000	125.000
587.000	119.000
588.000	105.000
589.000	133.000
590.000	121.000
591.000	130.000
592.000	129.000
593.000	142.000
594.000	148.000
595.000	139.000
596.000	158.000
597.000	147.000
598.000	140.000
599.000	138.000
600.000	132.000
601.000	148.000
602.000	140.000
603.000	142.000
604.000	134.000
605.000	145.000
606.000	164.000
607.000	161.000
608.000	167.000
609.000	163.000
610.000	155.000
611.000	173.000
612.000	156.000
613.000	156.000
614.000	125.000
615.000	148.000
616.000	157.000
617.000	145.000
618.000	137.000
619.000	144.000
620.000	179.000
621.000	181.000
622.000	190.000
623.000	166.000
624.000	172.000
625.000	180.000
626.000	166.000
627.000	173.000
628.000	168.000
629.000	190.000
630.000	163.000
631.000	170.000
632.000	170.000
633.000	151.000
634.000	174.000
635.000	154.000
636.000	187.000
637.000	195.000
638.000	169.000
639.000	168.000
640.000	194.000
641.000	171.000
642.000	172.000
643.000	180.000
644.000	190.000
645.000	190.000
646.000	204.000
647.000	178.000
648.000	198.000
649.000	195.000
650.000	205.000
651.000	204.000
652.000	175.000
653.000	222.000
654.000	200.000
655.000	197.000
656.000	201.000
657.000	218.000
658.000	185.000
659.000	204.000
660.000	213.000
661.000	178.000
662.000	212.000
663.000	184.000
664.000	192.000
665.000	209.000
666.000	198.000
667.000	154.000
668.000	181.000
669.000	223.000
670.000	207.000
671.000	200.000
672.000	176.000
673.000	201.000
674.000	217.000
675.000	196.000
676.000	219.000
677.000	191.000
678.000	219.000
679.000	191.000
680.000	203.000
681.000	208.000
682.000	212.000
683.000	219.000
684.000	219.000
685.000	212.000
686.000	208.000
687.000	213.000
688.000	204.000
689.000	245.000
690.000	208.000
691.000	207.000
692.000	215.000
693.000	238.000
694.000	229.000
695.000	263.000
696.000	206.000
697.000	210.000
698.000	223.000
699.000	229.000
700.000	203.000
701.000	225.000
702.000	228.000
703.000	228.000
704.000	240.000
705.000	209.000
706.000	212.000
707.000	213.000
708.000	245.000
709.000	225.000
710.000	237.000
711.000	218.000
712.000	259.000
713.000	251.000
714.000	219.000
715.000	251.000
716.000	235.000
717.000	216.000
718.000	230.000
719.000	229.000
720.000	251.000
721.000	244.000
722.000	221.000
723.000	235.000
724.000	212.000
725.000	271.000
726.000	233.000
727.000	282.000
728.000	229.000
729.000	256.000
730.000	261.000
731.000	244.000
732.000	264.000
733.000	258.000
734.000	263.000
735.000	267.000
736.000	255.000
737.000	259.000
738.000	270.000
739.000	273.000
740.000	264.000
741.000	261.000
742.000	268.000
743.000	270.000
744.000	227.000
745.000	257.000
746.000	244.000
747.000	265.000
748.000	245.000
749.000	220.000
750.000	237.000
751.000	243.000
752.000	259.000
753.000	251.000
754.000	251.000
755.000	289.000
756.000	255.000
757.000	271.000
758.000	260.000
759.000	280.000
760.000	280.000
761.000	283.000
762.000	247.000
763.000	278.000
764.000	278.000
765.000	283.000
766.000	290.000
767.000	274.000
768.000	284.000
769.000	279.000
770.000	299.000
771.000	318.000
772.000	315.000
773.000	334.000
774.000	310.000
775.000	307.000
776.000	259.000
777.000	308.000
778.000	303.000
779.000	304.000
780.000	286.000
781.000	286.000
782.000	273.000
783.000	278.000
784.000	259.000
785.000	320.000
786.000	271.000
787.000	298.000
788.000	313.000
789.000	280.000
790.000	300.000
791.000	274.000
792.000	303.000
793.000	273.000
794.000	293.000
795.000	290.000
796.000	301.000
797.000	284.000
798.000	270.000
799.000	276.000
800.000	290.000
801.000	305.000
802.000	271.000
803.000	231.000
804.000	267.000
805.000	298.000
806.000	281.000
807.000	290.000
808.000	292.000
809.000	306.000
810.000	286.000
811.000	301.000
812.000	273.000
813.000	286.000
814.000	287.000
815.000	284.000
816.000	277.000
817.000	321.000
818.000	304.000
819.000	278.000
820.000	304.000
821.000	302.000
822.000	294.000
823.000	283.000
824.000	301.000
825.000	285.000
826.000	305.000
827.000	332.000
828.000	311.000
829.000	289.000
830.000	318.000
831.000	296.000
832.000	298.000
833.000	302.000
834.000	335.000
835.000	326.000
836.000	326.000
837.000	289.000
838.000	321.000
839.000	307.000
840.000	333.000
841.000	324.000
842.000	308.000
843.000	296.000
844.000	352.000
845.000	333.000
846.000	350.000
847.000	353.000
848.000	322.000
849.000	352.000
850.000	353.000
851.000	346.000
852.000	375.000
853.000	347.000
854.000	339.000
855.000	342.000
856.000	366.000
857.000	358.000
858.000	343.000
859.000	373.000
860.000	391.000
861.000	390.000
862.000	413.000
863.000	412.000
864.000	404.000
865.000	408.000
866.000	407.000
867.000	395.000
868.000	445.000
869.000	469.000
870.000	441.000
871.000	423.000
872.000	440.000
873.000	462.000
874.000	501.000
875.000	518.000
876.000	522.000
877.000	538.000
878.000	561.000
879.000	635.000
880.000	638.000
881.000	628.000
882.000	691.000
883.000	718.000
884.000	755.000
885.000	884.000
886.000	858.000
887.000	911.000
888.000	1039.000
889.000	1114.000
890.000	1165.000
891.000	1180.000
892.000	1259.000
893.000	1223.000
894.000	1368.000
895.000	1474.000
896.000	1440.000
897.000	1479.000
898.000	1518.000
899.000	1476.000
900.000	1531.000
901.000	1469.000
902.000	1490.000
903.000	1452.000
904.000	1419.000
905.000	1384.000
906.000	1354.000
907.000	1303.000
908.000	1327.000
909.000	1221.000
910.000	1188.000
911.000	1151.000
912.000	1005.000
913.000	944.000
914.000	954.000
915.000	904.000
916.000	856.000
917.000	785.000
918.000	774.000
919.000	721.000
920.000	653.000
921.000	622.000
922.000	631.000
923.000	554.000
924.000	529.000
925.000	488.000
926.000	459.000
927.000	485.000
928.000	435.000
929.000	431.000
930.000	417.000
931.000	396.000
932.000	377.000
933.000	378.000
934.000	342.000
935.000	358.000
936.000	362.000
937.000	343.000
938.000	353.000
939.000	387.000
940.000	363.000
941.000	363.000
942.000	388.000
943.000	446.000
944.000	481.000
945.000	509.000
946.000	554.000
947.000	638.000
948.000	632.000
949.000	682.000
950.000	768.000
951.000	772.000
952.000	784.000
953.000	785.000
954.000	797.000
955.000	787.000
956.000	739.000
957.000	707.000
958.000	698.000
959.000	615.000
960.000	602.000
961.000	503.000
962.000	451.000
963.000	428.000
964.000	348.000
965.000	363.000
966.000	317.000
967.000	289.000
968.000	313.000
969.000	286.000
970.000	295.000
971.000	290.000
972.000	302.000
973.000	299.000
974.000	311.000
975.000	299.000
976.000	260.000
977.000	277.000
978.000	273.000
979.000	271.000
980.000	287.000
981.000	290.000
982.000	332.000
983.000	292.000
984.000	320.000
985.000	361.000
986.000	345.000
987.000	319.000
988.000	324.000
989.000	355.000
990.000	368.000
991.000	363.000
992.000	358.000
993.000	405.000
994.000	391.000
995.000	390.000
996.000	401.000
997.000	386.000
998.000	426.000
999.000	412.000
1000.000	470.000
1001.000	424.000
1002.000	445.000
1003.000	442.000
1004.000	433.000
1005.000	447.000
1006.000	431.000
1007.000	401.000
1008.000	414.000
1009.000	419.000
1010.000	446.000
1011.000	421.000
1012.000	379.000
1013.000	392.000
1014.000	392.000
1015.000	383.000
1016.000	362.000
1017.000	341.000
1018.000	345.000
1019.000	336.000
1020.000	309.000
1021.000	299.000
1022.000	302.000
1023.000	278.000
1024.000	259.000
