Date:	8/19/2008		Time:	9:04 AM		Version no:	0.00		Project name:	55		Sample name:	222		Section name:	section		Position	306.039995	mm	E0	0.000000	keV	E1	1.000000	keV/channel	sample surface	7.569150	cm	Tube anode:	Mo		Tube voltage:	30	kV	Tube current:	50	mA	gain	20		std. database			resultfile	result		matrix element	11		sample thickness	1.000000		air passage	0.560000	cm	comments	not in position		peaking_time	3.000000	m-sec	trigger_threshold	1229.166667	V	mca_bin_width	22.090000	no:	number_mca_channels	1024.000000	no:	gap_time	0.400000	m-sec	trigger_peaking_time	0.150000	m-sec	GAINDAC	9455		HIGHGAIN	1		TAURC	0		RCTAU	53		RCTAUFRAC	32768		livetime	9.706611	seconds	runtime	10.000503	seconds	input_count_rate	27.839891	cps	output_count_rate	21.298328	cps	triggers	270231	seconds	events_in_run	212994	seconds	channel	content		1.000	0.000
2.000	0.000
3.000	0.000
4.000	0.000
5.000	0.000
6.000	0.000
7.000	0.000
8.000	0.000
9.000	0.000
10.000	0.000
11.000	0.000
12.000	0.000
13.000	0.000
14.000	0.000
15.000	0.000
16.000	0.000
17.000	0.000
18.000	0.000
19.000	0.000
20.000	0.000
21.000	0.000
22.000	0.000
23.000	0.000
24.000	0.000
25.000	0.000
26.000	0.000
27.000	0.000
28.000	0.000
29.000	0.000
30.000	0.000
31.000	1.000
32.000	1.000
33.000	2.000
34.000	1.000
35.000	1.000
36.000	1.000
37.000	1.000
38.000	3.000
39.000	6.000
40.000	3.000
41.000	5.000
42.000	5.000
43.000	7.000
44.000	4.000
45.000	8.000
46.000	11.000
47.000	8.000
48.000	6.000
49.000	8.000
50.000	11.000
51.000	13.000
52.000	9.000
53.000	9.000
54.000	9.000
55.000	7.000
56.000	10.000
57.000	6.000
58.000	6.000
59.000	13.000
60.000	7.000
61.000	10.000
62.000	14.000
63.000	10.000
64.000	8.000
65.000	4.000
66.000	12.000
67.000	13.000
68.000	14.000
69.000	6.000
70.000	9.000
71.000	11.000
72.000	8.000
73.000	9.000
74.000	11.000
75.000	7.000
76.000	9.000
77.000	10.000
78.000	14.000
79.000	10.000
80.000	11.000
81.000	11.000
82.000	9.000
83.000	13.000
84.000	12.000
85.000	4.000
86.000	10.000
87.000	7.000
88.000	14.000
89.000	9.000
90.000	9.000
91.000	12.000
92.000	8.000
93.000	12.000
94.000	7.000
95.000	8.000
96.000	9.000
97.000	5.000
98.000	5.000
99.000	6.000
100.000	12.000
101.000	7.000
102.000	2.000
103.000	3.000
104.000	7.000
105.000	6.000
106.000	5.000
107.000	9.000
108.000	10.000
109.000	8.000
110.000	9.000
111.000	7.000
112.000	8.000
113.000	6.000
114.000	3.000
115.000	3.000
116.000	4.000
117.000	10.000
118.000	8.000
119.000	8.000
120.000	11.000
121.000	6.000
122.000	5.000
123.000	5.000
124.000	9.000
125.000	8.000
126.000	11.000
127.000	12.000
128.000	10.000
129.000	14.000
130.000	13.000
131.000	13.000
132.000	8.000
133.000	9.000
134.000	4.000
135.000	8.000
136.000	4.000
137.000	3.000
138.000	1.000
139.000	3.000
140.000	10.000
141.000	2.000
142.000	3.000
143.000	7.000
144.000	6.000
145.000	6.000
146.000	3.000
147.000	3.000
148.000	3.000
149.000	3.000
150.000	5.000
151.000	7.000
152.000	5.000
153.000	6.000
154.000	1.000
155.000	7.000
156.000	4.000
157.000	5.000
158.000	4.000
159.000	5.000
160.000	7.000
161.000	5.000
162.000	7.000
163.000	15.000
164.000	10.000
165.000	7.000
166.000	10.000
167.000	6.000
168.000	7.000
169.000	3.000
170.000	2.000
171.000	2.000
172.000	4.000
173.000	2.000
174.000	7.000
175.000	3.000
176.000	1.000
177.000	2.000
178.000	4.000
179.000	10.000
180.000	9.000
181.000	9.000
182.000	1.000
183.000	10.000
184.000	5.000
185.000	5.000
186.000	8.000
187.000	9.000
188.000	3.000
189.000	5.000
190.000	4.000
191.000	4.000
192.000	1.000
193.000	1.000
194.000	2.000
195.000	8.000
196.000	3.000
197.000	6.000
198.000	7.000
199.000	13.000
200.000	13.000
201.000	14.000
202.000	22.000
203.000	16.000
204.000	17.000
205.000	13.000
206.000	9.000
207.000	11.000
208.000	5.000
209.000	3.000
210.000	6.000
211.000	4.000
212.000	5.000
213.000	1.000
214.000	1.000
215.000	5.000
216.000	1.000
217.000	6.000
218.000	2.000
219.000	8.000
220.000	5.000
221.000	2.000
222.000	7.000
223.000	4.000
224.000	5.000
225.000	3.000
226.000	5.000
227.000	4.000
228.000	3.000
229.000	4.000
230.000	2.000
231.000	3.000
232.000	1.000
233.000	2.000
234.000	2.000
235.000	4.000
236.000	3.000
237.000	4.000
238.000	4.000
239.000	1.000
240.000	4.000
241.000	4.000
242.000	3.000
243.000	2.000
244.000	10.000
245.000	1.000
246.000	10.000
247.000	9.000
248.000	8.000
249.000	5.000
250.000	10.000
251.000	6.000
252.000	9.000
253.000	4.000
254.000	3.000
255.000	7.000
256.000	3.000
257.000	5.000
258.000	6.000
259.000	3.000
260.000	6.000
261.000	5.000
262.000	8.000
263.000	6.000
264.000	5.000
265.000	2.000
266.000	2.000
267.000	7.000
268.000	8.000
269.000	2.000
270.000	3.000
271.000	6.000
272.000	2.000
273.000	3.000
274.000	6.000
275.000	2.000
276.000	3.000
277.000	3.000
278.000	2.000
279.000	1.000
280.000	4.000
281.000	3.000
282.000	8.000
283.000	4.000
284.000	2.000
285.000	8.000
286.000	6.000
287.000	7.000
288.000	3.000
289.000	12.000
290.000	9.000
291.000	3.000
292.000	12.000
293.000	6.000
294.000	9.000
295.000	7.000
296.000	8.000
297.000	6.000
298.000	6.000
299.000	4.000
300.000	8.000
301.000	8.000
302.000	10.000
303.000	4.000
304.000	4.000
305.000	4.000
306.000	9.000
307.000	5.000
308.000	8.000
309.000	7.000
310.000	4.000
311.000	5.000
312.000	9.000
313.000	6.000
314.000	4.000
315.000	8.000
316.000	8.000
317.000	7.000
318.000	13.000
319.000	20.000
320.000	20.000
321.000	33.000
322.000	27.000
323.000	31.000
324.000	38.000
325.000	29.000
326.000	28.000
327.000	27.000
328.000	23.000
329.000	13.000
330.000	16.000
331.000	6.000
332.000	13.000
333.000	11.000
334.000	5.000
335.000	9.000
336.000	9.000
337.000	6.000
338.000	13.000
339.000	10.000
340.000	17.000
341.000	28.000
342.000	44.000
343.000	68.000
344.000	87.000
345.000	142.000
346.000	210.000
347.000	305.000
348.000	418.000
349.000	500.000
350.000	564.000
351.000	539.000
352.000	449.000
353.000	411.000
354.000	361.000
355.000	259.000
356.000	158.000
357.000	116.000
358.000	78.000
359.000	46.000
360.000	36.000
361.000	23.000
362.000	18.000
363.000	15.000
364.000	17.000
365.000	14.000
366.000	11.000
367.000	22.000
368.000	16.000
369.000	7.000
370.000	8.000
371.000	10.000
372.000	16.000
373.000	14.000
374.000	19.000
375.000	15.000
376.000	26.000
377.000	19.000
378.000	33.000
379.000	23.000
380.000	43.000
381.000	60.000
382.000	72.000
383.000	78.000
384.000	87.000
385.000	119.000
386.000	106.000
387.000	115.000
388.000	107.000
389.000	91.000
390.000	68.000
391.000	48.000
392.000	42.000
393.000	34.000
394.000	27.000
395.000	24.000
396.000	12.000
397.000	18.000
398.000	13.000
399.000	17.000
400.000	25.000
401.000	18.000
402.000	21.000
403.000	13.000
404.000	15.000
405.000	14.000
406.000	14.000
407.000	26.000
408.000	14.000
409.000	27.000
410.000	22.000
411.000	9.000
412.000	26.000
413.000	15.000
414.000	15.000
415.000	17.000
416.000	24.000
417.000	28.000
418.000	25.000
419.000	24.000
420.000	9.000
421.000	19.000
422.000	23.000
423.000	20.000
424.000	24.000
425.000	26.000
426.000	16.000
427.000	25.000
428.000	21.000
429.000	15.000
430.000	28.000
431.000	31.000
432.000	27.000
433.000	31.000
434.000	29.000
435.000	29.000
436.000	20.000
437.000	28.000
438.000	29.000
439.000	26.000
440.000	38.000
441.000	38.000
442.000	32.000
443.000	29.000
444.000	27.000
445.000	35.000
446.000	35.000
447.000	36.000
448.000	29.000
449.000	38.000
450.000	33.000
451.000	33.000
452.000	26.000
453.000	32.000
454.000	30.000
455.000	40.000
456.000	31.000
457.000	39.000
458.000	44.000
459.000	46.000
460.000	30.000
461.000	39.000
462.000	41.000
463.000	29.000
464.000	32.000
465.000	51.000
466.000	30.000
467.000	41.000
468.000	36.000
469.000	45.000
470.000	35.000
471.000	54.000
472.000	42.000
473.000	40.000
474.000	40.000
475.000	33.000
476.000	36.000
477.000	43.000
478.000	48.000
479.000	37.000
480.000	42.000
481.000	36.000
482.000	49.000
483.000	44.000
484.000	53.000
485.000	40.000
486.000	38.000
487.000	52.000
488.000	31.000
489.000	45.000
490.000	54.000
491.000	48.000
492.000	41.000
493.000	40.000
494.000	48.000
495.000	51.000
496.000	55.000
497.000	51.000
498.000	52.000
499.000	47.000
500.000	50.000
501.000	34.000
502.000	42.000
503.000	63.000
504.000	49.000
505.000	66.000
506.000	68.000
507.000	59.000
508.000	55.000
509.000	68.000
510.000	59.000
511.000	60.000
512.000	66.000
513.000	54.000
514.000	59.000
515.000	80.000
516.000	66.000
517.000	64.000
518.000	57.000
519.000	60.000
520.000	64.000
521.000	77.000
522.000	70.000
523.000	58.000
524.000	76.000
525.000	69.000
526.000	67.000
527.000	102.000
528.000	66.000
529.000	79.000
530.000	79.000
531.000	76.000
532.000	77.000
533.000	70.000
534.000	74.000
535.000	64.000
536.000	88.000
537.000	65.000
538.000	82.000
539.000	59.000
540.000	79.000
541.000	100.000
542.000	101.000
543.000	66.000
544.000	83.000
545.000	93.000
546.000	93.000
547.000	69.000
548.000	94.000
549.000	81.000
550.000	69.000
551.000	90.000
552.000	97.000
553.000	76.000
554.000	90.000
555.000	85.000
556.000	99.000
557.000	91.000
558.000	97.000
559.000	97.000
560.000	101.000
561.000	92.000
562.000	95.000
563.000	108.000
564.000	89.000
565.000	107.000
566.000	75.000
567.000	88.000
568.000	81.000
569.000	114.000
570.000	96.000
571.000	88.000
572.000	87.000
573.000	110.000
574.000	116.000
575.000	95.000
576.000	109.000
577.000	105.000
578.000	118.000
579.000	105.000
580.000	99.000
581.000	132.000
582.000	99.000
583.000	125.000
584.000	128.000
585.000	110.000
586.000	118.000
587.000	118.000
588.000	124.000
589.000	108.000
590.000	110.000
591.000	98.000
592.000	104.000
593.000	106.000
594.000	119.000
595.000	103.000
596.000	112.000
597.000	120.000
598.000	124.000
599.000	131.000
600.000	115.000
601.000	123.000
602.000	163.000
603.000	132.000
604.000	143.000
605.000	143.000
606.000	132.000
607.000	138.000
608.000	106.000
609.000	146.000
610.000	155.000
611.000	137.000
612.000	135.000
613.000	130.000
614.000	129.000
615.000	127.000
616.000	141.000
617.000	139.000
618.000	137.000
619.000	141.000
620.000	150.000
621.000	126.000
622.000	125.000
623.000	127.000
624.000	137.000
625.000	158.000
626.000	138.000
627.000	153.000
628.000	140.000
629.000	137.000
630.000	150.000
631.000	166.000
632.000	158.000
633.000	155.000
634.000	159.000
635.000	145.000
636.000	160.000
637.000	149.000
638.000	177.000
639.000	154.000
640.000	171.000
641.000	144.000
642.000	151.000
643.000	154.000
644.000	145.000
645.000	155.000
646.000	167.000
647.000	155.000
648.000	174.000
649.000	159.000
650.000	163.000
651.000	183.000
652.000	171.000
653.000	168.000
654.000	164.000
655.000	164.000
656.000	187.000
657.000	162.000
658.000	191.000
659.000	163.000
660.000	175.000
661.000	184.000
662.000	162.000
663.000	156.000
664.000	168.000
665.000	179.000
666.000	191.000
667.000	181.000
668.000	192.000
669.000	200.000
670.000	210.000
671.000	194.000
672.000	186.000
673.000	202.000
674.000	191.000
675.000	203.000
676.000	194.000
677.000	195.000
678.000	204.000
679.000	169.000
680.000	185.000
681.000	191.000
682.000	189.000
683.000	179.000
684.000	173.000
685.000	180.000
686.000	198.000
687.000	205.000
688.000	205.000
689.000	212.000
690.000	197.000
691.000	181.000
692.000	202.000
693.000	189.000
694.000	221.000
695.000	207.000
696.000	192.000
697.000	211.000
698.000	214.000
699.000	238.000
700.000	201.000
701.000	223.000
702.000	211.000
703.000	203.000
704.000	177.000
705.000	196.000
706.000	230.000
707.000	215.000
708.000	180.000
709.000	217.000
710.000	205.000
711.000	209.000
712.000	204.000
713.000	204.000
714.000	228.000
715.000	228.000
716.000	238.000
717.000	229.000
718.000	227.000
719.000	225.000
720.000	218.000
721.000	231.000
722.000	253.000
723.000	213.000
724.000	208.000
725.000	202.000
726.000	225.000
727.000	233.000
728.000	239.000
729.000	234.000
730.000	227.000
731.000	223.000
732.000	235.000
733.000	261.000
734.000	222.000
735.000	258.000
736.000	249.000
737.000	245.000
738.000	235.000
739.000	229.000
740.000	224.000
741.000	238.000
742.000	235.000
743.000	246.000
744.000	221.000
745.000	222.000
746.000	232.000
747.000	245.000
748.000	226.000
749.000	239.000
750.000	271.000
751.000	246.000
752.000	271.000
753.000	244.000
754.000	257.000
755.000	225.000
756.000	258.000
757.000	215.000
758.000	254.000
759.000	234.000
760.000	231.000
761.000	251.000
762.000	210.000
763.000	258.000
764.000	249.000
765.000	272.000
766.000	287.000
767.000	256.000
768.000	239.000
769.000	262.000
770.000	267.000
771.000	275.000
772.000	276.000
773.000	258.000
774.000	300.000
775.000	297.000
776.000	320.000
777.000	248.000
778.000	281.000
779.000	259.000
780.000	269.000
781.000	248.000
782.000	267.000
783.000	273.000
784.000	224.000
785.000	262.000
786.000	264.000
787.000	269.000
788.000	263.000
789.000	261.000
790.000	249.000
791.000	260.000
792.000	306.000
793.000	248.000
794.000	284.000
795.000	261.000
796.000	258.000
797.000	268.000
798.000	278.000
799.000	274.000
800.000	302.000
801.000	256.000
802.000	276.000
803.000	289.000
804.000	285.000
805.000	271.000
806.000	281.000
807.000	287.000
808.000	289.000
809.000	288.000
810.000	298.000
811.000	290.000
812.000	270.000
813.000	269.000
814.000	294.000
815.000	276.000
816.000	309.000
817.000	285.000
818.000	304.000
819.000	316.000
820.000	286.000
821.000	268.000
822.000	281.000
823.000	305.000
824.000	294.000
825.000	286.000
826.000	292.000
827.000	284.000
828.000	292.000
829.000	266.000
830.000	298.000
831.000	309.000
832.000	308.000
833.000	283.000
834.000	268.000
835.000	298.000
836.000	317.000
837.000	309.000
838.000	306.000
839.000	308.000
840.000	297.000
841.000	336.000
842.000	327.000
843.000	307.000
844.000	306.000
845.000	284.000
846.000	334.000
847.000	293.000
848.000	319.000
849.000	338.000
850.000	309.000
851.000	299.000
852.000	323.000
853.000	346.000
854.000	344.000
855.000	338.000
856.000	340.000
857.000	327.000
858.000	392.000
859.000	377.000
860.000	378.000
861.000	357.000
862.000	410.000
863.000	439.000
864.000	402.000
865.000	404.000
866.000	395.000
867.000	403.000
868.000	406.000
869.000	437.000
870.000	423.000
871.000	440.000
872.000	452.000
873.000	431.000
874.000	487.000
875.000	507.000
876.000	570.000
877.000	575.000
878.000	527.000
879.000	628.000
880.000	662.000
881.000	671.000
882.000	675.000
883.000	747.000
884.000	870.000
885.000	814.000
886.000	928.000
887.000	964.000
888.000	1040.000
889.000	1105.000
890.000	1128.000
891.000	1196.000
892.000	1224.000
893.000	1276.000
894.000	1363.000
895.000	1416.000
896.000	1400.000
897.000	1411.000
898.000	1465.000
899.000	1514.000
900.000	1457.000
901.000	1448.000
902.000	1463.000
903.000	1463.000
904.000	1518.000
905.000	1420.000
906.000	1388.000
907.000	1264.000
908.000	1279.000
909.000	1165.000
910.000	1166.000
911.000	1068.000
912.000	1060.000
913.000	990.000
914.000	973.000
915.000	914.000
916.000	867.000
917.000	792.000
918.000	746.000
919.000	686.000
920.000	707.000
921.000	592.000
922.000	599.000
923.000	616.000
924.000	538.000
925.000	538.000
926.000	469.000
927.000	448.000
928.000	463.000
929.000	395.000
930.000	439.000
931.000	404.000
932.000	369.000
933.000	387.000
934.000	381.000
935.000	376.000
936.000	362.000
937.000	389.000
938.000	404.000
939.000	375.000
940.000	413.000
941.000	416.000
942.000	387.000
943.000	460.000
944.000	492.000
945.000	517.000
946.000	514.000
947.000	575.000
948.000	663.000
949.000	666.000
950.000	758.000
951.000	752.000
952.000	818.000
953.000	824.000
954.000	834.000
955.000	790.000
956.000	741.000
957.000	736.000
958.000	619.000
959.000	599.000
960.000	526.000
961.000	501.000
962.000	423.000
963.000	405.000
964.000	370.000
965.000	331.000
966.000	305.000
967.000	303.000
968.000	313.000
969.000	299.000
970.000	317.000
971.000	268.000
972.000	277.000
973.000	259.000
974.000	308.000
975.000	330.000
976.000	292.000
977.000	294.000
978.000	313.000
979.000	304.000
980.000	336.000
981.000	336.000
982.000	293.000
983.000	331.000
984.000	342.000
985.000	295.000
986.000	321.000
987.000	346.000
988.000	333.000
989.000	360.000
990.000	405.000
991.000	353.000
992.000	367.000
993.000	395.000
994.000	395.000
995.000	380.000
996.000	420.000
997.000	416.000
998.000	427.000
999.000	445.000
1000.000	450.000
1001.000	456.000
1002.000	481.000
1003.000	433.000
1004.000	450.000
1005.000	487.000
1006.000	392.000
1007.000	425.000
1008.000	390.000
1009.000	408.000
1010.000	446.000
1011.000	438.000
1012.000	375.000
1013.000	384.000
1014.000	401.000
1015.000	388.000
1016.000	376.000
1017.000	344.000
1018.000	318.000
1019.000	346.000
1020.000	332.000
1021.000	279.000
1022.000	277.000
1023.000	275.000
1024.000	265.000
