Date:	8/19/2008		Time:	8:51 AM		Version no:	0.00		Project name:	55		Sample name:	222		Section name:	section		Position	172.039995	mm	E0	0.000000	keV	E1	1.000000	keV/channel	sample surface	7.606551	cm	Tube anode:	Mo		Tube voltage:	30	kV	Tube current:	50	mA	gain	20		std. database			resultfile	result		matrix element	11		sample thickness	1.000000		air passage	0.560000	cm	comments	not in position		peaking_time	3.000000	m-sec	trigger_threshold	1229.166667	V	mca_bin_width	22.090000	no:	number_mca_channels	1024.000000	no:	gap_time	0.400000	m-sec	trigger_peaking_time	0.150000	m-sec	GAINDAC	9455		HIGHGAIN	1		TAURC	0		RCTAU	53		RCTAUFRAC	32768		livetime	9.706896	seconds	runtime	10.000502	seconds	input_count_rate	27.901195	cps	output_count_rate	21.380426	cps	triggers	270834	seconds	events_in_run	213815	seconds	channel	content		1.000	0.000
2.000	0.000
3.000	0.000
4.000	0.000
5.000	0.000
6.000	0.000
7.000	0.000
8.000	0.000
9.000	0.000
10.000	0.000
11.000	0.000
12.000	0.000
13.000	0.000
14.000	0.000
15.000	0.000
16.000	0.000
17.000	0.000
18.000	0.000
19.000	0.000
20.000	0.000
21.000	0.000
22.000	0.000
23.000	0.000
24.000	0.000
25.000	0.000
26.000	0.000
27.000	0.000
28.000	0.000
29.000	0.000
30.000	0.000
31.000	0.000
32.000	0.000
33.000	3.000
34.000	1.000
35.000	2.000
36.000	1.000
37.000	3.000
38.000	0.000
39.000	2.000
40.000	3.000
41.000	3.000
42.000	5.000
43.000	9.000
44.000	10.000
45.000	7.000
46.000	5.000
47.000	10.000
48.000	3.000
49.000	6.000
50.000	9.000
51.000	15.000
52.000	6.000
53.000	5.000
54.000	6.000
55.000	9.000
56.000	4.000
57.000	13.000
58.000	12.000
59.000	7.000
60.000	8.000
61.000	13.000
62.000	10.000
63.000	13.000
64.000	8.000
65.000	12.000
66.000	7.000
67.000	13.000
68.000	11.000
69.000	11.000
70.000	8.000
71.000	11.000
72.000	5.000
73.000	14.000
74.000	13.000
75.000	9.000
76.000	15.000
77.000	5.000
78.000	10.000
79.000	4.000
80.000	7.000
81.000	6.000
82.000	9.000
83.000	9.000
84.000	7.000
85.000	6.000
86.000	8.000
87.000	7.000
88.000	10.000
89.000	5.000
90.000	6.000
91.000	12.000
92.000	12.000
93.000	10.000
94.000	16.000
95.000	11.000
96.000	7.000
97.000	8.000
98.000	8.000
99.000	7.000
100.000	9.000
101.000	6.000
102.000	7.000
103.000	9.000
104.000	7.000
105.000	12.000
106.000	8.000
107.000	11.000
108.000	6.000
109.000	7.000
110.000	7.000
111.000	6.000
112.000	3.000
113.000	5.000
114.000	7.000
115.000	7.000
116.000	7.000
117.000	6.000
118.000	10.000
119.000	2.000
120.000	8.000
121.000	6.000
122.000	4.000
123.000	7.000
124.000	6.000
125.000	14.000
126.000	6.000
127.000	12.000
128.000	8.000
129.000	9.000
130.000	10.000
131.000	4.000
132.000	6.000
133.000	7.000
134.000	6.000
135.000	3.000
136.000	9.000
137.000	6.000
138.000	3.000
139.000	9.000
140.000	6.000
141.000	3.000
142.000	8.000
143.000	1.000
144.000	5.000
145.000	2.000
146.000	4.000
147.000	6.000
148.000	2.000
149.000	6.000
150.000	4.000
151.000	8.000
152.000	10.000
153.000	3.000
154.000	7.000
155.000	4.000
156.000	5.000
157.000	4.000
158.000	8.000
159.000	5.000
160.000	16.000
161.000	9.000
162.000	11.000
163.000	9.000
164.000	9.000
165.000	8.000
166.000	9.000
167.000	7.000
168.000	4.000
169.000	6.000
170.000	2.000
171.000	1.000
172.000	6.000
173.000	8.000
174.000	6.000
175.000	5.000
176.000	4.000
177.000	8.000
178.000	7.000
179.000	3.000
180.000	3.000
181.000	12.000
182.000	7.000
183.000	11.000
184.000	5.000
185.000	9.000
186.000	8.000
187.000	4.000
188.000	3.000
189.000	3.000
190.000	2.000
191.000	2.000
192.000	6.000
193.000	3.000
194.000	9.000
195.000	3.000
196.000	4.000
197.000	4.000
198.000	10.000
199.000	11.000
200.000	17.000
201.000	16.000
202.000	19.000
203.000	23.000
204.000	15.000
205.000	18.000
206.000	9.000
207.000	9.000
208.000	4.000
209.000	6.000
210.000	3.000
211.000	5.000
212.000	5.000
213.000	7.000
214.000	4.000
215.000	3.000
216.000	4.000
217.000	6.000
218.000	5.000
219.000	3.000
220.000	6.000
221.000	4.000
222.000	6.000
223.000	6.000
224.000	7.000
225.000	2.000
226.000	5.000
227.000	2.000
228.000	2.000
229.000	2.000
230.000	7.000
231.000	5.000
232.000	1.000
233.000	3.000
234.000	2.000
235.000	4.000
236.000	4.000
237.000	5.000
238.000	6.000
239.000	2.000
240.000	5.000
241.000	5.000
242.000	5.000
243.000	7.000
244.000	11.000
245.000	9.000
246.000	13.000
247.000	9.000
248.000	10.000
249.000	10.000
250.000	12.000
251.000	6.000
252.000	5.000
253.000	3.000
254.000	9.000
255.000	6.000
256.000	13.000
257.000	4.000
258.000	8.000
259.000	5.000
260.000	4.000
261.000	5.000
262.000	4.000
263.000	5.000
264.000	2.000
265.000	6.000
266.000	4.000
267.000	2.000
268.000	7.000
269.000	3.000
270.000	6.000
271.000	4.000
272.000	5.000
273.000	6.000
274.000	4.000
275.000	5.000
276.000	5.000
277.000	1.000
278.000	11.000
279.000	4.000
280.000	3.000
281.000	4.000
282.000	2.000
283.000	3.000
284.000	4.000
285.000	8.000
286.000	6.000
287.000	5.000
288.000	8.000
289.000	7.000
290.000	2.000
291.000	12.000
292.000	7.000
293.000	4.000
294.000	4.000
295.000	12.000
296.000	9.000
297.000	5.000
298.000	4.000
299.000	6.000
300.000	6.000
301.000	7.000
302.000	8.000
303.000	4.000
304.000	8.000
305.000	13.000
306.000	7.000
307.000	6.000
308.000	6.000
309.000	4.000
310.000	10.000
311.000	9.000
312.000	10.000
313.000	4.000
314.000	7.000
315.000	6.000
316.000	15.000
317.000	13.000
318.000	15.000
319.000	32.000
320.000	33.000
321.000	33.000
322.000	47.000
323.000	40.000
324.000	49.000
325.000	53.000
326.000	31.000
327.000	23.000
328.000	19.000
329.000	19.000
330.000	17.000
331.000	15.000
332.000	8.000
333.000	11.000
334.000	13.000
335.000	15.000
336.000	7.000
337.000	16.000
338.000	13.000
339.000	19.000
340.000	23.000
341.000	38.000
342.000	56.000
343.000	73.000
344.000	140.000
345.000	202.000
346.000	335.000
347.000	400.000
348.000	489.000
349.000	588.000
350.000	665.000
351.000	671.000
352.000	639.000
353.000	512.000
354.000	429.000
355.000	318.000
356.000	238.000
357.000	141.000
358.000	76.000
359.000	56.000
360.000	31.000
361.000	29.000
362.000	20.000
363.000	19.000
364.000	17.000
365.000	14.000
366.000	13.000
367.000	17.000
368.000	17.000
369.000	15.000
370.000	18.000
371.000	13.000
372.000	17.000
373.000	13.000
374.000	14.000
375.000	19.000
376.000	20.000
377.000	29.000
378.000	33.000
379.000	34.000
380.000	42.000
381.000	53.000
382.000	61.000
383.000	82.000
384.000	106.000
385.000	115.000
386.000	117.000
387.000	125.000
388.000	97.000
389.000	102.000
390.000	86.000
391.000	70.000
392.000	58.000
393.000	39.000
394.000	32.000
395.000	18.000
396.000	25.000
397.000	16.000
398.000	20.000
399.000	17.000
400.000	18.000
401.000	21.000
402.000	24.000
403.000	24.000
404.000	25.000
405.000	17.000
406.000	18.000
407.000	24.000
408.000	27.000
409.000	19.000
410.000	20.000
411.000	19.000
412.000	23.000
413.000	18.000
414.000	29.000
415.000	26.000
416.000	27.000
417.000	25.000
418.000	26.000
419.000	29.000
420.000	27.000
421.000	28.000
422.000	15.000
423.000	35.000
424.000	32.000
425.000	21.000
426.000	26.000
427.000	33.000
428.000	34.000
429.000	25.000
430.000	38.000
431.000	29.000
432.000	29.000
433.000	25.000
434.000	38.000
435.000	28.000
436.000	33.000
437.000	32.000
438.000	25.000
439.000	36.000
440.000	29.000
441.000	33.000
442.000	38.000
443.000	32.000
444.000	33.000
445.000	31.000
446.000	32.000
447.000	42.000
448.000	41.000
449.000	38.000
450.000	30.000
451.000	38.000
452.000	51.000
453.000	42.000
454.000	34.000
455.000	39.000
456.000	38.000
457.000	35.000
458.000	43.000
459.000	40.000
460.000	30.000
461.000	42.000
462.000	40.000
463.000	51.000
464.000	43.000
465.000	40.000
466.000	47.000
467.000	35.000
468.000	51.000
469.000	39.000
470.000	40.000
471.000	44.000
472.000	56.000
473.000	35.000
474.000	54.000
475.000	53.000
476.000	48.000
477.000	53.000
478.000	51.000
479.000	46.000
480.000	60.000
481.000	53.000
482.000	59.000
483.000	40.000
484.000	50.000
485.000	45.000
486.000	53.000
487.000	44.000
488.000	59.000
489.000	73.000
490.000	50.000
491.000	54.000
492.000	44.000
493.000	60.000
494.000	47.000
495.000	47.000
496.000	61.000
497.000	49.000
498.000	55.000
499.000	64.000
500.000	66.000
501.000	60.000
502.000	65.000
503.000	70.000
504.000	50.000
505.000	67.000
506.000	55.000
507.000	61.000
508.000	74.000
509.000	64.000
510.000	46.000
511.000	75.000
512.000	65.000
513.000	63.000
514.000	73.000
515.000	67.000
516.000	71.000
517.000	66.000
518.000	61.000
519.000	83.000
520.000	68.000
521.000	63.000
522.000	69.000
523.000	88.000
524.000	80.000
525.000	81.000
526.000	63.000
527.000	69.000
528.000	60.000
529.000	77.000
530.000	64.000
531.000	83.000
532.000	77.000
533.000	92.000
534.000	73.000
535.000	71.000
536.000	76.000
537.000	86.000
538.000	73.000
539.000	95.000
540.000	85.000
541.000	79.000
542.000	76.000
543.000	71.000
544.000	74.000
545.000	79.000
546.000	96.000
547.000	84.000
548.000	70.000
549.000	92.000
550.000	82.000
551.000	71.000
552.000	99.000
553.000	104.000
554.000	108.000
555.000	86.000
556.000	94.000
557.000	95.000
558.000	102.000
559.000	90.000
560.000	101.000
561.000	96.000
562.000	88.000
563.000	94.000
564.000	107.000
565.000	104.000
566.000	99.000
567.000	89.000
568.000	90.000
569.000	116.000
570.000	115.000
571.000	106.000
572.000	101.000
573.000	99.000
574.000	94.000
575.000	113.000
576.000	118.000
577.000	117.000
578.000	115.000
579.000	120.000
580.000	119.000
581.000	94.000
582.000	121.000
583.000	116.000
584.000	122.000
585.000	128.000
586.000	128.000
587.000	123.000
588.000	118.000
589.000	106.000
590.000	116.000
591.000	104.000
592.000	118.000
593.000	116.000
594.000	115.000
595.000	108.000
596.000	127.000
597.000	111.000
598.000	119.000
599.000	137.000
600.000	139.000
601.000	139.000
602.000	135.000
603.000	130.000
604.000	119.000
605.000	124.000
606.000	141.000
607.000	104.000
608.000	145.000
609.000	117.000
610.000	131.000
611.000	134.000
612.000	126.000
613.000	132.000
614.000	131.000
615.000	134.000
616.000	158.000
617.000	115.000
618.000	148.000
619.000	141.000
620.000	129.000
621.000	156.000
622.000	149.000
623.000	132.000
624.000	152.000
625.000	150.000
626.000	138.000
627.000	129.000
628.000	144.000
629.000	170.000
630.000	146.000
631.000	156.000
632.000	146.000
633.000	134.000
634.000	149.000
635.000	141.000
636.000	158.000
637.000	132.000
638.000	150.000
639.000	159.000
640.000	161.000
641.000	140.000
642.000	172.000
643.000	148.000
644.000	188.000
645.000	165.000
646.000	189.000
647.000	174.000
648.000	182.000
649.000	202.000
650.000	167.000
651.000	206.000
652.000	155.000
653.000	185.000
654.000	172.000
655.000	165.000
656.000	169.000
657.000	174.000
658.000	168.000
659.000	208.000
660.000	156.000
661.000	165.000
662.000	201.000
663.000	182.000
664.000	164.000
665.000	163.000
666.000	175.000
667.000	176.000
668.000	169.000
669.000	185.000
670.000	195.000
671.000	206.000
672.000	203.000
673.000	183.000
674.000	186.000
675.000	166.000
676.000	183.000
677.000	187.000
678.000	207.000
679.000	184.000
680.000	171.000
681.000	184.000
682.000	211.000
683.000	214.000
684.000	200.000
685.000	212.000
686.000	175.000
687.000	185.000
688.000	226.000
689.000	202.000
690.000	182.000
691.000	178.000
692.000	172.000
693.000	209.000
694.000	220.000
695.000	214.000
696.000	236.000
697.000	211.000
698.000	193.000
699.000	216.000
700.000	213.000
701.000	226.000
702.000	230.000
703.000	230.000
704.000	249.000
705.000	233.000
706.000	219.000
707.000	232.000
708.000	230.000
709.000	193.000
710.000	214.000
711.000	184.000
712.000	221.000
713.000	210.000
714.000	212.000
715.000	200.000
716.000	236.000
717.000	212.000
718.000	231.000
719.000	202.000
720.000	209.000
721.000	222.000
722.000	248.000
723.000	229.000
724.000	236.000
725.000	216.000
726.000	220.000
727.000	237.000
728.000	222.000
729.000	245.000
730.000	215.000
731.000	240.000
732.000	254.000
733.000	231.000
734.000	247.000
735.000	223.000
736.000	234.000
737.000	240.000
738.000	238.000
739.000	239.000
740.000	251.000
741.000	241.000
742.000	249.000
743.000	236.000
744.000	223.000
745.000	268.000
746.000	239.000
747.000	219.000
748.000	246.000
749.000	239.000
750.000	251.000
751.000	247.000
752.000	260.000
753.000	252.000
754.000	233.000
755.000	259.000
756.000	244.000
757.000	246.000
758.000	235.000
759.000	246.000
760.000	263.000
761.000	235.000
762.000	246.000
763.000	267.000
764.000	289.000
765.000	256.000
766.000	261.000
767.000	253.000
768.000	271.000
769.000	303.000
770.000	272.000
771.000	266.000
772.000	298.000
773.000	277.000
774.000	285.000
775.000	252.000
776.000	284.000
777.000	300.000
778.000	273.000
779.000	244.000
780.000	278.000
781.000	244.000
782.000	284.000
783.000	259.000
784.000	277.000
785.000	246.000
786.000	260.000
787.000	258.000
788.000	252.000
789.000	271.000
790.000	279.000
791.000	263.000
792.000	267.000
793.000	250.000
794.000	266.000
795.000	265.000
796.000	250.000
797.000	281.000
798.000	296.000
799.000	267.000
800.000	255.000
801.000	279.000
802.000	282.000
803.000	282.000
804.000	281.000
805.000	276.000
806.000	284.000
807.000	284.000
808.000	283.000
809.000	292.000
810.000	274.000
811.000	287.000
812.000	295.000
813.000	303.000
814.000	276.000
815.000	297.000
816.000	299.000
817.000	285.000
818.000	273.000
819.000	285.000
820.000	291.000
821.000	281.000
822.000	288.000
823.000	325.000
824.000	304.000
825.000	277.000
826.000	293.000
827.000	281.000
828.000	272.000
829.000	286.000
830.000	287.000
831.000	282.000
832.000	302.000
833.000	293.000
834.000	295.000
835.000	268.000
836.000	314.000
837.000	298.000
838.000	291.000
839.000	318.000
840.000	293.000
841.000	342.000
842.000	307.000
843.000	305.000
844.000	298.000
845.000	302.000
846.000	324.000
847.000	326.000
848.000	315.000
849.000	307.000
850.000	331.000
851.000	337.000
852.000	347.000
853.000	350.000
854.000	357.000
855.000	367.000
856.000	353.000
857.000	334.000
858.000	386.000
859.000	345.000
860.000	353.000
861.000	393.000
862.000	367.000
863.000	386.000
864.000	390.000
865.000	433.000
866.000	393.000
867.000	411.000
868.000	408.000
869.000	436.000
870.000	414.000
871.000	437.000
872.000	478.000
873.000	437.000
874.000	476.000
875.000	498.000
876.000	563.000
877.000	551.000
878.000	526.000
879.000	610.000
880.000	659.000
881.000	693.000
882.000	727.000
883.000	747.000
884.000	842.000
885.000	830.000
886.000	961.000
887.000	1007.000
888.000	964.000
889.000	1073.000
890.000	1071.000
891.000	1214.000
892.000	1190.000
893.000	1306.000
894.000	1338.000
895.000	1409.000
896.000	1370.000
897.000	1372.000
898.000	1430.000
899.000	1481.000
900.000	1489.000
901.000	1402.000
902.000	1451.000
903.000	1404.000
904.000	1441.000
905.000	1379.000
906.000	1264.000
907.000	1321.000
908.000	1226.000
909.000	1151.000
910.000	1152.000
911.000	1065.000
912.000	1060.000
913.000	961.000
914.000	935.000
915.000	874.000
916.000	783.000
917.000	750.000
918.000	709.000
919.000	674.000
920.000	656.000
921.000	594.000
922.000	599.000
923.000	540.000
924.000	511.000
925.000	477.000
926.000	441.000
927.000	446.000
928.000	408.000
929.000	386.000
930.000	408.000
931.000	375.000
932.000	408.000
933.000	393.000
934.000	356.000
935.000	352.000
936.000	343.000
937.000	352.000
938.000	341.000
939.000	374.000
940.000	354.000
941.000	356.000
942.000	415.000
943.000	403.000
944.000	496.000
945.000	512.000
946.000	550.000
947.000	581.000
948.000	665.000
949.000	681.000
950.000	767.000
951.000	758.000
952.000	760.000
953.000	785.000
954.000	790.000
955.000	775.000
956.000	724.000
957.000	645.000
958.000	631.000
959.000	565.000
960.000	523.000
961.000	498.000
962.000	437.000
963.000	398.000
964.000	394.000
965.000	316.000
966.000	326.000
967.000	327.000
968.000	304.000
969.000	313.000
970.000	305.000
971.000	278.000
972.000	269.000
973.000	274.000
974.000	276.000
975.000	250.000
976.000	272.000
977.000	258.000
978.000	308.000
979.000	302.000
980.000	297.000
981.000	303.000
982.000	294.000
983.000	333.000
984.000	311.000
985.000	330.000
986.000	365.000
987.000	337.000
988.000	332.000
989.000	365.000
990.000	359.000
991.000	351.000
992.000	396.000
993.000	377.000
994.000	392.000
995.000	413.000
996.000	462.000
997.000	400.000
998.000	427.000
999.000	408.000
1000.000	441.000
1001.000	438.000
1002.000	402.000
1003.000	429.000
1004.000	428.000
1005.000	399.000
1006.000	434.000
1007.000	427.000
1008.000	412.000
1009.000	446.000
1010.000	439.000
1011.000	398.000
1012.000	417.000
1013.000	414.000
1014.000	387.000
1015.000	404.000
1016.000	391.000
1017.000	352.000
1018.000	392.000
1019.000	347.000
1020.000	297.000
1021.000	296.000
1022.000	266.000
1023.000	272.000
1024.000	249.000
