Date:	8/19/2008		Time:	9:25 AM		Version no:	0.00		Project name:	55		Sample name:	222		Section name:	section		Position	526.039995	mm	E0	0.000000	keV	E1	1.000000	keV/channel	sample surface	7.672061	cm	Tube anode:	Mo		Tube voltage:	30	kV	Tube current:	50	mA	gain	20		std. database			resultfile	result		matrix element	11		sample thickness	1.000000		air passage	0.560000	cm	comments	not in position		peaking_time	3.000000	m-sec	trigger_threshold	1229.166667	V	mca_bin_width	22.090000	no:	number_mca_channels	1024.000000	no:	gap_time	0.400000	m-sec	trigger_peaking_time	0.150000	m-sec	GAINDAC	9455		HIGHGAIN	1		TAURC	0		RCTAU	53		RCTAUFRAC	32768		livetime	9.717771	seconds	runtime	10.000503	seconds	input_count_rate	27.451253	cps	output_count_rate	21.052441	cps	triggers	266765	seconds	events_in_run	210535	seconds	channel	content		1.000	0.000
2.000	0.000
3.000	0.000
4.000	0.000
5.000	0.000
6.000	0.000
7.000	0.000
8.000	0.000
9.000	0.000
10.000	0.000
11.000	0.000
12.000	0.000
13.000	0.000
14.000	0.000
15.000	0.000
16.000	0.000
17.000	0.000
18.000	0.000
19.000	0.000
20.000	0.000
21.000	0.000
22.000	0.000
23.000	0.000
24.000	0.000
25.000	0.000
26.000	0.000
27.000	0.000
28.000	0.000
29.000	0.000
30.000	0.000
31.000	2.000
32.000	1.000
33.000	0.000
34.000	2.000
35.000	4.000
36.000	1.000
37.000	3.000
38.000	1.000
39.000	0.000
40.000	2.000
41.000	4.000
42.000	3.000
43.000	4.000
44.000	3.000
45.000	2.000
46.000	6.000
47.000	6.000
48.000	9.000
49.000	13.000
50.000	6.000
51.000	5.000
52.000	10.000
53.000	3.000
54.000	5.000
55.000	8.000
56.000	16.000
57.000	12.000
58.000	10.000
59.000	8.000
60.000	10.000
61.000	15.000
62.000	12.000
63.000	10.000
64.000	11.000
65.000	6.000
66.000	13.000
67.000	8.000
68.000	12.000
69.000	9.000
70.000	9.000
71.000	5.000
72.000	11.000
73.000	12.000
74.000	9.000
75.000	11.000
76.000	14.000
77.000	10.000
78.000	5.000
79.000	8.000
80.000	8.000
81.000	7.000
82.000	9.000
83.000	14.000
84.000	7.000
85.000	11.000
86.000	9.000
87.000	12.000
88.000	9.000
89.000	5.000
90.000	5.000
91.000	10.000
92.000	4.000
93.000	5.000
94.000	8.000
95.000	8.000
96.000	6.000
97.000	6.000
98.000	9.000
99.000	9.000
100.000	6.000
101.000	5.000
102.000	8.000
103.000	9.000
104.000	3.000
105.000	6.000
106.000	8.000
107.000	8.000
108.000	5.000
109.000	6.000
110.000	4.000
111.000	7.000
112.000	7.000
113.000	4.000
114.000	3.000
115.000	3.000
116.000	5.000
117.000	6.000
118.000	3.000
119.000	3.000
120.000	5.000
121.000	8.000
122.000	5.000
123.000	10.000
124.000	10.000
125.000	11.000
126.000	7.000
127.000	9.000
128.000	18.000
129.000	17.000
130.000	14.000
131.000	4.000
132.000	5.000
133.000	4.000
134.000	5.000
135.000	9.000
136.000	6.000
137.000	8.000
138.000	7.000
139.000	2.000
140.000	7.000
141.000	2.000
142.000	4.000
143.000	5.000
144.000	3.000
145.000	7.000
146.000	1.000
147.000	5.000
148.000	5.000
149.000	3.000
150.000	3.000
151.000	0.000
152.000	4.000
153.000	4.000
154.000	1.000
155.000	4.000
156.000	3.000
157.000	5.000
158.000	9.000
159.000	4.000
160.000	11.000
161.000	9.000
162.000	16.000
163.000	15.000
164.000	10.000
165.000	9.000
166.000	11.000
167.000	6.000
168.000	5.000
169.000	0.000
170.000	4.000
171.000	4.000
172.000	4.000
173.000	2.000
174.000	3.000
175.000	5.000
176.000	6.000
177.000	3.000
178.000	4.000
179.000	4.000
180.000	7.000
181.000	2.000
182.000	11.000
183.000	8.000
184.000	4.000
185.000	4.000
186.000	4.000
187.000	3.000
188.000	5.000
189.000	4.000
190.000	3.000
191.000	1.000
192.000	0.000
193.000	1.000
194.000	7.000
195.000	4.000
196.000	4.000
197.000	16.000
198.000	16.000
199.000	12.000
200.000	16.000
201.000	29.000
202.000	47.000
203.000	38.000
204.000	25.000
205.000	35.000
206.000	21.000
207.000	11.000
208.000	12.000
209.000	7.000
210.000	5.000
211.000	3.000
212.000	2.000
213.000	1.000
214.000	3.000
215.000	3.000
216.000	2.000
217.000	8.000
218.000	8.000
219.000	12.000
220.000	6.000
221.000	9.000
222.000	7.000
223.000	11.000
224.000	8.000
225.000	4.000
226.000	2.000
227.000	5.000
228.000	7.000
229.000	6.000
230.000	4.000
231.000	1.000
232.000	5.000
233.000	4.000
234.000	3.000
235.000	2.000
236.000	3.000
237.000	0.000
238.000	3.000
239.000	4.000
240.000	4.000
241.000	4.000
242.000	7.000
243.000	8.000
244.000	7.000
245.000	6.000
246.000	6.000
247.000	8.000
248.000	12.000
249.000	7.000
250.000	9.000
251.000	14.000
252.000	5.000
253.000	7.000
254.000	7.000
255.000	7.000
256.000	5.000
257.000	7.000
258.000	10.000
259.000	6.000
260.000	5.000
261.000	4.000
262.000	1.000
263.000	6.000
264.000	7.000
265.000	3.000
266.000	4.000
267.000	10.000
268.000	7.000
269.000	7.000
270.000	10.000
271.000	4.000
272.000	5.000
273.000	8.000
274.000	8.000
275.000	6.000
276.000	2.000
277.000	3.000
278.000	6.000
279.000	2.000
280.000	4.000
281.000	6.000
282.000	7.000
283.000	9.000
284.000	8.000
285.000	4.000
286.000	4.000
287.000	6.000
288.000	4.000
289.000	3.000
290.000	8.000
291.000	3.000
292.000	12.000
293.000	9.000
294.000	5.000
295.000	12.000
296.000	8.000
297.000	4.000
298.000	2.000
299.000	9.000
300.000	3.000
301.000	10.000
302.000	8.000
303.000	10.000
304.000	8.000
305.000	4.000
306.000	4.000
307.000	4.000
308.000	4.000
309.000	6.000
310.000	11.000
311.000	9.000
312.000	4.000
313.000	8.000
314.000	6.000
315.000	8.000
316.000	12.000
317.000	13.000
318.000	28.000
319.000	39.000
320.000	38.000
321.000	53.000
322.000	61.000
323.000	49.000
324.000	56.000
325.000	52.000
326.000	29.000
327.000	28.000
328.000	13.000
329.000	13.000
330.000	18.000
331.000	18.000
332.000	8.000
333.000	13.000
334.000	8.000
335.000	7.000
336.000	9.000
337.000	13.000
338.000	12.000
339.000	21.000
340.000	24.000
341.000	48.000
342.000	57.000
343.000	112.000
344.000	178.000
345.000	301.000
346.000	386.000
347.000	561.000
348.000	707.000
349.000	871.000
350.000	948.000
351.000	961.000
352.000	939.000
353.000	730.000
354.000	614.000
355.000	464.000
356.000	313.000
357.000	241.000
358.000	128.000
359.000	70.000
360.000	37.000
361.000	25.000
362.000	16.000
363.000	15.000
364.000	14.000
365.000	8.000
366.000	15.000
367.000	13.000
368.000	17.000
369.000	8.000
370.000	15.000
371.000	13.000
372.000	16.000
373.000	21.000
374.000	16.000
375.000	20.000
376.000	23.000
377.000	26.000
378.000	41.000
379.000	32.000
380.000	45.000
381.000	79.000
382.000	96.000
383.000	128.000
384.000	120.000
385.000	166.000
386.000	195.000
387.000	181.000
388.000	157.000
389.000	131.000
390.000	109.000
391.000	88.000
392.000	73.000
393.000	40.000
394.000	29.000
395.000	26.000
396.000	24.000
397.000	29.000
398.000	14.000
399.000	19.000
400.000	17.000
401.000	18.000
402.000	18.000
403.000	21.000
404.000	27.000
405.000	14.000
406.000	22.000
407.000	20.000
408.000	23.000
409.000	20.000
410.000	19.000
411.000	21.000
412.000	20.000
413.000	19.000
414.000	29.000
415.000	21.000
416.000	14.000
417.000	18.000
418.000	22.000
419.000	25.000
420.000	22.000
421.000	23.000
422.000	19.000
423.000	21.000
424.000	28.000
425.000	27.000
426.000	24.000
427.000	33.000
428.000	29.000
429.000	21.000
430.000	31.000
431.000	20.000
432.000	27.000
433.000	27.000
434.000	30.000
435.000	33.000
436.000	25.000
437.000	40.000
438.000	30.000
439.000	31.000
440.000	33.000
441.000	46.000
442.000	31.000
443.000	38.000
444.000	41.000
445.000	33.000
446.000	37.000
447.000	32.000
448.000	41.000
449.000	35.000
450.000	46.000
451.000	42.000
452.000	33.000
453.000	40.000
454.000	32.000
455.000	34.000
456.000	33.000
457.000	41.000
458.000	42.000
459.000	38.000
460.000	46.000
461.000	46.000
462.000	35.000
463.000	50.000
464.000	35.000
465.000	31.000
466.000	46.000
467.000	37.000
468.000	42.000
469.000	35.000
470.000	40.000
471.000	52.000
472.000	44.000
473.000	56.000
474.000	52.000
475.000	40.000
476.000	50.000
477.000	49.000
478.000	48.000
479.000	36.000
480.000	39.000
481.000	47.000
482.000	55.000
483.000	49.000
484.000	60.000
485.000	44.000
486.000	54.000
487.000	42.000
488.000	55.000
489.000	53.000
490.000	50.000
491.000	65.000
492.000	53.000
493.000	58.000
494.000	47.000
495.000	56.000
496.000	46.000
497.000	32.000
498.000	60.000
499.000	48.000
500.000	55.000
501.000	58.000
502.000	51.000
503.000	57.000
504.000	69.000
505.000	60.000
506.000	71.000
507.000	56.000
508.000	65.000
509.000	74.000
510.000	60.000
511.000	59.000
512.000	68.000
513.000	48.000
514.000	59.000
515.000	60.000
516.000	62.000
517.000	75.000
518.000	62.000
519.000	79.000
520.000	64.000
521.000	77.000
522.000	69.000
523.000	67.000
524.000	68.000
525.000	79.000
526.000	92.000
527.000	68.000
528.000	64.000
529.000	73.000
530.000	73.000
531.000	70.000
532.000	75.000
533.000	76.000
534.000	99.000
535.000	71.000
536.000	79.000
537.000	73.000
538.000	77.000
539.000	93.000
540.000	73.000
541.000	98.000
542.000	75.000
543.000	79.000
544.000	79.000
545.000	72.000
546.000	93.000
547.000	76.000
548.000	75.000
549.000	91.000
550.000	84.000
551.000	83.000
552.000	80.000
553.000	65.000
554.000	81.000
555.000	94.000
556.000	85.000
557.000	79.000
558.000	99.000
559.000	96.000
560.000	90.000
561.000	95.000
562.000	94.000
563.000	95.000
564.000	111.000
565.000	88.000
566.000	92.000
567.000	103.000
568.000	106.000
569.000	87.000
570.000	101.000
571.000	82.000
572.000	89.000
573.000	94.000
574.000	99.000
575.000	102.000
576.000	126.000
577.000	106.000
578.000	108.000
579.000	115.000
580.000	131.000
581.000	110.000
582.000	104.000
583.000	113.000
584.000	119.000
585.000	118.000
586.000	104.000
587.000	113.000
588.000	102.000
589.000	98.000
590.000	97.000
591.000	124.000
592.000	118.000
593.000	121.000
594.000	99.000
595.000	111.000
596.000	132.000
597.000	125.000
598.000	115.000
599.000	113.000
600.000	131.000
601.000	133.000
602.000	142.000
603.000	122.000
604.000	103.000
605.000	139.000
606.000	123.000
607.000	134.000
608.000	133.000
609.000	134.000
610.000	128.000
611.000	137.000
612.000	106.000
613.000	133.000
614.000	147.000
615.000	141.000
616.000	147.000
617.000	135.000
618.000	156.000
619.000	144.000
620.000	137.000
621.000	139.000
622.000	145.000
623.000	140.000
624.000	150.000
625.000	161.000
626.000	150.000
627.000	119.000
628.000	149.000
629.000	149.000
630.000	168.000
631.000	146.000
632.000	145.000
633.000	153.000
634.000	139.000
635.000	138.000
636.000	132.000
637.000	151.000
638.000	173.000
639.000	142.000
640.000	166.000
641.000	154.000
642.000	170.000
643.000	181.000
644.000	164.000
645.000	153.000
646.000	159.000
647.000	153.000
648.000	168.000
649.000	186.000
650.000	165.000
651.000	170.000
652.000	164.000
653.000	191.000
654.000	166.000
655.000	194.000
656.000	194.000
657.000	159.000
658.000	173.000
659.000	164.000
660.000	178.000
661.000	149.000
662.000	170.000
663.000	193.000
664.000	160.000
665.000	176.000
666.000	174.000
667.000	173.000
668.000	194.000
669.000	169.000
670.000	182.000
671.000	155.000
672.000	173.000
673.000	177.000
674.000	173.000
675.000	200.000
676.000	167.000
677.000	199.000
678.000	189.000
679.000	198.000
680.000	145.000
681.000	212.000
682.000	194.000
683.000	189.000
684.000	159.000
685.000	184.000
686.000	182.000
687.000	173.000
688.000	204.000
689.000	202.000
690.000	196.000
691.000	191.000
692.000	184.000
693.000	191.000
694.000	197.000
695.000	204.000
696.000	192.000
697.000	215.000
698.000	235.000
699.000	203.000
700.000	229.000
701.000	193.000
702.000	197.000
703.000	189.000
704.000	195.000
705.000	230.000
706.000	201.000
707.000	221.000
708.000	199.000
709.000	203.000
710.000	187.000
711.000	211.000
712.000	223.000
713.000	215.000
714.000	221.000
715.000	196.000
716.000	228.000
717.000	188.000
718.000	200.000
719.000	196.000
720.000	219.000
721.000	234.000
722.000	234.000
723.000	231.000
724.000	233.000
725.000	262.000
726.000	241.000
727.000	226.000
728.000	217.000
729.000	245.000
730.000	224.000
731.000	227.000
732.000	225.000
733.000	229.000
734.000	231.000
735.000	239.000
736.000	207.000
737.000	250.000
738.000	223.000
739.000	217.000
740.000	236.000
741.000	233.000
742.000	215.000
743.000	249.000
744.000	257.000
745.000	224.000
746.000	231.000
747.000	221.000
748.000	234.000
749.000	240.000
750.000	238.000
751.000	252.000
752.000	221.000
753.000	229.000
754.000	265.000
755.000	223.000
756.000	264.000
757.000	212.000
758.000	211.000
759.000	223.000
760.000	255.000
761.000	216.000
762.000	235.000
763.000	222.000
764.000	245.000
765.000	257.000
766.000	263.000
767.000	250.000
768.000	270.000
769.000	297.000
770.000	258.000
771.000	260.000
772.000	256.000
773.000	289.000
774.000	296.000
775.000	267.000
776.000	271.000
777.000	279.000
778.000	255.000
779.000	253.000
780.000	259.000
781.000	249.000
782.000	271.000
783.000	296.000
784.000	268.000
785.000	260.000
786.000	239.000
787.000	281.000
788.000	264.000
789.000	252.000
790.000	262.000
791.000	250.000
792.000	260.000
793.000	253.000
794.000	278.000
795.000	273.000
796.000	256.000
797.000	284.000
798.000	280.000
799.000	258.000
800.000	260.000
801.000	273.000
802.000	272.000
803.000	275.000
804.000	263.000
805.000	234.000
806.000	252.000
807.000	265.000
808.000	259.000
809.000	253.000
810.000	278.000
811.000	277.000
812.000	256.000
813.000	254.000
814.000	269.000
815.000	260.000
816.000	269.000
817.000	257.000
818.000	292.000
819.000	280.000
820.000	298.000
821.000	256.000
822.000	295.000
823.000	308.000
824.000	312.000
825.000	249.000
826.000	300.000
827.000	262.000
828.000	292.000
829.000	272.000
830.000	301.000
831.000	284.000
832.000	286.000
833.000	304.000
834.000	284.000
835.000	278.000
836.000	277.000
837.000	305.000
838.000	268.000
839.000	310.000
840.000	306.000
841.000	313.000
842.000	285.000
843.000	258.000
844.000	290.000
845.000	327.000
846.000	290.000
847.000	329.000
848.000	302.000
849.000	301.000
850.000	321.000
851.000	310.000
852.000	328.000
853.000	312.000
854.000	327.000
855.000	324.000
856.000	320.000
857.000	376.000
858.000	364.000
859.000	325.000
860.000	350.000
861.000	355.000
862.000	395.000
863.000	372.000
864.000	338.000
865.000	387.000
866.000	379.000
867.000	404.000
868.000	402.000
869.000	395.000
870.000	402.000
871.000	447.000
872.000	446.000
873.000	423.000
874.000	485.000
875.000	481.000
876.000	483.000
877.000	575.000
878.000	567.000
879.000	574.000
880.000	580.000
881.000	655.000
882.000	668.000
883.000	692.000
884.000	761.000
885.000	821.000
886.000	832.000
887.000	905.000
888.000	922.000
889.000	973.000
890.000	1045.000
891.000	1103.000
892.000	1200.000
893.000	1296.000
894.000	1234.000
895.000	1314.000
896.000	1392.000
897.000	1364.000
898.000	1461.000
899.000	1399.000
900.000	1459.000
901.000	1402.000
902.000	1401.000
903.000	1391.000
904.000	1360.000
905.000	1340.000
906.000	1243.000
907.000	1271.000
908.000	1211.000
909.000	1195.000
910.000	1085.000
911.000	1075.000
912.000	986.000
913.000	913.000
914.000	859.000
915.000	886.000
916.000	786.000
917.000	745.000
918.000	719.000
919.000	667.000
920.000	619.000
921.000	579.000
922.000	569.000
923.000	536.000
924.000	483.000
925.000	455.000
926.000	447.000
927.000	479.000
928.000	426.000
929.000	373.000
930.000	363.000
931.000	357.000
932.000	355.000
933.000	378.000
934.000	338.000
935.000	339.000
936.000	338.000
937.000	379.000
938.000	339.000
939.000	370.000
940.000	348.000
941.000	380.000
942.000	362.000
943.000	431.000
944.000	438.000
945.000	517.000
946.000	544.000
947.000	568.000
948.000	558.000
949.000	670.000
950.000	700.000
951.000	716.000
952.000	763.000
953.000	747.000
954.000	778.000
955.000	751.000
956.000	706.000
957.000	693.000
958.000	687.000
959.000	602.000
960.000	540.000
961.000	448.000
962.000	449.000
963.000	398.000
964.000	323.000
965.000	322.000
966.000	336.000
967.000	281.000
968.000	286.000
969.000	259.000
970.000	278.000
971.000	295.000
972.000	253.000
973.000	251.000
974.000	298.000
975.000	256.000
976.000	284.000
977.000	273.000
978.000	283.000
979.000	286.000
980.000	288.000
981.000	313.000
982.000	323.000
983.000	321.000
984.000	266.000
985.000	334.000
986.000	311.000
987.000	328.000
988.000	308.000
989.000	345.000
990.000	370.000
991.000	341.000
992.000	372.000
993.000	359.000
994.000	374.000
995.000	368.000
996.000	370.000
997.000	390.000
998.000	391.000
999.000	406.000
1000.000	436.000
1001.000	449.000
1002.000	471.000
1003.000	398.000
1004.000	421.000
1005.000	440.000
1006.000	424.000
1007.000	445.000
1008.000	393.000
1009.000	425.000
1010.000	416.000
1011.000	360.000
1012.000	387.000
1013.000	377.000
1014.000	350.000
1015.000	372.000
1016.000	371.000
1017.000	335.000
1018.000	308.000
1019.000	337.000
1020.000	293.000
1021.000	304.000
1022.000	310.000
1023.000	310.000
1024.000	274.000
