Date:	8/19/2008		Time:	10:02 AM		Version no:	0.00		Project name:	55		Sample name:	222		Section name:	section		Position	926.039995	mm	E0	0.000000	keV	E1	1.000000	keV/channel	sample surface	7.803948	cm	Tube anode:	Mo		Tube voltage:	30	kV	Tube current:	50	mA	gain	20		std. database			resultfile	result		matrix element	11		sample thickness	1.000000		air passage	0.560000	cm	comments	in position		peaking_time	3.000000	m-sec	trigger_threshold	1229.166667	V	mca_bin_width	22.090000	no:	number_mca_channels	1024.000000	no:	gap_time	0.400000	m-sec	trigger_peaking_time	0.150000	m-sec	GAINDAC	9455		HIGHGAIN	1		TAURC	0		RCTAU	53		RCTAUFRAC	32768		livetime	9.693455	seconds	runtime	10.000502	seconds	input_count_rate	28.955929	cps	output_count_rate	21.920999	cps	triggers	280683	seconds	events_in_run	219221	seconds	channel	content		1.000	0.000
2.000	0.000
3.000	0.000
4.000	0.000
5.000	0.000
6.000	0.000
7.000	0.000
8.000	0.000
9.000	0.000
10.000	0.000
11.000	0.000
12.000	0.000
13.000	0.000
14.000	0.000
15.000	0.000
16.000	0.000
17.000	0.000
18.000	0.000
19.000	0.000
20.000	0.000
21.000	0.000
22.000	0.000
23.000	0.000
24.000	0.000
25.000	0.000
26.000	0.000
27.000	0.000
28.000	0.000
29.000	0.000
30.000	0.000
31.000	0.000
32.000	1.000
33.000	0.000
34.000	2.000
35.000	2.000
36.000	0.000
37.000	4.000
38.000	1.000
39.000	0.000
40.000	0.000
41.000	3.000
42.000	4.000
43.000	2.000
44.000	5.000
45.000	3.000
46.000	7.000
47.000	7.000
48.000	9.000
49.000	9.000
50.000	15.000
51.000	11.000
52.000	10.000
53.000	10.000
54.000	7.000
55.000	11.000
56.000	8.000
57.000	11.000
58.000	5.000
59.000	10.000
60.000	9.000
61.000	16.000
62.000	7.000
63.000	12.000
64.000	8.000
65.000	9.000
66.000	8.000
67.000	11.000
68.000	9.000
69.000	8.000
70.000	6.000
71.000	11.000
72.000	12.000
73.000	10.000
74.000	12.000
75.000	6.000
76.000	10.000
77.000	8.000
78.000	5.000
79.000	10.000
80.000	11.000
81.000	10.000
82.000	12.000
83.000	4.000
84.000	7.000
85.000	10.000
86.000	5.000
87.000	12.000
88.000	5.000
89.000	8.000
90.000	7.000
91.000	3.000
92.000	13.000
93.000	6.000
94.000	9.000
95.000	9.000
96.000	14.000
97.000	7.000
98.000	9.000
99.000	10.000
100.000	10.000
101.000	6.000
102.000	8.000
103.000	11.000
104.000	11.000
105.000	7.000
106.000	7.000
107.000	5.000
108.000	8.000
109.000	3.000
110.000	7.000
111.000	4.000
112.000	11.000
113.000	7.000
114.000	8.000
115.000	7.000
116.000	2.000
117.000	8.000
118.000	6.000
119.000	5.000
120.000	5.000
121.000	5.000
122.000	10.000
123.000	11.000
124.000	7.000
125.000	6.000
126.000	10.000
127.000	10.000
128.000	14.000
129.000	14.000
130.000	11.000
131.000	9.000
132.000	8.000
133.000	7.000
134.000	4.000
135.000	3.000
136.000	5.000
137.000	3.000
138.000	4.000
139.000	7.000
140.000	7.000
141.000	4.000
142.000	4.000
143.000	5.000
144.000	4.000
145.000	4.000
146.000	8.000
147.000	2.000
148.000	4.000
149.000	3.000
150.000	8.000
151.000	6.000
152.000	5.000
153.000	6.000
154.000	2.000
155.000	1.000
156.000	6.000
157.000	4.000
158.000	6.000
159.000	4.000
160.000	10.000
161.000	9.000
162.000	12.000
163.000	14.000
164.000	5.000
165.000	13.000
166.000	12.000
167.000	5.000
168.000	5.000
169.000	6.000
170.000	2.000
171.000	2.000
172.000	6.000
173.000	6.000
174.000	6.000
175.000	5.000
176.000	8.000
177.000	2.000
178.000	7.000
179.000	7.000
180.000	12.000
181.000	11.000
182.000	15.000
183.000	6.000
184.000	5.000
185.000	6.000
186.000	5.000
187.000	5.000
188.000	1.000
189.000	3.000
190.000	2.000
191.000	2.000
192.000	1.000
193.000	6.000
194.000	4.000
195.000	4.000
196.000	5.000
197.000	18.000
198.000	8.000
199.000	21.000
200.000	16.000
201.000	24.000
202.000	33.000
203.000	35.000
204.000	24.000
205.000	23.000
206.000	17.000
207.000	12.000
208.000	10.000
209.000	11.000
210.000	4.000
211.000	3.000
212.000	2.000
213.000	3.000
214.000	3.000
215.000	2.000
216.000	4.000
217.000	3.000
218.000	8.000
219.000	4.000
220.000	7.000
221.000	11.000
222.000	7.000
223.000	11.000
224.000	6.000
225.000	3.000
226.000	2.000
227.000	3.000
228.000	3.000
229.000	3.000
230.000	2.000
231.000	4.000
232.000	5.000
233.000	5.000
234.000	7.000
235.000	4.000
236.000	5.000
237.000	0.000
238.000	2.000
239.000	4.000
240.000	8.000
241.000	7.000
242.000	4.000
243.000	4.000
244.000	6.000
245.000	11.000
246.000	13.000
247.000	17.000
248.000	6.000
249.000	9.000
250.000	11.000
251.000	7.000
252.000	15.000
253.000	3.000
254.000	5.000
255.000	8.000
256.000	7.000
257.000	8.000
258.000	4.000
259.000	7.000
260.000	14.000
261.000	6.000
262.000	4.000
263.000	5.000
264.000	4.000
265.000	7.000
266.000	3.000
267.000	3.000
268.000	7.000
269.000	6.000
270.000	5.000
271.000	11.000
272.000	9.000
273.000	9.000
274.000	4.000
275.000	6.000
276.000	3.000
277.000	3.000
278.000	2.000
279.000	7.000
280.000	11.000
281.000	7.000
282.000	10.000
283.000	6.000
284.000	1.000
285.000	7.000
286.000	6.000
287.000	2.000
288.000	7.000
289.000	6.000
290.000	6.000
291.000	4.000
292.000	7.000
293.000	6.000
294.000	11.000
295.000	7.000
296.000	7.000
297.000	8.000
298.000	6.000
299.000	11.000
300.000	11.000
301.000	9.000
302.000	7.000
303.000	13.000
304.000	8.000
305.000	3.000
306.000	6.000
307.000	8.000
308.000	8.000
309.000	5.000
310.000	3.000
311.000	10.000
312.000	3.000
313.000	11.000
314.000	12.000
315.000	13.000
316.000	8.000
317.000	14.000
318.000	29.000
319.000	25.000
320.000	38.000
321.000	48.000
322.000	33.000
323.000	43.000
324.000	38.000
325.000	38.000
326.000	34.000
327.000	29.000
328.000	19.000
329.000	26.000
330.000	11.000
331.000	13.000
332.000	14.000
333.000	13.000
334.000	12.000
335.000	12.000
336.000	20.000
337.000	6.000
338.000	15.000
339.000	21.000
340.000	26.000
341.000	45.000
342.000	51.000
343.000	105.000
344.000	179.000
345.000	269.000
346.000	436.000
347.000	574.000
348.000	779.000
349.000	959.000
350.000	985.000
351.000	957.000
352.000	901.000
353.000	782.000
354.000	593.000
355.000	465.000
356.000	322.000
357.000	213.000
358.000	132.000
359.000	78.000
360.000	44.000
361.000	29.000
362.000	25.000
363.000	15.000
364.000	21.000
365.000	16.000
366.000	24.000
367.000	18.000
368.000	9.000
369.000	19.000
370.000	12.000
371.000	28.000
372.000	19.000
373.000	12.000
374.000	18.000
375.000	34.000
376.000	19.000
377.000	25.000
378.000	38.000
379.000	43.000
380.000	53.000
381.000	76.000
382.000	80.000
383.000	114.000
384.000	151.000
385.000	147.000
386.000	164.000
387.000	190.000
388.000	152.000
389.000	146.000
390.000	117.000
391.000	97.000
392.000	66.000
393.000	57.000
394.000	40.000
395.000	32.000
396.000	23.000
397.000	24.000
398.000	15.000
399.000	20.000
400.000	16.000
401.000	16.000
402.000	15.000
403.000	25.000
404.000	31.000
405.000	29.000
406.000	20.000
407.000	20.000
408.000	25.000
409.000	26.000
410.000	17.000
411.000	26.000
412.000	22.000
413.000	29.000
414.000	25.000
415.000	22.000
416.000	28.000
417.000	32.000
418.000	20.000
419.000	25.000
420.000	28.000
421.000	27.000
422.000	23.000
423.000	20.000
424.000	23.000
425.000	32.000
426.000	27.000
427.000	32.000
428.000	27.000
429.000	27.000
430.000	28.000
431.000	35.000
432.000	29.000
433.000	20.000
434.000	37.000
435.000	35.000
436.000	41.000
437.000	33.000
438.000	29.000
439.000	33.000
440.000	41.000
441.000	38.000
442.000	34.000
443.000	40.000
444.000	52.000
445.000	31.000
446.000	54.000
447.000	38.000
448.000	34.000
449.000	35.000
450.000	45.000
451.000	30.000
452.000	41.000
453.000	34.000
454.000	46.000
455.000	41.000
456.000	28.000
457.000	35.000
458.000	45.000
459.000	41.000
460.000	51.000
461.000	40.000
462.000	46.000
463.000	46.000
464.000	48.000
465.000	50.000
466.000	46.000
467.000	45.000
468.000	47.000
469.000	50.000
470.000	64.000
471.000	45.000
472.000	54.000
473.000	54.000
474.000	39.000
475.000	41.000
476.000	47.000
477.000	58.000
478.000	55.000
479.000	49.000
480.000	48.000
481.000	47.000
482.000	44.000
483.000	48.000
484.000	53.000
485.000	45.000
486.000	48.000
487.000	55.000
488.000	38.000
489.000	70.000
490.000	64.000
491.000	55.000
492.000	55.000
493.000	57.000
494.000	58.000
495.000	50.000
496.000	55.000
497.000	60.000
498.000	60.000
499.000	57.000
500.000	76.000
501.000	68.000
502.000	71.000
503.000	63.000
504.000	51.000
505.000	57.000
506.000	77.000
507.000	63.000
508.000	66.000
509.000	86.000
510.000	66.000
511.000	72.000
512.000	68.000
513.000	68.000
514.000	83.000
515.000	82.000
516.000	84.000
517.000	72.000
518.000	70.000
519.000	75.000
520.000	83.000
521.000	79.000
522.000	70.000
523.000	85.000
524.000	80.000
525.000	87.000
526.000	90.000
527.000	74.000
528.000	88.000
529.000	90.000
530.000	73.000
531.000	74.000
532.000	78.000
533.000	89.000
534.000	80.000
535.000	104.000
536.000	81.000
537.000	77.000
538.000	73.000
539.000	89.000
540.000	74.000
541.000	80.000
542.000	89.000
543.000	94.000
544.000	90.000
545.000	93.000
546.000	93.000
547.000	104.000
548.000	96.000
549.000	85.000
550.000	80.000
551.000	99.000
552.000	118.000
553.000	94.000
554.000	96.000
555.000	74.000
556.000	98.000
557.000	100.000
558.000	93.000
559.000	96.000
560.000	89.000
561.000	117.000
562.000	109.000
563.000	114.000
564.000	99.000
565.000	109.000
566.000	90.000
567.000	104.000
568.000	94.000
569.000	110.000
570.000	115.000
571.000	110.000
572.000	114.000
573.000	125.000
574.000	117.000
575.000	119.000
576.000	131.000
577.000	99.000
578.000	128.000
579.000	108.000
580.000	115.000
581.000	100.000
582.000	128.000
583.000	116.000
584.000	122.000
585.000	102.000
586.000	123.000
587.000	130.000
588.000	109.000
589.000	115.000
590.000	123.000
591.000	120.000
592.000	140.000
593.000	123.000
594.000	138.000
595.000	112.000
596.000	100.000
597.000	122.000
598.000	111.000
599.000	119.000
600.000	129.000
601.000	146.000
602.000	148.000
603.000	132.000
604.000	134.000
605.000	144.000
606.000	108.000
607.000	154.000
608.000	131.000
609.000	138.000
610.000	132.000
611.000	145.000
612.000	161.000
613.000	131.000
614.000	151.000
615.000	153.000
616.000	153.000
617.000	124.000
618.000	140.000
619.000	139.000
620.000	165.000
621.000	140.000
622.000	166.000
623.000	155.000
624.000	147.000
625.000	148.000
626.000	149.000
627.000	134.000
628.000	156.000
629.000	133.000
630.000	159.000
631.000	169.000
632.000	146.000
633.000	156.000
634.000	139.000
635.000	167.000
636.000	192.000
637.000	165.000
638.000	134.000
639.000	178.000
640.000	162.000
641.000	163.000
642.000	174.000
643.000	187.000
644.000	175.000
645.000	194.000
646.000	181.000
647.000	175.000
648.000	232.000
649.000	167.000
650.000	180.000
651.000	180.000
652.000	201.000
653.000	204.000
654.000	187.000
655.000	172.000
656.000	182.000
657.000	186.000
658.000	184.000
659.000	191.000
660.000	201.000
661.000	176.000
662.000	188.000
663.000	197.000
664.000	196.000
665.000	160.000
666.000	170.000
667.000	181.000
668.000	167.000
669.000	175.000
670.000	159.000
671.000	186.000
672.000	204.000
673.000	195.000
674.000	176.000
675.000	210.000
676.000	210.000
677.000	165.000
678.000	182.000
679.000	206.000
680.000	197.000
681.000	221.000
682.000	206.000
683.000	193.000
684.000	200.000
685.000	208.000
686.000	183.000
687.000	189.000
688.000	179.000
689.000	184.000
690.000	202.000
691.000	201.000
692.000	214.000
693.000	204.000
694.000	188.000
695.000	229.000
696.000	213.000
697.000	211.000
698.000	215.000
699.000	226.000
700.000	195.000
701.000	209.000
702.000	200.000
703.000	206.000
704.000	193.000
705.000	233.000
706.000	217.000
707.000	225.000
708.000	213.000
709.000	212.000
710.000	197.000
711.000	234.000
712.000	209.000
713.000	220.000
714.000	211.000
715.000	216.000
716.000	230.000
717.000	231.000
718.000	218.000
719.000	205.000
720.000	219.000
721.000	249.000
722.000	245.000
723.000	232.000
724.000	267.000
725.000	209.000
726.000	232.000
727.000	230.000
728.000	237.000
729.000	237.000
730.000	262.000
731.000	255.000
732.000	225.000
733.000	257.000
734.000	256.000
735.000	236.000
736.000	246.000
737.000	259.000
738.000	263.000
739.000	274.000
740.000	228.000
741.000	255.000
742.000	249.000
743.000	240.000
744.000	242.000
745.000	230.000
746.000	269.000
747.000	246.000
748.000	238.000
749.000	235.000
750.000	221.000
751.000	264.000
752.000	246.000
753.000	258.000
754.000	237.000
755.000	257.000
756.000	268.000
757.000	224.000
758.000	263.000
759.000	262.000
760.000	249.000
761.000	228.000
762.000	284.000
763.000	266.000
764.000	278.000
765.000	246.000
766.000	250.000
767.000	277.000
768.000	290.000
769.000	272.000
770.000	306.000
771.000	265.000
772.000	301.000
773.000	281.000
774.000	297.000
775.000	283.000
776.000	281.000
777.000	295.000
778.000	284.000
779.000	305.000
780.000	270.000
781.000	278.000
782.000	229.000
783.000	291.000
784.000	256.000
785.000	300.000
786.000	259.000
787.000	262.000
788.000	280.000
789.000	276.000
790.000	289.000
791.000	261.000
792.000	285.000
793.000	266.000
794.000	249.000
795.000	289.000
796.000	262.000
797.000	298.000
798.000	290.000
799.000	266.000
800.000	267.000
801.000	281.000
802.000	291.000
803.000	267.000
804.000	273.000
805.000	285.000
806.000	290.000
807.000	292.000
808.000	283.000
809.000	278.000
810.000	269.000
811.000	272.000
812.000	283.000
813.000	266.000
814.000	269.000
815.000	335.000
816.000	265.000
817.000	318.000
818.000	285.000
819.000	275.000
820.000	290.000
821.000	306.000
822.000	303.000
823.000	273.000
824.000	289.000
825.000	285.000
826.000	288.000
827.000	290.000
828.000	296.000
829.000	298.000
830.000	312.000
831.000	310.000
832.000	285.000
833.000	277.000
834.000	294.000
835.000	288.000
836.000	308.000
837.000	277.000
838.000	329.000
839.000	300.000
840.000	304.000
841.000	294.000
842.000	305.000
843.000	332.000
844.000	348.000
845.000	342.000
846.000	318.000
847.000	282.000
848.000	327.000
849.000	310.000
850.000	338.000
851.000	340.000
852.000	348.000
853.000	310.000
854.000	314.000
855.000	368.000
856.000	346.000
857.000	359.000
858.000	352.000
859.000	375.000
860.000	401.000
861.000	393.000
862.000	377.000
863.000	388.000
864.000	390.000
865.000	413.000
866.000	374.000
867.000	419.000
868.000	404.000
869.000	380.000
870.000	402.000
871.000	484.000
872.000	437.000
873.000	494.000
874.000	488.000
875.000	488.000
876.000	516.000
877.000	542.000
878.000	565.000
879.000	596.000
880.000	601.000
881.000	679.000
882.000	724.000
883.000	732.000
884.000	756.000
885.000	845.000
886.000	856.000
887.000	887.000
888.000	980.000
889.000	1087.000
890.000	1150.000
891.000	1120.000
892.000	1228.000
893.000	1309.000
894.000	1289.000
895.000	1361.000
896.000	1398.000
897.000	1382.000
898.000	1427.000
899.000	1470.000
900.000	1414.000
901.000	1457.000
902.000	1484.000
903.000	1402.000
904.000	1448.000
905.000	1387.000
906.000	1368.000
907.000	1316.000
908.000	1228.000
909.000	1214.000
910.000	1161.000
911.000	1074.000
912.000	1039.000
913.000	931.000
914.000	914.000
915.000	907.000
916.000	820.000
917.000	825.000
918.000	699.000
919.000	693.000
920.000	646.000
921.000	566.000
922.000	571.000
923.000	533.000
924.000	540.000
925.000	507.000
926.000	483.000
927.000	442.000
928.000	448.000
929.000	418.000
930.000	391.000
931.000	414.000
932.000	363.000
933.000	359.000
934.000	375.000
935.000	349.000
936.000	376.000
937.000	347.000
938.000	387.000
939.000	351.000
940.000	361.000
941.000	370.000
942.000	422.000
943.000	446.000
944.000	440.000
945.000	516.000
946.000	535.000
947.000	578.000
948.000	669.000
949.000	701.000
950.000	757.000
951.000	790.000
952.000	772.000
953.000	812.000
954.000	812.000
955.000	758.000
956.000	732.000
957.000	716.000
958.000	682.000
959.000	640.000
960.000	549.000
961.000	493.000
962.000	431.000
963.000	424.000
964.000	378.000
965.000	337.000
966.000	306.000
967.000	321.000
968.000	287.000
969.000	289.000
970.000	307.000
971.000	279.000
972.000	279.000
973.000	252.000
974.000	294.000
975.000	307.000
976.000	290.000
977.000	325.000
978.000	294.000
979.000	310.000
980.000	321.000
981.000	252.000
982.000	299.000
983.000	320.000
984.000	320.000
985.000	364.000
986.000	322.000
987.000	352.000
988.000	338.000
989.000	336.000
990.000	337.000
991.000	351.000
992.000	380.000
993.000	391.000
994.000	370.000
995.000	401.000
996.000	406.000
997.000	403.000
998.000	425.000
999.000	434.000
1000.000	429.000
1001.000	432.000
1002.000	420.000
1003.000	462.000
1004.000	424.000
1005.000	432.000
1006.000	454.000
1007.000	418.000
1008.000	421.000
1009.000	443.000
1010.000	410.000
1011.000	378.000
1012.000	421.000
1013.000	407.000
1014.000	371.000
1015.000	363.000
1016.000	341.000
1017.000	339.000
1018.000	332.000
1019.000	319.000
1020.000	314.000
1021.000	262.000
1022.000	300.000
1023.000	275.000
1024.000	258.000
