Date:	8/19/2008		Time:	9:57 AM		Version no:	0.00		Project name:	55		Sample name:	222		Section name:	section		Position	870.039995	mm	E0	0.000000	keV	E1	1.000000	keV/channel	sample surface	7.794451	cm	Tube anode:	Mo		Tube voltage:	30	kV	Tube current:	50	mA	gain	20		std. database			resultfile	result		matrix element	11		sample thickness	1.000000		air passage	0.560000	cm	comments	not in position		peaking_time	3.000000	m-sec	trigger_threshold	1229.166667	V	mca_bin_width	22.090000	no:	number_mca_channels	1024.000000	no:	gap_time	0.400000	m-sec	trigger_peaking_time	0.150000	m-sec	GAINDAC	9455		HIGHGAIN	1		TAURC	0		RCTAU	53		RCTAUFRAC	32768		livetime	9.664762	seconds	runtime	10.000502	seconds	input_count_rate	31.365802	cps	output_count_rate	23.296330	cps	triggers	303143	seconds	events_in_run	232975	seconds	channel	content		1.000	0.000
2.000	0.000
3.000	0.000
4.000	0.000
5.000	0.000
6.000	0.000
7.000	0.000
8.000	0.000
9.000	0.000
10.000	0.000
11.000	0.000
12.000	0.000
13.000	0.000
14.000	0.000
15.000	0.000
16.000	0.000
17.000	0.000
18.000	0.000
19.000	0.000
20.000	0.000
21.000	0.000
22.000	0.000
23.000	0.000
24.000	0.000
25.000	0.000
26.000	0.000
27.000	0.000
28.000	0.000
29.000	0.000
30.000	0.000
31.000	1.000
32.000	0.000
33.000	0.000
34.000	0.000
35.000	0.000
36.000	3.000
37.000	0.000
38.000	3.000
39.000	1.000
40.000	4.000
41.000	2.000
42.000	2.000
43.000	5.000
44.000	2.000
45.000	9.000
46.000	7.000
47.000	8.000
48.000	8.000
49.000	2.000
50.000	5.000
51.000	9.000
52.000	10.000
53.000	5.000
54.000	7.000
55.000	11.000
56.000	17.000
57.000	5.000
58.000	7.000
59.000	14.000
60.000	7.000
61.000	7.000
62.000	11.000
63.000	12.000
64.000	11.000
65.000	8.000
66.000	15.000
67.000	9.000
68.000	13.000
69.000	13.000
70.000	6.000
71.000	8.000
72.000	10.000
73.000	12.000
74.000	10.000
75.000	10.000
76.000	15.000
77.000	10.000
78.000	11.000
79.000	12.000
80.000	10.000
81.000	7.000
82.000	9.000
83.000	9.000
84.000	8.000
85.000	7.000
86.000	5.000
87.000	8.000
88.000	8.000
89.000	8.000
90.000	8.000
91.000	6.000
92.000	6.000
93.000	11.000
94.000	11.000
95.000	9.000
96.000	6.000
97.000	4.000
98.000	9.000
99.000	5.000
100.000	8.000
101.000	9.000
102.000	6.000
103.000	7.000
104.000	6.000
105.000	9.000
106.000	7.000
107.000	7.000
108.000	4.000
109.000	6.000
110.000	4.000
111.000	5.000
112.000	4.000
113.000	9.000
114.000	9.000
115.000	9.000
116.000	4.000
117.000	9.000
118.000	4.000
119.000	7.000
120.000	9.000
121.000	5.000
122.000	6.000
123.000	4.000
124.000	6.000
125.000	12.000
126.000	10.000
127.000	4.000
128.000	11.000
129.000	4.000
130.000	10.000
131.000	6.000
132.000	6.000
133.000	4.000
134.000	8.000
135.000	8.000
136.000	8.000
137.000	8.000
138.000	7.000
139.000	5.000
140.000	5.000
141.000	2.000
142.000	5.000
143.000	8.000
144.000	4.000
145.000	3.000
146.000	4.000
147.000	6.000
148.000	1.000
149.000	3.000
150.000	2.000
151.000	4.000
152.000	4.000
153.000	6.000
154.000	4.000
155.000	0.000
156.000	4.000
157.000	8.000
158.000	10.000
159.000	10.000
160.000	6.000
161.000	3.000
162.000	6.000
163.000	10.000
164.000	13.000
165.000	3.000
166.000	6.000
167.000	5.000
168.000	5.000
169.000	6.000
170.000	5.000
171.000	3.000
172.000	4.000
173.000	5.000
174.000	3.000
175.000	2.000
176.000	7.000
177.000	11.000
178.000	2.000
179.000	10.000
180.000	5.000
181.000	11.000
182.000	7.000
183.000	9.000
184.000	9.000
185.000	5.000
186.000	7.000
187.000	12.000
188.000	3.000
189.000	2.000
190.000	4.000
191.000	4.000
192.000	4.000
193.000	1.000
194.000	4.000
195.000	7.000
196.000	7.000
197.000	13.000
198.000	8.000
199.000	19.000
200.000	29.000
201.000	34.000
202.000	35.000
203.000	31.000
204.000	27.000
205.000	20.000
206.000	19.000
207.000	14.000
208.000	12.000
209.000	4.000
210.000	4.000
211.000	4.000
212.000	3.000
213.000	3.000
214.000	6.000
215.000	10.000
216.000	5.000
217.000	4.000
218.000	8.000
219.000	11.000
220.000	9.000
221.000	7.000
222.000	8.000
223.000	9.000
224.000	3.000
225.000	4.000
226.000	4.000
227.000	2.000
228.000	8.000
229.000	3.000
230.000	4.000
231.000	3.000
232.000	6.000
233.000	2.000
234.000	4.000
235.000	3.000
236.000	4.000
237.000	6.000
238.000	6.000
239.000	5.000
240.000	2.000
241.000	5.000
242.000	8.000
243.000	14.000
244.000	17.000
245.000	11.000
246.000	12.000
247.000	22.000
248.000	17.000
249.000	14.000
250.000	15.000
251.000	20.000
252.000	12.000
253.000	11.000
254.000	6.000
255.000	8.000
256.000	3.000
257.000	8.000
258.000	9.000
259.000	13.000
260.000	9.000
261.000	4.000
262.000	5.000
263.000	2.000
264.000	6.000
265.000	2.000
266.000	7.000
267.000	10.000
268.000	10.000
269.000	8.000
270.000	13.000
271.000	12.000
272.000	10.000
273.000	8.000
274.000	5.000
275.000	7.000
276.000	1.000
277.000	5.000
278.000	7.000
279.000	5.000
280.000	7.000
281.000	2.000
282.000	5.000
283.000	7.000
284.000	8.000
285.000	4.000
286.000	4.000
287.000	8.000
288.000	4.000
289.000	5.000
290.000	6.000
291.000	6.000
292.000	8.000
293.000	5.000
294.000	7.000
295.000	7.000
296.000	10.000
297.000	6.000
298.000	9.000
299.000	10.000
300.000	14.000
301.000	8.000
302.000	9.000
303.000	9.000
304.000	9.000
305.000	3.000
306.000	9.000
307.000	7.000
308.000	7.000
309.000	7.000
310.000	10.000
311.000	12.000
312.000	10.000
313.000	14.000
314.000	9.000
315.000	9.000
316.000	18.000
317.000	19.000
318.000	35.000
319.000	30.000
320.000	33.000
321.000	64.000
322.000	61.000
323.000	62.000
324.000	56.000
325.000	44.000
326.000	45.000
327.000	19.000
328.000	37.000
329.000	21.000
330.000	23.000
331.000	18.000
332.000	10.000
333.000	10.000
334.000	10.000
335.000	13.000
336.000	17.000
337.000	11.000
338.000	24.000
339.000	15.000
340.000	21.000
341.000	39.000
342.000	67.000
343.000	85.000
344.000	162.000
345.000	263.000
346.000	410.000
347.000	549.000
348.000	675.000
349.000	853.000
350.000	934.000
351.000	903.000
352.000	883.000
353.000	741.000
354.000	572.000
355.000	459.000
356.000	336.000
357.000	243.000
358.000	142.000
359.000	83.000
360.000	50.000
361.000	35.000
362.000	21.000
363.000	21.000
364.000	27.000
365.000	7.000
366.000	15.000
367.000	14.000
368.000	14.000
369.000	26.000
370.000	18.000
371.000	15.000
372.000	25.000
373.000	11.000
374.000	22.000
375.000	19.000
376.000	33.000
377.000	35.000
378.000	34.000
379.000	54.000
380.000	55.000
381.000	76.000
382.000	115.000
383.000	131.000
384.000	144.000
385.000	146.000
386.000	152.000
387.000	167.000
388.000	153.000
389.000	142.000
390.000	118.000
391.000	79.000
392.000	68.000
393.000	68.000
394.000	51.000
395.000	28.000
396.000	31.000
397.000	32.000
398.000	28.000
399.000	30.000
400.000	39.000
401.000	33.000
402.000	27.000
403.000	34.000
404.000	26.000
405.000	26.000
406.000	22.000
407.000	36.000
408.000	37.000
409.000	40.000
410.000	29.000
411.000	24.000
412.000	33.000
413.000	31.000
414.000	37.000
415.000	24.000
416.000	25.000
417.000	30.000
418.000	25.000
419.000	33.000
420.000	41.000
421.000	28.000
422.000	46.000
423.000	30.000
424.000	29.000
425.000	30.000
426.000	43.000
427.000	26.000
428.000	34.000
429.000	31.000
430.000	35.000
431.000	29.000
432.000	39.000
433.000	42.000
434.000	35.000
435.000	30.000
436.000	46.000
437.000	52.000
438.000	39.000
439.000	57.000
440.000	44.000
441.000	54.000
442.000	44.000
443.000	47.000
444.000	43.000
445.000	54.000
446.000	44.000
447.000	36.000
448.000	59.000
449.000	41.000
450.000	41.000
451.000	52.000
452.000	50.000
453.000	46.000
454.000	60.000
455.000	46.000
456.000	63.000
457.000	53.000
458.000	51.000
459.000	48.000
460.000	52.000
461.000	48.000
462.000	58.000
463.000	62.000
464.000	70.000
465.000	64.000
466.000	48.000
467.000	53.000
468.000	65.000
469.000	60.000
470.000	58.000
471.000	61.000
472.000	78.000
473.000	50.000
474.000	69.000
475.000	64.000
476.000	74.000
477.000	66.000
478.000	70.000
479.000	67.000
480.000	53.000
481.000	74.000
482.000	67.000
483.000	72.000
484.000	77.000
485.000	62.000
486.000	61.000
487.000	71.000
488.000	60.000
489.000	73.000
490.000	51.000
491.000	59.000
492.000	69.000
493.000	72.000
494.000	79.000
495.000	64.000
496.000	75.000
497.000	68.000
498.000	87.000
499.000	76.000
500.000	83.000
501.000	65.000
502.000	74.000
503.000	96.000
504.000	76.000
505.000	70.000
506.000	80.000
507.000	87.000
508.000	78.000
509.000	85.000
510.000	92.000
511.000	72.000
512.000	87.000
513.000	83.000
514.000	97.000
515.000	83.000
516.000	76.000
517.000	102.000
518.000	102.000
519.000	97.000
520.000	94.000
521.000	93.000
522.000	91.000
523.000	101.000
524.000	87.000
525.000	107.000
526.000	93.000
527.000	102.000
528.000	95.000
529.000	84.000
530.000	105.000
531.000	105.000
532.000	95.000
533.000	104.000
534.000	82.000
535.000	115.000
536.000	105.000
537.000	107.000
538.000	113.000
539.000	107.000
540.000	98.000
541.000	102.000
542.000	105.000
543.000	104.000
544.000	101.000
545.000	77.000
546.000	95.000
547.000	109.000
548.000	105.000
549.000	108.000
550.000	102.000
551.000	140.000
552.000	125.000
553.000	104.000
554.000	103.000
555.000	107.000
556.000	103.000
557.000	121.000
558.000	112.000
559.000	111.000
560.000	83.000
561.000	113.000
562.000	106.000
563.000	125.000
564.000	122.000
565.000	130.000
566.000	117.000
567.000	109.000
568.000	125.000
569.000	134.000
570.000	132.000
571.000	132.000
572.000	136.000
573.000	130.000
574.000	130.000
575.000	132.000
576.000	158.000
577.000	127.000
578.000	149.000
579.000	138.000
580.000	141.000
581.000	137.000
582.000	135.000
583.000	125.000
584.000	140.000
585.000	131.000
586.000	136.000
587.000	132.000
588.000	155.000
589.000	137.000
590.000	135.000
591.000	160.000
592.000	144.000
593.000	153.000
594.000	154.000
595.000	144.000
596.000	154.000
597.000	184.000
598.000	167.000
599.000	138.000
600.000	156.000
601.000	147.000
602.000	143.000
603.000	142.000
604.000	173.000
605.000	127.000
606.000	160.000
607.000	163.000
608.000	163.000
609.000	156.000
610.000	155.000
611.000	144.000
612.000	195.000
613.000	177.000
614.000	153.000
615.000	173.000
616.000	147.000
617.000	183.000
618.000	150.000
619.000	156.000
620.000	170.000
621.000	177.000
622.000	189.000
623.000	188.000
624.000	156.000
625.000	187.000
626.000	161.000
627.000	189.000
628.000	167.000
629.000	177.000
630.000	181.000
631.000	160.000
632.000	180.000
633.000	198.000
634.000	192.000
635.000	170.000
636.000	187.000
637.000	235.000
638.000	182.000
639.000	200.000
640.000	214.000
641.000	194.000
642.000	205.000
643.000	183.000
644.000	172.000
645.000	208.000
646.000	230.000
647.000	210.000
648.000	212.000
649.000	210.000
650.000	227.000
651.000	215.000
652.000	191.000
653.000	182.000
654.000	233.000
655.000	223.000
656.000	207.000
657.000	217.000
658.000	205.000
659.000	215.000
660.000	190.000
661.000	188.000
662.000	211.000
663.000	186.000
664.000	189.000
665.000	196.000
666.000	191.000
667.000	205.000
668.000	225.000
669.000	217.000
670.000	211.000
671.000	209.000
672.000	203.000
673.000	203.000
674.000	202.000
675.000	202.000
676.000	233.000
677.000	201.000
678.000	231.000
679.000	210.000
680.000	202.000
681.000	242.000
682.000	217.000
683.000	242.000
684.000	249.000
685.000	219.000
686.000	232.000
687.000	230.000
688.000	226.000
689.000	215.000
690.000	239.000
691.000	246.000
692.000	211.000
693.000	233.000
694.000	233.000
695.000	221.000
696.000	251.000
697.000	221.000
698.000	208.000
699.000	201.000
700.000	241.000
701.000	239.000
702.000	251.000
703.000	249.000
704.000	238.000
705.000	242.000
706.000	240.000
707.000	284.000
708.000	244.000
709.000	276.000
710.000	265.000
711.000	222.000
712.000	239.000
713.000	234.000
714.000	246.000
715.000	263.000
716.000	249.000
717.000	265.000
718.000	248.000
719.000	234.000
720.000	264.000
721.000	251.000
722.000	259.000
723.000	258.000
724.000	275.000
725.000	260.000
726.000	247.000
727.000	281.000
728.000	276.000
729.000	257.000
730.000	292.000
731.000	260.000
732.000	236.000
733.000	262.000
734.000	272.000
735.000	265.000
736.000	276.000
737.000	252.000
738.000	244.000
739.000	296.000
740.000	267.000
741.000	276.000
742.000	280.000
743.000	269.000
744.000	284.000
745.000	267.000
746.000	248.000
747.000	293.000
748.000	277.000
749.000	280.000
750.000	253.000
751.000	229.000
752.000	260.000
753.000	284.000
754.000	265.000
755.000	259.000
756.000	278.000
757.000	296.000
758.000	290.000
759.000	240.000
760.000	284.000
761.000	275.000
762.000	267.000
763.000	276.000
764.000	263.000
765.000	326.000
766.000	283.000
767.000	288.000
768.000	272.000
769.000	305.000
770.000	306.000
771.000	321.000
772.000	332.000
773.000	295.000
774.000	308.000
775.000	300.000
776.000	340.000
777.000	302.000
778.000	312.000
779.000	291.000
780.000	276.000
781.000	315.000
782.000	310.000
783.000	273.000
784.000	288.000
785.000	321.000
786.000	310.000
787.000	291.000
788.000	286.000
789.000	281.000
790.000	272.000
791.000	290.000
792.000	277.000
793.000	290.000
794.000	304.000
795.000	296.000
796.000	270.000
797.000	275.000
798.000	257.000
799.000	264.000
800.000	294.000
801.000	256.000
802.000	297.000
803.000	324.000
804.000	302.000
805.000	293.000
806.000	294.000
807.000	293.000
808.000	306.000
809.000	296.000
810.000	304.000
811.000	267.000
812.000	303.000
813.000	302.000
814.000	323.000
815.000	293.000
816.000	303.000
817.000	298.000
818.000	317.000
819.000	303.000
820.000	295.000
821.000	318.000
822.000	330.000
823.000	298.000
824.000	288.000
825.000	316.000
826.000	301.000
827.000	321.000
828.000	284.000
829.000	318.000
830.000	300.000
831.000	284.000
832.000	343.000
833.000	345.000
834.000	333.000
835.000	349.000
836.000	341.000
837.000	325.000
838.000	333.000
839.000	301.000
840.000	326.000
841.000	326.000
842.000	310.000
843.000	342.000
844.000	315.000
845.000	339.000
846.000	385.000
847.000	347.000
848.000	344.000
849.000	357.000
850.000	347.000
851.000	337.000
852.000	360.000
853.000	357.000
854.000	389.000
855.000	357.000
856.000	341.000
857.000	394.000
858.000	418.000
859.000	390.000
860.000	397.000
861.000	424.000
862.000	392.000
863.000	386.000
864.000	395.000
865.000	407.000
866.000	425.000
867.000	448.000
868.000	430.000
869.000	448.000
870.000	484.000
871.000	487.000
872.000	458.000
873.000	444.000
874.000	497.000
875.000	527.000
876.000	533.000
877.000	570.000
878.000	596.000
879.000	629.000
880.000	677.000
881.000	692.000
882.000	727.000
883.000	773.000
884.000	856.000
885.000	916.000
886.000	951.000
887.000	1007.000
888.000	1044.000
889.000	1087.000
890.000	1198.000
891.000	1232.000
892.000	1291.000
893.000	1290.000
894.000	1418.000
895.000	1376.000
896.000	1417.000
897.000	1496.000
898.000	1540.000
899.000	1497.000
900.000	1456.000
901.000	1482.000
902.000	1547.000
903.000	1527.000
904.000	1447.000
905.000	1424.000
906.000	1423.000
907.000	1383.000
908.000	1365.000
909.000	1280.000
910.000	1208.000
911.000	1151.000
912.000	1115.000
913.000	1047.000
914.000	961.000
915.000	961.000
916.000	896.000
917.000	803.000
918.000	819.000
919.000	745.000
920.000	696.000
921.000	631.000
922.000	624.000
923.000	575.000
924.000	535.000
925.000	490.000
926.000	494.000
927.000	447.000
928.000	472.000
929.000	447.000
930.000	403.000
931.000	411.000
932.000	416.000
933.000	394.000
934.000	384.000
935.000	384.000
936.000	408.000
937.000	378.000
938.000	364.000
939.000	364.000
940.000	388.000
941.000	384.000
942.000	441.000
943.000	440.000
944.000	490.000
945.000	513.000
946.000	572.000
947.000	603.000
948.000	615.000
949.000	725.000
950.000	738.000
951.000	791.000
952.000	810.000
953.000	812.000
954.000	806.000
955.000	835.000
956.000	837.000
957.000	694.000
958.000	676.000
959.000	591.000
960.000	536.000
961.000	532.000
962.000	449.000
963.000	408.000
964.000	423.000
965.000	379.000
966.000	320.000
967.000	312.000
968.000	287.000
969.000	313.000
970.000	291.000
971.000	275.000
972.000	310.000
973.000	286.000
974.000	288.000
975.000	308.000
976.000	288.000
977.000	290.000
978.000	316.000
979.000	279.000
980.000	277.000
981.000	302.000
982.000	334.000
983.000	338.000
984.000	301.000
985.000	295.000
986.000	375.000
987.000	331.000
988.000	360.000
989.000	377.000
990.000	386.000
991.000	367.000
992.000	370.000
993.000	388.000
994.000	449.000
995.000	392.000
996.000	398.000
997.000	435.000
998.000	462.000
999.000	429.000
1000.000	422.000
1001.000	442.000
1002.000	455.000
1003.000	435.000
1004.000	460.000
1005.000	447.000
1006.000	440.000
1007.000	427.000
1008.000	430.000
1009.000	454.000
1010.000	417.000
1011.000	420.000
1012.000	413.000
1013.000	414.000
1014.000	380.000
1015.000	398.000
1016.000	404.000
1017.000	341.000
1018.000	364.000
1019.000	327.000
1020.000	340.000
1021.000	315.000
1022.000	263.000
1023.000	268.000
1024.000	265.000
