Date:	8/19/2008		Time:	9:17 AM		Version no:	0.00		Project name:	55		Sample name:	222		Section name:	section		Position	446.039995	mm	E0	0.000000	keV	E1	1.000000	keV/channel	sample surface	7.645768	cm	Tube anode:	Mo		Tube voltage:	30	kV	Tube current:	50	mA	gain	20		std. database			resultfile	result		matrix element	11		sample thickness	1.000000		air passage	0.560000	cm	comments	not in position		peaking_time	3.000000	m-sec	trigger_threshold	1229.166667	V	mca_bin_width	22.090000	no:	number_mca_channels	1024.000000	no:	gap_time	0.400000	m-sec	trigger_peaking_time	0.150000	m-sec	GAINDAC	9455		HIGHGAIN	1		TAURC	0		RCTAU	53		RCTAUFRAC	32768		livetime	9.672519	seconds	runtime	10.000502	seconds	input_count_rate	30.749073	cps	output_count_rate	22.991847	cps	triggers	297421	seconds	events_in_run	229930	seconds	channel	content		1.000	0.000
2.000	0.000
3.000	0.000
4.000	0.000
5.000	0.000
6.000	0.000
7.000	0.000
8.000	0.000
9.000	0.000
10.000	0.000
11.000	0.000
12.000	0.000
13.000	0.000
14.000	0.000
15.000	0.000
16.000	0.000
17.000	0.000
18.000	0.000
19.000	0.000
20.000	0.000
21.000	0.000
22.000	0.000
23.000	0.000
24.000	0.000
25.000	0.000
26.000	0.000
27.000	0.000
28.000	0.000
29.000	0.000
30.000	0.000
31.000	0.000
32.000	0.000
33.000	0.000
34.000	1.000
35.000	0.000
36.000	0.000
37.000	1.000
38.000	1.000
39.000	2.000
40.000	2.000
41.000	2.000
42.000	3.000
43.000	2.000
44.000	4.000
45.000	5.000
46.000	5.000
47.000	5.000
48.000	9.000
49.000	7.000
50.000	6.000
51.000	7.000
52.000	8.000
53.000	14.000
54.000	11.000
55.000	9.000
56.000	12.000
57.000	19.000
58.000	8.000
59.000	12.000
60.000	10.000
61.000	12.000
62.000	8.000
63.000	9.000
64.000	6.000
65.000	9.000
66.000	14.000
67.000	9.000
68.000	17.000
69.000	7.000
70.000	10.000
71.000	12.000
72.000	11.000
73.000	11.000
74.000	6.000
75.000	6.000
76.000	6.000
77.000	10.000
78.000	8.000
79.000	12.000
80.000	14.000
81.000	8.000
82.000	7.000
83.000	11.000
84.000	11.000
85.000	11.000
86.000	11.000
87.000	8.000
88.000	6.000
89.000	7.000
90.000	10.000
91.000	8.000
92.000	9.000
93.000	11.000
94.000	10.000
95.000	12.000
96.000	7.000
97.000	3.000
98.000	9.000
99.000	10.000
100.000	6.000
101.000	8.000
102.000	11.000
103.000	11.000
104.000	5.000
105.000	7.000
106.000	8.000
107.000	7.000
108.000	10.000
109.000	10.000
110.000	1.000
111.000	3.000
112.000	9.000
113.000	8.000
114.000	8.000
115.000	9.000
116.000	5.000
117.000	4.000
118.000	4.000
119.000	7.000
120.000	6.000
121.000	10.000
122.000	6.000
123.000	19.000
124.000	9.000
125.000	11.000
126.000	6.000
127.000	11.000
128.000	12.000
129.000	4.000
130.000	6.000
131.000	9.000
132.000	8.000
133.000	3.000
134.000	9.000
135.000	9.000
136.000	10.000
137.000	6.000
138.000	1.000
139.000	6.000
140.000	8.000
141.000	6.000
142.000	4.000
143.000	4.000
144.000	4.000
145.000	2.000
146.000	7.000
147.000	6.000
148.000	6.000
149.000	5.000
150.000	3.000
151.000	7.000
152.000	5.000
153.000	3.000
154.000	7.000
155.000	6.000
156.000	11.000
157.000	4.000
158.000	8.000
159.000	8.000
160.000	6.000
161.000	4.000
162.000	19.000
163.000	14.000
164.000	7.000
165.000	13.000
166.000	11.000
167.000	8.000
168.000	6.000
169.000	6.000
170.000	2.000
171.000	2.000
172.000	4.000
173.000	4.000
174.000	4.000
175.000	2.000
176.000	4.000
177.000	3.000
178.000	5.000
179.000	10.000
180.000	6.000
181.000	8.000
182.000	7.000
183.000	8.000
184.000	6.000
185.000	7.000
186.000	4.000
187.000	3.000
188.000	3.000
189.000	2.000
190.000	3.000
191.000	5.000
192.000	0.000
193.000	10.000
194.000	4.000
195.000	4.000
196.000	5.000
197.000	11.000
198.000	10.000
199.000	8.000
200.000	18.000
201.000	20.000
202.000	32.000
203.000	25.000
204.000	19.000
205.000	15.000
206.000	21.000
207.000	10.000
208.000	6.000
209.000	6.000
210.000	2.000
211.000	2.000
212.000	3.000
213.000	6.000
214.000	6.000
215.000	4.000
216.000	2.000
217.000	4.000
218.000	7.000
219.000	13.000
220.000	6.000
221.000	6.000
222.000	4.000
223.000	2.000
224.000	4.000
225.000	3.000
226.000	4.000
227.000	3.000
228.000	0.000
229.000	4.000
230.000	3.000
231.000	3.000
232.000	3.000
233.000	3.000
234.000	2.000
235.000	6.000
236.000	3.000
237.000	8.000
238.000	6.000
239.000	2.000
240.000	4.000
241.000	5.000
242.000	6.000
243.000	1.000
244.000	14.000
245.000	13.000
246.000	6.000
247.000	8.000
248.000	8.000
249.000	7.000
250.000	8.000
251.000	10.000
252.000	7.000
253.000	12.000
254.000	5.000
255.000	6.000
256.000	4.000
257.000	8.000
258.000	7.000
259.000	3.000
260.000	6.000
261.000	7.000
262.000	4.000
263.000	5.000
264.000	5.000
265.000	4.000
266.000	8.000
267.000	5.000
268.000	4.000
269.000	4.000
270.000	8.000
271.000	8.000
272.000	8.000
273.000	6.000
274.000	6.000
275.000	6.000
276.000	3.000
277.000	6.000
278.000	7.000
279.000	4.000
280.000	6.000
281.000	3.000
282.000	4.000
283.000	6.000
284.000	10.000
285.000	2.000
286.000	7.000
287.000	10.000
288.000	8.000
289.000	5.000
290.000	8.000
291.000	14.000
292.000	7.000
293.000	8.000
294.000	11.000
295.000	5.000
296.000	6.000
297.000	11.000
298.000	8.000
299.000	8.000
300.000	5.000
301.000	4.000
302.000	7.000
303.000	6.000
304.000	5.000
305.000	10.000
306.000	13.000
307.000	5.000
308.000	8.000
309.000	9.000
310.000	4.000
311.000	11.000
312.000	13.000
313.000	10.000
314.000	8.000
315.000	12.000
316.000	10.000
317.000	13.000
318.000	28.000
319.000	30.000
320.000	43.000
321.000	46.000
322.000	45.000
323.000	63.000
324.000	57.000
325.000	58.000
326.000	50.000
327.000	35.000
328.000	21.000
329.000	15.000
330.000	11.000
331.000	9.000
332.000	10.000
333.000	17.000
334.000	7.000
335.000	15.000
336.000	16.000
337.000	14.000
338.000	9.000
339.000	21.000
340.000	30.000
341.000	46.000
342.000	65.000
343.000	90.000
344.000	140.000
345.000	235.000
346.000	343.000
347.000	477.000
348.000	584.000
349.000	734.000
350.000	765.000
351.000	723.000
352.000	731.000
353.000	617.000
354.000	494.000
355.000	341.000
356.000	250.000
357.000	192.000
358.000	106.000
359.000	68.000
360.000	46.000
361.000	35.000
362.000	25.000
363.000	21.000
364.000	31.000
365.000	16.000
366.000	21.000
367.000	18.000
368.000	15.000
369.000	17.000
370.000	14.000
371.000	15.000
372.000	13.000
373.000	16.000
374.000	21.000
375.000	17.000
376.000	24.000
377.000	23.000
378.000	37.000
379.000	38.000
380.000	57.000
381.000	64.000
382.000	97.000
383.000	112.000
384.000	126.000
385.000	149.000
386.000	159.000
387.000	139.000
388.000	133.000
389.000	133.000
390.000	94.000
391.000	91.000
392.000	60.000
393.000	51.000
394.000	40.000
395.000	31.000
396.000	33.000
397.000	24.000
398.000	24.000
399.000	16.000
400.000	22.000
401.000	18.000
402.000	24.000
403.000	22.000
404.000	30.000
405.000	25.000
406.000	27.000
407.000	33.000
408.000	32.000
409.000	19.000
410.000	25.000
411.000	25.000
412.000	26.000
413.000	23.000
414.000	31.000
415.000	25.000
416.000	30.000
417.000	22.000
418.000	26.000
419.000	25.000
420.000	18.000
421.000	25.000
422.000	33.000
423.000	30.000
424.000	25.000
425.000	40.000
426.000	46.000
427.000	26.000
428.000	36.000
429.000	28.000
430.000	37.000
431.000	32.000
432.000	34.000
433.000	30.000
434.000	32.000
435.000	45.000
436.000	38.000
437.000	35.000
438.000	45.000
439.000	41.000
440.000	39.000
441.000	33.000
442.000	45.000
443.000	32.000
444.000	46.000
445.000	50.000
446.000	57.000
447.000	34.000
448.000	51.000
449.000	32.000
450.000	50.000
451.000	44.000
452.000	48.000
453.000	49.000
454.000	48.000
455.000	43.000
456.000	48.000
457.000	48.000
458.000	53.000
459.000	51.000
460.000	46.000
461.000	54.000
462.000	41.000
463.000	54.000
464.000	45.000
465.000	52.000
466.000	40.000
467.000	52.000
468.000	53.000
469.000	45.000
470.000	60.000
471.000	52.000
472.000	50.000
473.000	63.000
474.000	42.000
475.000	53.000
476.000	45.000
477.000	62.000
478.000	55.000
479.000	53.000
480.000	56.000
481.000	57.000
482.000	36.000
483.000	49.000
484.000	58.000
485.000	61.000
486.000	50.000
487.000	57.000
488.000	49.000
489.000	61.000
490.000	53.000
491.000	55.000
492.000	67.000
493.000	72.000
494.000	76.000
495.000	60.000
496.000	62.000
497.000	59.000
498.000	78.000
499.000	76.000
500.000	63.000
501.000	50.000
502.000	89.000
503.000	69.000
504.000	65.000
505.000	65.000
506.000	77.000
507.000	63.000
508.000	71.000
509.000	81.000
510.000	68.000
511.000	68.000
512.000	74.000
513.000	68.000
514.000	65.000
515.000	78.000
516.000	88.000
517.000	76.000
518.000	98.000
519.000	98.000
520.000	81.000
521.000	77.000
522.000	80.000
523.000	87.000
524.000	101.000
525.000	91.000
526.000	84.000
527.000	100.000
528.000	98.000
529.000	96.000
530.000	86.000
531.000	86.000
532.000	85.000
533.000	93.000
534.000	93.000
535.000	94.000
536.000	109.000
537.000	102.000
538.000	94.000
539.000	86.000
540.000	102.000
541.000	111.000
542.000	103.000
543.000	104.000
544.000	100.000
545.000	90.000
546.000	116.000
547.000	126.000
548.000	78.000
549.000	126.000
550.000	104.000
551.000	90.000
552.000	94.000
553.000	120.000
554.000	102.000
555.000	95.000
556.000	104.000
557.000	97.000
558.000	95.000
559.000	95.000
560.000	126.000
561.000	87.000
562.000	105.000
563.000	114.000
564.000	110.000
565.000	118.000
566.000	114.000
567.000	112.000
568.000	131.000
569.000	110.000
570.000	126.000
571.000	102.000
572.000	137.000
573.000	124.000
574.000	126.000
575.000	129.000
576.000	119.000
577.000	113.000
578.000	125.000
579.000	131.000
580.000	142.000
581.000	99.000
582.000	126.000
583.000	142.000
584.000	135.000
585.000	146.000
586.000	151.000
587.000	133.000
588.000	134.000
589.000	130.000
590.000	135.000
591.000	141.000
592.000	124.000
593.000	133.000
594.000	144.000
595.000	137.000
596.000	136.000
597.000	145.000
598.000	138.000
599.000	138.000
600.000	147.000
601.000	154.000
602.000	145.000
603.000	138.000
604.000	135.000
605.000	147.000
606.000	148.000
607.000	161.000
608.000	146.000
609.000	149.000
610.000	148.000
611.000	169.000
612.000	150.000
613.000	169.000
614.000	169.000
615.000	149.000
616.000	178.000
617.000	159.000
618.000	149.000
619.000	146.000
620.000	177.000
621.000	166.000
622.000	154.000
623.000	164.000
624.000	172.000
625.000	150.000
626.000	169.000
627.000	167.000
628.000	173.000
629.000	169.000
630.000	170.000
631.000	185.000
632.000	196.000
633.000	192.000
634.000	165.000
635.000	185.000
636.000	167.000
637.000	179.000
638.000	177.000
639.000	163.000
640.000	170.000
641.000	170.000
642.000	193.000
643.000	181.000
644.000	197.000
645.000	202.000
646.000	187.000
647.000	189.000
648.000	210.000
649.000	211.000
650.000	222.000
651.000	191.000
652.000	186.000
653.000	176.000
654.000	193.000
655.000	207.000
656.000	207.000
657.000	211.000
658.000	209.000
659.000	169.000
660.000	200.000
661.000	204.000
662.000	203.000
663.000	230.000
664.000	212.000
665.000	181.000
666.000	165.000
667.000	207.000
668.000	222.000
669.000	203.000
670.000	215.000
671.000	196.000
672.000	213.000
673.000	214.000
674.000	274.000
675.000	209.000
676.000	203.000
677.000	221.000
678.000	207.000
679.000	230.000
680.000	202.000
681.000	219.000
682.000	214.000
683.000	230.000
684.000	213.000
685.000	219.000
686.000	234.000
687.000	217.000
688.000	197.000
689.000	220.000
690.000	208.000
691.000	263.000
692.000	231.000
693.000	219.000
694.000	224.000
695.000	224.000
696.000	204.000
697.000	221.000
698.000	231.000
699.000	250.000
700.000	231.000
701.000	214.000
702.000	223.000
703.000	228.000
704.000	257.000
705.000	242.000
706.000	230.000
707.000	254.000
708.000	208.000
709.000	247.000
710.000	231.000
711.000	237.000
712.000	252.000
713.000	243.000
714.000	233.000
715.000	234.000
716.000	263.000
717.000	258.000
718.000	258.000
719.000	252.000
720.000	238.000
721.000	272.000
722.000	234.000
723.000	231.000
724.000	239.000
725.000	247.000
726.000	249.000
727.000	263.000
728.000	240.000
729.000	257.000
730.000	285.000
731.000	244.000
732.000	259.000
733.000	264.000
734.000	271.000
735.000	239.000
736.000	249.000
737.000	258.000
738.000	236.000
739.000	289.000
740.000	228.000
741.000	255.000
742.000	239.000
743.000	286.000
744.000	253.000
745.000	258.000
746.000	283.000
747.000	260.000
748.000	259.000
749.000	273.000
750.000	280.000
751.000	226.000
752.000	245.000
753.000	230.000
754.000	295.000
755.000	286.000
756.000	263.000
757.000	294.000
758.000	257.000
759.000	268.000
760.000	272.000
761.000	304.000
762.000	269.000
763.000	262.000
764.000	299.000
765.000	271.000
766.000	317.000
767.000	285.000
768.000	304.000
769.000	312.000
770.000	316.000
771.000	326.000
772.000	341.000
773.000	295.000
774.000	307.000
775.000	291.000
776.000	352.000
777.000	297.000
778.000	335.000
779.000	304.000
780.000	295.000
781.000	282.000
782.000	296.000
783.000	271.000
784.000	294.000
785.000	289.000
786.000	299.000
787.000	291.000
788.000	287.000
789.000	270.000
790.000	279.000
791.000	275.000
792.000	283.000
793.000	255.000
794.000	278.000
795.000	263.000
796.000	282.000
797.000	277.000
798.000	295.000
799.000	298.000
800.000	291.000
801.000	309.000
802.000	276.000
803.000	283.000
804.000	317.000
805.000	268.000
806.000	291.000
807.000	296.000
808.000	279.000
809.000	291.000
810.000	303.000
811.000	321.000
812.000	291.000
813.000	313.000
814.000	323.000
815.000	320.000
816.000	302.000
817.000	308.000
818.000	305.000
819.000	332.000
820.000	285.000
821.000	340.000
822.000	303.000
823.000	316.000
824.000	340.000
825.000	320.000
826.000	319.000
827.000	311.000
828.000	317.000
829.000	334.000
830.000	307.000
831.000	332.000
832.000	354.000
833.000	293.000
834.000	298.000
835.000	336.000
836.000	356.000
837.000	347.000
838.000	325.000
839.000	340.000
840.000	344.000
841.000	310.000
842.000	346.000
843.000	334.000
844.000	341.000
845.000	359.000
846.000	335.000
847.000	318.000
848.000	351.000
849.000	356.000
850.000	335.000
851.000	344.000
852.000	335.000
853.000	376.000
854.000	344.000
855.000	386.000
856.000	378.000
857.000	357.000
858.000	376.000
859.000	351.000
860.000	385.000
861.000	417.000
862.000	379.000
863.000	420.000
864.000	384.000
865.000	422.000
866.000	400.000
867.000	431.000
868.000	417.000
869.000	467.000
870.000	469.000
871.000	450.000
872.000	478.000
873.000	489.000
874.000	508.000
875.000	506.000
876.000	531.000
877.000	607.000
878.000	564.000
879.000	666.000
880.000	687.000
881.000	750.000
882.000	734.000
883.000	734.000
884.000	793.000
885.000	875.000
886.000	976.000
887.000	1002.000
888.000	1125.000
889.000	1055.000
890.000	1153.000
891.000	1271.000
892.000	1290.000
893.000	1274.000
894.000	1426.000
895.000	1456.000
896.000	1458.000
897.000	1516.000
898.000	1574.000
899.000	1540.000
900.000	1589.000
901.000	1600.000
902.000	1538.000
903.000	1592.000
904.000	1535.000
905.000	1525.000
906.000	1392.000
907.000	1325.000
908.000	1359.000
909.000	1255.000
910.000	1252.000
911.000	1171.000
912.000	1058.000
913.000	1096.000
914.000	950.000
915.000	912.000
916.000	862.000
917.000	801.000
918.000	738.000
919.000	696.000
920.000	663.000
921.000	676.000
922.000	577.000
923.000	611.000
924.000	528.000
925.000	529.000
926.000	460.000
927.000	498.000
928.000	446.000
929.000	431.000
930.000	453.000
931.000	394.000
932.000	387.000
933.000	373.000
934.000	394.000
935.000	335.000
936.000	375.000
937.000	383.000
938.000	409.000
939.000	357.000
940.000	416.000
941.000	406.000
942.000	419.000
943.000	471.000
944.000	526.000
945.000	528.000
946.000	606.000
947.000	629.000
948.000	619.000
949.000	664.000
950.000	791.000
951.000	822.000
952.000	822.000
953.000	816.000
954.000	835.000
955.000	878.000
956.000	755.000
957.000	777.000
958.000	649.000
959.000	603.000
960.000	594.000
961.000	585.000
962.000	488.000
963.000	420.000
964.000	356.000
965.000	358.000
966.000	352.000
967.000	345.000
968.000	314.000
969.000	302.000
970.000	311.000
971.000	291.000
972.000	288.000
973.000	303.000
974.000	264.000
975.000	313.000
976.000	291.000
977.000	324.000
978.000	309.000
979.000	308.000
980.000	311.000
981.000	327.000
982.000	323.000
983.000	336.000
984.000	345.000
985.000	378.000
986.000	344.000
987.000	354.000
988.000	359.000
989.000	349.000
990.000	400.000
991.000	368.000
992.000	438.000
993.000	405.000
994.000	387.000
995.000	397.000
996.000	441.000
997.000	395.000
998.000	446.000
999.000	447.000
1000.000	474.000
1001.000	473.000
1002.000	447.000
1003.000	452.000
1004.000	413.000
1005.000	457.000
1006.000	426.000
1007.000	498.000
1008.000	421.000
1009.000	446.000
1010.000	410.000
1011.000	405.000
1012.000	456.000
1013.000	357.000
1014.000	405.000
1015.000	388.000
1016.000	384.000
1017.000	350.000
1018.000	362.000
1019.000	343.000
1020.000	314.000
1021.000	324.000
1022.000	277.000
1023.000	283.000
1024.000	296.000
