Date:	8/19/2008		Time:	8:59 AM		Version no:	0.00		Project name:	55		Sample name:	222		Section name:	section		Position	260.039995	mm	E0	0.000000	keV	E1	1.000000	keV/channel	sample surface	7.492005	cm	Tube anode:	Mo		Tube voltage:	30	kV	Tube current:	50	mA	gain	20		std. database			resultfile	result		matrix element	11		sample thickness	1.000000		air passage	0.560000	cm	comments	not in position		peaking_time	3.000000	m-sec	trigger_threshold	1229.166667	V	mca_bin_width	22.090000	no:	number_mca_channels	1024.000000	no:	gap_time	0.400000	m-sec	trigger_peaking_time	0.150000	m-sec	GAINDAC	9455		HIGHGAIN	1		TAURC	0		RCTAU	53		RCTAUFRAC	32768		livetime	9.688118	seconds	runtime	10.000502	seconds	input_count_rate	29.583557	cps	output_count_rate	22.340278	cps	triggers	286609	seconds	events_in_run	223414	seconds	channel	content		1.000	0.000
2.000	0.000
3.000	0.000
4.000	0.000
5.000	0.000
6.000	0.000
7.000	0.000
8.000	0.000
9.000	0.000
10.000	0.000
11.000	0.000
12.000	0.000
13.000	0.000
14.000	0.000
15.000	0.000
16.000	0.000
17.000	0.000
18.000	0.000
19.000	0.000
20.000	0.000
21.000	0.000
22.000	0.000
23.000	0.000
24.000	0.000
25.000	0.000
26.000	0.000
27.000	0.000
28.000	0.000
29.000	0.000
30.000	0.000
31.000	0.000
32.000	3.000
33.000	0.000
34.000	0.000
35.000	1.000
36.000	0.000
37.000	1.000
38.000	1.000
39.000	2.000
40.000	3.000
41.000	0.000
42.000	0.000
43.000	5.000
44.000	4.000
45.000	5.000
46.000	5.000
47.000	5.000
48.000	11.000
49.000	11.000
50.000	4.000
51.000	13.000
52.000	11.000
53.000	9.000
54.000	6.000
55.000	8.000
56.000	9.000
57.000	11.000
58.000	8.000
59.000	11.000
60.000	11.000
61.000	13.000
62.000	5.000
63.000	11.000
64.000	7.000
65.000	14.000
66.000	5.000
67.000	6.000
68.000	12.000
69.000	16.000
70.000	7.000
71.000	11.000
72.000	10.000
73.000	9.000
74.000	9.000
75.000	5.000
76.000	5.000
77.000	10.000
78.000	8.000
79.000	11.000
80.000	10.000
81.000	5.000
82.000	9.000
83.000	10.000
84.000	7.000
85.000	5.000
86.000	8.000
87.000	9.000
88.000	9.000
89.000	9.000
90.000	5.000
91.000	12.000
92.000	4.000
93.000	7.000
94.000	13.000
95.000	8.000
96.000	11.000
97.000	13.000
98.000	9.000
99.000	7.000
100.000	7.000
101.000	15.000
102.000	10.000
103.000	4.000
104.000	8.000
105.000	12.000
106.000	7.000
107.000	4.000
108.000	5.000
109.000	3.000
110.000	11.000
111.000	8.000
112.000	4.000
113.000	11.000
114.000	15.000
115.000	8.000
116.000	3.000
117.000	5.000
118.000	3.000
119.000	6.000
120.000	7.000
121.000	7.000
122.000	3.000
123.000	12.000
124.000	8.000
125.000	8.000
126.000	5.000
127.000	10.000
128.000	12.000
129.000	12.000
130.000	7.000
131.000	9.000
132.000	8.000
133.000	4.000
134.000	7.000
135.000	8.000
136.000	1.000
137.000	6.000
138.000	10.000
139.000	4.000
140.000	9.000
141.000	3.000
142.000	3.000
143.000	5.000
144.000	4.000
145.000	2.000
146.000	5.000
147.000	4.000
148.000	8.000
149.000	6.000
150.000	3.000
151.000	2.000
152.000	2.000
153.000	6.000
154.000	4.000
155.000	2.000
156.000	4.000
157.000	9.000
158.000	4.000
159.000	4.000
160.000	12.000
161.000	12.000
162.000	8.000
163.000	6.000
164.000	5.000
165.000	7.000
166.000	6.000
167.000	14.000
168.000	3.000
169.000	4.000
170.000	4.000
171.000	1.000
172.000	3.000
173.000	5.000
174.000	2.000
175.000	4.000
176.000	5.000
177.000	9.000
178.000	8.000
179.000	3.000
180.000	6.000
181.000	7.000
182.000	10.000
183.000	12.000
184.000	6.000
185.000	4.000
186.000	8.000
187.000	4.000
188.000	5.000
189.000	1.000
190.000	0.000
191.000	1.000
192.000	1.000
193.000	5.000
194.000	1.000
195.000	2.000
196.000	5.000
197.000	12.000
198.000	11.000
199.000	12.000
200.000	15.000
201.000	19.000
202.000	25.000
203.000	17.000
204.000	26.000
205.000	23.000
206.000	13.000
207.000	9.000
208.000	8.000
209.000	2.000
210.000	2.000
211.000	4.000
212.000	6.000
213.000	1.000
214.000	4.000
215.000	5.000
216.000	1.000
217.000	8.000
218.000	1.000
219.000	2.000
220.000	9.000
221.000	5.000
222.000	5.000
223.000	11.000
224.000	5.000
225.000	4.000
226.000	1.000
227.000	4.000
228.000	4.000
229.000	2.000
230.000	4.000
231.000	9.000
232.000	2.000
233.000	4.000
234.000	1.000
235.000	8.000
236.000	1.000
237.000	3.000
238.000	4.000
239.000	4.000
240.000	4.000
241.000	4.000
242.000	2.000
243.000	4.000
244.000	9.000
245.000	14.000
246.000	10.000
247.000	15.000
248.000	15.000
249.000	12.000
250.000	10.000
251.000	8.000
252.000	9.000
253.000	2.000
254.000	9.000
255.000	5.000
256.000	6.000
257.000	8.000
258.000	7.000
259.000	3.000
260.000	3.000
261.000	3.000
262.000	3.000
263.000	4.000
264.000	4.000
265.000	6.000
266.000	4.000
267.000	8.000
268.000	2.000
269.000	5.000
270.000	6.000
271.000	5.000
272.000	8.000
273.000	9.000
274.000	6.000
275.000	5.000
276.000	6.000
277.000	2.000
278.000	4.000
279.000	7.000
280.000	5.000
281.000	9.000
282.000	2.000
283.000	6.000
284.000	3.000
285.000	4.000
286.000	10.000
287.000	9.000
288.000	4.000
289.000	5.000
290.000	6.000
291.000	5.000
292.000	6.000
293.000	5.000
294.000	8.000
295.000	3.000
296.000	7.000
297.000	8.000
298.000	9.000
299.000	9.000
300.000	5.000
301.000	5.000
302.000	8.000
303.000	5.000
304.000	7.000
305.000	4.000
306.000	7.000
307.000	8.000
308.000	4.000
309.000	11.000
310.000	9.000
311.000	5.000
312.000	4.000
313.000	12.000
314.000	5.000
315.000	7.000
316.000	7.000
317.000	11.000
318.000	26.000
319.000	25.000
320.000	34.000
321.000	53.000
322.000	51.000
323.000	51.000
324.000	51.000
325.000	47.000
326.000	45.000
327.000	33.000
328.000	7.000
329.000	19.000
330.000	25.000
331.000	10.000
332.000	11.000
333.000	8.000
334.000	6.000
335.000	8.000
336.000	14.000
337.000	10.000
338.000	23.000
339.000	16.000
340.000	17.000
341.000	35.000
342.000	37.000
343.000	86.000
344.000	153.000
345.000	190.000
346.000	320.000
347.000	396.000
348.000	562.000
349.000	645.000
350.000	700.000
351.000	691.000
352.000	674.000
353.000	604.000
354.000	497.000
355.000	345.000
356.000	221.000
357.000	149.000
358.000	86.000
359.000	62.000
360.000	26.000
361.000	15.000
362.000	17.000
363.000	15.000
364.000	12.000
365.000	13.000
366.000	20.000
367.000	19.000
368.000	20.000
369.000	18.000
370.000	18.000
371.000	23.000
372.000	15.000
373.000	17.000
374.000	14.000
375.000	20.000
376.000	16.000
377.000	24.000
378.000	29.000
379.000	29.000
380.000	43.000
381.000	62.000
382.000	76.000
383.000	92.000
384.000	123.000
385.000	133.000
386.000	126.000
387.000	132.000
388.000	147.000
389.000	110.000
390.000	91.000
391.000	76.000
392.000	69.000
393.000	50.000
394.000	31.000
395.000	31.000
396.000	18.000
397.000	16.000
398.000	24.000
399.000	15.000
400.000	22.000
401.000	18.000
402.000	25.000
403.000	20.000
404.000	25.000
405.000	19.000
406.000	28.000
407.000	21.000
408.000	21.000
409.000	16.000
410.000	34.000
411.000	32.000
412.000	28.000
413.000	30.000
414.000	28.000
415.000	25.000
416.000	20.000
417.000	28.000
418.000	28.000
419.000	30.000
420.000	28.000
421.000	29.000
422.000	30.000
423.000	20.000
424.000	31.000
425.000	25.000
426.000	29.000
427.000	28.000
428.000	28.000
429.000	24.000
430.000	36.000
431.000	31.000
432.000	31.000
433.000	35.000
434.000	26.000
435.000	32.000
436.000	27.000
437.000	38.000
438.000	44.000
439.000	33.000
440.000	45.000
441.000	47.000
442.000	40.000
443.000	41.000
444.000	41.000
445.000	26.000
446.000	34.000
447.000	36.000
448.000	43.000
449.000	44.000
450.000	33.000
451.000	47.000
452.000	44.000
453.000	44.000
454.000	45.000
455.000	41.000
456.000	43.000
457.000	42.000
458.000	49.000
459.000	46.000
460.000	51.000
461.000	57.000
462.000	39.000
463.000	31.000
464.000	49.000
465.000	43.000
466.000	50.000
467.000	44.000
468.000	41.000
469.000	42.000
470.000	56.000
471.000	50.000
472.000	58.000
473.000	38.000
474.000	50.000
475.000	50.000
476.000	52.000
477.000	52.000
478.000	41.000
479.000	41.000
480.000	44.000
481.000	56.000
482.000	35.000
483.000	56.000
484.000	66.000
485.000	50.000
486.000	53.000
487.000	49.000
488.000	54.000
489.000	70.000
490.000	55.000
491.000	52.000
492.000	61.000
493.000	69.000
494.000	61.000
495.000	65.000
496.000	51.000
497.000	60.000
498.000	55.000
499.000	72.000
500.000	69.000
501.000	68.000
502.000	69.000
503.000	67.000
504.000	68.000
505.000	73.000
506.000	53.000
507.000	70.000
508.000	68.000
509.000	53.000
510.000	81.000
511.000	74.000
512.000	75.000
513.000	68.000
514.000	88.000
515.000	69.000
516.000	66.000
517.000	84.000
518.000	78.000
519.000	76.000
520.000	98.000
521.000	74.000
522.000	73.000
523.000	69.000
524.000	88.000
525.000	105.000
526.000	81.000
527.000	104.000
528.000	88.000
529.000	81.000
530.000	79.000
531.000	87.000
532.000	86.000
533.000	84.000
534.000	84.000
535.000	100.000
536.000	84.000
537.000	67.000
538.000	87.000
539.000	84.000
540.000	81.000
541.000	96.000
542.000	94.000
543.000	104.000
544.000	105.000
545.000	79.000
546.000	96.000
547.000	98.000
548.000	111.000
549.000	96.000
550.000	99.000
551.000	95.000
552.000	94.000
553.000	98.000
554.000	109.000
555.000	108.000
556.000	96.000
557.000	100.000
558.000	95.000
559.000	96.000
560.000	108.000
561.000	109.000
562.000	102.000
563.000	113.000
564.000	90.000
565.000	103.000
566.000	110.000
567.000	102.000
568.000	116.000
569.000	102.000
570.000	104.000
571.000	97.000
572.000	110.000
573.000	124.000
574.000	104.000
575.000	100.000
576.000	108.000
577.000	120.000
578.000	107.000
579.000	114.000
580.000	118.000
581.000	112.000
582.000	121.000
583.000	133.000
584.000	139.000
585.000	127.000
586.000	117.000
587.000	131.000
588.000	129.000
589.000	120.000
590.000	105.000
591.000	146.000
592.000	121.000
593.000	128.000
594.000	127.000
595.000	145.000
596.000	123.000
597.000	132.000
598.000	121.000
599.000	123.000
600.000	132.000
601.000	138.000
602.000	129.000
603.000	147.000
604.000	148.000
605.000	120.000
606.000	141.000
607.000	140.000
608.000	143.000
609.000	136.000
610.000	142.000
611.000	114.000
612.000	151.000
613.000	157.000
614.000	151.000
615.000	137.000
616.000	143.000
617.000	146.000
618.000	151.000
619.000	159.000
620.000	169.000
621.000	144.000
622.000	154.000
623.000	161.000
624.000	137.000
625.000	157.000
626.000	154.000
627.000	163.000
628.000	154.000
629.000	145.000
630.000	143.000
631.000	175.000
632.000	173.000
633.000	146.000
634.000	146.000
635.000	152.000
636.000	159.000
637.000	169.000
638.000	177.000
639.000	173.000
640.000	167.000
641.000	184.000
642.000	170.000
643.000	168.000
644.000	171.000
645.000	174.000
646.000	180.000
647.000	167.000
648.000	192.000
649.000	190.000
650.000	201.000
651.000	195.000
652.000	212.000
653.000	174.000
654.000	174.000
655.000	191.000
656.000	188.000
657.000	181.000
658.000	192.000
659.000	186.000
660.000	183.000
661.000	180.000
662.000	180.000
663.000	206.000
664.000	181.000
665.000	180.000
666.000	193.000
667.000	198.000
668.000	212.000
669.000	185.000
670.000	189.000
671.000	215.000
672.000	185.000
673.000	205.000
674.000	210.000
675.000	200.000
676.000	195.000
677.000	224.000
678.000	194.000
679.000	202.000
680.000	212.000
681.000	221.000
682.000	195.000
683.000	208.000
684.000	193.000
685.000	197.000
686.000	236.000
687.000	192.000
688.000	197.000
689.000	189.000
690.000	232.000
691.000	216.000
692.000	221.000
693.000	244.000
694.000	217.000
695.000	215.000
696.000	228.000
697.000	219.000
698.000	213.000
699.000	202.000
700.000	218.000
701.000	206.000
702.000	226.000
703.000	240.000
704.000	198.000
705.000	214.000
706.000	220.000
707.000	223.000
708.000	213.000
709.000	227.000
710.000	216.000
711.000	237.000
712.000	209.000
713.000	231.000
714.000	236.000
715.000	205.000
716.000	233.000
717.000	233.000
718.000	225.000
719.000	226.000
720.000	238.000
721.000	248.000
722.000	255.000
723.000	232.000
724.000	244.000
725.000	219.000
726.000	238.000
727.000	225.000
728.000	243.000
729.000	253.000
730.000	271.000
731.000	214.000
732.000	274.000
733.000	214.000
734.000	222.000
735.000	251.000
736.000	270.000
737.000	249.000
738.000	244.000
739.000	248.000
740.000	235.000
741.000	257.000
742.000	263.000
743.000	249.000
744.000	232.000
745.000	230.000
746.000	254.000
747.000	231.000
748.000	250.000
749.000	253.000
750.000	240.000
751.000	266.000
752.000	262.000
753.000	261.000
754.000	258.000
755.000	274.000
756.000	266.000
757.000	254.000
758.000	247.000
759.000	274.000
760.000	270.000
761.000	257.000
762.000	298.000
763.000	279.000
764.000	271.000
765.000	305.000
766.000	272.000
767.000	272.000
768.000	279.000
769.000	305.000
770.000	298.000
771.000	268.000
772.000	300.000
773.000	273.000
774.000	285.000
775.000	255.000
776.000	283.000
777.000	288.000
778.000	273.000
779.000	296.000
780.000	257.000
781.000	275.000
782.000	296.000
783.000	262.000
784.000	293.000
785.000	293.000
786.000	301.000
787.000	269.000
788.000	263.000
789.000	281.000
790.000	277.000
791.000	301.000
792.000	287.000
793.000	279.000
794.000	320.000
795.000	311.000
796.000	260.000
797.000	283.000
798.000	304.000
799.000	273.000
800.000	290.000
801.000	303.000
802.000	282.000
803.000	307.000
804.000	317.000
805.000	295.000
806.000	264.000
807.000	276.000
808.000	330.000
809.000	281.000
810.000	290.000
811.000	298.000
812.000	321.000
813.000	303.000
814.000	274.000
815.000	278.000
816.000	237.000
817.000	318.000
818.000	330.000
819.000	307.000
820.000	329.000
821.000	313.000
822.000	274.000
823.000	329.000
824.000	272.000
825.000	279.000
826.000	309.000
827.000	271.000
828.000	271.000
829.000	295.000
830.000	324.000
831.000	294.000
832.000	331.000
833.000	293.000
834.000	313.000
835.000	316.000
836.000	321.000
837.000	334.000
838.000	323.000
839.000	318.000
840.000	332.000
841.000	319.000
842.000	333.000
843.000	326.000
844.000	344.000
845.000	372.000
846.000	352.000
847.000	335.000
848.000	307.000
849.000	317.000
850.000	308.000
851.000	344.000
852.000	373.000
853.000	371.000
854.000	367.000
855.000	348.000
856.000	370.000
857.000	379.000
858.000	410.000
859.000	383.000
860.000	400.000
861.000	400.000
862.000	381.000
863.000	386.000
864.000	389.000
865.000	386.000
866.000	455.000
867.000	433.000
868.000	426.000
869.000	473.000
870.000	422.000
871.000	469.000
872.000	465.000
873.000	446.000
874.000	494.000
875.000	522.000
876.000	494.000
877.000	561.000
878.000	582.000
879.000	622.000
880.000	638.000
881.000	706.000
882.000	773.000
883.000	786.000
884.000	788.000
885.000	831.000
886.000	916.000
887.000	961.000
888.000	1031.000
889.000	1041.000
890.000	1112.000
891.000	1228.000
892.000	1276.000
893.000	1314.000
894.000	1303.000
895.000	1415.000
896.000	1448.000
897.000	1424.000
898.000	1540.000
899.000	1561.000
900.000	1579.000
901.000	1548.000
902.000	1518.000
903.000	1510.000
904.000	1473.000
905.000	1411.000
906.000	1396.000
907.000	1415.000
908.000	1356.000
909.000	1256.000
910.000	1185.000
911.000	1174.000
912.000	1120.000
913.000	1017.000
914.000	989.000
915.000	902.000
916.000	917.000
917.000	805.000
918.000	757.000
919.000	742.000
920.000	686.000
921.000	611.000
922.000	627.000
923.000	561.000
924.000	593.000
925.000	499.000
926.000	541.000
927.000	469.000
928.000	457.000
929.000	429.000
930.000	405.000
931.000	400.000
932.000	407.000
933.000	386.000
934.000	389.000
935.000	364.000
936.000	343.000
937.000	356.000
938.000	350.000
939.000	345.000
940.000	395.000
941.000	411.000
942.000	389.000
943.000	456.000
944.000	456.000
945.000	538.000
946.000	540.000
947.000	690.000
948.000	695.000
949.000	669.000
950.000	774.000
951.000	780.000
952.000	834.000
953.000	806.000
954.000	815.000
955.000	798.000
956.000	732.000
957.000	736.000
958.000	678.000
959.000	639.000
960.000	528.000
961.000	511.000
962.000	468.000
963.000	380.000
964.000	357.000
965.000	331.000
966.000	333.000
967.000	310.000
968.000	322.000
969.000	302.000
970.000	297.000
971.000	279.000
972.000	274.000
973.000	307.000
974.000	286.000
975.000	284.000
976.000	287.000
977.000	289.000
978.000	302.000
979.000	316.000
980.000	289.000
981.000	308.000
982.000	286.000
983.000	326.000
984.000	347.000
985.000	346.000
986.000	354.000
987.000	355.000
988.000	357.000
989.000	366.000
990.000	410.000
991.000	386.000
992.000	410.000
993.000	416.000
994.000	389.000
995.000	444.000
996.000	442.000
997.000	448.000
998.000	428.000
999.000	438.000
1000.000	449.000
1001.000	490.000
1002.000	408.000
1003.000	487.000
1004.000	454.000
1005.000	423.000
1006.000	461.000
1007.000	469.000
1008.000	447.000
1009.000	425.000
1010.000	425.000
1011.000	456.000
1012.000	371.000
1013.000	406.000
1014.000	373.000
1015.000	389.000
1016.000	384.000
1017.000	366.000
1018.000	343.000
1019.000	365.000
1020.000	331.000
1021.000	317.000
1022.000	317.000
1023.000	301.000
1024.000	296.000
