Date:	8/19/2008		Time:	8:47 AM		Version no:	0.00		Project name:	55		Sample name:	222		Section name:	section		Position	128.039995	mm	E0	0.000000	keV	E1	1.000000	keV/channel	sample surface	7.602580	cm	Tube anode:	Mo		Tube voltage:	30	kV	Tube current:	50	mA	gain	20		std. database			resultfile	result		matrix element	11		sample thickness	1.000000		air passage	0.560000	cm	comments	not in position		peaking_time	3.000000	m-sec	trigger_threshold	1229.166667	V	mca_bin_width	22.090000	no:	number_mca_channels	1024.000000	no:	gap_time	0.400000	m-sec	trigger_peaking_time	0.150000	m-sec	GAINDAC	9455		HIGHGAIN	1		TAURC	0		RCTAU	53		RCTAUFRAC	32768		livetime	9.792850	seconds	runtime	10.000502	seconds	input_count_rate	20.518643	cps	output_count_rate	16.711462	cps	triggers	200936	seconds	events_in_run	167123	seconds	channel	content		1.000	0.000
2.000	0.000
3.000	0.000
4.000	0.000
5.000	0.000
6.000	0.000
7.000	0.000
8.000	0.000
9.000	0.000
10.000	0.000
11.000	0.000
12.000	0.000
13.000	0.000
14.000	0.000
15.000	0.000
16.000	0.000
17.000	0.000
18.000	0.000
19.000	0.000
20.000	0.000
21.000	0.000
22.000	0.000
23.000	0.000
24.000	0.000
25.000	0.000
26.000	0.000
27.000	0.000
28.000	0.000
29.000	0.000
30.000	0.000
31.000	1.000
32.000	2.000
33.000	1.000
34.000	4.000
35.000	1.000
36.000	1.000
37.000	2.000
38.000	3.000
39.000	4.000
40.000	4.000
41.000	4.000
42.000	4.000
43.000	8.000
44.000	5.000
45.000	6.000
46.000	3.000
47.000	9.000
48.000	9.000
49.000	10.000
50.000	10.000
51.000	9.000
52.000	7.000
53.000	12.000
54.000	10.000
55.000	9.000
56.000	6.000
57.000	9.000
58.000	9.000
59.000	12.000
60.000	6.000
61.000	11.000
62.000	6.000
63.000	6.000
64.000	5.000
65.000	4.000
66.000	11.000
67.000	11.000
68.000	4.000
69.000	8.000
70.000	6.000
71.000	5.000
72.000	9.000
73.000	7.000
74.000	6.000
75.000	8.000
76.000	9.000
77.000	4.000
78.000	9.000
79.000	9.000
80.000	6.000
81.000	7.000
82.000	9.000
83.000	11.000
84.000	6.000
85.000	5.000
86.000	7.000
87.000	3.000
88.000	5.000
89.000	11.000
90.000	4.000
91.000	4.000
92.000	6.000
93.000	15.000
94.000	9.000
95.000	6.000
96.000	14.000
97.000	5.000
98.000	5.000
99.000	4.000
100.000	9.000
101.000	4.000
102.000	6.000
103.000	6.000
104.000	14.000
105.000	6.000
106.000	7.000
107.000	11.000
108.000	7.000
109.000	4.000
110.000	6.000
111.000	8.000
112.000	2.000
113.000	5.000
114.000	4.000
115.000	4.000
116.000	5.000
117.000	7.000
118.000	5.000
119.000	4.000
120.000	5.000
121.000	6.000
122.000	8.000
123.000	6.000
124.000	3.000
125.000	5.000
126.000	7.000
127.000	8.000
128.000	5.000
129.000	6.000
130.000	6.000
131.000	7.000
132.000	10.000
133.000	2.000
134.000	4.000
135.000	2.000
136.000	6.000
137.000	2.000
138.000	8.000
139.000	6.000
140.000	4.000
141.000	4.000
142.000	5.000
143.000	4.000
144.000	7.000
145.000	3.000
146.000	6.000
147.000	1.000
148.000	4.000
149.000	1.000
150.000	2.000
151.000	2.000
152.000	3.000
153.000	2.000
154.000	5.000
155.000	5.000
156.000	8.000
157.000	4.000
158.000	7.000
159.000	5.000
160.000	7.000
161.000	5.000
162.000	16.000
163.000	14.000
164.000	11.000
165.000	9.000
166.000	15.000
167.000	3.000
168.000	6.000
169.000	3.000
170.000	3.000
171.000	5.000
172.000	3.000
173.000	8.000
174.000	3.000
175.000	1.000
176.000	7.000
177.000	3.000
178.000	2.000
179.000	5.000
180.000	5.000
181.000	5.000
182.000	2.000
183.000	1.000
184.000	3.000
185.000	3.000
186.000	3.000
187.000	2.000
188.000	1.000
189.000	2.000
190.000	2.000
191.000	3.000
192.000	4.000
193.000	3.000
194.000	0.000
195.000	1.000
196.000	5.000
197.000	4.000
198.000	5.000
199.000	4.000
200.000	3.000
201.000	3.000
202.000	3.000
203.000	3.000
204.000	5.000
205.000	1.000
206.000	1.000
207.000	6.000
208.000	1.000
209.000	1.000
210.000	3.000
211.000	5.000
212.000	5.000
213.000	0.000
214.000	4.000
215.000	7.000
216.000	2.000
217.000	2.000
218.000	2.000
219.000	2.000
220.000	5.000
221.000	7.000
222.000	8.000
223.000	3.000
224.000	1.000
225.000	6.000
226.000	5.000
227.000	4.000
228.000	2.000
229.000	3.000
230.000	2.000
231.000	3.000
232.000	1.000
233.000	4.000
234.000	2.000
235.000	0.000
236.000	2.000
237.000	2.000
238.000	1.000
239.000	3.000
240.000	2.000
241.000	1.000
242.000	6.000
243.000	4.000
244.000	4.000
245.000	5.000
246.000	0.000
247.000	5.000
248.000	2.000
249.000	0.000
250.000	3.000
251.000	2.000
252.000	2.000
253.000	1.000
254.000	2.000
255.000	2.000
256.000	2.000
257.000	3.000
258.000	5.000
259.000	0.000
260.000	2.000
261.000	4.000
262.000	1.000
263.000	3.000
264.000	3.000
265.000	2.000
266.000	4.000
267.000	1.000
268.000	1.000
269.000	6.000
270.000	5.000
271.000	6.000
272.000	2.000
273.000	4.000
274.000	3.000
275.000	6.000
276.000	2.000
277.000	2.000
278.000	1.000
279.000	0.000
280.000	6.000
281.000	3.000
282.000	4.000
283.000	8.000
284.000	4.000
285.000	1.000
286.000	3.000
287.000	4.000
288.000	2.000
289.000	3.000
290.000	4.000
291.000	3.000
292.000	5.000
293.000	6.000
294.000	4.000
295.000	3.000
296.000	7.000
297.000	5.000
298.000	3.000
299.000	4.000
300.000	2.000
301.000	1.000
302.000	6.000
303.000	1.000
304.000	9.000
305.000	3.000
306.000	2.000
307.000	1.000
308.000	1.000
309.000	3.000
310.000	1.000
311.000	5.000
312.000	0.000
313.000	2.000
314.000	1.000
315.000	4.000
316.000	3.000
317.000	3.000
318.000	1.000
319.000	4.000
320.000	2.000
321.000	8.000
322.000	10.000
323.000	5.000
324.000	5.000
325.000	7.000
326.000	6.000
327.000	2.000
328.000	6.000
329.000	1.000
330.000	1.000
331.000	3.000
332.000	1.000
333.000	1.000
334.000	2.000
335.000	1.000
336.000	5.000
337.000	4.000
338.000	6.000
339.000	3.000
340.000	4.000
341.000	3.000
342.000	2.000
343.000	7.000
344.000	13.000
345.000	14.000
346.000	21.000
347.000	48.000
348.000	36.000
349.000	47.000
350.000	59.000
351.000	51.000
352.000	48.000
353.000	53.000
354.000	37.000
355.000	27.000
356.000	25.000
357.000	21.000
358.000	10.000
359.000	5.000
360.000	4.000
361.000	5.000
362.000	2.000
363.000	1.000
364.000	0.000
365.000	10.000
366.000	6.000
367.000	2.000
368.000	1.000
369.000	3.000
370.000	3.000
371.000	1.000
372.000	3.000
373.000	2.000
374.000	7.000
375.000	5.000
376.000	2.000
377.000	3.000
378.000	1.000
379.000	5.000
380.000	10.000
381.000	10.000
382.000	9.000
383.000	7.000
384.000	13.000
385.000	15.000
386.000	10.000
387.000	12.000
388.000	12.000
389.000	11.000
390.000	11.000
391.000	8.000
392.000	9.000
393.000	4.000
394.000	5.000
395.000	5.000
396.000	3.000
397.000	5.000
398.000	5.000
399.000	15.000
400.000	5.000
401.000	7.000
402.000	5.000
403.000	0.000
404.000	6.000
405.000	12.000
406.000	6.000
407.000	6.000
408.000	7.000
409.000	8.000
410.000	6.000
411.000	6.000
412.000	5.000
413.000	4.000
414.000	1.000
415.000	9.000
416.000	8.000
417.000	4.000
418.000	3.000
419.000	6.000
420.000	4.000
421.000	1.000
422.000	7.000
423.000	3.000
424.000	5.000
425.000	4.000
426.000	6.000
427.000	7.000
428.000	4.000
429.000	3.000
430.000	5.000
431.000	6.000
432.000	5.000
433.000	10.000
434.000	2.000
435.000	8.000
436.000	8.000
437.000	10.000
438.000	6.000
439.000	6.000
440.000	6.000
441.000	3.000
442.000	13.000
443.000	4.000
444.000	6.000
445.000	4.000
446.000	8.000
447.000	14.000
448.000	10.000
449.000	12.000
450.000	7.000
451.000	13.000
452.000	18.000
453.000	12.000
454.000	10.000
455.000	13.000
456.000	12.000
457.000	8.000
458.000	15.000
459.000	18.000
460.000	11.000
461.000	15.000
462.000	10.000
463.000	7.000
464.000	10.000
465.000	16.000
466.000	17.000
467.000	16.000
468.000	14.000
469.000	6.000
470.000	16.000
471.000	8.000
472.000	14.000
473.000	11.000
474.000	13.000
475.000	17.000
476.000	19.000
477.000	14.000
478.000	17.000
479.000	19.000
480.000	15.000
481.000	11.000
482.000	26.000
483.000	18.000
484.000	18.000
485.000	13.000
486.000	17.000
487.000	23.000
488.000	24.000
489.000	12.000
490.000	16.000
491.000	22.000
492.000	15.000
493.000	17.000
494.000	17.000
495.000	17.000
496.000	18.000
497.000	19.000
498.000	15.000
499.000	18.000
500.000	15.000
501.000	13.000
502.000	23.000
503.000	25.000
504.000	23.000
505.000	26.000
506.000	24.000
507.000	18.000
508.000	21.000
509.000	24.000
510.000	29.000
511.000	31.000
512.000	20.000
513.000	26.000
514.000	21.000
515.000	23.000
516.000	30.000
517.000	31.000
518.000	39.000
519.000	26.000
520.000	28.000
521.000	18.000
522.000	29.000
523.000	25.000
524.000	25.000
525.000	32.000
526.000	25.000
527.000	34.000
528.000	36.000
529.000	31.000
530.000	32.000
531.000	35.000
532.000	34.000
533.000	24.000
534.000	26.000
535.000	28.000
536.000	33.000
537.000	35.000
538.000	34.000
539.000	53.000
540.000	32.000
541.000	37.000
542.000	39.000
543.000	29.000
544.000	45.000
545.000	43.000
546.000	47.000
547.000	43.000
548.000	47.000
549.000	33.000
550.000	46.000
551.000	36.000
552.000	55.000
553.000	41.000
554.000	44.000
555.000	47.000
556.000	40.000
557.000	63.000
558.000	40.000
559.000	37.000
560.000	45.000
561.000	36.000
562.000	52.000
563.000	40.000
564.000	41.000
565.000	45.000
566.000	48.000
567.000	60.000
568.000	54.000
569.000	62.000
570.000	61.000
571.000	47.000
572.000	36.000
573.000	66.000
574.000	56.000
575.000	54.000
576.000	60.000
577.000	64.000
578.000	74.000
579.000	65.000
580.000	47.000
581.000	65.000
582.000	65.000
583.000	53.000
584.000	71.000
585.000	61.000
586.000	61.000
587.000	67.000
588.000	65.000
589.000	55.000
590.000	76.000
591.000	67.000
592.000	53.000
593.000	62.000
594.000	84.000
595.000	78.000
596.000	76.000
597.000	76.000
598.000	55.000
599.000	72.000
600.000	66.000
601.000	76.000
602.000	71.000
603.000	75.000
604.000	73.000
605.000	79.000
606.000	85.000
607.000	71.000
608.000	86.000
609.000	84.000
610.000	73.000
611.000	81.000
612.000	75.000
613.000	86.000
614.000	83.000
615.000	80.000
616.000	75.000
617.000	95.000
618.000	78.000
619.000	81.000
620.000	72.000
621.000	85.000
622.000	86.000
623.000	94.000
624.000	74.000
625.000	97.000
626.000	85.000
627.000	96.000
628.000	97.000
629.000	93.000
630.000	90.000
631.000	72.000
632.000	98.000
633.000	87.000
634.000	98.000
635.000	111.000
636.000	92.000
637.000	104.000
638.000	103.000
639.000	114.000
640.000	96.000
641.000	95.000
642.000	82.000
643.000	93.000
644.000	94.000
645.000	108.000
646.000	94.000
647.000	117.000
648.000	104.000
649.000	111.000
650.000	111.000
651.000	116.000
652.000	111.000
653.000	111.000
654.000	95.000
655.000	131.000
656.000	106.000
657.000	107.000
658.000	106.000
659.000	101.000
660.000	113.000
661.000	107.000
662.000	145.000
663.000	131.000
664.000	134.000
665.000	110.000
666.000	123.000
667.000	142.000
668.000	130.000
669.000	127.000
670.000	132.000
671.000	126.000
672.000	116.000
673.000	115.000
674.000	106.000
675.000	146.000
676.000	128.000
677.000	132.000
678.000	150.000
679.000	140.000
680.000	130.000
681.000	106.000
682.000	150.000
683.000	111.000
684.000	133.000
685.000	120.000
686.000	125.000
687.000	133.000
688.000	129.000
689.000	129.000
690.000	138.000
691.000	137.000
692.000	138.000
693.000	160.000
694.000	150.000
695.000	144.000
696.000	155.000
697.000	141.000
698.000	140.000
699.000	160.000
700.000	149.000
701.000	164.000
702.000	161.000
703.000	166.000
704.000	135.000
705.000	140.000
706.000	146.000
707.000	160.000
708.000	166.000
709.000	149.000
710.000	179.000
711.000	137.000
712.000	158.000
713.000	152.000
714.000	163.000
715.000	154.000
716.000	158.000
717.000	152.000
718.000	163.000
719.000	154.000
720.000	181.000
721.000	148.000
722.000	158.000
723.000	168.000
724.000	150.000
725.000	163.000
726.000	167.000
727.000	165.000
728.000	184.000
729.000	172.000
730.000	170.000
731.000	195.000
732.000	180.000
733.000	172.000
734.000	180.000
735.000	183.000
736.000	173.000
737.000	163.000
738.000	186.000
739.000	190.000
740.000	193.000
741.000	193.000
742.000	199.000
743.000	180.000
744.000	151.000
745.000	167.000
746.000	182.000
747.000	174.000
748.000	214.000
749.000	194.000
750.000	183.000
751.000	196.000
752.000	172.000
753.000	195.000
754.000	197.000
755.000	200.000
756.000	188.000
757.000	194.000
758.000	174.000
759.000	212.000
760.000	173.000
761.000	192.000
762.000	165.000
763.000	209.000
764.000	203.000
765.000	203.000
766.000	210.000
767.000	228.000
768.000	208.000
769.000	208.000
770.000	227.000
771.000	195.000
772.000	192.000
773.000	212.000
774.000	236.000
775.000	229.000
776.000	231.000
777.000	208.000
778.000	221.000
779.000	190.000
780.000	181.000
781.000	222.000
782.000	224.000
783.000	200.000
784.000	207.000
785.000	204.000
786.000	194.000
787.000	205.000
788.000	205.000
789.000	212.000
790.000	214.000
791.000	232.000
792.000	231.000
793.000	202.000
794.000	214.000
795.000	217.000
796.000	206.000
797.000	206.000
798.000	229.000
799.000	224.000
800.000	212.000
801.000	199.000
802.000	223.000
803.000	188.000
804.000	229.000
805.000	216.000
806.000	197.000
807.000	230.000
808.000	227.000
809.000	232.000
810.000	264.000
811.000	249.000
812.000	243.000
813.000	216.000
814.000	240.000
815.000	238.000
816.000	245.000
817.000	237.000
818.000	220.000
819.000	254.000
820.000	196.000
821.000	233.000
822.000	227.000
823.000	211.000
824.000	265.000
825.000	240.000
826.000	217.000
827.000	229.000
828.000	225.000
829.000	248.000
830.000	232.000
831.000	227.000
832.000	253.000
833.000	269.000
834.000	238.000
835.000	259.000
836.000	227.000
837.000	242.000
838.000	238.000
839.000	243.000
840.000	229.000
841.000	261.000
842.000	265.000
843.000	244.000
844.000	283.000
845.000	291.000
846.000	254.000
847.000	257.000
848.000	271.000
849.000	281.000
850.000	275.000
851.000	291.000
852.000	301.000
853.000	279.000
854.000	312.000
855.000	304.000
856.000	299.000
857.000	287.000
858.000	342.000
859.000	334.000
860.000	311.000
861.000	305.000
862.000	334.000
863.000	321.000
864.000	333.000
865.000	293.000
866.000	334.000
867.000	377.000
868.000	340.000
869.000	329.000
870.000	382.000
871.000	380.000
872.000	374.000
873.000	420.000
874.000	429.000
875.000	434.000
876.000	445.000
877.000	456.000
878.000	499.000
879.000	524.000
880.000	554.000
881.000	557.000
882.000	636.000
883.000	719.000
884.000	703.000
885.000	686.000
886.000	760.000
887.000	803.000
888.000	854.000
889.000	889.000
890.000	952.000
891.000	960.000
892.000	995.000
893.000	1079.000
894.000	1093.000
895.000	1138.000
896.000	1189.000
897.000	1181.000
898.000	1196.000
899.000	1282.000
900.000	1214.000
901.000	1194.000
902.000	1265.000
903.000	1231.000
904.000	1221.000
905.000	1170.000
906.000	1173.000
907.000	1090.000
908.000	996.000
909.000	972.000
910.000	958.000
911.000	893.000
912.000	868.000
913.000	845.000
914.000	772.000
915.000	741.000
916.000	696.000
917.000	625.000
918.000	624.000
919.000	579.000
920.000	546.000
921.000	535.000
922.000	471.000
923.000	440.000
924.000	454.000
925.000	401.000
926.000	406.000
927.000	386.000
928.000	393.000
929.000	345.000
930.000	347.000
931.000	329.000
932.000	334.000
933.000	305.000
934.000	295.000
935.000	342.000
936.000	334.000
937.000	306.000
938.000	304.000
939.000	329.000
940.000	307.000
941.000	328.000
942.000	370.000
943.000	410.000
944.000	403.000
945.000	401.000
946.000	510.000
947.000	503.000
948.000	589.000
949.000	584.000
950.000	603.000
951.000	664.000
952.000	648.000
953.000	674.000
954.000	721.000
955.000	690.000
956.000	701.000
957.000	607.000
958.000	549.000
959.000	531.000
960.000	509.000
961.000	437.000
962.000	354.000
963.000	325.000
964.000	345.000
965.000	307.000
966.000	274.000
967.000	270.000
968.000	237.000
969.000	267.000
970.000	253.000
971.000	233.000
972.000	272.000
973.000	276.000
974.000	230.000
975.000	259.000
976.000	239.000
977.000	273.000
978.000	279.000
979.000	249.000
980.000	272.000
981.000	269.000
982.000	270.000
983.000	266.000
984.000	302.000
985.000	290.000
986.000	294.000
987.000	293.000
988.000	301.000
989.000	326.000
990.000	306.000
991.000	350.000
992.000	348.000
993.000	354.000
994.000	369.000
995.000	346.000
996.000	356.000
997.000	345.000
998.000	382.000
999.000	338.000
1000.000	395.000
1001.000	361.000
1002.000	414.000
1003.000	365.000
1004.000	381.000
1005.000	382.000
1006.000	370.000
1007.000	380.000
1008.000	393.000
1009.000	367.000
1010.000	321.000
1011.000	326.000
1012.000	367.000
1013.000	316.000
1014.000	351.000
1015.000	310.000
1016.000	331.000
1017.000	290.000
1018.000	314.000
1019.000	274.000
1020.000	265.000
1021.000	250.000
1022.000	226.000
1023.000	255.000
1024.000	223.000
