Date:	8/19/2008		Time:	9:31 AM		Version no:	0.00		Project name:	55		Sample name:	222		Section name:	section		Position	596.039995	mm	E0	0.000000	keV	E1	1.000000	keV/channel	sample surface	7.673048	cm	Tube anode:	Mo		Tube voltage:	30	kV	Tube current:	50	mA	gain	20		std. database			resultfile	result		matrix element	11		sample thickness	1.000000		air passage	0.560000	cm	comments	not in position		peaking_time	3.000000	m-sec	trigger_threshold	1229.166667	V	mca_bin_width	22.090000	no:	number_mca_channels	1024.000000	no:	gap_time	0.400000	m-sec	trigger_peaking_time	0.150000	m-sec	GAINDAC	9455		HIGHGAIN	1		TAURC	0		RCTAU	53		RCTAUFRAC	32768		livetime	9.748066	seconds	runtime	10.000502	seconds	input_count_rate	23.894484	cps	output_count_rate	18.880753	cps	triggers	232925	seconds	events_in_run	188817	seconds	channel	content		1.000	0.000
2.000	0.000
3.000	0.000
4.000	0.000
5.000	0.000
6.000	0.000
7.000	0.000
8.000	0.000
9.000	0.000
10.000	0.000
11.000	0.000
12.000	0.000
13.000	0.000
14.000	0.000
15.000	0.000
16.000	0.000
17.000	0.000
18.000	0.000
19.000	0.000
20.000	0.000
21.000	0.000
22.000	0.000
23.000	0.000
24.000	0.000
25.000	0.000
26.000	0.000
27.000	0.000
28.000	0.000
29.000	0.000
30.000	0.000
31.000	0.000
32.000	0.000
33.000	1.000
34.000	1.000
35.000	1.000
36.000	1.000
37.000	1.000
38.000	0.000
39.000	1.000
40.000	5.000
41.000	4.000
42.000	4.000
43.000	4.000
44.000	4.000
45.000	8.000
46.000	2.000
47.000	7.000
48.000	8.000
49.000	6.000
50.000	6.000
51.000	9.000
52.000	10.000
53.000	11.000
54.000	9.000
55.000	10.000
56.000	14.000
57.000	5.000
58.000	3.000
59.000	9.000
60.000	16.000
61.000	11.000
62.000	10.000
63.000	17.000
64.000	14.000
65.000	14.000
66.000	10.000
67.000	9.000
68.000	10.000
69.000	10.000
70.000	13.000
71.000	10.000
72.000	15.000
73.000	6.000
74.000	6.000
75.000	5.000
76.000	7.000
77.000	8.000
78.000	8.000
79.000	8.000
80.000	6.000
81.000	4.000
82.000	9.000
83.000	13.000
84.000	9.000
85.000	14.000
86.000	7.000
87.000	7.000
88.000	9.000
89.000	7.000
90.000	6.000
91.000	9.000
92.000	7.000
93.000	10.000
94.000	6.000
95.000	7.000
96.000	5.000
97.000	6.000
98.000	8.000
99.000	13.000
100.000	11.000
101.000	6.000
102.000	12.000
103.000	9.000
104.000	7.000
105.000	3.000
106.000	12.000
107.000	10.000
108.000	5.000
109.000	9.000
110.000	8.000
111.000	6.000
112.000	4.000
113.000	2.000
114.000	5.000
115.000	13.000
116.000	9.000
117.000	8.000
118.000	6.000
119.000	5.000
120.000	6.000
121.000	8.000
122.000	6.000
123.000	5.000
124.000	6.000
125.000	3.000
126.000	4.000
127.000	7.000
128.000	11.000
129.000	10.000
130.000	7.000
131.000	8.000
132.000	4.000
133.000	3.000
134.000	9.000
135.000	7.000
136.000	3.000
137.000	5.000
138.000	6.000
139.000	3.000
140.000	4.000
141.000	7.000
142.000	5.000
143.000	0.000
144.000	2.000
145.000	1.000
146.000	6.000
147.000	1.000
148.000	5.000
149.000	4.000
150.000	2.000
151.000	3.000
152.000	3.000
153.000	3.000
154.000	3.000
155.000	1.000
156.000	4.000
157.000	4.000
158.000	4.000
159.000	9.000
160.000	16.000
161.000	7.000
162.000	7.000
163.000	9.000
164.000	7.000
165.000	10.000
166.000	7.000
167.000	8.000
168.000	4.000
169.000	2.000
170.000	2.000
171.000	4.000
172.000	3.000
173.000	3.000
174.000	3.000
175.000	5.000
176.000	3.000
177.000	1.000
178.000	6.000
179.000	5.000
180.000	2.000
181.000	4.000
182.000	4.000
183.000	3.000
184.000	6.000
185.000	2.000
186.000	4.000
187.000	3.000
188.000	2.000
189.000	3.000
190.000	8.000
191.000	3.000
192.000	2.000
193.000	1.000
194.000	3.000
195.000	4.000
196.000	4.000
197.000	3.000
198.000	6.000
199.000	5.000
200.000	1.000
201.000	10.000
202.000	5.000
203.000	7.000
204.000	12.000
205.000	9.000
206.000	10.000
207.000	4.000
208.000	3.000
209.000	2.000
210.000	3.000
211.000	3.000
212.000	3.000
213.000	2.000
214.000	1.000
215.000	4.000
216.000	6.000
217.000	4.000
218.000	6.000
219.000	5.000
220.000	8.000
221.000	2.000
222.000	8.000
223.000	5.000
224.000	3.000
225.000	5.000
226.000	6.000
227.000	3.000
228.000	4.000
229.000	1.000
230.000	3.000
231.000	2.000
232.000	4.000
233.000	4.000
234.000	4.000
235.000	3.000
236.000	4.000
237.000	3.000
238.000	2.000
239.000	2.000
240.000	3.000
241.000	1.000
242.000	4.000
243.000	0.000
244.000	2.000
245.000	5.000
246.000	6.000
247.000	4.000
248.000	4.000
249.000	2.000
250.000	4.000
251.000	2.000
252.000	4.000
253.000	5.000
254.000	6.000
255.000	5.000
256.000	4.000
257.000	2.000
258.000	5.000
259.000	3.000
260.000	5.000
261.000	4.000
262.000	2.000
263.000	2.000
264.000	2.000
265.000	3.000
266.000	3.000
267.000	3.000
268.000	6.000
269.000	2.000
270.000	0.000
271.000	3.000
272.000	1.000
273.000	2.000
274.000	6.000
275.000	3.000
276.000	3.000
277.000	6.000
278.000	3.000
279.000	5.000
280.000	2.000
281.000	5.000
282.000	6.000
283.000	0.000
284.000	2.000
285.000	4.000
286.000	1.000
287.000	5.000
288.000	3.000
289.000	2.000
290.000	5.000
291.000	6.000
292.000	3.000
293.000	4.000
294.000	4.000
295.000	6.000
296.000	4.000
297.000	1.000
298.000	3.000
299.000	2.000
300.000	7.000
301.000	2.000
302.000	4.000
303.000	3.000
304.000	5.000
305.000	1.000
306.000	4.000
307.000	4.000
308.000	2.000
309.000	5.000
310.000	4.000
311.000	5.000
312.000	3.000
313.000	4.000
314.000	3.000
315.000	6.000
316.000	2.000
317.000	10.000
318.000	11.000
319.000	7.000
320.000	11.000
321.000	11.000
322.000	14.000
323.000	9.000
324.000	14.000
325.000	7.000
326.000	15.000
327.000	16.000
328.000	8.000
329.000	6.000
330.000	5.000
331.000	8.000
332.000	2.000
333.000	3.000
334.000	4.000
335.000	3.000
336.000	3.000
337.000	6.000
338.000	2.000
339.000	7.000
340.000	5.000
341.000	11.000
342.000	17.000
343.000	25.000
344.000	40.000
345.000	69.000
346.000	80.000
347.000	118.000
348.000	161.000
349.000	197.000
350.000	208.000
351.000	217.000
352.000	179.000
353.000	181.000
354.000	129.000
355.000	111.000
356.000	68.000
357.000	39.000
358.000	29.000
359.000	20.000
360.000	14.000
361.000	7.000
362.000	9.000
363.000	4.000
364.000	7.000
365.000	5.000
366.000	6.000
367.000	3.000
368.000	7.000
369.000	7.000
370.000	2.000
371.000	5.000
372.000	5.000
373.000	6.000
374.000	3.000
375.000	5.000
376.000	10.000
377.000	4.000
378.000	11.000
379.000	15.000
380.000	15.000
381.000	12.000
382.000	18.000
383.000	26.000
384.000	34.000
385.000	48.000
386.000	42.000
387.000	42.000
388.000	39.000
389.000	29.000
390.000	29.000
391.000	20.000
392.000	11.000
393.000	12.000
394.000	12.000
395.000	10.000
396.000	11.000
397.000	4.000
398.000	12.000
399.000	8.000
400.000	9.000
401.000	11.000
402.000	8.000
403.000	12.000
404.000	14.000
405.000	5.000
406.000	6.000
407.000	8.000
408.000	8.000
409.000	12.000
410.000	6.000
411.000	12.000
412.000	11.000
413.000	8.000
414.000	10.000
415.000	4.000
416.000	12.000
417.000	9.000
418.000	9.000
419.000	12.000
420.000	8.000
421.000	7.000
422.000	3.000
423.000	15.000
424.000	10.000
425.000	7.000
426.000	5.000
427.000	16.000
428.000	14.000
429.000	15.000
430.000	8.000
431.000	14.000
432.000	9.000
433.000	15.000
434.000	13.000
435.000	11.000
436.000	21.000
437.000	11.000
438.000	19.000
439.000	13.000
440.000	15.000
441.000	12.000
442.000	13.000
443.000	11.000
444.000	23.000
445.000	19.000
446.000	21.000
447.000	17.000
448.000	13.000
449.000	18.000
450.000	16.000
451.000	22.000
452.000	20.000
453.000	18.000
454.000	13.000
455.000	16.000
456.000	17.000
457.000	19.000
458.000	22.000
459.000	15.000
460.000	18.000
461.000	25.000
462.000	14.000
463.000	21.000
464.000	24.000
465.000	18.000
466.000	17.000
467.000	30.000
468.000	26.000
469.000	27.000
470.000	14.000
471.000	20.000
472.000	23.000
473.000	14.000
474.000	28.000
475.000	14.000
476.000	25.000
477.000	21.000
478.000	23.000
479.000	26.000
480.000	22.000
481.000	27.000
482.000	14.000
483.000	27.000
484.000	25.000
485.000	21.000
486.000	24.000
487.000	29.000
488.000	28.000
489.000	22.000
490.000	25.000
491.000	23.000
492.000	32.000
493.000	26.000
494.000	29.000
495.000	24.000
496.000	28.000
497.000	30.000
498.000	24.000
499.000	27.000
500.000	27.000
501.000	37.000
502.000	26.000
503.000	33.000
504.000	27.000
505.000	33.000
506.000	33.000
507.000	25.000
508.000	25.000
509.000	37.000
510.000	38.000
511.000	27.000
512.000	44.000
513.000	30.000
514.000	36.000
515.000	30.000
516.000	40.000
517.000	44.000
518.000	40.000
519.000	44.000
520.000	50.000
521.000	41.000
522.000	38.000
523.000	51.000
524.000	51.000
525.000	46.000
526.000	39.000
527.000	53.000
528.000	57.000
529.000	53.000
530.000	55.000
531.000	47.000
532.000	51.000
533.000	51.000
534.000	46.000
535.000	56.000
536.000	64.000
537.000	41.000
538.000	43.000
539.000	47.000
540.000	73.000
541.000	49.000
542.000	53.000
543.000	51.000
544.000	58.000
545.000	56.000
546.000	59.000
547.000	57.000
548.000	57.000
549.000	60.000
550.000	58.000
551.000	62.000
552.000	52.000
553.000	57.000
554.000	43.000
555.000	72.000
556.000	61.000
557.000	66.000
558.000	50.000
559.000	52.000
560.000	55.000
561.000	61.000
562.000	69.000
563.000	56.000
564.000	67.000
565.000	57.000
566.000	55.000
567.000	53.000
568.000	66.000
569.000	72.000
570.000	60.000
571.000	82.000
572.000	74.000
573.000	69.000
574.000	67.000
575.000	72.000
576.000	71.000
577.000	71.000
578.000	60.000
579.000	84.000
580.000	71.000
581.000	70.000
582.000	82.000
583.000	93.000
584.000	84.000
585.000	66.000
586.000	69.000
587.000	71.000
588.000	93.000
589.000	90.000
590.000	65.000
591.000	93.000
592.000	68.000
593.000	88.000
594.000	73.000
595.000	94.000
596.000	84.000
597.000	76.000
598.000	84.000
599.000	79.000
600.000	93.000
601.000	88.000
602.000	107.000
603.000	85.000
604.000	90.000
605.000	91.000
606.000	102.000
607.000	84.000
608.000	95.000
609.000	89.000
610.000	102.000
611.000	103.000
612.000	94.000
613.000	96.000
614.000	98.000
615.000	93.000
616.000	109.000
617.000	98.000
618.000	110.000
619.000	108.000
620.000	102.000
621.000	104.000
622.000	102.000
623.000	90.000
624.000	104.000
625.000	107.000
626.000	106.000
627.000	123.000
628.000	110.000
629.000	85.000
630.000	109.000
631.000	104.000
632.000	119.000
633.000	114.000
634.000	125.000
635.000	144.000
636.000	106.000
637.000	115.000
638.000	119.000
639.000	126.000
640.000	150.000
641.000	131.000
642.000	119.000
643.000	153.000
644.000	128.000
645.000	126.000
646.000	122.000
647.000	125.000
648.000	123.000
649.000	153.000
650.000	145.000
651.000	141.000
652.000	140.000
653.000	151.000
654.000	151.000
655.000	145.000
656.000	133.000
657.000	154.000
658.000	153.000
659.000	148.000
660.000	154.000
661.000	137.000
662.000	152.000
663.000	149.000
664.000	169.000
665.000	148.000
666.000	170.000
667.000	156.000
668.000	133.000
669.000	139.000
670.000	152.000
671.000	146.000
672.000	135.000
673.000	161.000
674.000	147.000
675.000	176.000
676.000	149.000
677.000	154.000
678.000	113.000
679.000	153.000
680.000	164.000
681.000	167.000
682.000	135.000
683.000	161.000
684.000	149.000
685.000	147.000
686.000	162.000
687.000	166.000
688.000	180.000
689.000	161.000
690.000	179.000
691.000	152.000
692.000	161.000
693.000	184.000
694.000	177.000
695.000	165.000
696.000	186.000
697.000	135.000
698.000	181.000
699.000	165.000
700.000	165.000
701.000	160.000
702.000	169.000
703.000	159.000
704.000	183.000
705.000	172.000
706.000	181.000
707.000	179.000
708.000	156.000
709.000	179.000
710.000	216.000
711.000	190.000
712.000	195.000
713.000	200.000
714.000	199.000
715.000	173.000
716.000	171.000
717.000	163.000
718.000	179.000
719.000	201.000
720.000	186.000
721.000	221.000
722.000	185.000
723.000	216.000
724.000	209.000
725.000	225.000
726.000	206.000
727.000	192.000
728.000	190.000
729.000	203.000
730.000	200.000
731.000	179.000
732.000	234.000
733.000	224.000
734.000	209.000
735.000	196.000
736.000	192.000
737.000	203.000
738.000	218.000
739.000	225.000
740.000	213.000
741.000	184.000
742.000	227.000
743.000	205.000
744.000	216.000
745.000	217.000
746.000	209.000
747.000	197.000
748.000	205.000
749.000	210.000
750.000	196.000
751.000	232.000
752.000	222.000
753.000	197.000
754.000	228.000
755.000	223.000
756.000	211.000
757.000	196.000
758.000	213.000
759.000	227.000
760.000	198.000
761.000	224.000
762.000	211.000
763.000	226.000
764.000	232.000
765.000	239.000
766.000	223.000
767.000	243.000
768.000	249.000
769.000	236.000
770.000	247.000
771.000	252.000
772.000	254.000
773.000	267.000
774.000	259.000
775.000	268.000
776.000	277.000
777.000	265.000
778.000	257.000
779.000	230.000
780.000	224.000
781.000	241.000
782.000	237.000
783.000	240.000
784.000	252.000
785.000	226.000
786.000	238.000
787.000	226.000
788.000	233.000
789.000	214.000
790.000	232.000
791.000	243.000
792.000	244.000
793.000	249.000
794.000	238.000
795.000	260.000
796.000	268.000
797.000	246.000
798.000	252.000
799.000	227.000
800.000	255.000
801.000	247.000
802.000	266.000
803.000	264.000
804.000	265.000
805.000	233.000
806.000	230.000
807.000	261.000
808.000	241.000
809.000	260.000
810.000	280.000
811.000	281.000
812.000	275.000
813.000	267.000
814.000	259.000
815.000	274.000
816.000	261.000
817.000	288.000
818.000	252.000
819.000	253.000
820.000	259.000
821.000	281.000
822.000	264.000
823.000	279.000
824.000	257.000
825.000	269.000
826.000	250.000
827.000	277.000
828.000	263.000
829.000	275.000
830.000	259.000
831.000	266.000
832.000	270.000
833.000	295.000
834.000	264.000
835.000	289.000
836.000	293.000
837.000	276.000
838.000	259.000
839.000	261.000
840.000	293.000
841.000	305.000
842.000	283.000
843.000	296.000
844.000	282.000
845.000	329.000
846.000	307.000
847.000	290.000
848.000	298.000
849.000	291.000
850.000	316.000
851.000	277.000
852.000	344.000
853.000	323.000
854.000	324.000
855.000	298.000
856.000	359.000
857.000	342.000
858.000	323.000
859.000	354.000
860.000	343.000
861.000	337.000
862.000	358.000
863.000	353.000
864.000	350.000
865.000	362.000
866.000	395.000
867.000	388.000
868.000	374.000
869.000	393.000
870.000	402.000
871.000	412.000
872.000	450.000
873.000	434.000
874.000	485.000
875.000	484.000
876.000	436.000
877.000	497.000
878.000	541.000
879.000	552.000
880.000	595.000
881.000	604.000
882.000	667.000
883.000	678.000
884.000	744.000
885.000	817.000
886.000	834.000
887.000	904.000
888.000	953.000
889.000	979.000
890.000	1055.000
891.000	1102.000
892.000	1120.000
893.000	1206.000
894.000	1307.000
895.000	1268.000
896.000	1326.000
897.000	1380.000
898.000	1397.000
899.000	1397.000
900.000	1352.000
901.000	1323.000
902.000	1404.000
903.000	1361.000
904.000	1403.000
905.000	1313.000
906.000	1235.000
907.000	1140.000
908.000	1175.000
909.000	1150.000
910.000	1069.000
911.000	1023.000
912.000	956.000
913.000	934.000
914.000	848.000
915.000	833.000
916.000	781.000
917.000	725.000
918.000	647.000
919.000	694.000
920.000	639.000
921.000	544.000
922.000	503.000
923.000	533.000
924.000	508.000
925.000	487.000
926.000	460.000
927.000	378.000
928.000	398.000
929.000	374.000
930.000	429.000
931.000	368.000
932.000	377.000
933.000	374.000
934.000	379.000
935.000	342.000
936.000	354.000
937.000	346.000
938.000	333.000
939.000	327.000
940.000	347.000
941.000	347.000
942.000	409.000
943.000	455.000
944.000	450.000
945.000	487.000
946.000	518.000
947.000	602.000
948.000	608.000
949.000	720.000
950.000	683.000
951.000	710.000
952.000	768.000
953.000	767.000
954.000	767.000
955.000	762.000
956.000	743.000
957.000	662.000
958.000	637.000
959.000	579.000
960.000	509.000
961.000	488.000
962.000	390.000
963.000	353.000
964.000	361.000
965.000	315.000
966.000	346.000
967.000	281.000
968.000	282.000
969.000	255.000
970.000	279.000
971.000	270.000
972.000	289.000
973.000	306.000
974.000	247.000
975.000	261.000
976.000	269.000
977.000	285.000
978.000	293.000
979.000	276.000
980.000	310.000
981.000	297.000
982.000	319.000
983.000	299.000
984.000	308.000
985.000	312.000
986.000	338.000
987.000	331.000
988.000	312.000
989.000	310.000
990.000	360.000
991.000	374.000
992.000	359.000
993.000	360.000
994.000	360.000
995.000	361.000
996.000	414.000
997.000	394.000
998.000	398.000
999.000	443.000
1000.000	409.000
1001.000	445.000
1002.000	420.000
1003.000	388.000
1004.000	436.000
1005.000	451.000
1006.000	456.000
1007.000	444.000
1008.000	415.000
1009.000	415.000
1010.000	372.000
1011.000	399.000
1012.000	408.000
1013.000	376.000
1014.000	355.000
1015.000	389.000
1016.000	330.000
1017.000	334.000
1018.000	368.000
1019.000	306.000
1020.000	281.000
1021.000	311.000
1022.000	244.000
1023.000	246.000
1024.000	251.000
