Date:	8/19/2008		Time:	9:14 AM		Version no:	0.00		Project name:	55		Sample name:	222		Section name:	section		Position	410.039995	mm	E0	0.000000	keV	E1	1.000000	keV/channel	sample surface	7.849083	cm	Tube anode:	Mo		Tube voltage:	30	kV	Tube current:	50	mA	gain	20		std. database			resultfile	result		matrix element	11		sample thickness	1.000000		air passage	0.560000	cm	comments	not in position		peaking_time	3.000000	m-sec	trigger_threshold	1229.166667	V	mca_bin_width	22.090000	no:	number_mca_channels	1024.000000	no:	gap_time	0.400000	m-sec	trigger_peaking_time	0.150000	m-sec	GAINDAC	9455		HIGHGAIN	1		TAURC	0		RCTAU	53		RCTAUFRAC	32768		livetime	9.750728	seconds	runtime	10.000502	seconds	input_count_rate	24.189784	cps	output_count_rate	19.099342	cps	triggers	235868	seconds	events_in_run	191003	seconds	channel	content		1.000	0.000
2.000	0.000
3.000	0.000
4.000	0.000
5.000	0.000
6.000	0.000
7.000	0.000
8.000	0.000
9.000	0.000
10.000	0.000
11.000	0.000
12.000	0.000
13.000	0.000
14.000	0.000
15.000	0.000
16.000	0.000
17.000	0.000
18.000	0.000
19.000	0.000
20.000	0.000
21.000	0.000
22.000	0.000
23.000	0.000
24.000	0.000
25.000	0.000
26.000	0.000
27.000	0.000
28.000	0.000
29.000	0.000
30.000	0.000
31.000	0.000
32.000	0.000
33.000	0.000
34.000	2.000
35.000	1.000
36.000	4.000
37.000	2.000
38.000	3.000
39.000	1.000
40.000	5.000
41.000	4.000
42.000	3.000
43.000	4.000
44.000	4.000
45.000	3.000
46.000	3.000
47.000	8.000
48.000	7.000
49.000	5.000
50.000	4.000
51.000	6.000
52.000	8.000
53.000	8.000
54.000	13.000
55.000	11.000
56.000	12.000
57.000	10.000
58.000	5.000
59.000	9.000
60.000	9.000
61.000	10.000
62.000	16.000
63.000	9.000
64.000	11.000
65.000	6.000
66.000	6.000
67.000	6.000
68.000	7.000
69.000	4.000
70.000	9.000
71.000	10.000
72.000	9.000
73.000	5.000
74.000	7.000
75.000	4.000
76.000	14.000
77.000	10.000
78.000	11.000
79.000	12.000
80.000	6.000
81.000	7.000
82.000	6.000
83.000	5.000
84.000	7.000
85.000	13.000
86.000	9.000
87.000	4.000
88.000	7.000
89.000	5.000
90.000	6.000
91.000	5.000
92.000	9.000
93.000	3.000
94.000	7.000
95.000	7.000
96.000	13.000
97.000	8.000
98.000	11.000
99.000	4.000
100.000	9.000
101.000	14.000
102.000	9.000
103.000	8.000
104.000	7.000
105.000	7.000
106.000	6.000
107.000	8.000
108.000	6.000
109.000	6.000
110.000	4.000
111.000	11.000
112.000	15.000
113.000	7.000
114.000	9.000
115.000	4.000
116.000	7.000
117.000	3.000
118.000	4.000
119.000	6.000
120.000	5.000
121.000	3.000
122.000	7.000
123.000	7.000
124.000	7.000
125.000	10.000
126.000	6.000
127.000	10.000
128.000	12.000
129.000	9.000
130.000	6.000
131.000	4.000
132.000	6.000
133.000	9.000
134.000	3.000
135.000	4.000
136.000	5.000
137.000	5.000
138.000	5.000
139.000	2.000
140.000	3.000
141.000	8.000
142.000	5.000
143.000	4.000
144.000	5.000
145.000	8.000
146.000	3.000
147.000	8.000
148.000	2.000
149.000	2.000
150.000	3.000
151.000	2.000
152.000	4.000
153.000	5.000
154.000	3.000
155.000	9.000
156.000	5.000
157.000	2.000
158.000	8.000
159.000	5.000
160.000	16.000
161.000	14.000
162.000	10.000
163.000	12.000
164.000	3.000
165.000	7.000
166.000	6.000
167.000	5.000
168.000	6.000
169.000	3.000
170.000	6.000
171.000	5.000
172.000	3.000
173.000	1.000
174.000	5.000
175.000	2.000
176.000	6.000
177.000	6.000
178.000	5.000
179.000	8.000
180.000	2.000
181.000	3.000
182.000	7.000
183.000	3.000
184.000	3.000
185.000	4.000
186.000	5.000
187.000	3.000
188.000	2.000
189.000	3.000
190.000	3.000
191.000	5.000
192.000	3.000
193.000	5.000
194.000	1.000
195.000	3.000
196.000	9.000
197.000	2.000
198.000	4.000
199.000	6.000
200.000	10.000
201.000	10.000
202.000	13.000
203.000	12.000
204.000	11.000
205.000	10.000
206.000	8.000
207.000	7.000
208.000	3.000
209.000	3.000
210.000	2.000
211.000	2.000
212.000	2.000
213.000	2.000
214.000	1.000
215.000	5.000
216.000	3.000
217.000	3.000
218.000	4.000
219.000	3.000
220.000	5.000
221.000	4.000
222.000	4.000
223.000	1.000
224.000	2.000
225.000	1.000
226.000	3.000
227.000	6.000
228.000	1.000
229.000	4.000
230.000	5.000
231.000	2.000
232.000	3.000
233.000	2.000
234.000	2.000
235.000	4.000
236.000	5.000
237.000	3.000
238.000	3.000
239.000	2.000
240.000	4.000
241.000	2.000
242.000	4.000
243.000	5.000
244.000	3.000
245.000	5.000
246.000	10.000
247.000	10.000
248.000	5.000
249.000	5.000
250.000	8.000
251.000	8.000
252.000	5.000
253.000	3.000
254.000	3.000
255.000	7.000
256.000	3.000
257.000	2.000
258.000	5.000
259.000	1.000
260.000	5.000
261.000	1.000
262.000	1.000
263.000	1.000
264.000	1.000
265.000	4.000
266.000	3.000
267.000	1.000
268.000	3.000
269.000	5.000
270.000	3.000
271.000	7.000
272.000	2.000
273.000	4.000
274.000	2.000
275.000	6.000
276.000	0.000
277.000	1.000
278.000	4.000
279.000	5.000
280.000	2.000
281.000	5.000
282.000	3.000
283.000	5.000
284.000	6.000
285.000	5.000
286.000	8.000
287.000	6.000
288.000	4.000
289.000	6.000
290.000	3.000
291.000	8.000
292.000	6.000
293.000	7.000
294.000	6.000
295.000	4.000
296.000	10.000
297.000	5.000
298.000	4.000
299.000	9.000
300.000	3.000
301.000	6.000
302.000	2.000
303.000	4.000
304.000	4.000
305.000	5.000
306.000	6.000
307.000	8.000
308.000	3.000
309.000	4.000
310.000	4.000
311.000	6.000
312.000	3.000
313.000	2.000
314.000	2.000
315.000	8.000
316.000	8.000
317.000	12.000
318.000	17.000
319.000	22.000
320.000	16.000
321.000	28.000
322.000	30.000
323.000	30.000
324.000	24.000
325.000	25.000
326.000	26.000
327.000	19.000
328.000	12.000
329.000	13.000
330.000	11.000
331.000	9.000
332.000	6.000
333.000	11.000
334.000	8.000
335.000	9.000
336.000	8.000
337.000	9.000
338.000	10.000
339.000	15.000
340.000	26.000
341.000	19.000
342.000	34.000
343.000	48.000
344.000	86.000
345.000	109.000
346.000	205.000
347.000	249.000
348.000	332.000
349.000	389.000
350.000	452.000
351.000	419.000
352.000	405.000
353.000	325.000
354.000	262.000
355.000	212.000
356.000	147.000
357.000	98.000
358.000	54.000
359.000	31.000
360.000	27.000
361.000	13.000
362.000	10.000
363.000	10.000
364.000	9.000
365.000	9.000
366.000	9.000
367.000	5.000
368.000	10.000
369.000	12.000
370.000	12.000
371.000	11.000
372.000	17.000
373.000	6.000
374.000	7.000
375.000	13.000
376.000	15.000
377.000	14.000
378.000	17.000
379.000	20.000
380.000	35.000
381.000	35.000
382.000	50.000
383.000	49.000
384.000	54.000
385.000	87.000
386.000	92.000
387.000	91.000
388.000	63.000
389.000	73.000
390.000	39.000
391.000	47.000
392.000	49.000
393.000	32.000
394.000	24.000
395.000	17.000
396.000	16.000
397.000	10.000
398.000	16.000
399.000	12.000
400.000	17.000
401.000	11.000
402.000	21.000
403.000	13.000
404.000	15.000
405.000	15.000
406.000	20.000
407.000	15.000
408.000	15.000
409.000	14.000
410.000	21.000
411.000	19.000
412.000	17.000
413.000	16.000
414.000	15.000
415.000	10.000
416.000	17.000
417.000	21.000
418.000	20.000
419.000	20.000
420.000	19.000
421.000	12.000
422.000	22.000
423.000	17.000
424.000	20.000
425.000	15.000
426.000	19.000
427.000	20.000
428.000	20.000
429.000	12.000
430.000	18.000
431.000	24.000
432.000	19.000
433.000	25.000
434.000	13.000
435.000	23.000
436.000	22.000
437.000	24.000
438.000	29.000
439.000	31.000
440.000	24.000
441.000	25.000
442.000	21.000
443.000	25.000
444.000	20.000
445.000	23.000
446.000	25.000
447.000	27.000
448.000	17.000
449.000	32.000
450.000	34.000
451.000	22.000
452.000	24.000
453.000	22.000
454.000	27.000
455.000	24.000
456.000	21.000
457.000	27.000
458.000	29.000
459.000	29.000
460.000	32.000
461.000	30.000
462.000	34.000
463.000	27.000
464.000	36.000
465.000	32.000
466.000	27.000
467.000	28.000
468.000	29.000
469.000	23.000
470.000	33.000
471.000	28.000
472.000	34.000
473.000	34.000
474.000	30.000
475.000	38.000
476.000	37.000
477.000	28.000
478.000	34.000
479.000	35.000
480.000	31.000
481.000	42.000
482.000	30.000
483.000	46.000
484.000	41.000
485.000	29.000
486.000	26.000
487.000	30.000
488.000	29.000
489.000	32.000
490.000	33.000
491.000	26.000
492.000	27.000
493.000	40.000
494.000	39.000
495.000	40.000
496.000	38.000
497.000	41.000
498.000	44.000
499.000	45.000
500.000	39.000
501.000	52.000
502.000	36.000
503.000	30.000
504.000	48.000
505.000	46.000
506.000	43.000
507.000	44.000
508.000	44.000
509.000	62.000
510.000	54.000
511.000	50.000
512.000	52.000
513.000	53.000
514.000	45.000
515.000	55.000
516.000	47.000
517.000	54.000
518.000	48.000
519.000	54.000
520.000	61.000
521.000	38.000
522.000	55.000
523.000	51.000
524.000	64.000
525.000	50.000
526.000	50.000
527.000	54.000
528.000	56.000
529.000	56.000
530.000	54.000
531.000	67.000
532.000	59.000
533.000	54.000
534.000	42.000
535.000	71.000
536.000	56.000
537.000	51.000
538.000	67.000
539.000	80.000
540.000	48.000
541.000	54.000
542.000	64.000
543.000	61.000
544.000	71.000
545.000	58.000
546.000	64.000
547.000	58.000
548.000	68.000
549.000	60.000
550.000	51.000
551.000	54.000
552.000	58.000
553.000	66.000
554.000	69.000
555.000	74.000
556.000	51.000
557.000	72.000
558.000	69.000
559.000	77.000
560.000	55.000
561.000	60.000
562.000	85.000
563.000	74.000
564.000	80.000
565.000	68.000
566.000	62.000
567.000	74.000
568.000	79.000
569.000	70.000
570.000	75.000
571.000	67.000
572.000	87.000
573.000	70.000
574.000	69.000
575.000	72.000
576.000	82.000
577.000	86.000
578.000	72.000
579.000	93.000
580.000	78.000
581.000	85.000
582.000	100.000
583.000	75.000
584.000	83.000
585.000	88.000
586.000	76.000
587.000	96.000
588.000	108.000
589.000	85.000
590.000	98.000
591.000	85.000
592.000	99.000
593.000	103.000
594.000	99.000
595.000	91.000
596.000	100.000
597.000	99.000
598.000	96.000
599.000	100.000
600.000	89.000
601.000	89.000
602.000	98.000
603.000	98.000
604.000	99.000
605.000	106.000
606.000	94.000
607.000	108.000
608.000	98.000
609.000	106.000
610.000	98.000
611.000	95.000
612.000	127.000
613.000	103.000
614.000	94.000
615.000	113.000
616.000	108.000
617.000	111.000
618.000	109.000
619.000	103.000
620.000	111.000
621.000	104.000
622.000	117.000
623.000	108.000
624.000	119.000
625.000	112.000
626.000	109.000
627.000	128.000
628.000	119.000
629.000	120.000
630.000	119.000
631.000	114.000
632.000	129.000
633.000	124.000
634.000	117.000
635.000	123.000
636.000	133.000
637.000	116.000
638.000	115.000
639.000	134.000
640.000	126.000
641.000	116.000
642.000	139.000
643.000	127.000
644.000	114.000
645.000	139.000
646.000	131.000
647.000	144.000
648.000	150.000
649.000	176.000
650.000	154.000
651.000	149.000
652.000	144.000
653.000	129.000
654.000	149.000
655.000	138.000
656.000	163.000
657.000	162.000
658.000	126.000
659.000	143.000
660.000	144.000
661.000	144.000
662.000	151.000
663.000	134.000
664.000	144.000
665.000	148.000
666.000	150.000
667.000	146.000
668.000	160.000
669.000	150.000
670.000	123.000
671.000	136.000
672.000	160.000
673.000	142.000
674.000	150.000
675.000	158.000
676.000	159.000
677.000	140.000
678.000	173.000
679.000	150.000
680.000	150.000
681.000	159.000
682.000	149.000
683.000	178.000
684.000	159.000
685.000	167.000
686.000	158.000
687.000	156.000
688.000	148.000
689.000	168.000
690.000	145.000
691.000	165.000
692.000	162.000
693.000	166.000
694.000	164.000
695.000	156.000
696.000	162.000
697.000	177.000
698.000	182.000
699.000	159.000
700.000	201.000
701.000	166.000
702.000	191.000
703.000	191.000
704.000	186.000
705.000	159.000
706.000	158.000
707.000	191.000
708.000	205.000
709.000	186.000
710.000	175.000
711.000	167.000
712.000	191.000
713.000	177.000
714.000	161.000
715.000	193.000
716.000	175.000
717.000	197.000
718.000	198.000
719.000	192.000
720.000	189.000
721.000	203.000
722.000	192.000
723.000	190.000
724.000	166.000
725.000	192.000
726.000	201.000
727.000	213.000
728.000	223.000
729.000	199.000
730.000	193.000
731.000	224.000
732.000	209.000
733.000	206.000
734.000	216.000
735.000	195.000
736.000	199.000
737.000	193.000
738.000	194.000
739.000	220.000
740.000	220.000
741.000	221.000
742.000	219.000
743.000	213.000
744.000	242.000
745.000	217.000
746.000	223.000
747.000	237.000
748.000	188.000
749.000	232.000
750.000	205.000
751.000	214.000
752.000	193.000
753.000	228.000
754.000	232.000
755.000	208.000
756.000	228.000
757.000	225.000
758.000	213.000
759.000	251.000
760.000	203.000
761.000	210.000
762.000	215.000
763.000	230.000
764.000	228.000
765.000	226.000
766.000	217.000
767.000	244.000
768.000	234.000
769.000	258.000
770.000	231.000
771.000	264.000
772.000	207.000
773.000	260.000
774.000	249.000
775.000	263.000
776.000	227.000
777.000	259.000
778.000	250.000
779.000	244.000
780.000	273.000
781.000	234.000
782.000	218.000
783.000	249.000
784.000	231.000
785.000	233.000
786.000	230.000
787.000	234.000
788.000	260.000
789.000	236.000
790.000	221.000
791.000	262.000
792.000	228.000
793.000	262.000
794.000	243.000
795.000	252.000
796.000	241.000
797.000	246.000
798.000	218.000
799.000	274.000
800.000	229.000
801.000	255.000
802.000	262.000
803.000	238.000
804.000	258.000
805.000	281.000
806.000	254.000
807.000	269.000
808.000	226.000
809.000	224.000
810.000	258.000
811.000	264.000
812.000	257.000
813.000	226.000
814.000	253.000
815.000	262.000
816.000	246.000
817.000	274.000
818.000	281.000
819.000	262.000
820.000	259.000
821.000	283.000
822.000	275.000
823.000	295.000
824.000	268.000
825.000	281.000
826.000	290.000
827.000	283.000
828.000	299.000
829.000	248.000
830.000	301.000
831.000	258.000
832.000	246.000
833.000	291.000
834.000	261.000
835.000	288.000
836.000	262.000
837.000	302.000
838.000	289.000
839.000	284.000
840.000	294.000
841.000	277.000
842.000	322.000
843.000	275.000
844.000	286.000
845.000	297.000
846.000	295.000
847.000	291.000
848.000	309.000
849.000	311.000
850.000	328.000
851.000	272.000
852.000	281.000
853.000	275.000
854.000	310.000
855.000	310.000
856.000	295.000
857.000	318.000
858.000	349.000
859.000	341.000
860.000	344.000
861.000	384.000
862.000	377.000
863.000	364.000
864.000	363.000
865.000	391.000
866.000	436.000
867.000	376.000
868.000	403.000
869.000	410.000
870.000	412.000
871.000	420.000
872.000	445.000
873.000	463.000
874.000	440.000
875.000	509.000
876.000	546.000
877.000	507.000
878.000	524.000
879.000	600.000
880.000	623.000
881.000	649.000
882.000	708.000
883.000	728.000
884.000	783.000
885.000	830.000
886.000	846.000
887.000	898.000
888.000	1029.000
889.000	976.000
890.000	1099.000
891.000	1136.000
892.000	1199.000
893.000	1303.000
894.000	1249.000
895.000	1276.000
896.000	1290.000
897.000	1304.000
898.000	1372.000
899.000	1364.000
900.000	1424.000
901.000	1387.000
902.000	1305.000
903.000	1306.000
904.000	1246.000
905.000	1201.000
906.000	1232.000
907.000	1205.000
908.000	1096.000
909.000	1088.000
910.000	985.000
911.000	941.000
912.000	881.000
913.000	831.000
914.000	757.000
915.000	744.000
916.000	697.000
917.000	707.000
918.000	670.000
919.000	594.000
920.000	580.000
921.000	538.000
922.000	534.000
923.000	494.000
924.000	476.000
925.000	452.000
926.000	431.000
927.000	457.000
928.000	431.000
929.000	399.000
930.000	354.000
931.000	369.000
932.000	343.000
933.000	343.000
934.000	338.000
935.000	330.000
936.000	327.000
937.000	363.000
938.000	345.000
939.000	350.000
940.000	335.000
941.000	363.000
942.000	385.000
943.000	436.000
944.000	446.000
945.000	516.000
946.000	526.000
947.000	555.000
948.000	599.000
949.000	626.000
950.000	660.000
951.000	680.000
952.000	756.000
953.000	761.000
954.000	735.000
955.000	702.000
956.000	713.000
957.000	639.000
958.000	588.000
959.000	544.000
960.000	516.000
961.000	495.000
962.000	438.000
963.000	378.000
964.000	358.000
965.000	307.000
966.000	297.000
967.000	270.000
968.000	266.000
969.000	271.000
970.000	293.000
971.000	244.000
972.000	252.000
973.000	226.000
974.000	274.000
975.000	244.000
976.000	276.000
977.000	298.000
978.000	255.000
979.000	258.000
980.000	304.000
981.000	273.000
982.000	305.000
983.000	286.000
984.000	299.000
985.000	333.000
986.000	298.000
987.000	339.000
988.000	345.000
989.000	348.000
990.000	377.000
991.000	372.000
992.000	371.000
993.000	348.000
994.000	353.000
995.000	374.000
996.000	392.000
997.000	369.000
998.000	398.000
999.000	402.000
1000.000	413.000
1001.000	410.000
1002.000	419.000
1003.000	434.000
1004.000	432.000
1005.000	398.000
1006.000	357.000
1007.000	393.000
1008.000	369.000
1009.000	396.000
1010.000	399.000
1011.000	376.000
1012.000	411.000
1013.000	364.000
1014.000	332.000
1015.000	348.000
1016.000	304.000
1017.000	336.000
1018.000	295.000
1019.000	324.000
1020.000	295.000
1021.000	243.000
1022.000	273.000
1023.000	236.000
1024.000	229.000
