Date:	8/19/2008		Time:	9:21 AM		Version no:	0.00		Project name:	55		Sample name:	222		Section name:	section		Position	490.039995	mm	E0	0.000000	keV	E1	1.000000	keV/channel	sample surface	7.679663	cm	Tube anode:	Mo		Tube voltage:	30	kV	Tube current:	50	mA	gain	20		std. database			resultfile	result		matrix element	11		sample thickness	1.000000		air passage	0.560000	cm	comments	not in position		peaking_time	3.000000	m-sec	trigger_threshold	1229.166667	V	mca_bin_width	22.090000	no:	number_mca_channels	1024.000000	no:	gap_time	0.400000	m-sec	trigger_peaking_time	0.150000	m-sec	GAINDAC	9455		HIGHGAIN	1		TAURC	0		RCTAU	53		RCTAUFRAC	32768		livetime	9.634233	seconds	runtime	10.000502	seconds	input_count_rate	33.889777	cps	output_count_rate	24.689562	cps	triggers	326502	seconds	events_in_run	246908	seconds	channel	content		1.000	0.000
2.000	0.000
3.000	0.000
4.000	0.000
5.000	0.000
6.000	0.000
7.000	0.000
8.000	0.000
9.000	0.000
10.000	0.000
11.000	0.000
12.000	0.000
13.000	0.000
14.000	0.000
15.000	0.000
16.000	0.000
17.000	0.000
18.000	0.000
19.000	0.000
20.000	0.000
21.000	0.000
22.000	0.000
23.000	0.000
24.000	0.000
25.000	0.000
26.000	0.000
27.000	0.000
28.000	0.000
29.000	0.000
30.000	0.000
31.000	1.000
32.000	0.000
33.000	0.000
34.000	0.000
35.000	1.000
36.000	0.000
37.000	0.000
38.000	1.000
39.000	1.000
40.000	4.000
41.000	2.000
42.000	6.000
43.000	7.000
44.000	5.000
45.000	4.000
46.000	3.000
47.000	2.000
48.000	7.000
49.000	8.000
50.000	9.000
51.000	7.000
52.000	6.000
53.000	11.000
54.000	11.000
55.000	14.000
56.000	7.000
57.000	13.000
58.000	8.000
59.000	10.000
60.000	10.000
61.000	10.000
62.000	8.000
63.000	13.000
64.000	11.000
65.000	12.000
66.000	14.000
67.000	9.000
68.000	10.000
69.000	10.000
70.000	16.000
71.000	16.000
72.000	8.000
73.000	19.000
74.000	9.000
75.000	11.000
76.000	7.000
77.000	11.000
78.000	15.000
79.000	7.000
80.000	11.000
81.000	7.000
82.000	7.000
83.000	5.000
84.000	10.000
85.000	9.000
86.000	6.000
87.000	11.000
88.000	3.000
89.000	7.000
90.000	11.000
91.000	6.000
92.000	8.000
93.000	5.000
94.000	11.000
95.000	9.000
96.000	11.000
97.000	17.000
98.000	8.000
99.000	6.000
100.000	10.000
101.000	8.000
102.000	4.000
103.000	7.000
104.000	11.000
105.000	10.000
106.000	9.000
107.000	8.000
108.000	12.000
109.000	12.000
110.000	10.000
111.000	2.000
112.000	7.000
113.000	14.000
114.000	8.000
115.000	6.000
116.000	4.000
117.000	5.000
118.000	6.000
119.000	7.000
120.000	3.000
121.000	5.000
122.000	6.000
123.000	7.000
124.000	8.000
125.000	16.000
126.000	6.000
127.000	12.000
128.000	10.000
129.000	12.000
130.000	4.000
131.000	4.000
132.000	4.000
133.000	4.000
134.000	6.000
135.000	3.000
136.000	7.000
137.000	5.000
138.000	1.000
139.000	3.000
140.000	5.000
141.000	5.000
142.000	3.000
143.000	2.000
144.000	6.000
145.000	6.000
146.000	5.000
147.000	5.000
148.000	3.000
149.000	6.000
150.000	2.000
151.000	2.000
152.000	6.000
153.000	1.000
154.000	5.000
155.000	3.000
156.000	1.000
157.000	5.000
158.000	6.000
159.000	5.000
160.000	7.000
161.000	5.000
162.000	17.000
163.000	9.000
164.000	9.000
165.000	7.000
166.000	4.000
167.000	3.000
168.000	3.000
169.000	8.000
170.000	8.000
171.000	6.000
172.000	5.000
173.000	2.000
174.000	4.000
175.000	1.000
176.000	5.000
177.000	3.000
178.000	3.000
179.000	6.000
180.000	8.000
181.000	4.000
182.000	10.000
183.000	13.000
184.000	4.000
185.000	5.000
186.000	4.000
187.000	3.000
188.000	4.000
189.000	5.000
190.000	2.000
191.000	4.000
192.000	2.000
193.000	1.000
194.000	3.000
195.000	2.000
196.000	7.000
197.000	8.000
198.000	8.000
199.000	16.000
200.000	14.000
201.000	13.000
202.000	24.000
203.000	14.000
204.000	14.000
205.000	13.000
206.000	11.000
207.000	13.000
208.000	6.000
209.000	4.000
210.000	4.000
211.000	3.000
212.000	4.000
213.000	3.000
214.000	7.000
215.000	3.000
216.000	7.000
217.000	4.000
218.000	5.000
219.000	4.000
220.000	6.000
221.000	5.000
222.000	6.000
223.000	5.000
224.000	6.000
225.000	4.000
226.000	3.000
227.000	5.000
228.000	6.000
229.000	5.000
230.000	5.000
231.000	4.000
232.000	4.000
233.000	6.000
234.000	1.000
235.000	2.000
236.000	4.000
237.000	3.000
238.000	4.000
239.000	2.000
240.000	2.000
241.000	5.000
242.000	6.000
243.000	9.000
244.000	3.000
245.000	10.000
246.000	9.000
247.000	12.000
248.000	12.000
249.000	18.000
250.000	11.000
251.000	8.000
252.000	16.000
253.000	10.000
254.000	8.000
255.000	10.000
256.000	9.000
257.000	16.000
258.000	8.000
259.000	5.000
260.000	7.000
261.000	4.000
262.000	3.000
263.000	2.000
264.000	6.000
265.000	6.000
266.000	6.000
267.000	7.000
268.000	8.000
269.000	3.000
270.000	8.000
271.000	7.000
272.000	9.000
273.000	8.000
274.000	12.000
275.000	3.000
276.000	4.000
277.000	6.000
278.000	6.000
279.000	1.000
280.000	9.000
281.000	7.000
282.000	6.000
283.000	7.000
284.000	11.000
285.000	6.000
286.000	7.000
287.000	8.000
288.000	9.000
289.000	8.000
290.000	12.000
291.000	7.000
292.000	6.000
293.000	5.000
294.000	8.000
295.000	9.000
296.000	7.000
297.000	6.000
298.000	2.000
299.000	8.000
300.000	6.000
301.000	7.000
302.000	13.000
303.000	8.000
304.000	14.000
305.000	6.000
306.000	3.000
307.000	12.000
308.000	8.000
309.000	9.000
310.000	7.000
311.000	12.000
312.000	8.000
313.000	10.000
314.000	11.000
315.000	5.000
316.000	21.000
317.000	14.000
318.000	21.000
319.000	43.000
320.000	40.000
321.000	51.000
322.000	43.000
323.000	63.000
324.000	78.000
325.000	60.000
326.000	48.000
327.000	43.000
328.000	28.000
329.000	22.000
330.000	16.000
331.000	21.000
332.000	16.000
333.000	13.000
334.000	16.000
335.000	12.000
336.000	21.000
337.000	23.000
338.000	10.000
339.000	13.000
340.000	30.000
341.000	49.000
342.000	108.000
343.000	154.000
344.000	275.000
345.000	388.000
346.000	533.000
347.000	816.000
348.000	983.000
349.000	1160.000
350.000	1271.000
351.000	1386.000
352.000	1259.000
353.000	1058.000
354.000	840.000
355.000	640.000
356.000	406.000
357.000	294.000
358.000	166.000
359.000	94.000
360.000	62.000
361.000	38.000
362.000	32.000
363.000	27.000
364.000	24.000
365.000	21.000
366.000	16.000
367.000	15.000
368.000	12.000
369.000	29.000
370.000	20.000
371.000	16.000
372.000	13.000
373.000	25.000
374.000	16.000
375.000	19.000
376.000	25.000
377.000	30.000
378.000	41.000
379.000	59.000
380.000	68.000
381.000	106.000
382.000	151.000
383.000	182.000
384.000	198.000
385.000	230.000
386.000	235.000
387.000	255.000
388.000	223.000
389.000	191.000
390.000	145.000
391.000	107.000
392.000	89.000
393.000	62.000
394.000	51.000
395.000	39.000
396.000	28.000
397.000	25.000
398.000	22.000
399.000	16.000
400.000	17.000
401.000	17.000
402.000	21.000
403.000	29.000
404.000	18.000
405.000	33.000
406.000	23.000
407.000	20.000
408.000	18.000
409.000	25.000
410.000	25.000
411.000	30.000
412.000	22.000
413.000	27.000
414.000	29.000
415.000	27.000
416.000	27.000
417.000	24.000
418.000	27.000
419.000	31.000
420.000	30.000
421.000	31.000
422.000	30.000
423.000	26.000
424.000	28.000
425.000	36.000
426.000	20.000
427.000	39.000
428.000	29.000
429.000	40.000
430.000	35.000
431.000	41.000
432.000	39.000
433.000	45.000
434.000	41.000
435.000	39.000
436.000	40.000
437.000	35.000
438.000	46.000
439.000	38.000
440.000	57.000
441.000	38.000
442.000	51.000
443.000	38.000
444.000	31.000
445.000	35.000
446.000	55.000
447.000	35.000
448.000	48.000
449.000	38.000
450.000	37.000
451.000	39.000
452.000	52.000
453.000	44.000
454.000	46.000
455.000	41.000
456.000	46.000
457.000	46.000
458.000	46.000
459.000	51.000
460.000	52.000
461.000	56.000
462.000	44.000
463.000	52.000
464.000	43.000
465.000	47.000
466.000	53.000
467.000	58.000
468.000	55.000
469.000	54.000
470.000	54.000
471.000	52.000
472.000	45.000
473.000	56.000
474.000	46.000
475.000	64.000
476.000	66.000
477.000	58.000
478.000	58.000
479.000	51.000
480.000	54.000
481.000	48.000
482.000	41.000
483.000	67.000
484.000	39.000
485.000	70.000
486.000	64.000
487.000	57.000
488.000	66.000
489.000	56.000
490.000	49.000
491.000	76.000
492.000	74.000
493.000	69.000
494.000	81.000
495.000	62.000
496.000	68.000
497.000	53.000
498.000	62.000
499.000	68.000
500.000	67.000
501.000	74.000
502.000	77.000
503.000	72.000
504.000	80.000
505.000	55.000
506.000	67.000
507.000	72.000
508.000	70.000
509.000	96.000
510.000	78.000
511.000	94.000
512.000	71.000
513.000	86.000
514.000	89.000
515.000	91.000
516.000	95.000
517.000	66.000
518.000	91.000
519.000	69.000
520.000	78.000
521.000	92.000
522.000	81.000
523.000	110.000
524.000	86.000
525.000	75.000
526.000	91.000
527.000	76.000
528.000	70.000
529.000	107.000
530.000	81.000
531.000	106.000
532.000	84.000
533.000	86.000
534.000	81.000
535.000	103.000
536.000	88.000
537.000	101.000
538.000	87.000
539.000	117.000
540.000	120.000
541.000	86.000
542.000	97.000
543.000	107.000
544.000	107.000
545.000	94.000
546.000	118.000
547.000	94.000
548.000	93.000
549.000	101.000
550.000	101.000
551.000	109.000
552.000	104.000
553.000	88.000
554.000	106.000
555.000	116.000
556.000	116.000
557.000	116.000
558.000	119.000
559.000	99.000
560.000	116.000
561.000	125.000
562.000	126.000
563.000	117.000
564.000	124.000
565.000	117.000
566.000	117.000
567.000	133.000
568.000	128.000
569.000	130.000
570.000	131.000
571.000	124.000
572.000	145.000
573.000	109.000
574.000	133.000
575.000	141.000
576.000	129.000
577.000	156.000
578.000	127.000
579.000	141.000
580.000	141.000
581.000	135.000
582.000	135.000
583.000	129.000
584.000	141.000
585.000	136.000
586.000	115.000
587.000	147.000
588.000	163.000
589.000	136.000
590.000	135.000
591.000	143.000
592.000	145.000
593.000	148.000
594.000	154.000
595.000	149.000
596.000	142.000
597.000	168.000
598.000	148.000
599.000	163.000
600.000	163.000
601.000	152.000
602.000	149.000
603.000	161.000
604.000	156.000
605.000	155.000
606.000	177.000
607.000	149.000
608.000	183.000
609.000	147.000
610.000	172.000
611.000	160.000
612.000	168.000
613.000	199.000
614.000	163.000
615.000	150.000
616.000	153.000
617.000	163.000
618.000	159.000
619.000	173.000
620.000	181.000
621.000	186.000
622.000	172.000
623.000	195.000
624.000	180.000
625.000	170.000
626.000	161.000
627.000	161.000
628.000	176.000
629.000	165.000
630.000	171.000
631.000	196.000
632.000	199.000
633.000	193.000
634.000	171.000
635.000	195.000
636.000	202.000
637.000	206.000
638.000	180.000
639.000	195.000
640.000	180.000
641.000	188.000
642.000	192.000
643.000	212.000
644.000	208.000
645.000	194.000
646.000	211.000
647.000	226.000
648.000	196.000
649.000	191.000
650.000	192.000
651.000	205.000
652.000	249.000
653.000	222.000
654.000	205.000
655.000	225.000
656.000	211.000
657.000	202.000
658.000	201.000
659.000	171.000
660.000	196.000
661.000	211.000
662.000	192.000
663.000	229.000
664.000	224.000
665.000	226.000
666.000	231.000
667.000	187.000
668.000	210.000
669.000	195.000
670.000	208.000
671.000	207.000
672.000	207.000
673.000	208.000
674.000	187.000
675.000	207.000
676.000	233.000
677.000	221.000
678.000	198.000
679.000	249.000
680.000	225.000
681.000	210.000
682.000	241.000
683.000	217.000
684.000	236.000
685.000	233.000
686.000	266.000
687.000	236.000
688.000	223.000
689.000	225.000
690.000	249.000
691.000	239.000
692.000	236.000
693.000	244.000
694.000	240.000
695.000	241.000
696.000	244.000
697.000	214.000
698.000	253.000
699.000	225.000
700.000	249.000
701.000	246.000
702.000	247.000
703.000	269.000
704.000	256.000
705.000	253.000
706.000	258.000
707.000	269.000
708.000	218.000
709.000	245.000
710.000	246.000
711.000	230.000
712.000	269.000
713.000	248.000
714.000	242.000
715.000	266.000
716.000	243.000
717.000	265.000
718.000	274.000
719.000	262.000
720.000	265.000
721.000	296.000
722.000	272.000
723.000	288.000
724.000	268.000
725.000	268.000
726.000	285.000
727.000	276.000
728.000	250.000
729.000	301.000
730.000	278.000
731.000	287.000
732.000	316.000
733.000	264.000
734.000	266.000
735.000	302.000
736.000	289.000
737.000	297.000
738.000	246.000
739.000	321.000
740.000	278.000
741.000	256.000
742.000	262.000
743.000	259.000
744.000	266.000
745.000	295.000
746.000	277.000
747.000	285.000
748.000	261.000
749.000	256.000
750.000	264.000
751.000	277.000
752.000	278.000
753.000	272.000
754.000	293.000
755.000	271.000
756.000	285.000
757.000	265.000
758.000	273.000
759.000	313.000
760.000	296.000
761.000	300.000
762.000	290.000
763.000	295.000
764.000	294.000
765.000	286.000
766.000	306.000
767.000	334.000
768.000	319.000
769.000	311.000
770.000	313.000
771.000	307.000
772.000	326.000
773.000	306.000
774.000	323.000
775.000	335.000
776.000	326.000
777.000	297.000
778.000	322.000
779.000	286.000
780.000	320.000
781.000	285.000
782.000	300.000
783.000	298.000
784.000	321.000
785.000	304.000
786.000	305.000
787.000	294.000
788.000	280.000
789.000	324.000
790.000	319.000
791.000	284.000
792.000	330.000
793.000	300.000
794.000	271.000
795.000	319.000
796.000	317.000
797.000	312.000
798.000	346.000
799.000	321.000
800.000	331.000
801.000	265.000
802.000	316.000
803.000	312.000
804.000	332.000
805.000	302.000
806.000	300.000
807.000	304.000
808.000	298.000
809.000	302.000
810.000	336.000
811.000	332.000
812.000	301.000
813.000	324.000
814.000	328.000
815.000	374.000
816.000	323.000
817.000	348.000
818.000	351.000
819.000	365.000
820.000	349.000
821.000	311.000
822.000	324.000
823.000	336.000
824.000	365.000
825.000	327.000
826.000	327.000
827.000	323.000
828.000	330.000
829.000	328.000
830.000	314.000
831.000	319.000
832.000	349.000
833.000	330.000
834.000	343.000
835.000	349.000
836.000	361.000
837.000	359.000
838.000	393.000
839.000	351.000
840.000	356.000
841.000	389.000
842.000	349.000
843.000	381.000
844.000	360.000
845.000	373.000
846.000	337.000
847.000	381.000
848.000	346.000
849.000	349.000
850.000	353.000
851.000	364.000
852.000	388.000
853.000	392.000
854.000	393.000
855.000	380.000
856.000	378.000
857.000	434.000
858.000	435.000
859.000	410.000
860.000	419.000
861.000	412.000
862.000	424.000
863.000	430.000
864.000	405.000
865.000	390.000
866.000	443.000
867.000	460.000
868.000	462.000
869.000	481.000
870.000	523.000
871.000	484.000
872.000	523.000
873.000	555.000
874.000	519.000
875.000	558.000
876.000	649.000
877.000	594.000
878.000	665.000
879.000	690.000
880.000	685.000
881.000	754.000
882.000	792.000
883.000	849.000
884.000	861.000
885.000	919.000
886.000	977.000
887.000	1055.000
888.000	1104.000
889.000	1154.000
890.000	1196.000
891.000	1316.000
892.000	1325.000
893.000	1439.000
894.000	1505.000
895.000	1527.000
896.000	1561.000
897.000	1622.000
898.000	1589.000
899.000	1665.000
900.000	1627.000
901.000	1655.000
902.000	1658.000
903.000	1621.000
904.000	1528.000
905.000	1597.000
906.000	1530.000
907.000	1433.000
908.000	1434.000
909.000	1314.000
910.000	1299.000
911.000	1272.000
912.000	1206.000
913.000	1099.000
914.000	1039.000
915.000	987.000
916.000	923.000
917.000	902.000
918.000	770.000
919.000	801.000
920.000	733.000
921.000	655.000
922.000	642.000
923.000	568.000
924.000	584.000
925.000	564.000
926.000	471.000
927.000	499.000
928.000	481.000
929.000	458.000
930.000	443.000
931.000	424.000
932.000	434.000
933.000	446.000
934.000	389.000
935.000	411.000
936.000	412.000
937.000	389.000
938.000	365.000
939.000	388.000
940.000	424.000
941.000	418.000
942.000	450.000
943.000	492.000
944.000	511.000
945.000	561.000
946.000	623.000
947.000	680.000
948.000	687.000
949.000	756.000
950.000	770.000
951.000	849.000
952.000	864.000
953.000	846.000
954.000	881.000
955.000	800.000
956.000	798.000
957.000	814.000
958.000	683.000
959.000	666.000
960.000	578.000
961.000	520.000
962.000	522.000
963.000	403.000
964.000	406.000
965.000	360.000
966.000	369.000
967.000	348.000
968.000	343.000
969.000	318.000
970.000	315.000
971.000	311.000
972.000	325.000
973.000	290.000
974.000	284.000
975.000	314.000
976.000	334.000
977.000	294.000
978.000	341.000
979.000	340.000
980.000	326.000
981.000	338.000
982.000	364.000
983.000	361.000
984.000	369.000
985.000	351.000
986.000	361.000
987.000	375.000
988.000	402.000
989.000	338.000
990.000	357.000
991.000	355.000
992.000	418.000
993.000	389.000
994.000	414.000
995.000	428.000
996.000	444.000
997.000	461.000
998.000	478.000
999.000	474.000
1000.000	504.000
1001.000	447.000
1002.000	480.000
1003.000	445.000
1004.000	497.000
1005.000	463.000
1006.000	459.000
1007.000	470.000
1008.000	457.000
1009.000	465.000
1010.000	464.000
1011.000	466.000
1012.000	430.000
1013.000	410.000
1014.000	408.000
1015.000	418.000
1016.000	374.000
1017.000	406.000
1018.000	365.000
1019.000	344.000
1020.000	334.000
1021.000	336.000
1022.000	327.000
1023.000	297.000
1024.000	294.000
