Date:	8/19/2008		Time:	9:27 AM		Version no:	0.00		Project name:	55		Sample name:	222		Section name:	section		Position	548.039995	mm	E0	0.000000	keV	E1	1.000000	keV/channel	sample surface	7.647123	cm	Tube anode:	Mo		Tube voltage:	30	kV	Tube current:	50	mA	gain	20		std. database			resultfile	result		matrix element	11		sample thickness	1.000000		air passage	0.560000	cm	comments	not in position		peaking_time	3.000000	m-sec	trigger_threshold	1229.166667	V	mca_bin_width	22.090000	no:	number_mca_channels	1024.000000	no:	gap_time	0.400000	m-sec	trigger_peaking_time	0.150000	m-sec	GAINDAC	9455		HIGHGAIN	1		TAURC	0		RCTAU	53		RCTAUFRAC	32768		livetime	9.661344	seconds	runtime	10.000502	seconds	input_count_rate	31.708839	cps	output_count_rate	23.509321	cps	triggers	306350	seconds	events_in_run	235105	seconds	channel	content		1.000	0.000
2.000	0.000
3.000	0.000
4.000	0.000
5.000	0.000
6.000	0.000
7.000	0.000
8.000	0.000
9.000	0.000
10.000	0.000
11.000	0.000
12.000	0.000
13.000	0.000
14.000	0.000
15.000	0.000
16.000	0.000
17.000	0.000
18.000	0.000
19.000	0.000
20.000	0.000
21.000	0.000
22.000	0.000
23.000	0.000
24.000	0.000
25.000	0.000
26.000	0.000
27.000	0.000
28.000	0.000
29.000	0.000
30.000	0.000
31.000	0.000
32.000	0.000
33.000	2.000
34.000	0.000
35.000	3.000
36.000	1.000
37.000	5.000
38.000	2.000
39.000	4.000
40.000	1.000
41.000	2.000
42.000	2.000
43.000	3.000
44.000	3.000
45.000	5.000
46.000	5.000
47.000	5.000
48.000	8.000
49.000	7.000
50.000	10.000
51.000	11.000
52.000	9.000
53.000	10.000
54.000	11.000
55.000	14.000
56.000	8.000
57.000	10.000
58.000	12.000
59.000	6.000
60.000	17.000
61.000	9.000
62.000	10.000
63.000	20.000
64.000	14.000
65.000	8.000
66.000	4.000
67.000	12.000
68.000	14.000
69.000	6.000
70.000	12.000
71.000	11.000
72.000	7.000
73.000	7.000
74.000	9.000
75.000	8.000
76.000	11.000
77.000	6.000
78.000	11.000
79.000	16.000
80.000	14.000
81.000	9.000
82.000	11.000
83.000	8.000
84.000	8.000
85.000	9.000
86.000	8.000
87.000	4.000
88.000	7.000
89.000	12.000
90.000	5.000
91.000	8.000
92.000	9.000
93.000	9.000
94.000	6.000
95.000	8.000
96.000	10.000
97.000	6.000
98.000	7.000
99.000	5.000
100.000	11.000
101.000	5.000
102.000	9.000
103.000	6.000
104.000	5.000
105.000	3.000
106.000	9.000
107.000	9.000
108.000	10.000
109.000	6.000
110.000	8.000
111.000	6.000
112.000	6.000
113.000	9.000
114.000	5.000
115.000	3.000
116.000	10.000
117.000	8.000
118.000	3.000
119.000	9.000
120.000	8.000
121.000	7.000
122.000	8.000
123.000	11.000
124.000	6.000
125.000	6.000
126.000	9.000
127.000	11.000
128.000	8.000
129.000	8.000
130.000	14.000
131.000	8.000
132.000	5.000
133.000	6.000
134.000	5.000
135.000	6.000
136.000	6.000
137.000	6.000
138.000	4.000
139.000	5.000
140.000	5.000
141.000	1.000
142.000	5.000
143.000	8.000
144.000	5.000
145.000	6.000
146.000	7.000
147.000	5.000
148.000	5.000
149.000	5.000
150.000	4.000
151.000	6.000
152.000	2.000
153.000	5.000
154.000	5.000
155.000	7.000
156.000	1.000
157.000	7.000
158.000	6.000
159.000	12.000
160.000	9.000
161.000	6.000
162.000	10.000
163.000	5.000
164.000	8.000
165.000	9.000
166.000	7.000
167.000	7.000
168.000	4.000
169.000	5.000
170.000	1.000
171.000	6.000
172.000	7.000
173.000	1.000
174.000	5.000
175.000	5.000
176.000	4.000
177.000	6.000
178.000	8.000
179.000	7.000
180.000	6.000
181.000	9.000
182.000	8.000
183.000	11.000
184.000	10.000
185.000	9.000
186.000	6.000
187.000	1.000
188.000	5.000
189.000	4.000
190.000	4.000
191.000	2.000
192.000	6.000
193.000	4.000
194.000	2.000
195.000	11.000
196.000	8.000
197.000	7.000
198.000	4.000
199.000	11.000
200.000	28.000
201.000	31.000
202.000	21.000
203.000	30.000
204.000	22.000
205.000	21.000
206.000	15.000
207.000	15.000
208.000	9.000
209.000	5.000
210.000	7.000
211.000	3.000
212.000	5.000
213.000	7.000
214.000	5.000
215.000	4.000
216.000	3.000
217.000	5.000
218.000	4.000
219.000	13.000
220.000	8.000
221.000	6.000
222.000	13.000
223.000	6.000
224.000	4.000
225.000	4.000
226.000	3.000
227.000	1.000
228.000	3.000
229.000	1.000
230.000	4.000
231.000	1.000
232.000	2.000
233.000	2.000
234.000	4.000
235.000	5.000
236.000	2.000
237.000	0.000
238.000	9.000
239.000	3.000
240.000	2.000
241.000	5.000
242.000	5.000
243.000	5.000
244.000	5.000
245.000	10.000
246.000	9.000
247.000	10.000
248.000	5.000
249.000	14.000
250.000	10.000
251.000	5.000
252.000	4.000
253.000	7.000
254.000	4.000
255.000	9.000
256.000	9.000
257.000	3.000
258.000	12.000
259.000	8.000
260.000	2.000
261.000	7.000
262.000	2.000
263.000	4.000
264.000	3.000
265.000	6.000
266.000	9.000
267.000	9.000
268.000	6.000
269.000	3.000
270.000	8.000
271.000	8.000
272.000	7.000
273.000	5.000
274.000	4.000
275.000	5.000
276.000	2.000
277.000	4.000
278.000	5.000
279.000	3.000
280.000	5.000
281.000	6.000
282.000	6.000
283.000	7.000
284.000	4.000
285.000	5.000
286.000	7.000
287.000	3.000
288.000	5.000
289.000	4.000
290.000	8.000
291.000	7.000
292.000	4.000
293.000	3.000
294.000	5.000
295.000	9.000
296.000	5.000
297.000	14.000
298.000	5.000
299.000	7.000
300.000	11.000
301.000	12.000
302.000	8.000
303.000	12.000
304.000	4.000
305.000	5.000
306.000	5.000
307.000	6.000
308.000	7.000
309.000	7.000
310.000	9.000
311.000	13.000
312.000	8.000
313.000	6.000
314.000	6.000
315.000	18.000
316.000	20.000
317.000	27.000
318.000	32.000
319.000	35.000
320.000	43.000
321.000	49.000
322.000	65.000
323.000	61.000
324.000	69.000
325.000	54.000
326.000	55.000
327.000	49.000
328.000	32.000
329.000	16.000
330.000	13.000
331.000	10.000
332.000	10.000
333.000	10.000
334.000	11.000
335.000	13.000
336.000	9.000
337.000	20.000
338.000	22.000
339.000	19.000
340.000	21.000
341.000	36.000
342.000	62.000
343.000	92.000
344.000	195.000
345.000	254.000
346.000	375.000
347.000	556.000
348.000	687.000
349.000	801.000
350.000	929.000
351.000	891.000
352.000	797.000
353.000	736.000
354.000	576.000
355.000	446.000
356.000	285.000
357.000	191.000
358.000	107.000
359.000	88.000
360.000	40.000
361.000	32.000
362.000	28.000
363.000	16.000
364.000	14.000
365.000	31.000
366.000	13.000
367.000	16.000
368.000	15.000
369.000	12.000
370.000	17.000
371.000	18.000
372.000	18.000
373.000	12.000
374.000	17.000
375.000	14.000
376.000	33.000
377.000	22.000
378.000	33.000
379.000	37.000
380.000	66.000
381.000	82.000
382.000	101.000
383.000	122.000
384.000	150.000
385.000	152.000
386.000	158.000
387.000	149.000
388.000	155.000
389.000	126.000
390.000	109.000
391.000	81.000
392.000	52.000
393.000	57.000
394.000	47.000
395.000	43.000
396.000	24.000
397.000	22.000
398.000	24.000
399.000	21.000
400.000	31.000
401.000	30.000
402.000	27.000
403.000	21.000
404.000	23.000
405.000	22.000
406.000	30.000
407.000	28.000
408.000	26.000
409.000	25.000
410.000	28.000
411.000	30.000
412.000	23.000
413.000	30.000
414.000	32.000
415.000	26.000
416.000	39.000
417.000	29.000
418.000	35.000
419.000	37.000
420.000	30.000
421.000	39.000
422.000	18.000
423.000	24.000
424.000	25.000
425.000	29.000
426.000	27.000
427.000	34.000
428.000	27.000
429.000	28.000
430.000	31.000
431.000	32.000
432.000	32.000
433.000	32.000
434.000	36.000
435.000	26.000
436.000	39.000
437.000	40.000
438.000	43.000
439.000	44.000
440.000	49.000
441.000	52.000
442.000	41.000
443.000	39.000
444.000	40.000
445.000	40.000
446.000	38.000
447.000	50.000
448.000	40.000
449.000	47.000
450.000	50.000
451.000	53.000
452.000	38.000
453.000	41.000
454.000	32.000
455.000	49.000
456.000	52.000
457.000	44.000
458.000	44.000
459.000	50.000
460.000	44.000
461.000	53.000
462.000	51.000
463.000	54.000
464.000	35.000
465.000	41.000
466.000	54.000
467.000	46.000
468.000	58.000
469.000	62.000
470.000	58.000
471.000	59.000
472.000	58.000
473.000	49.000
474.000	54.000
475.000	58.000
476.000	51.000
477.000	61.000
478.000	60.000
479.000	46.000
480.000	56.000
481.000	63.000
482.000	76.000
483.000	62.000
484.000	48.000
485.000	52.000
486.000	55.000
487.000	55.000
488.000	52.000
489.000	60.000
490.000	63.000
491.000	58.000
492.000	52.000
493.000	75.000
494.000	65.000
495.000	65.000
496.000	58.000
497.000	56.000
498.000	53.000
499.000	68.000
500.000	71.000
501.000	55.000
502.000	89.000
503.000	71.000
504.000	80.000
505.000	61.000
506.000	69.000
507.000	73.000
508.000	91.000
509.000	81.000
510.000	67.000
511.000	81.000
512.000	95.000
513.000	72.000
514.000	85.000
515.000	79.000
516.000	79.000
517.000	87.000
518.000	71.000
519.000	78.000
520.000	84.000
521.000	98.000
522.000	100.000
523.000	91.000
524.000	81.000
525.000	74.000
526.000	92.000
527.000	104.000
528.000	105.000
529.000	88.000
530.000	92.000
531.000	101.000
532.000	95.000
533.000	103.000
534.000	101.000
535.000	98.000
536.000	93.000
537.000	101.000
538.000	79.000
539.000	83.000
540.000	102.000
541.000	107.000
542.000	107.000
543.000	111.000
544.000	92.000
545.000	107.000
546.000	103.000
547.000	103.000
548.000	111.000
549.000	103.000
550.000	93.000
551.000	92.000
552.000	113.000
553.000	105.000
554.000	103.000
555.000	124.000
556.000	145.000
557.000	119.000
558.000	127.000
559.000	133.000
560.000	125.000
561.000	111.000
562.000	111.000
563.000	113.000
564.000	119.000
565.000	109.000
566.000	108.000
567.000	132.000
568.000	111.000
569.000	134.000
570.000	108.000
571.000	117.000
572.000	136.000
573.000	143.000
574.000	115.000
575.000	151.000
576.000	123.000
577.000	128.000
578.000	125.000
579.000	129.000
580.000	149.000
581.000	142.000
582.000	130.000
583.000	142.000
584.000	126.000
585.000	132.000
586.000	125.000
587.000	153.000
588.000	147.000
589.000	153.000
590.000	135.000
591.000	131.000
592.000	140.000
593.000	140.000
594.000	154.000
595.000	152.000
596.000	160.000
597.000	134.000
598.000	153.000
599.000	137.000
600.000	133.000
601.000	160.000
602.000	163.000
603.000	158.000
604.000	172.000
605.000	151.000
606.000	144.000
607.000	162.000
608.000	172.000
609.000	162.000
610.000	131.000
611.000	162.000
612.000	143.000
613.000	178.000
614.000	177.000
615.000	194.000
616.000	185.000
617.000	151.000
618.000	155.000
619.000	158.000
620.000	173.000
621.000	179.000
622.000	174.000
623.000	176.000
624.000	161.000
625.000	172.000
626.000	180.000
627.000	171.000
628.000	157.000
629.000	185.000
630.000	193.000
631.000	206.000
632.000	170.000
633.000	203.000
634.000	194.000
635.000	192.000
636.000	169.000
637.000	183.000
638.000	172.000
639.000	173.000
640.000	218.000
641.000	190.000
642.000	193.000
643.000	189.000
644.000	210.000
645.000	208.000
646.000	202.000
647.000	203.000
648.000	195.000
649.000	195.000
650.000	194.000
651.000	218.000
652.000	203.000
653.000	213.000
654.000	205.000
655.000	232.000
656.000	231.000
657.000	213.000
658.000	194.000
659.000	204.000
660.000	182.000
661.000	198.000
662.000	214.000
663.000	220.000
664.000	233.000
665.000	217.000
666.000	226.000
667.000	193.000
668.000	203.000
669.000	209.000
670.000	197.000
671.000	205.000
672.000	222.000
673.000	200.000
674.000	207.000
675.000	233.000
676.000	204.000
677.000	222.000
678.000	224.000
679.000	223.000
680.000	227.000
681.000	214.000
682.000	215.000
683.000	239.000
684.000	198.000
685.000	228.000
686.000	201.000
687.000	234.000
688.000	243.000
689.000	202.000
690.000	245.000
691.000	237.000
692.000	217.000
693.000	240.000
694.000	238.000
695.000	208.000
696.000	236.000
697.000	242.000
698.000	276.000
699.000	227.000
700.000	229.000
701.000	244.000
702.000	264.000
703.000	230.000
704.000	238.000
705.000	254.000
706.000	248.000
707.000	259.000
708.000	247.000
709.000	243.000
710.000	237.000
711.000	258.000
712.000	233.000
713.000	240.000
714.000	239.000
715.000	240.000
716.000	263.000
717.000	238.000
718.000	250.000
719.000	253.000
720.000	275.000
721.000	241.000
722.000	237.000
723.000	232.000
724.000	228.000
725.000	294.000
726.000	280.000
727.000	283.000
728.000	286.000
729.000	269.000
730.000	270.000
731.000	241.000
732.000	296.000
733.000	291.000
734.000	300.000
735.000	251.000
736.000	274.000
737.000	278.000
738.000	266.000
739.000	284.000
740.000	243.000
741.000	231.000
742.000	267.000
743.000	259.000
744.000	264.000
745.000	272.000
746.000	287.000
747.000	276.000
748.000	279.000
749.000	286.000
750.000	236.000
751.000	280.000
752.000	241.000
753.000	281.000
754.000	275.000
755.000	306.000
756.000	271.000
757.000	268.000
758.000	258.000
759.000	256.000
760.000	278.000
761.000	291.000
762.000	289.000
763.000	296.000
764.000	283.000
765.000	271.000
766.000	311.000
767.000	288.000
768.000	299.000
769.000	265.000
770.000	311.000
771.000	339.000
772.000	336.000
773.000	311.000
774.000	297.000
775.000	281.000
776.000	337.000
777.000	310.000
778.000	309.000
779.000	275.000
780.000	300.000
781.000	282.000
782.000	287.000
783.000	299.000
784.000	297.000
785.000	269.000
786.000	328.000
787.000	288.000
788.000	317.000
789.000	295.000
790.000	290.000
791.000	304.000
792.000	323.000
793.000	287.000
794.000	292.000
795.000	294.000
796.000	296.000
797.000	302.000
798.000	306.000
799.000	304.000
800.000	278.000
801.000	312.000
802.000	294.000
803.000	289.000
804.000	274.000
805.000	317.000
806.000	302.000
807.000	330.000
808.000	302.000
809.000	309.000
810.000	328.000
811.000	300.000
812.000	300.000
813.000	335.000
814.000	334.000
815.000	309.000
816.000	309.000
817.000	307.000
818.000	323.000
819.000	317.000
820.000	343.000
821.000	322.000
822.000	305.000
823.000	295.000
824.000	313.000
825.000	359.000
826.000	314.000
827.000	302.000
828.000	295.000
829.000	297.000
830.000	299.000
831.000	310.000
832.000	330.000
833.000	319.000
834.000	308.000
835.000	325.000
836.000	337.000
837.000	356.000
838.000	310.000
839.000	335.000
840.000	362.000
841.000	349.000
842.000	353.000
843.000	354.000
844.000	318.000
845.000	348.000
846.000	334.000
847.000	357.000
848.000	331.000
849.000	377.000
850.000	350.000
851.000	326.000
852.000	362.000
853.000	360.000
854.000	368.000
855.000	404.000
856.000	385.000
857.000	362.000
858.000	362.000
859.000	378.000
860.000	400.000
861.000	398.000
862.000	413.000
863.000	414.000
864.000	414.000
865.000	411.000
866.000	436.000
867.000	465.000
868.000	447.000
869.000	478.000
870.000	488.000
871.000	419.000
872.000	493.000
873.000	484.000
874.000	551.000
875.000	534.000
876.000	562.000
877.000	550.000
878.000	621.000
879.000	624.000
880.000	623.000
881.000	715.000
882.000	750.000
883.000	795.000
884.000	866.000
885.000	902.000
886.000	935.000
887.000	1098.000
888.000	1022.000
889.000	1128.000
890.000	1206.000
891.000	1233.000
892.000	1304.000
893.000	1307.000
894.000	1369.000
895.000	1480.000
896.000	1479.000
897.000	1526.000
898.000	1546.000
899.000	1568.000
900.000	1621.000
901.000	1630.000
902.000	1606.000
903.000	1598.000
904.000	1529.000
905.000	1453.000
906.000	1424.000
907.000	1401.000
908.000	1385.000
909.000	1280.000
910.000	1198.000
911.000	1251.000
912.000	1124.000
913.000	1051.000
914.000	1003.000
915.000	999.000
916.000	916.000
917.000	806.000
918.000	759.000
919.000	761.000
920.000	696.000
921.000	671.000
922.000	599.000
923.000	587.000
924.000	542.000
925.000	532.000
926.000	520.000
927.000	456.000
928.000	470.000
929.000	491.000
930.000	433.000
931.000	412.000
932.000	400.000
933.000	384.000
934.000	395.000
935.000	404.000
936.000	414.000
937.000	388.000
938.000	373.000
939.000	428.000
940.000	408.000
941.000	421.000
942.000	441.000
943.000	448.000
944.000	518.000
945.000	543.000
946.000	548.000
947.000	642.000
948.000	701.000
949.000	767.000
950.000	762.000
951.000	804.000
952.000	806.000
953.000	858.000
954.000	821.000
955.000	768.000
956.000	784.000
957.000	764.000
958.000	632.000
959.000	617.000
960.000	543.000
961.000	505.000
962.000	436.000
963.000	391.000
964.000	409.000
965.000	352.000
966.000	351.000
967.000	329.000
968.000	288.000
969.000	287.000
970.000	313.000
971.000	320.000
972.000	285.000
973.000	276.000
974.000	296.000
975.000	305.000
976.000	277.000
977.000	297.000
978.000	339.000
979.000	303.000
980.000	282.000
981.000	360.000
982.000	318.000
983.000	357.000
984.000	339.000
985.000	331.000
986.000	357.000
987.000	347.000
988.000	361.000
989.000	378.000
990.000	407.000
991.000	364.000
992.000	384.000
993.000	442.000
994.000	466.000
995.000	439.000
996.000	456.000
997.000	432.000
998.000	464.000
999.000	404.000
1000.000	476.000
1001.000	482.000
1002.000	480.000
1003.000	469.000
1004.000	485.000
1005.000	433.000
1006.000	459.000
1007.000	449.000
1008.000	441.000
1009.000	478.000
1010.000	448.000
1011.000	415.000
1012.000	445.000
1013.000	401.000
1014.000	397.000
1015.000	391.000
1016.000	373.000
1017.000	356.000
1018.000	368.000
1019.000	351.000
1020.000	328.000
1021.000	324.000
1022.000	306.000
1023.000	304.000
1024.000	300.000
