Date:	8/19/2008		Time:	9:04 AM		Version no:	0.00		Project name:	55		Sample name:	222		Section name:	section		Position	308.039995	mm	E0	0.000000	keV	E1	1.000000	keV/channel	sample surface	7.569664	cm	Tube anode:	Mo		Tube voltage:	30	kV	Tube current:	50	mA	gain	20		std. database			resultfile	result		matrix element	11		sample thickness	1.000000		air passage	0.560000	cm	comments	not in position		peaking_time	3.000000	m-sec	trigger_threshold	1229.166667	V	mca_bin_width	22.090000	no:	number_mca_channels	1024.000000	no:	gap_time	0.400000	m-sec	trigger_peaking_time	0.150000	m-sec	GAINDAC	9455		HIGHGAIN	1		TAURC	0		RCTAU	53		RCTAUFRAC	32768		livetime	9.675514	seconds	runtime	10.000503	seconds	input_count_rate	30.488095	cps	output_count_rate	22.884448	cps	triggers	294988	seconds	events_in_run	228856	seconds	channel	content		1.000	0.000
2.000	0.000
3.000	0.000
4.000	0.000
5.000	0.000
6.000	0.000
7.000	0.000
8.000	0.000
9.000	0.000
10.000	0.000
11.000	0.000
12.000	0.000
13.000	0.000
14.000	0.000
15.000	0.000
16.000	0.000
17.000	0.000
18.000	0.000
19.000	0.000
20.000	0.000
21.000	0.000
22.000	0.000
23.000	0.000
24.000	0.000
25.000	0.000
26.000	0.000
27.000	0.000
28.000	0.000
29.000	0.000
30.000	0.000
31.000	0.000
32.000	0.000
33.000	0.000
34.000	1.000
35.000	0.000
36.000	0.000
37.000	2.000
38.000	3.000
39.000	1.000
40.000	1.000
41.000	2.000
42.000	3.000
43.000	4.000
44.000	6.000
45.000	6.000
46.000	5.000
47.000	9.000
48.000	11.000
49.000	6.000
50.000	3.000
51.000	11.000
52.000	4.000
53.000	10.000
54.000	11.000
55.000	16.000
56.000	10.000
57.000	7.000
58.000	9.000
59.000	12.000
60.000	9.000
61.000	11.000
62.000	15.000
63.000	9.000
64.000	6.000
65.000	9.000
66.000	11.000
67.000	8.000
68.000	12.000
69.000	12.000
70.000	7.000
71.000	12.000
72.000	9.000
73.000	7.000
74.000	8.000
75.000	6.000
76.000	10.000
77.000	5.000
78.000	8.000
79.000	9.000
80.000	7.000
81.000	8.000
82.000	7.000
83.000	7.000
84.000	8.000
85.000	9.000
86.000	8.000
87.000	10.000
88.000	5.000
89.000	4.000
90.000	9.000
91.000	12.000
92.000	3.000
93.000	12.000
94.000	4.000
95.000	7.000
96.000	11.000
97.000	11.000
98.000	8.000
99.000	1.000
100.000	13.000
101.000	3.000
102.000	6.000
103.000	11.000
104.000	6.000
105.000	7.000
106.000	9.000
107.000	9.000
108.000	8.000
109.000	8.000
110.000	12.000
111.000	7.000
112.000	5.000
113.000	2.000
114.000	8.000
115.000	4.000
116.000	5.000
117.000	8.000
118.000	8.000
119.000	5.000
120.000	1.000
121.000	9.000
122.000	6.000
123.000	6.000
124.000	6.000
125.000	6.000
126.000	9.000
127.000	9.000
128.000	7.000
129.000	9.000
130.000	7.000
131.000	7.000
132.000	4.000
133.000	2.000
134.000	7.000
135.000	4.000
136.000	2.000
137.000	4.000
138.000	3.000
139.000	5.000
140.000	6.000
141.000	8.000
142.000	2.000
143.000	3.000
144.000	2.000
145.000	7.000
146.000	6.000
147.000	5.000
148.000	2.000
149.000	8.000
150.000	2.000
151.000	4.000
152.000	4.000
153.000	3.000
154.000	3.000
155.000	3.000
156.000	3.000
157.000	4.000
158.000	6.000
159.000	6.000
160.000	7.000
161.000	9.000
162.000	13.000
163.000	14.000
164.000	4.000
165.000	11.000
166.000	8.000
167.000	2.000
168.000	6.000
169.000	2.000
170.000	6.000
171.000	3.000
172.000	3.000
173.000	2.000
174.000	7.000
175.000	5.000
176.000	5.000
177.000	8.000
178.000	3.000
179.000	5.000
180.000	10.000
181.000	11.000
182.000	7.000
183.000	5.000
184.000	6.000
185.000	1.000
186.000	9.000
187.000	3.000
188.000	4.000
189.000	3.000
190.000	3.000
191.000	5.000
192.000	3.000
193.000	3.000
194.000	7.000
195.000	4.000
196.000	6.000
197.000	10.000
198.000	9.000
199.000	9.000
200.000	14.000
201.000	25.000
202.000	34.000
203.000	29.000
204.000	29.000
205.000	13.000
206.000	21.000
207.000	14.000
208.000	14.000
209.000	6.000
210.000	3.000
211.000	3.000
212.000	2.000
213.000	2.000
214.000	5.000
215.000	5.000
216.000	8.000
217.000	6.000
218.000	4.000
219.000	5.000
220.000	5.000
221.000	4.000
222.000	10.000
223.000	4.000
224.000	6.000
225.000	4.000
226.000	2.000
227.000	3.000
228.000	3.000
229.000	2.000
230.000	5.000
231.000	7.000
232.000	5.000
233.000	3.000
234.000	4.000
235.000	2.000
236.000	3.000
237.000	3.000
238.000	4.000
239.000	3.000
240.000	4.000
241.000	4.000
242.000	11.000
243.000	4.000
244.000	6.000
245.000	13.000
246.000	9.000
247.000	6.000
248.000	9.000
249.000	13.000
250.000	12.000
251.000	4.000
252.000	8.000
253.000	11.000
254.000	6.000
255.000	10.000
256.000	17.000
257.000	4.000
258.000	8.000
259.000	6.000
260.000	4.000
261.000	9.000
262.000	8.000
263.000	5.000
264.000	9.000
265.000	5.000
266.000	3.000
267.000	10.000
268.000	2.000
269.000	9.000
270.000	6.000
271.000	10.000
272.000	7.000
273.000	8.000
274.000	12.000
275.000	7.000
276.000	4.000
277.000	3.000
278.000	4.000
279.000	5.000
280.000	6.000
281.000	3.000
282.000	5.000
283.000	5.000
284.000	5.000
285.000	7.000
286.000	5.000
287.000	8.000
288.000	8.000
289.000	4.000
290.000	7.000
291.000	8.000
292.000	10.000
293.000	6.000
294.000	9.000
295.000	8.000
296.000	7.000
297.000	8.000
298.000	8.000
299.000	7.000
300.000	6.000
301.000	9.000
302.000	3.000
303.000	6.000
304.000	10.000
305.000	7.000
306.000	7.000
307.000	11.000
308.000	9.000
309.000	13.000
310.000	6.000
311.000	9.000
312.000	5.000
313.000	6.000
314.000	10.000
315.000	14.000
316.000	20.000
317.000	17.000
318.000	23.000
319.000	19.000
320.000	38.000
321.000	52.000
322.000	58.000
323.000	52.000
324.000	57.000
325.000	50.000
326.000	43.000
327.000	35.000
328.000	22.000
329.000	15.000
330.000	14.000
331.000	12.000
332.000	11.000
333.000	16.000
334.000	12.000
335.000	12.000
336.000	16.000
337.000	14.000
338.000	13.000
339.000	20.000
340.000	26.000
341.000	41.000
342.000	57.000
343.000	80.000
344.000	134.000
345.000	204.000
346.000	309.000
347.000	438.000
348.000	556.000
349.000	648.000
350.000	822.000
351.000	738.000
352.000	708.000
353.000	568.000
354.000	470.000
355.000	356.000
356.000	254.000
357.000	157.000
358.000	98.000
359.000	63.000
360.000	33.000
361.000	24.000
362.000	24.000
363.000	15.000
364.000	19.000
365.000	10.000
366.000	18.000
367.000	17.000
368.000	21.000
369.000	14.000
370.000	19.000
371.000	22.000
372.000	22.000
373.000	14.000
374.000	28.000
375.000	21.000
376.000	27.000
377.000	28.000
378.000	33.000
379.000	50.000
380.000	41.000
381.000	63.000
382.000	104.000
383.000	102.000
384.000	118.000
385.000	132.000
386.000	162.000
387.000	162.000
388.000	136.000
389.000	115.000
390.000	87.000
391.000	88.000
392.000	57.000
393.000	67.000
394.000	27.000
395.000	34.000
396.000	27.000
397.000	16.000
398.000	18.000
399.000	26.000
400.000	34.000
401.000	23.000
402.000	18.000
403.000	20.000
404.000	23.000
405.000	23.000
406.000	17.000
407.000	23.000
408.000	28.000
409.000	23.000
410.000	31.000
411.000	25.000
412.000	25.000
413.000	29.000
414.000	29.000
415.000	34.000
416.000	16.000
417.000	35.000
418.000	30.000
419.000	26.000
420.000	23.000
421.000	23.000
422.000	36.000
423.000	26.000
424.000	29.000
425.000	27.000
426.000	34.000
427.000	25.000
428.000	21.000
429.000	32.000
430.000	28.000
431.000	43.000
432.000	35.000
433.000	42.000
434.000	28.000
435.000	35.000
436.000	33.000
437.000	31.000
438.000	41.000
439.000	31.000
440.000	39.000
441.000	43.000
442.000	38.000
443.000	38.000
444.000	28.000
445.000	39.000
446.000	32.000
447.000	38.000
448.000	52.000
449.000	40.000
450.000	37.000
451.000	35.000
452.000	63.000
453.000	41.000
454.000	41.000
455.000	46.000
456.000	47.000
457.000	56.000
458.000	34.000
459.000	56.000
460.000	55.000
461.000	52.000
462.000	63.000
463.000	49.000
464.000	49.000
465.000	38.000
466.000	52.000
467.000	41.000
468.000	43.000
469.000	42.000
470.000	50.000
471.000	55.000
472.000	46.000
473.000	44.000
474.000	54.000
475.000	48.000
476.000	69.000
477.000	44.000
478.000	55.000
479.000	49.000
480.000	44.000
481.000	59.000
482.000	53.000
483.000	48.000
484.000	49.000
485.000	46.000
486.000	63.000
487.000	58.000
488.000	62.000
489.000	56.000
490.000	52.000
491.000	63.000
492.000	62.000
493.000	82.000
494.000	63.000
495.000	62.000
496.000	60.000
497.000	59.000
498.000	72.000
499.000	64.000
500.000	76.000
501.000	68.000
502.000	75.000
503.000	51.000
504.000	70.000
505.000	67.000
506.000	76.000
507.000	73.000
508.000	91.000
509.000	68.000
510.000	76.000
511.000	79.000
512.000	84.000
513.000	64.000
514.000	80.000
515.000	74.000
516.000	91.000
517.000	72.000
518.000	86.000
519.000	71.000
520.000	108.000
521.000	87.000
522.000	70.000
523.000	88.000
524.000	83.000
525.000	101.000
526.000	85.000
527.000	89.000
528.000	75.000
529.000	79.000
530.000	105.000
531.000	107.000
532.000	88.000
533.000	95.000
534.000	79.000
535.000	93.000
536.000	102.000
537.000	99.000
538.000	100.000
539.000	90.000
540.000	96.000
541.000	96.000
542.000	96.000
543.000	89.000
544.000	97.000
545.000	100.000
546.000	79.000
547.000	90.000
548.000	107.000
549.000	94.000
550.000	102.000
551.000	102.000
552.000	120.000
553.000	104.000
554.000	125.000
555.000	97.000
556.000	125.000
557.000	98.000
558.000	117.000
559.000	98.000
560.000	124.000
561.000	110.000
562.000	103.000
563.000	126.000
564.000	104.000
565.000	113.000
566.000	126.000
567.000	128.000
568.000	120.000
569.000	112.000
570.000	116.000
571.000	117.000
572.000	99.000
573.000	136.000
574.000	114.000
575.000	107.000
576.000	125.000
577.000	125.000
578.000	124.000
579.000	127.000
580.000	102.000
581.000	118.000
582.000	133.000
583.000	117.000
584.000	129.000
585.000	135.000
586.000	132.000
587.000	115.000
588.000	141.000
589.000	156.000
590.000	145.000
591.000	136.000
592.000	155.000
593.000	130.000
594.000	124.000
595.000	134.000
596.000	144.000
597.000	129.000
598.000	137.000
599.000	143.000
600.000	156.000
601.000	141.000
602.000	151.000
603.000	140.000
604.000	135.000
605.000	144.000
606.000	150.000
607.000	173.000
608.000	123.000
609.000	165.000
610.000	147.000
611.000	143.000
612.000	168.000
613.000	135.000
614.000	154.000
615.000	158.000
616.000	151.000
617.000	164.000
618.000	151.000
619.000	170.000
620.000	178.000
621.000	142.000
622.000	162.000
623.000	166.000
624.000	173.000
625.000	161.000
626.000	167.000
627.000	163.000
628.000	178.000
629.000	161.000
630.000	188.000
631.000	175.000
632.000	175.000
633.000	156.000
634.000	178.000
635.000	190.000
636.000	168.000
637.000	202.000
638.000	179.000
639.000	181.000
640.000	174.000
641.000	184.000
642.000	174.000
643.000	186.000
644.000	169.000
645.000	182.000
646.000	226.000
647.000	170.000
648.000	176.000
649.000	191.000
650.000	165.000
651.000	165.000
652.000	196.000
653.000	185.000
654.000	207.000
655.000	173.000
656.000	202.000
657.000	211.000
658.000	224.000
659.000	181.000
660.000	201.000
661.000	209.000
662.000	185.000
663.000	213.000
664.000	211.000
665.000	196.000
666.000	217.000
667.000	183.000
668.000	189.000
669.000	201.000
670.000	189.000
671.000	192.000
672.000	206.000
673.000	200.000
674.000	195.000
675.000	205.000
676.000	200.000
677.000	210.000
678.000	198.000
679.000	202.000
680.000	222.000
681.000	227.000
682.000	227.000
683.000	236.000
684.000	199.000
685.000	232.000
686.000	215.000
687.000	217.000
688.000	203.000
689.000	234.000
690.000	221.000
691.000	217.000
692.000	213.000
693.000	218.000
694.000	235.000
695.000	246.000
696.000	244.000
697.000	241.000
698.000	228.000
699.000	243.000
700.000	200.000
701.000	256.000
702.000	222.000
703.000	242.000
704.000	231.000
705.000	216.000
706.000	213.000
707.000	215.000
708.000	219.000
709.000	235.000
710.000	210.000
711.000	245.000
712.000	234.000
713.000	246.000
714.000	239.000
715.000	259.000
716.000	213.000
717.000	264.000
718.000	248.000
719.000	272.000
720.000	252.000
721.000	215.000
722.000	238.000
723.000	267.000
724.000	219.000
725.000	257.000
726.000	288.000
727.000	237.000
728.000	262.000
729.000	254.000
730.000	264.000
731.000	249.000
732.000	212.000
733.000	249.000
734.000	260.000
735.000	233.000
736.000	261.000
737.000	262.000
738.000	249.000
739.000	255.000
740.000	247.000
741.000	275.000
742.000	246.000
743.000	240.000
744.000	232.000
745.000	243.000
746.000	273.000
747.000	283.000
748.000	253.000
749.000	262.000
750.000	275.000
751.000	275.000
752.000	269.000
753.000	276.000
754.000	266.000
755.000	279.000
756.000	283.000
757.000	253.000
758.000	255.000
759.000	284.000
760.000	283.000
761.000	260.000
762.000	307.000
763.000	287.000
764.000	260.000
765.000	297.000
766.000	288.000
767.000	302.000
768.000	287.000
769.000	260.000
770.000	328.000
771.000	294.000
772.000	322.000
773.000	298.000
774.000	294.000
775.000	284.000
776.000	333.000
777.000	280.000
778.000	276.000
779.000	288.000
780.000	276.000
781.000	280.000
782.000	299.000
783.000	317.000
784.000	275.000
785.000	273.000
786.000	270.000
787.000	271.000
788.000	274.000
789.000	289.000
790.000	317.000
791.000	278.000
792.000	318.000
793.000	295.000
794.000	284.000
795.000	261.000
796.000	306.000
797.000	275.000
798.000	291.000
799.000	316.000
800.000	264.000
801.000	307.000
802.000	277.000
803.000	340.000
804.000	290.000
805.000	288.000
806.000	278.000
807.000	288.000
808.000	276.000
809.000	287.000
810.000	290.000
811.000	303.000
812.000	316.000
813.000	313.000
814.000	310.000
815.000	326.000
816.000	309.000
817.000	306.000
818.000	309.000
819.000	300.000
820.000	318.000
821.000	301.000
822.000	343.000
823.000	301.000
824.000	285.000
825.000	297.000
826.000	299.000
827.000	333.000
828.000	309.000
829.000	285.000
830.000	312.000
831.000	326.000
832.000	309.000
833.000	328.000
834.000	304.000
835.000	338.000
836.000	332.000
837.000	303.000
838.000	349.000
839.000	341.000
840.000	329.000
841.000	341.000
842.000	337.000
843.000	347.000
844.000	342.000
845.000	324.000
846.000	325.000
847.000	321.000
848.000	345.000
849.000	339.000
850.000	347.000
851.000	376.000
852.000	318.000
853.000	342.000
854.000	402.000
855.000	369.000
856.000	351.000
857.000	376.000
858.000	391.000
859.000	403.000
860.000	380.000
861.000	406.000
862.000	408.000
863.000	408.000
864.000	426.000
865.000	432.000
866.000	391.000
867.000	458.000
868.000	460.000
869.000	444.000
870.000	479.000
871.000	464.000
872.000	474.000
873.000	507.000
874.000	522.000
875.000	558.000
876.000	533.000
877.000	569.000
878.000	603.000
879.000	627.000
880.000	633.000
881.000	677.000
882.000	748.000
883.000	780.000
884.000	833.000
885.000	834.000
886.000	998.000
887.000	1032.000
888.000	1002.000
889.000	1123.000
890.000	1180.000
891.000	1241.000
892.000	1246.000
893.000	1366.000
894.000	1409.000
895.000	1490.000
896.000	1464.000
897.000	1614.000
898.000	1564.000
899.000	1508.000
900.000	1588.000
901.000	1569.000
902.000	1560.000
903.000	1526.000
904.000	1571.000
905.000	1472.000
906.000	1440.000
907.000	1397.000
908.000	1253.000
909.000	1312.000
910.000	1236.000
911.000	1152.000
912.000	1044.000
913.000	1045.000
914.000	997.000
915.000	923.000
916.000	902.000
917.000	825.000
918.000	824.000
919.000	710.000
920.000	626.000
921.000	662.000
922.000	608.000
923.000	615.000
924.000	537.000
925.000	524.000
926.000	475.000
927.000	473.000
928.000	473.000
929.000	467.000
930.000	434.000
931.000	433.000
932.000	374.000
933.000	377.000
934.000	364.000
935.000	395.000
936.000	376.000
937.000	413.000
938.000	373.000
939.000	371.000
940.000	390.000
941.000	445.000
942.000	421.000
943.000	449.000
944.000	478.000
945.000	512.000
946.000	560.000
947.000	614.000
948.000	686.000
949.000	714.000
950.000	760.000
951.000	796.000
952.000	753.000
953.000	867.000
954.000	809.000
955.000	785.000
956.000	746.000
957.000	742.000
958.000	680.000
959.000	621.000
960.000	569.000
961.000	533.000
962.000	453.000
963.000	422.000
964.000	375.000
965.000	348.000
966.000	328.000
967.000	348.000
968.000	306.000
969.000	309.000
970.000	302.000
971.000	293.000
972.000	293.000
973.000	265.000
974.000	293.000
975.000	273.000
976.000	268.000
977.000	287.000
978.000	310.000
979.000	313.000
980.000	320.000
981.000	321.000
982.000	324.000
983.000	334.000
984.000	311.000
985.000	329.000
986.000	349.000
987.000	363.000
988.000	368.000
989.000	362.000
990.000	383.000
991.000	418.000
992.000	415.000
993.000	409.000
994.000	415.000
995.000	411.000
996.000	423.000
997.000	453.000
998.000	412.000
999.000	463.000
1000.000	424.000
1001.000	479.000
1002.000	481.000
1003.000	469.000
1004.000	447.000
1005.000	477.000
1006.000	459.000
1007.000	442.000
1008.000	439.000
1009.000	454.000
1010.000	456.000
1011.000	458.000
1012.000	413.000
1013.000	456.000
1014.000	374.000
1015.000	370.000
1016.000	316.000
1017.000	346.000
1018.000	334.000
1019.000	356.000
1020.000	325.000
1021.000	318.000
1022.000	311.000
1023.000	319.000
1024.000	283.000
