Date:	8/19/2008		Time:	8:54 AM		Version no:	0.00		Project name:	55		Sample name:	222		Section name:	section		Position	206.039995	mm	E0	0.000000	keV	E1	1.000000	keV/channel	sample surface	7.593850	cm	Tube anode:	Mo		Tube voltage:	30	kV	Tube current:	50	mA	gain	20		std. database			resultfile	result		matrix element	11		sample thickness	1.000000		air passage	0.560000	cm	comments	not in position		peaking_time	3.000000	m-sec	trigger_threshold	1229.166667	V	mca_bin_width	22.090000	no:	number_mca_channels	1024.000000	no:	gap_time	0.400000	m-sec	trigger_peaking_time	0.150000	m-sec	GAINDAC	9455		HIGHGAIN	1		TAURC	0		RCTAU	53		RCTAUFRAC	32768		livetime	9.644626	seconds	runtime	10.000502	seconds	input_count_rate	33.014760	cps	output_count_rate	24.226383	cps	triggers	318415	seconds	events_in_run	242276	seconds	channel	content		1.000	0.000
2.000	0.000
3.000	0.000
4.000	0.000
5.000	0.000
6.000	0.000
7.000	0.000
8.000	0.000
9.000	0.000
10.000	0.000
11.000	0.000
12.000	0.000
13.000	0.000
14.000	0.000
15.000	0.000
16.000	0.000
17.000	0.000
18.000	0.000
19.000	0.000
20.000	0.000
21.000	0.000
22.000	0.000
23.000	0.000
24.000	0.000
25.000	0.000
26.000	0.000
27.000	0.000
28.000	0.000
29.000	0.000
30.000	0.000
31.000	1.000
32.000	0.000
33.000	0.000
34.000	0.000
35.000	0.000
36.000	1.000
37.000	0.000
38.000	4.000
39.000	2.000
40.000	0.000
41.000	6.000
42.000	4.000
43.000	1.000
44.000	7.000
45.000	3.000
46.000	2.000
47.000	3.000
48.000	8.000
49.000	11.000
50.000	12.000
51.000	7.000
52.000	10.000
53.000	8.000
54.000	12.000
55.000	12.000
56.000	10.000
57.000	9.000
58.000	8.000
59.000	6.000
60.000	18.000
61.000	8.000
62.000	8.000
63.000	13.000
64.000	11.000
65.000	14.000
66.000	12.000
67.000	6.000
68.000	10.000
69.000	5.000
70.000	8.000
71.000	11.000
72.000	10.000
73.000	7.000
74.000	11.000
75.000	6.000
76.000	10.000
77.000	9.000
78.000	9.000
79.000	6.000
80.000	16.000
81.000	9.000
82.000	8.000
83.000	8.000
84.000	10.000
85.000	9.000
86.000	7.000
87.000	8.000
88.000	7.000
89.000	11.000
90.000	6.000
91.000	8.000
92.000	12.000
93.000	9.000
94.000	10.000
95.000	15.000
96.000	16.000
97.000	14.000
98.000	9.000
99.000	11.000
100.000	8.000
101.000	10.000
102.000	9.000
103.000	12.000
104.000	8.000
105.000	6.000
106.000	6.000
107.000	13.000
108.000	9.000
109.000	4.000
110.000	7.000
111.000	7.000
112.000	8.000
113.000	7.000
114.000	6.000
115.000	6.000
116.000	6.000
117.000	11.000
118.000	1.000
119.000	9.000
120.000	7.000
121.000	9.000
122.000	9.000
123.000	12.000
124.000	11.000
125.000	12.000
126.000	9.000
127.000	9.000
128.000	16.000
129.000	14.000
130.000	11.000
131.000	10.000
132.000	4.000
133.000	6.000
134.000	5.000
135.000	8.000
136.000	6.000
137.000	7.000
138.000	5.000
139.000	10.000
140.000	11.000
141.000	3.000
142.000	5.000
143.000	5.000
144.000	4.000
145.000	7.000
146.000	7.000
147.000	4.000
148.000	5.000
149.000	6.000
150.000	7.000
151.000	7.000
152.000	4.000
153.000	5.000
154.000	6.000
155.000	3.000
156.000	4.000
157.000	6.000
158.000	3.000
159.000	5.000
160.000	9.000
161.000	2.000
162.000	11.000
163.000	11.000
164.000	9.000
165.000	10.000
166.000	2.000
167.000	7.000
168.000	7.000
169.000	6.000
170.000	3.000
171.000	6.000
172.000	3.000
173.000	3.000
174.000	4.000
175.000	7.000
176.000	4.000
177.000	10.000
178.000	4.000
179.000	4.000
180.000	4.000
181.000	14.000
182.000	8.000
183.000	6.000
184.000	10.000
185.000	6.000
186.000	4.000
187.000	3.000
188.000	2.000
189.000	4.000
190.000	6.000
191.000	3.000
192.000	2.000
193.000	1.000
194.000	6.000
195.000	7.000
196.000	8.000
197.000	5.000
198.000	13.000
199.000	17.000
200.000	22.000
201.000	24.000
202.000	26.000
203.000	36.000
204.000	26.000
205.000	18.000
206.000	19.000
207.000	11.000
208.000	7.000
209.000	7.000
210.000	3.000
211.000	6.000
212.000	6.000
213.000	3.000
214.000	6.000
215.000	4.000
216.000	4.000
217.000	6.000
218.000	3.000
219.000	5.000
220.000	6.000
221.000	4.000
222.000	7.000
223.000	1.000
224.000	7.000
225.000	1.000
226.000	3.000
227.000	5.000
228.000	5.000
229.000	2.000
230.000	2.000
231.000	2.000
232.000	5.000
233.000	5.000
234.000	2.000
235.000	0.000
236.000	3.000
237.000	5.000
238.000	4.000
239.000	3.000
240.000	8.000
241.000	3.000
242.000	7.000
243.000	4.000
244.000	6.000
245.000	12.000
246.000	10.000
247.000	14.000
248.000	9.000
249.000	11.000
250.000	11.000
251.000	7.000
252.000	6.000
253.000	8.000
254.000	9.000
255.000	12.000
256.000	9.000
257.000	7.000
258.000	9.000
259.000	4.000
260.000	7.000
261.000	7.000
262.000	5.000
263.000	6.000
264.000	3.000
265.000	3.000
266.000	3.000
267.000	12.000
268.000	4.000
269.000	5.000
270.000	5.000
271.000	8.000
272.000	6.000
273.000	4.000
274.000	8.000
275.000	7.000
276.000	5.000
277.000	7.000
278.000	9.000
279.000	10.000
280.000	2.000
281.000	9.000
282.000	7.000
283.000	13.000
284.000	6.000
285.000	7.000
286.000	6.000
287.000	8.000
288.000	7.000
289.000	6.000
290.000	3.000
291.000	10.000
292.000	5.000
293.000	7.000
294.000	5.000
295.000	7.000
296.000	12.000
297.000	12.000
298.000	9.000
299.000	9.000
300.000	9.000
301.000	8.000
302.000	2.000
303.000	4.000
304.000	6.000
305.000	8.000
306.000	6.000
307.000	4.000
308.000	6.000
309.000	9.000
310.000	6.000
311.000	5.000
312.000	9.000
313.000	14.000
314.000	8.000
315.000	7.000
316.000	14.000
317.000	14.000
318.000	22.000
319.000	28.000
320.000	32.000
321.000	41.000
322.000	47.000
323.000	51.000
324.000	52.000
325.000	49.000
326.000	43.000
327.000	37.000
328.000	29.000
329.000	19.000
330.000	9.000
331.000	12.000
332.000	16.000
333.000	20.000
334.000	6.000
335.000	9.000
336.000	11.000
337.000	12.000
338.000	18.000
339.000	22.000
340.000	29.000
341.000	50.000
342.000	49.000
343.000	101.000
344.000	126.000
345.000	241.000
346.000	346.000
347.000	464.000
348.000	559.000
349.000	681.000
350.000	736.000
351.000	751.000
352.000	712.000
353.000	583.000
354.000	504.000
355.000	321.000
356.000	249.000
357.000	176.000
358.000	104.000
359.000	46.000
360.000	36.000
361.000	27.000
362.000	22.000
363.000	18.000
364.000	22.000
365.000	17.000
366.000	18.000
367.000	16.000
368.000	14.000
369.000	20.000
370.000	9.000
371.000	17.000
372.000	19.000
373.000	25.000
374.000	22.000
375.000	22.000
376.000	24.000
377.000	30.000
378.000	33.000
379.000	25.000
380.000	45.000
381.000	59.000
382.000	83.000
383.000	113.000
384.000	140.000
385.000	127.000
386.000	145.000
387.000	151.000
388.000	122.000
389.000	127.000
390.000	115.000
391.000	76.000
392.000	53.000
393.000	48.000
394.000	33.000
395.000	32.000
396.000	12.000
397.000	20.000
398.000	14.000
399.000	24.000
400.000	21.000
401.000	24.000
402.000	12.000
403.000	15.000
404.000	25.000
405.000	33.000
406.000	30.000
407.000	27.000
408.000	23.000
409.000	34.000
410.000	32.000
411.000	26.000
412.000	26.000
413.000	33.000
414.000	27.000
415.000	32.000
416.000	35.000
417.000	33.000
418.000	24.000
419.000	23.000
420.000	35.000
421.000	41.000
422.000	37.000
423.000	31.000
424.000	28.000
425.000	31.000
426.000	29.000
427.000	31.000
428.000	26.000
429.000	26.000
430.000	35.000
431.000	30.000
432.000	39.000
433.000	29.000
434.000	38.000
435.000	49.000
436.000	43.000
437.000	38.000
438.000	26.000
439.000	38.000
440.000	36.000
441.000	38.000
442.000	47.000
443.000	43.000
444.000	42.000
445.000	38.000
446.000	41.000
447.000	37.000
448.000	54.000
449.000	41.000
450.000	41.000
451.000	36.000
452.000	41.000
453.000	43.000
454.000	57.000
455.000	54.000
456.000	39.000
457.000	39.000
458.000	51.000
459.000	39.000
460.000	51.000
461.000	40.000
462.000	45.000
463.000	44.000
464.000	50.000
465.000	51.000
466.000	47.000
467.000	53.000
468.000	51.000
469.000	58.000
470.000	49.000
471.000	69.000
472.000	67.000
473.000	61.000
474.000	63.000
475.000	62.000
476.000	50.000
477.000	53.000
478.000	51.000
479.000	53.000
480.000	60.000
481.000	72.000
482.000	50.000
483.000	60.000
484.000	68.000
485.000	66.000
486.000	60.000
487.000	73.000
488.000	62.000
489.000	60.000
490.000	67.000
491.000	57.000
492.000	59.000
493.000	69.000
494.000	84.000
495.000	80.000
496.000	70.000
497.000	66.000
498.000	61.000
499.000	73.000
500.000	83.000
501.000	72.000
502.000	57.000
503.000	78.000
504.000	66.000
505.000	88.000
506.000	83.000
507.000	79.000
508.000	96.000
509.000	67.000
510.000	89.000
511.000	91.000
512.000	74.000
513.000	99.000
514.000	101.000
515.000	86.000
516.000	80.000
517.000	77.000
518.000	95.000
519.000	91.000
520.000	75.000
521.000	86.000
522.000	95.000
523.000	72.000
524.000	103.000
525.000	99.000
526.000	94.000
527.000	87.000
528.000	110.000
529.000	88.000
530.000	102.000
531.000	100.000
532.000	85.000
533.000	110.000
534.000	87.000
535.000	80.000
536.000	92.000
537.000	93.000
538.000	87.000
539.000	91.000
540.000	88.000
541.000	121.000
542.000	107.000
543.000	105.000
544.000	106.000
545.000	118.000
546.000	115.000
547.000	100.000
548.000	94.000
549.000	115.000
550.000	117.000
551.000	117.000
552.000	111.000
553.000	133.000
554.000	107.000
555.000	95.000
556.000	117.000
557.000	104.000
558.000	106.000
559.000	106.000
560.000	117.000
561.000	119.000
562.000	113.000
563.000	135.000
564.000	112.000
565.000	120.000
566.000	124.000
567.000	109.000
568.000	117.000
569.000	133.000
570.000	113.000
571.000	130.000
572.000	138.000
573.000	129.000
574.000	138.000
575.000	134.000
576.000	126.000
577.000	141.000
578.000	157.000
579.000	134.000
580.000	149.000
581.000	129.000
582.000	122.000
583.000	145.000
584.000	139.000
585.000	145.000
586.000	144.000
587.000	138.000
588.000	150.000
589.000	133.000
590.000	165.000
591.000	167.000
592.000	166.000
593.000	144.000
594.000	129.000
595.000	145.000
596.000	172.000
597.000	158.000
598.000	152.000
599.000	139.000
600.000	171.000
601.000	189.000
602.000	154.000
603.000	169.000
604.000	171.000
605.000	158.000
606.000	175.000
607.000	183.000
608.000	157.000
609.000	145.000
610.000	148.000
611.000	168.000
612.000	162.000
613.000	191.000
614.000	164.000
615.000	169.000
616.000	204.000
617.000	168.000
618.000	172.000
619.000	168.000
620.000	169.000
621.000	187.000
622.000	175.000
623.000	152.000
624.000	171.000
625.000	174.000
626.000	183.000
627.000	180.000
628.000	181.000
629.000	198.000
630.000	189.000
631.000	172.000
632.000	201.000
633.000	166.000
634.000	166.000
635.000	183.000
636.000	189.000
637.000	189.000
638.000	189.000
639.000	201.000
640.000	200.000
641.000	215.000
642.000	182.000
643.000	193.000
644.000	193.000
645.000	212.000
646.000	186.000
647.000	229.000
648.000	237.000
649.000	254.000
650.000	246.000
651.000	212.000
652.000	223.000
653.000	238.000
654.000	231.000
655.000	194.000
656.000	247.000
657.000	205.000
658.000	199.000
659.000	205.000
660.000	230.000
661.000	233.000
662.000	185.000
663.000	204.000
664.000	216.000
665.000	216.000
666.000	231.000
667.000	213.000
668.000	216.000
669.000	249.000
670.000	241.000
671.000	225.000
672.000	199.000
673.000	238.000
674.000	241.000
675.000	208.000
676.000	213.000
677.000	222.000
678.000	232.000
679.000	220.000
680.000	246.000
681.000	238.000
682.000	229.000
683.000	228.000
684.000	241.000
685.000	228.000
686.000	218.000
687.000	239.000
688.000	222.000
689.000	233.000
690.000	268.000
691.000	239.000
692.000	250.000
693.000	238.000
694.000	253.000
695.000	251.000
696.000	275.000
697.000	251.000
698.000	244.000
699.000	253.000
700.000	222.000
701.000	261.000
702.000	236.000
703.000	264.000
704.000	270.000
705.000	251.000
706.000	281.000
707.000	263.000
708.000	286.000
709.000	242.000
710.000	237.000
711.000	263.000
712.000	289.000
713.000	278.000
714.000	265.000
715.000	259.000
716.000	266.000
717.000	280.000
718.000	266.000
719.000	274.000
720.000	276.000
721.000	282.000
722.000	294.000
723.000	242.000
724.000	276.000
725.000	266.000
726.000	280.000
727.000	289.000
728.000	273.000
729.000	274.000
730.000	282.000
731.000	266.000
732.000	278.000
733.000	316.000
734.000	282.000
735.000	270.000
736.000	278.000
737.000	276.000
738.000	278.000
739.000	269.000
740.000	290.000
741.000	285.000
742.000	285.000
743.000	287.000
744.000	310.000
745.000	283.000
746.000	268.000
747.000	318.000
748.000	292.000
749.000	319.000
750.000	279.000
751.000	319.000
752.000	309.000
753.000	302.000
754.000	288.000
755.000	286.000
756.000	297.000
757.000	275.000
758.000	285.000
759.000	295.000
760.000	291.000
761.000	315.000
762.000	322.000
763.000	328.000
764.000	294.000
765.000	292.000
766.000	291.000
767.000	322.000
768.000	316.000
769.000	327.000
770.000	322.000
771.000	336.000
772.000	312.000
773.000	348.000
774.000	290.000
775.000	333.000
776.000	356.000
777.000	343.000
778.000	336.000
779.000	323.000
780.000	316.000
781.000	314.000
782.000	321.000
783.000	309.000
784.000	350.000
785.000	275.000
786.000	329.000
787.000	325.000
788.000	322.000
789.000	309.000
790.000	313.000
791.000	326.000
792.000	307.000
793.000	314.000
794.000	317.000
795.000	316.000
796.000	324.000
797.000	312.000
798.000	311.000
799.000	351.000
800.000	317.000
801.000	297.000
802.000	311.000
803.000	321.000
804.000	306.000
805.000	325.000
806.000	340.000
807.000	319.000
808.000	349.000
809.000	294.000
810.000	298.000
811.000	337.000
812.000	323.000
813.000	296.000
814.000	318.000
815.000	307.000
816.000	327.000
817.000	335.000
818.000	346.000
819.000	344.000
820.000	334.000
821.000	343.000
822.000	345.000
823.000	320.000
824.000	338.000
825.000	352.000
826.000	338.000
827.000	326.000
828.000	346.000
829.000	360.000
830.000	340.000
831.000	322.000
832.000	323.000
833.000	339.000
834.000	343.000
835.000	321.000
836.000	346.000
837.000	338.000
838.000	342.000
839.000	347.000
840.000	353.000
841.000	375.000
842.000	356.000
843.000	354.000
844.000	355.000
845.000	387.000
846.000	348.000
847.000	354.000
848.000	410.000
849.000	368.000
850.000	356.000
851.000	392.000
852.000	364.000
853.000	373.000
854.000	378.000
855.000	389.000
856.000	393.000
857.000	405.000
858.000	403.000
859.000	431.000
860.000	417.000
861.000	415.000
862.000	433.000
863.000	436.000
864.000	439.000
865.000	457.000
866.000	506.000
867.000	493.000
868.000	467.000
869.000	537.000
870.000	505.000
871.000	496.000
872.000	493.000
873.000	535.000
874.000	546.000
875.000	540.000
876.000	632.000
877.000	642.000
878.000	634.000
879.000	676.000
880.000	663.000
881.000	717.000
882.000	776.000
883.000	815.000
884.000	881.000
885.000	935.000
886.000	1023.000
887.000	1088.000
888.000	1069.000
889.000	1209.000
890.000	1263.000
891.000	1328.000
892.000	1419.000
893.000	1404.000
894.000	1502.000
895.000	1549.000
896.000	1641.000
897.000	1585.000
898.000	1700.000
899.000	1614.000
900.000	1638.000
901.000	1637.000
902.000	1616.000
903.000	1661.000
904.000	1578.000
905.000	1550.000
906.000	1463.000
907.000	1441.000
908.000	1444.000
909.000	1318.000
910.000	1312.000
911.000	1217.000
912.000	1183.000
913.000	1175.000
914.000	1000.000
915.000	996.000
916.000	909.000
917.000	832.000
918.000	782.000
919.000	749.000
920.000	688.000
921.000	689.000
922.000	652.000
923.000	581.000
924.000	589.000
925.000	571.000
926.000	512.000
927.000	514.000
928.000	478.000
929.000	442.000
930.000	433.000
931.000	419.000
932.000	418.000
933.000	409.000
934.000	406.000
935.000	402.000
936.000	368.000
937.000	378.000
938.000	382.000
939.000	363.000
940.000	391.000
941.000	416.000
942.000	451.000
943.000	480.000
944.000	567.000
945.000	581.000
946.000	575.000
947.000	645.000
948.000	737.000
949.000	725.000
950.000	792.000
951.000	820.000
952.000	872.000
953.000	839.000
954.000	865.000
955.000	885.000
956.000	771.000
957.000	780.000
958.000	708.000
959.000	612.000
960.000	607.000
961.000	530.000
962.000	479.000
963.000	433.000
964.000	368.000
965.000	361.000
966.000	374.000
967.000	343.000
968.000	311.000
969.000	304.000
970.000	329.000
971.000	350.000
972.000	327.000
973.000	321.000
974.000	301.000
975.000	304.000
976.000	299.000
977.000	316.000
978.000	316.000
979.000	319.000
980.000	312.000
981.000	320.000
982.000	324.000
983.000	321.000
984.000	340.000
985.000	351.000
986.000	337.000
987.000	363.000
988.000	424.000
989.000	404.000
990.000	380.000
991.000	381.000
992.000	384.000
993.000	395.000
994.000	385.000
995.000	434.000
996.000	472.000
997.000	428.000
998.000	410.000
999.000	447.000
1000.000	441.000
1001.000	449.000
1002.000	496.000
1003.000	451.000
1004.000	506.000
1005.000	506.000
1006.000	477.000
1007.000	456.000
1008.000	463.000
1009.000	439.000
1010.000	414.000
1011.000	445.000
1012.000	413.000
1013.000	405.000
1014.000	417.000
1015.000	434.000
1016.000	387.000
1017.000	373.000
1018.000	359.000
1019.000	349.000
1020.000	332.000
1021.000	334.000
1022.000	334.000
1023.000	317.000
1024.000	275.000
