Date:	8/19/2008		Time:	9:19 AM		Version no:	0.00		Project name:	55		Sample name:	222		Section name:	section		Position	462.039995	mm	E0	0.000000	keV	E1	1.000000	keV/channel	sample surface	7.676643	cm	Tube anode:	Mo		Tube voltage:	30	kV	Tube current:	50	mA	gain	20		std. database			resultfile	result		matrix element	11		sample thickness	1.000000		air passage	0.560000	cm	comments	not in position		peaking_time	3.000000	m-sec	trigger_threshold	1229.166667	V	mca_bin_width	22.090000	no:	number_mca_channels	1024.000000	no:	gap_time	0.400000	m-sec	trigger_peaking_time	0.150000	m-sec	GAINDAC	9455		HIGHGAIN	1		TAURC	0		RCTAU	53		RCTAUFRAC	32768		livetime	9.704886	seconds	runtime	10.000503	seconds	input_count_rate	28.162617	cps	output_count_rate	21.540716	cps	triggers	273315	seconds	events_in_run	215418	seconds	channel	content		1.000	0.000
2.000	0.000
3.000	0.000
4.000	0.000
5.000	0.000
6.000	0.000
7.000	0.000
8.000	0.000
9.000	0.000
10.000	0.000
11.000	0.000
12.000	0.000
13.000	0.000
14.000	0.000
15.000	0.000
16.000	0.000
17.000	0.000
18.000	0.000
19.000	0.000
20.000	0.000
21.000	0.000
22.000	0.000
23.000	0.000
24.000	0.000
25.000	0.000
26.000	0.000
27.000	0.000
28.000	0.000
29.000	0.000
30.000	0.000
31.000	0.000
32.000	0.000
33.000	0.000
34.000	1.000
35.000	0.000
36.000	2.000
37.000	3.000
38.000	3.000
39.000	2.000
40.000	3.000
41.000	2.000
42.000	5.000
43.000	2.000
44.000	2.000
45.000	5.000
46.000	3.000
47.000	7.000
48.000	4.000
49.000	9.000
50.000	7.000
51.000	7.000
52.000	14.000
53.000	11.000
54.000	11.000
55.000	8.000
56.000	7.000
57.000	6.000
58.000	9.000
59.000	14.000
60.000	12.000
61.000	6.000
62.000	11.000
63.000	9.000
64.000	13.000
65.000	13.000
66.000	17.000
67.000	10.000
68.000	8.000
69.000	8.000
70.000	10.000
71.000	7.000
72.000	7.000
73.000	8.000
74.000	15.000
75.000	4.000
76.000	5.000
77.000	8.000
78.000	12.000
79.000	3.000
80.000	10.000
81.000	5.000
82.000	9.000
83.000	4.000
84.000	12.000
85.000	8.000
86.000	6.000
87.000	9.000
88.000	8.000
89.000	10.000
90.000	7.000
91.000	4.000
92.000	10.000
93.000	9.000
94.000	6.000
95.000	11.000
96.000	7.000
97.000	10.000
98.000	8.000
99.000	11.000
100.000	11.000
101.000	6.000
102.000	6.000
103.000	18.000
104.000	7.000
105.000	6.000
106.000	4.000
107.000	6.000
108.000	6.000
109.000	5.000
110.000	9.000
111.000	6.000
112.000	7.000
113.000	7.000
114.000	11.000
115.000	9.000
116.000	5.000
117.000	7.000
118.000	10.000
119.000	7.000
120.000	7.000
121.000	7.000
122.000	8.000
123.000	13.000
124.000	4.000
125.000	7.000
126.000	15.000
127.000	6.000
128.000	12.000
129.000	7.000
130.000	11.000
131.000	14.000
132.000	4.000
133.000	7.000
134.000	7.000
135.000	11.000
136.000	6.000
137.000	8.000
138.000	8.000
139.000	8.000
140.000	5.000
141.000	3.000
142.000	4.000
143.000	8.000
144.000	10.000
145.000	7.000
146.000	3.000
147.000	0.000
148.000	10.000
149.000	3.000
150.000	1.000
151.000	3.000
152.000	2.000
153.000	6.000
154.000	4.000
155.000	4.000
156.000	7.000
157.000	5.000
158.000	7.000
159.000	7.000
160.000	8.000
161.000	13.000
162.000	12.000
163.000	8.000
164.000	3.000
165.000	11.000
166.000	7.000
167.000	8.000
168.000	7.000
169.000	4.000
170.000	4.000
171.000	6.000
172.000	3.000
173.000	4.000
174.000	3.000
175.000	3.000
176.000	9.000
177.000	6.000
178.000	5.000
179.000	3.000
180.000	9.000
181.000	6.000
182.000	3.000
183.000	10.000
184.000	7.000
185.000	6.000
186.000	3.000
187.000	3.000
188.000	4.000
189.000	4.000
190.000	4.000
191.000	4.000
192.000	3.000
193.000	3.000
194.000	2.000
195.000	3.000
196.000	3.000
197.000	8.000
198.000	7.000
199.000	16.000
200.000	11.000
201.000	13.000
202.000	20.000
203.000	20.000
204.000	13.000
205.000	20.000
206.000	11.000
207.000	6.000
208.000	6.000
209.000	3.000
210.000	3.000
211.000	6.000
212.000	4.000
213.000	5.000
214.000	2.000
215.000	5.000
216.000	3.000
217.000	1.000
218.000	3.000
219.000	3.000
220.000	3.000
221.000	3.000
222.000	2.000
223.000	6.000
224.000	8.000
225.000	2.000
226.000	2.000
227.000	5.000
228.000	1.000
229.000	3.000
230.000	7.000
231.000	4.000
232.000	0.000
233.000	0.000
234.000	0.000
235.000	2.000
236.000	4.000
237.000	1.000
238.000	0.000
239.000	1.000
240.000	2.000
241.000	9.000
242.000	4.000
243.000	5.000
244.000	10.000
245.000	8.000
246.000	10.000
247.000	15.000
248.000	10.000
249.000	9.000
250.000	14.000
251.000	3.000
252.000	7.000
253.000	9.000
254.000	4.000
255.000	10.000
256.000	12.000
257.000	7.000
258.000	1.000
259.000	5.000
260.000	7.000
261.000	7.000
262.000	3.000
263.000	2.000
264.000	8.000
265.000	4.000
266.000	4.000
267.000	5.000
268.000	5.000
269.000	4.000
270.000	4.000
271.000	4.000
272.000	2.000
273.000	5.000
274.000	3.000
275.000	5.000
276.000	1.000
277.000	3.000
278.000	3.000
279.000	0.000
280.000	1.000
281.000	2.000
282.000	5.000
283.000	6.000
284.000	8.000
285.000	8.000
286.000	5.000
287.000	6.000
288.000	8.000
289.000	6.000
290.000	6.000
291.000	8.000
292.000	2.000
293.000	3.000
294.000	7.000
295.000	8.000
296.000	10.000
297.000	6.000
298.000	10.000
299.000	4.000
300.000	3.000
301.000	7.000
302.000	9.000
303.000	4.000
304.000	8.000
305.000	3.000
306.000	4.000
307.000	5.000
308.000	7.000
309.000	10.000
310.000	4.000
311.000	11.000
312.000	10.000
313.000	5.000
314.000	8.000
315.000	12.000
316.000	10.000
317.000	9.000
318.000	27.000
319.000	27.000
320.000	35.000
321.000	42.000
322.000	39.000
323.000	32.000
324.000	39.000
325.000	46.000
326.000	34.000
327.000	23.000
328.000	24.000
329.000	12.000
330.000	6.000
331.000	9.000
332.000	11.000
333.000	10.000
334.000	12.000
335.000	14.000
336.000	10.000
337.000	18.000
338.000	15.000
339.000	10.000
340.000	28.000
341.000	31.000
342.000	58.000
343.000	102.000
344.000	168.000
345.000	236.000
346.000	345.000
347.000	481.000
348.000	644.000
349.000	727.000
350.000	797.000
351.000	754.000
352.000	738.000
353.000	645.000
354.000	493.000
355.000	326.000
356.000	261.000
357.000	176.000
358.000	102.000
359.000	64.000
360.000	46.000
361.000	18.000
362.000	23.000
363.000	16.000
364.000	11.000
365.000	13.000
366.000	15.000
367.000	12.000
368.000	13.000
369.000	12.000
370.000	16.000
371.000	20.000
372.000	16.000
373.000	16.000
374.000	21.000
375.000	18.000
376.000	14.000
377.000	20.000
378.000	28.000
379.000	45.000
380.000	38.000
381.000	65.000
382.000	81.000
383.000	101.000
384.000	127.000
385.000	150.000
386.000	133.000
387.000	163.000
388.000	161.000
389.000	121.000
390.000	95.000
391.000	90.000
392.000	58.000
393.000	46.000
394.000	27.000
395.000	23.000
396.000	20.000
397.000	22.000
398.000	13.000
399.000	16.000
400.000	21.000
401.000	20.000
402.000	13.000
403.000	19.000
404.000	13.000
405.000	31.000
406.000	14.000
407.000	19.000
408.000	16.000
409.000	25.000
410.000	20.000
411.000	20.000
412.000	19.000
413.000	19.000
414.000	23.000
415.000	24.000
416.000	22.000
417.000	18.000
418.000	22.000
419.000	22.000
420.000	13.000
421.000	16.000
422.000	26.000
423.000	24.000
424.000	28.000
425.000	18.000
426.000	22.000
427.000	18.000
428.000	26.000
429.000	26.000
430.000	30.000
431.000	22.000
432.000	30.000
433.000	21.000
434.000	21.000
435.000	27.000
436.000	24.000
437.000	27.000
438.000	37.000
439.000	38.000
440.000	31.000
441.000	34.000
442.000	27.000
443.000	23.000
444.000	37.000
445.000	25.000
446.000	32.000
447.000	33.000
448.000	25.000
449.000	36.000
450.000	29.000
451.000	35.000
452.000	32.000
453.000	29.000
454.000	33.000
455.000	51.000
456.000	43.000
457.000	31.000
458.000	41.000
459.000	50.000
460.000	40.000
461.000	41.000
462.000	43.000
463.000	34.000
464.000	31.000
465.000	40.000
466.000	41.000
467.000	43.000
468.000	36.000
469.000	30.000
470.000	53.000
471.000	49.000
472.000	40.000
473.000	36.000
474.000	47.000
475.000	40.000
476.000	49.000
477.000	43.000
478.000	46.000
479.000	45.000
480.000	42.000
481.000	52.000
482.000	45.000
483.000	42.000
484.000	40.000
485.000	36.000
486.000	42.000
487.000	45.000
488.000	46.000
489.000	48.000
490.000	55.000
491.000	48.000
492.000	45.000
493.000	40.000
494.000	51.000
495.000	40.000
496.000	37.000
497.000	59.000
498.000	58.000
499.000	57.000
500.000	47.000
501.000	49.000
502.000	43.000
503.000	76.000
504.000	56.000
505.000	60.000
506.000	58.000
507.000	55.000
508.000	53.000
509.000	60.000
510.000	66.000
511.000	57.000
512.000	67.000
513.000	68.000
514.000	58.000
515.000	55.000
516.000	61.000
517.000	59.000
518.000	78.000
519.000	50.000
520.000	80.000
521.000	58.000
522.000	68.000
523.000	63.000
524.000	53.000
525.000	66.000
526.000	55.000
527.000	69.000
528.000	66.000
529.000	77.000
530.000	79.000
531.000	65.000
532.000	79.000
533.000	75.000
534.000	61.000
535.000	59.000
536.000	62.000
537.000	70.000
538.000	82.000
539.000	74.000
540.000	69.000
541.000	81.000
542.000	69.000
543.000	80.000
544.000	73.000
545.000	77.000
546.000	68.000
547.000	79.000
548.000	83.000
549.000	81.000
550.000	90.000
551.000	64.000
552.000	76.000
553.000	83.000
554.000	92.000
555.000	96.000
556.000	85.000
557.000	86.000
558.000	84.000
559.000	77.000
560.000	73.000
561.000	86.000
562.000	77.000
563.000	86.000
564.000	77.000
565.000	110.000
566.000	89.000
567.000	91.000
568.000	93.000
569.000	81.000
570.000	99.000
571.000	90.000
572.000	113.000
573.000	117.000
574.000	85.000
575.000	93.000
576.000	97.000
577.000	103.000
578.000	120.000
579.000	127.000
580.000	110.000
581.000	120.000
582.000	111.000
583.000	98.000
584.000	111.000
585.000	100.000
586.000	118.000
587.000	106.000
588.000	107.000
589.000	88.000
590.000	98.000
591.000	123.000
592.000	126.000
593.000	117.000
594.000	104.000
595.000	115.000
596.000	103.000
597.000	110.000
598.000	117.000
599.000	137.000
600.000	111.000
601.000	113.000
602.000	116.000
603.000	108.000
604.000	129.000
605.000	117.000
606.000	122.000
607.000	133.000
608.000	121.000
609.000	117.000
610.000	139.000
611.000	137.000
612.000	134.000
613.000	137.000
614.000	151.000
615.000	144.000
616.000	116.000
617.000	140.000
618.000	124.000
619.000	132.000
620.000	150.000
621.000	133.000
622.000	130.000
623.000	138.000
624.000	128.000
625.000	151.000
626.000	132.000
627.000	147.000
628.000	157.000
629.000	137.000
630.000	168.000
631.000	132.000
632.000	132.000
633.000	150.000
634.000	147.000
635.000	160.000
636.000	164.000
637.000	129.000
638.000	131.000
639.000	148.000
640.000	146.000
641.000	180.000
642.000	158.000
643.000	167.000
644.000	165.000
645.000	138.000
646.000	174.000
647.000	158.000
648.000	162.000
649.000	164.000
650.000	177.000
651.000	188.000
652.000	160.000
653.000	184.000
654.000	168.000
655.000	165.000
656.000	159.000
657.000	194.000
658.000	159.000
659.000	178.000
660.000	178.000
661.000	160.000
662.000	167.000
663.000	167.000
664.000	182.000
665.000	167.000
666.000	190.000
667.000	165.000
668.000	163.000
669.000	185.000
670.000	185.000
671.000	198.000
672.000	185.000
673.000	195.000
674.000	192.000
675.000	177.000
676.000	172.000
677.000	197.000
678.000	195.000
679.000	190.000
680.000	172.000
681.000	190.000
682.000	183.000
683.000	183.000
684.000	198.000
685.000	200.000
686.000	195.000
687.000	201.000
688.000	221.000
689.000	185.000
690.000	206.000
691.000	198.000
692.000	210.000
693.000	205.000
694.000	208.000
695.000	198.000
696.000	200.000
697.000	190.000
698.000	188.000
699.000	208.000
700.000	202.000
701.000	180.000
702.000	188.000
703.000	215.000
704.000	201.000
705.000	204.000
706.000	228.000
707.000	200.000
708.000	239.000
709.000	189.000
710.000	223.000
711.000	199.000
712.000	218.000
713.000	222.000
714.000	215.000
715.000	242.000
716.000	210.000
717.000	228.000
718.000	208.000
719.000	229.000
720.000	250.000
721.000	225.000
722.000	227.000
723.000	233.000
724.000	191.000
725.000	209.000
726.000	236.000
727.000	225.000
728.000	233.000
729.000	238.000
730.000	215.000
731.000	217.000
732.000	230.000
733.000	230.000
734.000	233.000
735.000	221.000
736.000	227.000
737.000	223.000
738.000	224.000
739.000	244.000
740.000	216.000
741.000	240.000
742.000	246.000
743.000	231.000
744.000	249.000
745.000	256.000
746.000	232.000
747.000	226.000
748.000	237.000
749.000	257.000
750.000	220.000
751.000	222.000
752.000	212.000
753.000	224.000
754.000	245.000
755.000	273.000
756.000	239.000
757.000	246.000
758.000	255.000
759.000	250.000
760.000	243.000
761.000	224.000
762.000	264.000
763.000	283.000
764.000	255.000
765.000	225.000
766.000	288.000
767.000	282.000
768.000	256.000
769.000	240.000
770.000	270.000
771.000	279.000
772.000	310.000
773.000	282.000
774.000	296.000
775.000	285.000
776.000	268.000
777.000	283.000
778.000	268.000
779.000	255.000
780.000	277.000
781.000	269.000
782.000	287.000
783.000	253.000
784.000	270.000
785.000	269.000
786.000	256.000
787.000	252.000
788.000	252.000
789.000	270.000
790.000	254.000
791.000	252.000
792.000	254.000
793.000	289.000
794.000	259.000
795.000	239.000
796.000	247.000
797.000	275.000
798.000	248.000
799.000	259.000
800.000	262.000
801.000	292.000
802.000	284.000
803.000	291.000
804.000	262.000
805.000	271.000
806.000	290.000
807.000	287.000
808.000	302.000
809.000	277.000
810.000	291.000
811.000	273.000
812.000	301.000
813.000	275.000
814.000	313.000
815.000	305.000
816.000	251.000
817.000	282.000
818.000	314.000
819.000	297.000
820.000	276.000
821.000	342.000
822.000	302.000
823.000	318.000
824.000	303.000
825.000	323.000
826.000	303.000
827.000	308.000
828.000	301.000
829.000	306.000
830.000	316.000
831.000	328.000
832.000	312.000
833.000	299.000
834.000	298.000
835.000	338.000
836.000	313.000
837.000	307.000
838.000	281.000
839.000	311.000
840.000	290.000
841.000	308.000
842.000	311.000
843.000	296.000
844.000	324.000
845.000	326.000
846.000	334.000
847.000	339.000
848.000	334.000
849.000	336.000
850.000	346.000
851.000	334.000
852.000	356.000
853.000	327.000
854.000	337.000
855.000	343.000
856.000	326.000
857.000	377.000
858.000	353.000
859.000	374.000
860.000	402.000
861.000	384.000
862.000	397.000
863.000	391.000
864.000	380.000
865.000	436.000
866.000	413.000
867.000	419.000
868.000	422.000
869.000	442.000
870.000	446.000
871.000	441.000
872.000	455.000
873.000	473.000
874.000	530.000
875.000	543.000
876.000	551.000
877.000	551.000
878.000	567.000
879.000	601.000
880.000	590.000
881.000	631.000
882.000	706.000
883.000	776.000
884.000	803.000
885.000	931.000
886.000	925.000
887.000	995.000
888.000	1019.000
889.000	1109.000
890.000	1145.000
891.000	1249.000
892.000	1225.000
893.000	1271.000
894.000	1337.000
895.000	1355.000
896.000	1471.000
897.000	1543.000
898.000	1479.000
899.000	1492.000
900.000	1610.000
901.000	1477.000
902.000	1454.000
903.000	1403.000
904.000	1442.000
905.000	1350.000
906.000	1384.000
907.000	1266.000
908.000	1231.000
909.000	1227.000
910.000	1124.000
911.000	1044.000
912.000	1012.000
913.000	984.000
914.000	930.000
915.000	833.000
916.000	846.000
917.000	731.000
918.000	679.000
919.000	691.000
920.000	694.000
921.000	643.000
922.000	509.000
923.000	532.000
924.000	546.000
925.000	493.000
926.000	489.000
927.000	441.000
928.000	457.000
929.000	413.000
930.000	428.000
931.000	394.000
932.000	374.000
933.000	372.000
934.000	342.000
935.000	382.000
936.000	341.000
937.000	390.000
938.000	364.000
939.000	375.000
940.000	350.000
941.000	370.000
942.000	424.000
943.000	448.000
944.000	461.000
945.000	553.000
946.000	573.000
947.000	612.000
948.000	658.000
949.000	668.000
950.000	731.000
951.000	758.000
952.000	828.000
953.000	775.000
954.000	792.000
955.000	788.000
956.000	764.000
957.000	670.000
958.000	660.000
959.000	596.000
960.000	530.000
961.000	539.000
962.000	461.000
963.000	400.000
964.000	396.000
965.000	356.000
966.000	339.000
967.000	306.000
968.000	314.000
969.000	293.000
970.000	295.000
971.000	276.000
972.000	289.000
973.000	250.000
974.000	275.000
975.000	264.000
976.000	275.000
977.000	293.000
978.000	304.000
979.000	326.000
980.000	315.000
981.000	286.000
982.000	290.000
983.000	324.000
984.000	318.000
985.000	313.000
986.000	344.000
987.000	332.000
988.000	356.000
989.000	399.000
990.000	386.000
991.000	372.000
992.000	377.000
993.000	404.000
994.000	409.000
995.000	436.000
996.000	433.000
997.000	453.000
998.000	433.000
999.000	432.000
1000.000	442.000
1001.000	445.000
1002.000	440.000
1003.000	455.000
1004.000	473.000
1005.000	406.000
1006.000	437.000
1007.000	454.000
1008.000	416.000
1009.000	426.000
1010.000	415.000
1011.000	434.000
1012.000	405.000
1013.000	396.000
1014.000	393.000
1015.000	440.000
1016.000	353.000
1017.000	361.000
1018.000	356.000
1019.000	316.000
1020.000	328.000
1021.000	287.000
1022.000	294.000
1023.000	294.000
1024.000	260.000
