Date:	8/19/2008		Time:	8:41 AM		Version no:	0.00		Project name:	55		Sample name:	222		Section name:	section		Position	68.039995	mm	E0	0.000000	keV	E1	1.000000	keV/channel	sample surface	7.577636	cm	Tube anode:	Mo		Tube voltage:	30	kV	Tube current:	50	mA	gain	20		std. database			resultfile	result		matrix element	11		sample thickness	1.000000		air passage	0.560000	cm	comments	not in position		peaking_time	3.000000	m-sec	trigger_threshold	1229.166667	V	mca_bin_width	22.090000	no:	number_mca_channels	1024.000000	no:	gap_time	0.400000	m-sec	trigger_peaking_time	0.150000	m-sec	GAINDAC	9455		HIGHGAIN	1		TAURC	0		RCTAU	53		RCTAUFRAC	32768		livetime	9.698789	seconds	runtime	10.000502	seconds	input_count_rate	28.644401	cps	output_count_rate	21.795407	cps	triggers	277816	seconds	events_in_run	217965	seconds	channel	content		1.000	0.000
2.000	0.000
3.000	0.000
4.000	0.000
5.000	0.000
6.000	0.000
7.000	0.000
8.000	0.000
9.000	0.000
10.000	0.000
11.000	0.000
12.000	0.000
13.000	0.000
14.000	0.000
15.000	0.000
16.000	0.000
17.000	0.000
18.000	0.000
19.000	0.000
20.000	0.000
21.000	0.000
22.000	0.000
23.000	0.000
24.000	0.000
25.000	0.000
26.000	0.000
27.000	0.000
28.000	0.000
29.000	0.000
30.000	0.000
31.000	1.000
32.000	0.000
33.000	0.000
34.000	1.000
35.000	1.000
36.000	1.000
37.000	1.000
38.000	1.000
39.000	4.000
40.000	0.000
41.000	6.000
42.000	2.000
43.000	5.000
44.000	6.000
45.000	6.000
46.000	6.000
47.000	6.000
48.000	3.000
49.000	8.000
50.000	12.000
51.000	10.000
52.000	5.000
53.000	8.000
54.000	11.000
55.000	15.000
56.000	10.000
57.000	10.000
58.000	12.000
59.000	14.000
60.000	7.000
61.000	6.000
62.000	10.000
63.000	8.000
64.000	13.000
65.000	16.000
66.000	10.000
67.000	7.000
68.000	10.000
69.000	7.000
70.000	11.000
71.000	12.000
72.000	11.000
73.000	6.000
74.000	10.000
75.000	11.000
76.000	11.000
77.000	6.000
78.000	12.000
79.000	5.000
80.000	9.000
81.000	11.000
82.000	11.000
83.000	13.000
84.000	11.000
85.000	12.000
86.000	7.000
87.000	7.000
88.000	9.000
89.000	9.000
90.000	9.000
91.000	2.000
92.000	9.000
93.000	10.000
94.000	12.000
95.000	6.000
96.000	5.000
97.000	4.000
98.000	6.000
99.000	8.000
100.000	6.000
101.000	4.000
102.000	8.000
103.000	5.000
104.000	5.000
105.000	9.000
106.000	9.000
107.000	9.000
108.000	4.000
109.000	5.000
110.000	9.000
111.000	10.000
112.000	4.000
113.000	6.000
114.000	3.000
115.000	7.000
116.000	7.000
117.000	3.000
118.000	9.000
119.000	5.000
120.000	5.000
121.000	6.000
122.000	11.000
123.000	11.000
124.000	7.000
125.000	8.000
126.000	7.000
127.000	5.000
128.000	12.000
129.000	9.000
130.000	6.000
131.000	9.000
132.000	7.000
133.000	6.000
134.000	4.000
135.000	5.000
136.000	5.000
137.000	4.000
138.000	7.000
139.000	4.000
140.000	3.000
141.000	3.000
142.000	4.000
143.000	5.000
144.000	3.000
145.000	5.000
146.000	2.000
147.000	3.000
148.000	2.000
149.000	6.000
150.000	4.000
151.000	3.000
152.000	6.000
153.000	3.000
154.000	6.000
155.000	7.000
156.000	3.000
157.000	5.000
158.000	9.000
159.000	8.000
160.000	7.000
161.000	5.000
162.000	7.000
163.000	14.000
164.000	13.000
165.000	5.000
166.000	9.000
167.000	5.000
168.000	5.000
169.000	2.000
170.000	5.000
171.000	3.000
172.000	2.000
173.000	7.000
174.000	8.000
175.000	3.000
176.000	6.000
177.000	1.000
178.000	2.000
179.000	6.000
180.000	5.000
181.000	8.000
182.000	7.000
183.000	21.000
184.000	3.000
185.000	3.000
186.000	0.000
187.000	3.000
188.000	4.000
189.000	4.000
190.000	1.000
191.000	3.000
192.000	8.000
193.000	3.000
194.000	5.000
195.000	10.000
196.000	6.000
197.000	8.000
198.000	10.000
199.000	16.000
200.000	20.000
201.000	20.000
202.000	22.000
203.000	21.000
204.000	23.000
205.000	18.000
206.000	17.000
207.000	11.000
208.000	7.000
209.000	7.000
210.000	5.000
211.000	2.000
212.000	6.000
213.000	4.000
214.000	4.000
215.000	4.000
216.000	2.000
217.000	8.000
218.000	2.000
219.000	5.000
220.000	6.000
221.000	9.000
222.000	7.000
223.000	4.000
224.000	6.000
225.000	5.000
226.000	5.000
227.000	2.000
228.000	2.000
229.000	4.000
230.000	3.000
231.000	4.000
232.000	2.000
233.000	2.000
234.000	1.000
235.000	4.000
236.000	3.000
237.000	1.000
238.000	5.000
239.000	4.000
240.000	4.000
241.000	9.000
242.000	3.000
243.000	7.000
244.000	4.000
245.000	2.000
246.000	13.000
247.000	10.000
248.000	13.000
249.000	9.000
250.000	8.000
251.000	10.000
252.000	3.000
253.000	5.000
254.000	6.000
255.000	4.000
256.000	4.000
257.000	6.000
258.000	7.000
259.000	4.000
260.000	6.000
261.000	0.000
262.000	5.000
263.000	6.000
264.000	4.000
265.000	3.000
266.000	6.000
267.000	7.000
268.000	4.000
269.000	3.000
270.000	2.000
271.000	4.000
272.000	4.000
273.000	8.000
274.000	1.000
275.000	3.000
276.000	4.000
277.000	4.000
278.000	4.000
279.000	5.000
280.000	8.000
281.000	3.000
282.000	7.000
283.000	5.000
284.000	5.000
285.000	5.000
286.000	5.000
287.000	7.000
288.000	5.000
289.000	5.000
290.000	6.000
291.000	11.000
292.000	5.000
293.000	4.000
294.000	8.000
295.000	18.000
296.000	9.000
297.000	10.000
298.000	8.000
299.000	6.000
300.000	7.000
301.000	4.000
302.000	5.000
303.000	11.000
304.000	10.000
305.000	6.000
306.000	7.000
307.000	9.000
308.000	7.000
309.000	8.000
310.000	3.000
311.000	6.000
312.000	7.000
313.000	9.000
314.000	9.000
315.000	6.000
316.000	8.000
317.000	11.000
318.000	18.000
319.000	22.000
320.000	32.000
321.000	39.000
322.000	41.000
323.000	43.000
324.000	38.000
325.000	37.000
326.000	32.000
327.000	24.000
328.000	23.000
329.000	15.000
330.000	14.000
331.000	9.000
332.000	10.000
333.000	7.000
334.000	12.000
335.000	7.000
336.000	7.000
337.000	10.000
338.000	17.000
339.000	17.000
340.000	22.000
341.000	34.000
342.000	38.000
343.000	78.000
344.000	133.000
345.000	215.000
346.000	313.000
347.000	440.000
348.000	585.000
349.000	635.000
350.000	727.000
351.000	743.000
352.000	628.000
353.000	552.000
354.000	484.000
355.000	312.000
356.000	217.000
357.000	172.000
358.000	87.000
359.000	67.000
360.000	30.000
361.000	27.000
362.000	25.000
363.000	16.000
364.000	20.000
365.000	15.000
366.000	20.000
367.000	8.000
368.000	18.000
369.000	18.000
370.000	11.000
371.000	16.000
372.000	20.000
373.000	21.000
374.000	17.000
375.000	22.000
376.000	26.000
377.000	23.000
378.000	25.000
379.000	36.000
380.000	47.000
381.000	60.000
382.000	87.000
383.000	95.000
384.000	106.000
385.000	136.000
386.000	138.000
387.000	127.000
388.000	130.000
389.000	107.000
390.000	89.000
391.000	76.000
392.000	45.000
393.000	40.000
394.000	31.000
395.000	31.000
396.000	19.000
397.000	29.000
398.000	24.000
399.000	17.000
400.000	24.000
401.000	21.000
402.000	26.000
403.000	18.000
404.000	24.000
405.000	29.000
406.000	24.000
407.000	16.000
408.000	27.000
409.000	30.000
410.000	23.000
411.000	23.000
412.000	24.000
413.000	27.000
414.000	28.000
415.000	28.000
416.000	35.000
417.000	17.000
418.000	23.000
419.000	21.000
420.000	34.000
421.000	23.000
422.000	28.000
423.000	22.000
424.000	40.000
425.000	28.000
426.000	29.000
427.000	34.000
428.000	31.000
429.000	33.000
430.000	35.000
431.000	23.000
432.000	33.000
433.000	41.000
434.000	32.000
435.000	35.000
436.000	33.000
437.000	51.000
438.000	45.000
439.000	39.000
440.000	44.000
441.000	44.000
442.000	35.000
443.000	41.000
444.000	60.000
445.000	49.000
446.000	46.000
447.000	48.000
448.000	33.000
449.000	28.000
450.000	45.000
451.000	39.000
452.000	43.000
453.000	35.000
454.000	40.000
455.000	35.000
456.000	51.000
457.000	69.000
458.000	55.000
459.000	53.000
460.000	48.000
461.000	62.000
462.000	49.000
463.000	52.000
464.000	53.000
465.000	51.000
466.000	45.000
467.000	44.000
468.000	63.000
469.000	37.000
470.000	40.000
471.000	54.000
472.000	46.000
473.000	42.000
474.000	56.000
475.000	46.000
476.000	42.000
477.000	44.000
478.000	44.000
479.000	44.000
480.000	57.000
481.000	42.000
482.000	47.000
483.000	49.000
484.000	65.000
485.000	54.000
486.000	68.000
487.000	60.000
488.000	47.000
489.000	53.000
490.000	63.000
491.000	58.000
492.000	67.000
493.000	49.000
494.000	62.000
495.000	53.000
496.000	76.000
497.000	59.000
498.000	54.000
499.000	70.000
500.000	59.000
501.000	74.000
502.000	51.000
503.000	70.000
504.000	54.000
505.000	62.000
506.000	66.000
507.000	85.000
508.000	63.000
509.000	90.000
510.000	61.000
511.000	54.000
512.000	70.000
513.000	75.000
514.000	50.000
515.000	66.000
516.000	68.000
517.000	79.000
518.000	82.000
519.000	97.000
520.000	84.000
521.000	73.000
522.000	92.000
523.000	72.000
524.000	99.000
525.000	85.000
526.000	94.000
527.000	92.000
528.000	81.000
529.000	85.000
530.000	83.000
531.000	94.000
532.000	87.000
533.000	94.000
534.000	76.000
535.000	84.000
536.000	91.000
537.000	84.000
538.000	85.000
539.000	91.000
540.000	103.000
541.000	99.000
542.000	97.000
543.000	96.000
544.000	103.000
545.000	87.000
546.000	103.000
547.000	90.000
548.000	108.000
549.000	96.000
550.000	97.000
551.000	111.000
552.000	106.000
553.000	95.000
554.000	100.000
555.000	106.000
556.000	96.000
557.000	116.000
558.000	106.000
559.000	104.000
560.000	96.000
561.000	115.000
562.000	111.000
563.000	106.000
564.000	116.000
565.000	111.000
566.000	95.000
567.000	128.000
568.000	103.000
569.000	121.000
570.000	113.000
571.000	127.000
572.000	94.000
573.000	109.000
574.000	111.000
575.000	130.000
576.000	113.000
577.000	139.000
578.000	138.000
579.000	142.000
580.000	130.000
581.000	102.000
582.000	107.000
583.000	104.000
584.000	140.000
585.000	120.000
586.000	131.000
587.000	135.000
588.000	143.000
589.000	138.000
590.000	133.000
591.000	126.000
592.000	145.000
593.000	133.000
594.000	123.000
595.000	144.000
596.000	128.000
597.000	133.000
598.000	125.000
599.000	153.000
600.000	131.000
601.000	140.000
602.000	151.000
603.000	139.000
604.000	115.000
605.000	133.000
606.000	135.000
607.000	144.000
608.000	127.000
609.000	151.000
610.000	147.000
611.000	166.000
612.000	139.000
613.000	121.000
614.000	138.000
615.000	134.000
616.000	161.000
617.000	144.000
618.000	148.000
619.000	163.000
620.000	170.000
621.000	137.000
622.000	174.000
623.000	164.000
624.000	141.000
625.000	147.000
626.000	162.000
627.000	150.000
628.000	159.000
629.000	164.000
630.000	171.000
631.000	162.000
632.000	163.000
633.000	162.000
634.000	150.000
635.000	177.000
636.000	171.000
637.000	156.000
638.000	171.000
639.000	167.000
640.000	157.000
641.000	156.000
642.000	181.000
643.000	176.000
644.000	189.000
645.000	184.000
646.000	172.000
647.000	213.000
648.000	175.000
649.000	173.000
650.000	176.000
651.000	174.000
652.000	193.000
653.000	193.000
654.000	182.000
655.000	187.000
656.000	189.000
657.000	170.000
658.000	210.000
659.000	206.000
660.000	186.000
661.000	196.000
662.000	208.000
663.000	190.000
664.000	181.000
665.000	201.000
666.000	205.000
667.000	202.000
668.000	165.000
669.000	194.000
670.000	205.000
671.000	182.000
672.000	185.000
673.000	211.000
674.000	191.000
675.000	190.000
676.000	224.000
677.000	173.000
678.000	214.000
679.000	193.000
680.000	225.000
681.000	196.000
682.000	203.000
683.000	211.000
684.000	222.000
685.000	202.000
686.000	198.000
687.000	219.000
688.000	205.000
689.000	225.000
690.000	210.000
691.000	206.000
692.000	194.000
693.000	185.000
694.000	202.000
695.000	249.000
696.000	194.000
697.000	198.000
698.000	230.000
699.000	247.000
700.000	217.000
701.000	235.000
702.000	226.000
703.000	244.000
704.000	220.000
705.000	241.000
706.000	225.000
707.000	211.000
708.000	227.000
709.000	216.000
710.000	224.000
711.000	232.000
712.000	219.000
713.000	248.000
714.000	208.000
715.000	200.000
716.000	229.000
717.000	228.000
718.000	204.000
719.000	225.000
720.000	269.000
721.000	223.000
722.000	223.000
723.000	229.000
724.000	230.000
725.000	242.000
726.000	230.000
727.000	224.000
728.000	209.000
729.000	251.000
730.000	249.000
731.000	233.000
732.000	227.000
733.000	283.000
734.000	236.000
735.000	238.000
736.000	218.000
737.000	217.000
738.000	241.000
739.000	231.000
740.000	244.000
741.000	254.000
742.000	276.000
743.000	235.000
744.000	216.000
745.000	245.000
746.000	242.000
747.000	253.000
748.000	274.000
749.000	270.000
750.000	227.000
751.000	258.000
752.000	205.000
753.000	240.000
754.000	259.000
755.000	298.000
756.000	269.000
757.000	257.000
758.000	259.000
759.000	275.000
760.000	268.000
761.000	266.000
762.000	255.000
763.000	259.000
764.000	266.000
765.000	268.000
766.000	272.000
767.000	247.000
768.000	271.000
769.000	276.000
770.000	296.000
771.000	304.000
772.000	269.000
773.000	289.000
774.000	293.000
775.000	290.000
776.000	318.000
777.000	296.000
778.000	320.000
779.000	240.000
780.000	272.000
781.000	296.000
782.000	249.000
783.000	276.000
784.000	294.000
785.000	269.000
786.000	269.000
787.000	251.000
788.000	262.000
789.000	272.000
790.000	236.000
791.000	308.000
792.000	241.000
793.000	256.000
794.000	274.000
795.000	259.000
796.000	289.000
797.000	255.000
798.000	287.000
799.000	283.000
800.000	279.000
801.000	258.000
802.000	286.000
803.000	277.000
804.000	275.000
805.000	282.000
806.000	270.000
807.000	266.000
808.000	294.000
809.000	286.000
810.000	279.000
811.000	292.000
812.000	265.000
813.000	295.000
814.000	292.000
815.000	265.000
816.000	255.000
817.000	284.000
818.000	292.000
819.000	276.000
820.000	327.000
821.000	255.000
822.000	284.000
823.000	300.000
824.000	324.000
825.000	307.000
826.000	292.000
827.000	289.000
828.000	290.000
829.000	292.000
830.000	319.000
831.000	307.000
832.000	316.000
833.000	300.000
834.000	312.000
835.000	331.000
836.000	319.000
837.000	324.000
838.000	309.000
839.000	314.000
840.000	309.000
841.000	356.000
842.000	343.000
843.000	318.000
844.000	307.000
845.000	332.000
846.000	297.000
847.000	316.000
848.000	331.000
849.000	314.000
850.000	349.000
851.000	334.000
852.000	290.000
853.000	359.000
854.000	311.000
855.000	362.000
856.000	375.000
857.000	382.000
858.000	346.000
859.000	350.000
860.000	377.000
861.000	348.000
862.000	382.000
863.000	393.000
864.000	405.000
865.000	400.000
866.000	435.000
867.000	420.000
868.000	389.000
869.000	476.000
870.000	468.000
871.000	481.000
872.000	440.000
873.000	499.000
874.000	516.000
875.000	494.000
876.000	517.000
877.000	561.000
878.000	592.000
879.000	608.000
880.000	637.000
881.000	650.000
882.000	728.000
883.000	748.000
884.000	822.000
885.000	876.000
886.000	938.000
887.000	934.000
888.000	958.000
889.000	1042.000
890.000	1116.000
891.000	1136.000
892.000	1237.000
893.000	1254.000
894.000	1340.000
895.000	1328.000
896.000	1317.000
897.000	1404.000
898.000	1479.000
899.000	1502.000
900.000	1518.000
901.000	1362.000
902.000	1423.000
903.000	1422.000
904.000	1467.000
905.000	1363.000
906.000	1345.000
907.000	1318.000
908.000	1236.000
909.000	1192.000
910.000	1159.000
911.000	1071.000
912.000	1037.000
913.000	951.000
914.000	897.000
915.000	846.000
916.000	882.000
917.000	739.000
918.000	737.000
919.000	691.000
920.000	668.000
921.000	588.000
922.000	578.000
923.000	578.000
924.000	479.000
925.000	516.000
926.000	517.000
927.000	453.000
928.000	449.000
929.000	426.000
930.000	392.000
931.000	374.000
932.000	380.000
933.000	367.000
934.000	354.000
935.000	358.000
936.000	342.000
937.000	346.000
938.000	390.000
939.000	338.000
940.000	362.000
941.000	369.000
942.000	397.000
943.000	443.000
944.000	457.000
945.000	477.000
946.000	550.000
947.000	620.000
948.000	667.000
949.000	744.000
950.000	694.000
951.000	786.000
952.000	811.000
953.000	767.000
954.000	816.000
955.000	728.000
956.000	713.000
957.000	756.000
958.000	653.000
959.000	581.000
960.000	569.000
961.000	465.000
962.000	428.000
963.000	414.000
964.000	377.000
965.000	309.000
966.000	323.000
967.000	282.000
968.000	294.000
969.000	299.000
970.000	269.000
971.000	261.000
972.000	281.000
973.000	279.000
974.000	280.000
975.000	291.000
976.000	281.000
977.000	289.000
978.000	285.000
979.000	289.000
980.000	298.000
981.000	294.000
982.000	326.000
983.000	298.000
984.000	320.000
985.000	344.000
986.000	332.000
987.000	355.000
988.000	338.000
989.000	344.000
990.000	350.000
991.000	373.000
992.000	369.000
993.000	327.000
994.000	394.000
995.000	380.000
996.000	369.000
997.000	401.000
998.000	386.000
999.000	420.000
1000.000	433.000
1001.000	440.000
1002.000	485.000
1003.000	413.000
1004.000	441.000
1005.000	474.000
1006.000	407.000
1007.000	445.000
1008.000	430.000
1009.000	420.000
1010.000	381.000
1011.000	435.000
1012.000	385.000
1013.000	363.000
1014.000	379.000
1015.000	391.000
1016.000	360.000
1017.000	350.000
1018.000	339.000
1019.000	354.000
1020.000	295.000
1021.000	300.000
1022.000	290.000
1023.000	276.000
1024.000	282.000
