Date:	8/19/2008		Time:	9:16 AM		Version no:	0.00		Project name:	55		Sample name:	222		Section name:	section		Position	434.039995	mm	E0	0.000000	keV	E1	1.000000	keV/channel	sample surface	7.658314	cm	Tube anode:	Mo		Tube voltage:	30	kV	Tube current:	50	mA	gain	20		std. database			resultfile	result		matrix element	11		sample thickness	1.000000		air passage	0.560000	cm	comments	not in position		peaking_time	3.000000	m-sec	trigger_threshold	1229.166667	V	mca_bin_width	22.090000	no:	number_mca_channels	1024.000000	no:	gap_time	0.400000	m-sec	trigger_peaking_time	0.150000	m-sec	GAINDAC	9455		HIGHGAIN	1		TAURC	0		RCTAU	53		RCTAUFRAC	32768		livetime	9.708986	seconds	runtime	10.000503	seconds	input_count_rate	27.736986	cps	output_count_rate	21.275829	cps	triggers	269298	seconds	events_in_run	212769	seconds	channel	content		1.000	0.000
2.000	0.000
3.000	0.000
4.000	0.000
5.000	0.000
6.000	0.000
7.000	0.000
8.000	0.000
9.000	0.000
10.000	0.000
11.000	0.000
12.000	0.000
13.000	0.000
14.000	0.000
15.000	0.000
16.000	0.000
17.000	0.000
18.000	0.000
19.000	0.000
20.000	0.000
21.000	0.000
22.000	0.000
23.000	0.000
24.000	0.000
25.000	0.000
26.000	0.000
27.000	0.000
28.000	0.000
29.000	0.000
30.000	0.000
31.000	0.000
32.000	0.000
33.000	1.000
34.000	0.000
35.000	1.000
36.000	2.000
37.000	1.000
38.000	1.000
39.000	3.000
40.000	4.000
41.000	0.000
42.000	5.000
43.000	4.000
44.000	6.000
45.000	7.000
46.000	5.000
47.000	9.000
48.000	7.000
49.000	4.000
50.000	4.000
51.000	10.000
52.000	7.000
53.000	11.000
54.000	10.000
55.000	10.000
56.000	10.000
57.000	9.000
58.000	9.000
59.000	14.000
60.000	12.000
61.000	9.000
62.000	13.000
63.000	9.000
64.000	9.000
65.000	7.000
66.000	13.000
67.000	7.000
68.000	8.000
69.000	12.000
70.000	13.000
71.000	11.000
72.000	8.000
73.000	6.000
74.000	11.000
75.000	11.000
76.000	5.000
77.000	9.000
78.000	13.000
79.000	7.000
80.000	4.000
81.000	5.000
82.000	9.000
83.000	6.000
84.000	5.000
85.000	9.000
86.000	4.000
87.000	10.000
88.000	9.000
89.000	4.000
90.000	8.000
91.000	9.000
92.000	7.000
93.000	10.000
94.000	10.000
95.000	5.000
96.000	11.000
97.000	8.000
98.000	5.000
99.000	6.000
100.000	10.000
101.000	6.000
102.000	9.000
103.000	10.000
104.000	4.000
105.000	4.000
106.000	8.000
107.000	9.000
108.000	8.000
109.000	7.000
110.000	6.000
111.000	10.000
112.000	3.000
113.000	6.000
114.000	3.000
115.000	6.000
116.000	8.000
117.000	8.000
118.000	9.000
119.000	3.000
120.000	5.000
121.000	3.000
122.000	11.000
123.000	11.000
124.000	8.000
125.000	11.000
126.000	11.000
127.000	11.000
128.000	11.000
129.000	7.000
130.000	14.000
131.000	10.000
132.000	3.000
133.000	7.000
134.000	5.000
135.000	4.000
136.000	9.000
137.000	8.000
138.000	1.000
139.000	4.000
140.000	8.000
141.000	4.000
142.000	3.000
143.000	4.000
144.000	4.000
145.000	7.000
146.000	2.000
147.000	3.000
148.000	3.000
149.000	2.000
150.000	5.000
151.000	6.000
152.000	3.000
153.000	5.000
154.000	5.000
155.000	3.000
156.000	3.000
157.000	1.000
158.000	5.000
159.000	7.000
160.000	7.000
161.000	12.000
162.000	11.000
163.000	16.000
164.000	17.000
165.000	10.000
166.000	5.000
167.000	9.000
168.000	5.000
169.000	2.000
170.000	2.000
171.000	3.000
172.000	4.000
173.000	4.000
174.000	5.000
175.000	5.000
176.000	3.000
177.000	7.000
178.000	6.000
179.000	5.000
180.000	3.000
181.000	5.000
182.000	6.000
183.000	7.000
184.000	8.000
185.000	5.000
186.000	3.000
187.000	1.000
188.000	5.000
189.000	5.000
190.000	2.000
191.000	2.000
192.000	2.000
193.000	5.000
194.000	2.000
195.000	5.000
196.000	7.000
197.000	7.000
198.000	9.000
199.000	13.000
200.000	21.000
201.000	28.000
202.000	23.000
203.000	31.000
204.000	21.000
205.000	20.000
206.000	20.000
207.000	6.000
208.000	4.000
209.000	5.000
210.000	5.000
211.000	4.000
212.000	4.000
213.000	3.000
214.000	1.000
215.000	2.000
216.000	3.000
217.000	6.000
218.000	7.000
219.000	12.000
220.000	8.000
221.000	7.000
222.000	11.000
223.000	6.000
224.000	6.000
225.000	4.000
226.000	5.000
227.000	3.000
228.000	6.000
229.000	1.000
230.000	4.000
231.000	7.000
232.000	1.000
233.000	2.000
234.000	7.000
235.000	1.000
236.000	3.000
237.000	5.000
238.000	3.000
239.000	2.000
240.000	6.000
241.000	8.000
242.000	0.000
243.000	6.000
244.000	8.000
245.000	7.000
246.000	12.000
247.000	5.000
248.000	11.000
249.000	9.000
250.000	8.000
251.000	5.000
252.000	7.000
253.000	7.000
254.000	6.000
255.000	6.000
256.000	9.000
257.000	7.000
258.000	5.000
259.000	2.000
260.000	4.000
261.000	6.000
262.000	10.000
263.000	5.000
264.000	4.000
265.000	1.000
266.000	6.000
267.000	4.000
268.000	8.000
269.000	6.000
270.000	8.000
271.000	4.000
272.000	3.000
273.000	8.000
274.000	8.000
275.000	5.000
276.000	5.000
277.000	7.000
278.000	9.000
279.000	10.000
280.000	4.000
281.000	4.000
282.000	4.000
283.000	5.000
284.000	2.000
285.000	4.000
286.000	3.000
287.000	8.000
288.000	4.000
289.000	8.000
290.000	5.000
291.000	4.000
292.000	6.000
293.000	11.000
294.000	11.000
295.000	8.000
296.000	6.000
297.000	5.000
298.000	7.000
299.000	9.000
300.000	9.000
301.000	4.000
302.000	5.000
303.000	4.000
304.000	9.000
305.000	7.000
306.000	5.000
307.000	4.000
308.000	6.000
309.000	13.000
310.000	10.000
311.000	3.000
312.000	7.000
313.000	10.000
314.000	8.000
315.000	10.000
316.000	9.000
317.000	13.000
318.000	29.000
319.000	29.000
320.000	37.000
321.000	38.000
322.000	39.000
323.000	44.000
324.000	61.000
325.000	52.000
326.000	43.000
327.000	37.000
328.000	25.000
329.000	16.000
330.000	14.000
331.000	15.000
332.000	14.000
333.000	9.000
334.000	15.000
335.000	15.000
336.000	14.000
337.000	10.000
338.000	17.000
339.000	17.000
340.000	13.000
341.000	24.000
342.000	49.000
343.000	93.000
344.000	151.000
345.000	189.000
346.000	290.000
347.000	459.000
348.000	554.000
349.000	620.000
350.000	707.000
351.000	794.000
352.000	637.000
353.000	578.000
354.000	458.000
355.000	331.000
356.000	228.000
357.000	149.000
358.000	88.000
359.000	54.000
360.000	37.000
361.000	24.000
362.000	18.000
363.000	13.000
364.000	20.000
365.000	13.000
366.000	17.000
367.000	14.000
368.000	10.000
369.000	20.000
370.000	15.000
371.000	23.000
372.000	15.000
373.000	18.000
374.000	23.000
375.000	15.000
376.000	27.000
377.000	22.000
378.000	27.000
379.000	25.000
380.000	54.000
381.000	71.000
382.000	63.000
383.000	110.000
384.000	121.000
385.000	137.000
386.000	120.000
387.000	146.000
388.000	136.000
389.000	116.000
390.000	91.000
391.000	88.000
392.000	61.000
393.000	47.000
394.000	33.000
395.000	24.000
396.000	21.000
397.000	15.000
398.000	16.000
399.000	30.000
400.000	24.000
401.000	21.000
402.000	24.000
403.000	21.000
404.000	25.000
405.000	16.000
406.000	17.000
407.000	15.000
408.000	20.000
409.000	29.000
410.000	29.000
411.000	36.000
412.000	25.000
413.000	23.000
414.000	28.000
415.000	18.000
416.000	25.000
417.000	30.000
418.000	39.000
419.000	24.000
420.000	31.000
421.000	17.000
422.000	26.000
423.000	15.000
424.000	24.000
425.000	34.000
426.000	32.000
427.000	18.000
428.000	23.000
429.000	17.000
430.000	31.000
431.000	31.000
432.000	40.000
433.000	31.000
434.000	33.000
435.000	35.000
436.000	43.000
437.000	34.000
438.000	38.000
439.000	36.000
440.000	33.000
441.000	39.000
442.000	42.000
443.000	47.000
444.000	26.000
445.000	41.000
446.000	39.000
447.000	50.000
448.000	44.000
449.000	54.000
450.000	49.000
451.000	28.000
452.000	43.000
453.000	54.000
454.000	30.000
455.000	47.000
456.000	43.000
457.000	38.000
458.000	48.000
459.000	41.000
460.000	45.000
461.000	42.000
462.000	38.000
463.000	48.000
464.000	43.000
465.000	38.000
466.000	40.000
467.000	32.000
468.000	38.000
469.000	46.000
470.000	60.000
471.000	36.000
472.000	44.000
473.000	46.000
474.000	55.000
475.000	51.000
476.000	52.000
477.000	48.000
478.000	37.000
479.000	49.000
480.000	53.000
481.000	54.000
482.000	49.000
483.000	50.000
484.000	38.000
485.000	53.000
486.000	38.000
487.000	57.000
488.000	50.000
489.000	49.000
490.000	46.000
491.000	65.000
492.000	49.000
493.000	59.000
494.000	60.000
495.000	55.000
496.000	45.000
497.000	51.000
498.000	43.000
499.000	50.000
500.000	61.000
501.000	59.000
502.000	67.000
503.000	55.000
504.000	59.000
505.000	50.000
506.000	61.000
507.000	57.000
508.000	65.000
509.000	76.000
510.000	77.000
511.000	61.000
512.000	66.000
513.000	66.000
514.000	66.000
515.000	75.000
516.000	58.000
517.000	63.000
518.000	71.000
519.000	59.000
520.000	62.000
521.000	75.000
522.000	67.000
523.000	75.000
524.000	70.000
525.000	79.000
526.000	71.000
527.000	93.000
528.000	65.000
529.000	71.000
530.000	82.000
531.000	87.000
532.000	65.000
533.000	63.000
534.000	76.000
535.000	88.000
536.000	74.000
537.000	74.000
538.000	78.000
539.000	94.000
540.000	79.000
541.000	73.000
542.000	81.000
543.000	90.000
544.000	78.000
545.000	73.000
546.000	89.000
547.000	94.000
548.000	85.000
549.000	74.000
550.000	71.000
551.000	83.000
552.000	70.000
553.000	100.000
554.000	94.000
555.000	88.000
556.000	96.000
557.000	101.000
558.000	94.000
559.000	87.000
560.000	95.000
561.000	90.000
562.000	91.000
563.000	95.000
564.000	79.000
565.000	101.000
566.000	98.000
567.000	104.000
568.000	102.000
569.000	94.000
570.000	116.000
571.000	103.000
572.000	98.000
573.000	122.000
574.000	94.000
575.000	103.000
576.000	120.000
577.000	119.000
578.000	97.000
579.000	102.000
580.000	116.000
581.000	118.000
582.000	108.000
583.000	121.000
584.000	99.000
585.000	103.000
586.000	99.000
587.000	118.000
588.000	97.000
589.000	119.000
590.000	126.000
591.000	134.000
592.000	117.000
593.000	145.000
594.000	117.000
595.000	119.000
596.000	143.000
597.000	127.000
598.000	107.000
599.000	123.000
600.000	133.000
601.000	122.000
602.000	107.000
603.000	139.000
604.000	128.000
605.000	143.000
606.000	134.000
607.000	128.000
608.000	136.000
609.000	135.000
610.000	122.000
611.000	143.000
612.000	126.000
613.000	134.000
614.000	165.000
615.000	146.000
616.000	121.000
617.000	151.000
618.000	126.000
619.000	155.000
620.000	139.000
621.000	146.000
622.000	144.000
623.000	154.000
624.000	155.000
625.000	153.000
626.000	134.000
627.000	137.000
628.000	138.000
629.000	170.000
630.000	164.000
631.000	135.000
632.000	167.000
633.000	162.000
634.000	170.000
635.000	131.000
636.000	164.000
637.000	178.000
638.000	131.000
639.000	157.000
640.000	137.000
641.000	177.000
642.000	174.000
643.000	169.000
644.000	153.000
645.000	158.000
646.000	140.000
647.000	178.000
648.000	162.000
649.000	191.000
650.000	155.000
651.000	176.000
652.000	202.000
653.000	191.000
654.000	154.000
655.000	172.000
656.000	214.000
657.000	165.000
658.000	192.000
659.000	166.000
660.000	171.000
661.000	163.000
662.000	181.000
663.000	179.000
664.000	157.000
665.000	160.000
666.000	173.000
667.000	169.000
668.000	192.000
669.000	176.000
670.000	170.000
671.000	197.000
672.000	183.000
673.000	182.000
674.000	162.000
675.000	179.000
676.000	188.000
677.000	165.000
678.000	214.000
679.000	177.000
680.000	190.000
681.000	199.000
682.000	222.000
683.000	187.000
684.000	207.000
685.000	194.000
686.000	213.000
687.000	226.000
688.000	196.000
689.000	177.000
690.000	211.000
691.000	190.000
692.000	192.000
693.000	240.000
694.000	214.000
695.000	207.000
696.000	207.000
697.000	215.000
698.000	222.000
699.000	188.000
700.000	217.000
701.000	226.000
702.000	208.000
703.000	185.000
704.000	191.000
705.000	200.000
706.000	229.000
707.000	209.000
708.000	210.000
709.000	206.000
710.000	226.000
711.000	217.000
712.000	201.000
713.000	212.000
714.000	205.000
715.000	227.000
716.000	194.000
717.000	218.000
718.000	214.000
719.000	219.000
720.000	226.000
721.000	203.000
722.000	242.000
723.000	230.000
724.000	220.000
725.000	221.000
726.000	240.000
727.000	217.000
728.000	236.000
729.000	216.000
730.000	244.000
731.000	237.000
732.000	229.000
733.000	242.000
734.000	248.000
735.000	246.000
736.000	217.000
737.000	244.000
738.000	232.000
739.000	237.000
740.000	237.000
741.000	207.000
742.000	246.000
743.000	221.000
744.000	231.000
745.000	222.000
746.000	240.000
747.000	236.000
748.000	226.000
749.000	270.000
750.000	235.000
751.000	255.000
752.000	231.000
753.000	253.000
754.000	235.000
755.000	243.000
756.000	231.000
757.000	217.000
758.000	241.000
759.000	254.000
760.000	267.000
761.000	256.000
762.000	242.000
763.000	268.000
764.000	266.000
765.000	272.000
766.000	283.000
767.000	260.000
768.000	274.000
769.000	261.000
770.000	279.000
771.000	314.000
772.000	287.000
773.000	277.000
774.000	272.000
775.000	294.000
776.000	290.000
777.000	271.000
778.000	293.000
779.000	305.000
780.000	255.000
781.000	284.000
782.000	273.000
783.000	248.000
784.000	247.000
785.000	268.000
786.000	294.000
787.000	233.000
788.000	269.000
789.000	280.000
790.000	230.000
791.000	271.000
792.000	281.000
793.000	290.000
794.000	255.000
795.000	242.000
796.000	233.000
797.000	270.000
798.000	274.000
799.000	251.000
800.000	287.000
801.000	263.000
802.000	238.000
803.000	281.000
804.000	258.000
805.000	284.000
806.000	264.000
807.000	274.000
808.000	304.000
809.000	287.000
810.000	309.000
811.000	256.000
812.000	293.000
813.000	278.000
814.000	260.000
815.000	259.000
816.000	290.000
817.000	274.000
818.000	276.000
819.000	242.000
820.000	275.000
821.000	245.000
822.000	291.000
823.000	294.000
824.000	256.000
825.000	286.000
826.000	305.000
827.000	296.000
828.000	294.000
829.000	306.000
830.000	280.000
831.000	292.000
832.000	273.000
833.000	305.000
834.000	323.000
835.000	299.000
836.000	288.000
837.000	312.000
838.000	288.000
839.000	295.000
840.000	251.000
841.000	311.000
842.000	301.000
843.000	300.000
844.000	286.000
845.000	308.000
846.000	291.000
847.000	305.000
848.000	342.000
849.000	354.000
850.000	324.000
851.000	353.000
852.000	320.000
853.000	317.000
854.000	334.000
855.000	366.000
856.000	334.000
857.000	322.000
858.000	337.000
859.000	343.000
860.000	332.000
861.000	374.000
862.000	381.000
863.000	380.000
864.000	375.000
865.000	371.000
866.000	389.000
867.000	369.000
868.000	395.000
869.000	400.000
870.000	433.000
871.000	484.000
872.000	457.000
873.000	471.000
874.000	480.000
875.000	503.000
876.000	489.000
877.000	577.000
878.000	560.000
879.000	573.000
880.000	579.000
881.000	677.000
882.000	661.000
883.000	744.000
884.000	780.000
885.000	838.000
886.000	877.000
887.000	979.000
888.000	1005.000
889.000	1075.000
890.000	1066.000
891.000	1149.000
892.000	1200.000
893.000	1253.000
894.000	1335.000
895.000	1363.000
896.000	1425.000
897.000	1487.000
898.000	1378.000
899.000	1470.000
900.000	1453.000
901.000	1523.000
902.000	1427.000
903.000	1468.000
904.000	1413.000
905.000	1340.000
906.000	1295.000
907.000	1250.000
908.000	1209.000
909.000	1174.000
910.000	1197.000
911.000	1115.000
912.000	996.000
913.000	937.000
914.000	935.000
915.000	860.000
916.000	855.000
917.000	757.000
918.000	638.000
919.000	663.000
920.000	634.000
921.000	620.000
922.000	562.000
923.000	521.000
924.000	510.000
925.000	463.000
926.000	462.000
927.000	424.000
928.000	410.000
929.000	381.000
930.000	424.000
931.000	345.000
932.000	392.000
933.000	370.000
934.000	367.000
935.000	336.000
936.000	364.000
937.000	370.000
938.000	319.000
939.000	350.000
940.000	361.000
941.000	384.000
942.000	410.000
943.000	470.000
944.000	500.000
945.000	506.000
946.000	550.000
947.000	600.000
948.000	591.000
949.000	665.000
950.000	696.000
951.000	750.000
952.000	780.000
953.000	811.000
954.000	811.000
955.000	748.000
956.000	710.000
957.000	670.000
958.000	682.000
959.000	568.000
960.000	559.000
961.000	437.000
962.000	474.000
963.000	432.000
964.000	382.000
965.000	352.000
966.000	328.000
967.000	278.000
968.000	271.000
969.000	302.000
970.000	252.000
971.000	315.000
972.000	256.000
973.000	292.000
974.000	276.000
975.000	292.000
976.000	294.000
977.000	311.000
978.000	296.000
979.000	312.000
980.000	285.000
981.000	291.000
982.000	328.000
983.000	303.000
984.000	307.000
985.000	325.000
986.000	321.000
987.000	329.000
988.000	315.000
989.000	319.000
990.000	346.000
991.000	360.000
992.000	373.000
993.000	420.000
994.000	394.000
995.000	400.000
996.000	405.000
997.000	421.000
998.000	429.000
999.000	397.000
1000.000	443.000
1001.000	412.000
1002.000	424.000
1003.000	400.000
1004.000	416.000
1005.000	471.000
1006.000	427.000
1007.000	454.000
1008.000	390.000
1009.000	400.000
1010.000	395.000
1011.000	392.000
1012.000	395.000
1013.000	405.000
1014.000	381.000
1015.000	384.000
1016.000	339.000
1017.000	302.000
1018.000	329.000
1019.000	334.000
1020.000	304.000
1021.000	315.000
1022.000	273.000
1023.000	266.000
1024.000	257.000
