Date:	8/19/2008		Time:	9:59 AM		Version no:	0.00		Project name:	55		Sample name:	222		Section name:	section		Position	886.039995	mm	E0	0.000000	keV	E1	1.000000	keV/channel	sample surface	7.799807	cm	Tube anode:	Mo		Tube voltage:	30	kV	Tube current:	50	mA	gain	20		std. database			resultfile	result		matrix element	11		sample thickness	1.000000		air passage	0.560000	cm	comments	in position		peaking_time	3.000000	m-sec	trigger_threshold	1229.166667	V	mca_bin_width	22.090000	no:	number_mca_channels	1024.000000	no:	gap_time	0.400000	m-sec	trigger_peaking_time	0.150000	m-sec	GAINDAC	9455		HIGHGAIN	1		TAURC	0		RCTAU	53		RCTAUFRAC	32768		livetime	9.679531	seconds	runtime	10.000502	seconds	input_count_rate	30.218096	cps	output_count_rate	22.676663	cps	triggers	292497	seconds	events_in_run	226778	seconds	channel	content		1.000	0.000
2.000	0.000
3.000	0.000
4.000	0.000
5.000	0.000
6.000	0.000
7.000	0.000
8.000	0.000
9.000	0.000
10.000	0.000
11.000	0.000
12.000	0.000
13.000	0.000
14.000	0.000
15.000	0.000
16.000	0.000
17.000	0.000
18.000	0.000
19.000	0.000
20.000	0.000
21.000	0.000
22.000	0.000
23.000	0.000
24.000	0.000
25.000	0.000
26.000	0.000
27.000	0.000
28.000	0.000
29.000	0.000
30.000	0.000
31.000	0.000
32.000	2.000
33.000	0.000
34.000	2.000
35.000	1.000
36.000	2.000
37.000	1.000
38.000	0.000
39.000	0.000
40.000	2.000
41.000	6.000
42.000	2.000
43.000	5.000
44.000	2.000
45.000	7.000
46.000	8.000
47.000	8.000
48.000	8.000
49.000	7.000
50.000	8.000
51.000	8.000
52.000	15.000
53.000	8.000
54.000	6.000
55.000	13.000
56.000	12.000
57.000	5.000
58.000	14.000
59.000	10.000
60.000	13.000
61.000	7.000
62.000	8.000
63.000	12.000
64.000	8.000
65.000	7.000
66.000	17.000
67.000	8.000
68.000	10.000
69.000	10.000
70.000	12.000
71.000	10.000
72.000	10.000
73.000	14.000
74.000	6.000
75.000	11.000
76.000	10.000
77.000	13.000
78.000	7.000
79.000	5.000
80.000	8.000
81.000	6.000
82.000	9.000
83.000	8.000
84.000	9.000
85.000	9.000
86.000	7.000
87.000	9.000
88.000	7.000
89.000	8.000
90.000	5.000
91.000	8.000
92.000	10.000
93.000	8.000
94.000	13.000
95.000	5.000
96.000	8.000
97.000	10.000
98.000	8.000
99.000	2.000
100.000	8.000
101.000	11.000
102.000	7.000
103.000	10.000
104.000	9.000
105.000	6.000
106.000	10.000
107.000	9.000
108.000	8.000
109.000	13.000
110.000	7.000
111.000	13.000
112.000	8.000
113.000	8.000
114.000	5.000
115.000	5.000
116.000	3.000
117.000	9.000
118.000	2.000
119.000	6.000
120.000	7.000
121.000	9.000
122.000	5.000
123.000	11.000
124.000	4.000
125.000	11.000
126.000	11.000
127.000	7.000
128.000	10.000
129.000	13.000
130.000	5.000
131.000	2.000
132.000	6.000
133.000	9.000
134.000	5.000
135.000	5.000
136.000	6.000
137.000	5.000
138.000	4.000
139.000	5.000
140.000	5.000
141.000	6.000
142.000	7.000
143.000	4.000
144.000	10.000
145.000	5.000
146.000	2.000
147.000	2.000
148.000	2.000
149.000	9.000
150.000	5.000
151.000	2.000
152.000	6.000
153.000	3.000
154.000	2.000
155.000	1.000
156.000	9.000
157.000	1.000
158.000	4.000
159.000	4.000
160.000	11.000
161.000	10.000
162.000	10.000
163.000	9.000
164.000	10.000
165.000	9.000
166.000	6.000
167.000	2.000
168.000	1.000
169.000	3.000
170.000	4.000
171.000	5.000
172.000	5.000
173.000	2.000
174.000	3.000
175.000	5.000
176.000	2.000
177.000	4.000
178.000	4.000
179.000	8.000
180.000	11.000
181.000	10.000
182.000	5.000
183.000	7.000
184.000	6.000
185.000	2.000
186.000	7.000
187.000	7.000
188.000	5.000
189.000	1.000
190.000	1.000
191.000	0.000
192.000	6.000
193.000	9.000
194.000	1.000
195.000	7.000
196.000	14.000
197.000	7.000
198.000	11.000
199.000	26.000
200.000	31.000
201.000	33.000
202.000	34.000
203.000	30.000
204.000	27.000
205.000	33.000
206.000	24.000
207.000	16.000
208.000	12.000
209.000	9.000
210.000	8.000
211.000	2.000
212.000	3.000
213.000	2.000
214.000	10.000
215.000	6.000
216.000	7.000
217.000	7.000
218.000	5.000
219.000	5.000
220.000	8.000
221.000	10.000
222.000	3.000
223.000	10.000
224.000	6.000
225.000	4.000
226.000	8.000
227.000	10.000
228.000	3.000
229.000	5.000
230.000	3.000
231.000	7.000
232.000	3.000
233.000	3.000
234.000	1.000
235.000	6.000
236.000	2.000
237.000	3.000
238.000	4.000
239.000	3.000
240.000	6.000
241.000	5.000
242.000	6.000
243.000	12.000
244.000	10.000
245.000	6.000
246.000	15.000
247.000	20.000
248.000	14.000
249.000	9.000
250.000	15.000
251.000	7.000
252.000	9.000
253.000	7.000
254.000	11.000
255.000	8.000
256.000	4.000
257.000	12.000
258.000	6.000
259.000	5.000
260.000	3.000
261.000	10.000
262.000	5.000
263.000	6.000
264.000	6.000
265.000	5.000
266.000	3.000
267.000	5.000
268.000	8.000
269.000	5.000
270.000	7.000
271.000	9.000
272.000	7.000
273.000	8.000
274.000	12.000
275.000	6.000
276.000	5.000
277.000	8.000
278.000	7.000
279.000	7.000
280.000	3.000
281.000	7.000
282.000	3.000
283.000	7.000
284.000	3.000
285.000	4.000
286.000	8.000
287.000	9.000
288.000	3.000
289.000	4.000
290.000	10.000
291.000	10.000
292.000	7.000
293.000	6.000
294.000	6.000
295.000	9.000
296.000	15.000
297.000	10.000
298.000	12.000
299.000	8.000
300.000	10.000
301.000	9.000
302.000	11.000
303.000	5.000
304.000	4.000
305.000	9.000
306.000	8.000
307.000	11.000
308.000	4.000
309.000	8.000
310.000	11.000
311.000	9.000
312.000	6.000
313.000	9.000
314.000	7.000
315.000	16.000
316.000	14.000
317.000	17.000
318.000	32.000
319.000	38.000
320.000	56.000
321.000	42.000
322.000	62.000
323.000	64.000
324.000	64.000
325.000	36.000
326.000	39.000
327.000	36.000
328.000	32.000
329.000	25.000
330.000	18.000
331.000	18.000
332.000	18.000
333.000	13.000
334.000	11.000
335.000	16.000
336.000	17.000
337.000	14.000
338.000	18.000
339.000	13.000
340.000	24.000
341.000	46.000
342.000	85.000
343.000	126.000
344.000	154.000
345.000	307.000
346.000	440.000
347.000	605.000
348.000	758.000
349.000	907.000
350.000	998.000
351.000	1001.000
352.000	974.000
353.000	822.000
354.000	676.000
355.000	472.000
356.000	326.000
357.000	181.000
358.000	130.000
359.000	65.000
360.000	42.000
361.000	30.000
362.000	18.000
363.000	22.000
364.000	17.000
365.000	16.000
366.000	25.000
367.000	21.000
368.000	19.000
369.000	20.000
370.000	19.000
371.000	23.000
372.000	17.000
373.000	21.000
374.000	23.000
375.000	24.000
376.000	28.000
377.000	32.000
378.000	37.000
379.000	49.000
380.000	77.000
381.000	85.000
382.000	103.000
383.000	135.000
384.000	155.000
385.000	157.000
386.000	185.000
387.000	182.000
388.000	178.000
389.000	144.000
390.000	145.000
391.000	93.000
392.000	80.000
393.000	48.000
394.000	42.000
395.000	33.000
396.000	23.000
397.000	27.000
398.000	19.000
399.000	24.000
400.000	24.000
401.000	29.000
402.000	33.000
403.000	30.000
404.000	25.000
405.000	37.000
406.000	26.000
407.000	27.000
408.000	20.000
409.000	18.000
410.000	30.000
411.000	40.000
412.000	22.000
413.000	28.000
414.000	17.000
415.000	29.000
416.000	18.000
417.000	21.000
418.000	27.000
419.000	31.000
420.000	39.000
421.000	25.000
422.000	24.000
423.000	37.000
424.000	34.000
425.000	28.000
426.000	22.000
427.000	43.000
428.000	30.000
429.000	38.000
430.000	28.000
431.000	28.000
432.000	42.000
433.000	36.000
434.000	37.000
435.000	33.000
436.000	28.000
437.000	38.000
438.000	43.000
439.000	41.000
440.000	35.000
441.000	46.000
442.000	50.000
443.000	40.000
444.000	38.000
445.000	48.000
446.000	45.000
447.000	45.000
448.000	51.000
449.000	43.000
450.000	44.000
451.000	55.000
452.000	38.000
453.000	33.000
454.000	50.000
455.000	44.000
456.000	59.000
457.000	49.000
458.000	51.000
459.000	49.000
460.000	50.000
461.000	49.000
462.000	52.000
463.000	45.000
464.000	60.000
465.000	39.000
466.000	38.000
467.000	53.000
468.000	38.000
469.000	63.000
470.000	53.000
471.000	64.000
472.000	65.000
473.000	53.000
474.000	70.000
475.000	70.000
476.000	43.000
477.000	55.000
478.000	73.000
479.000	52.000
480.000	54.000
481.000	48.000
482.000	61.000
483.000	59.000
484.000	64.000
485.000	51.000
486.000	60.000
487.000	73.000
488.000	59.000
489.000	59.000
490.000	58.000
491.000	61.000
492.000	63.000
493.000	59.000
494.000	57.000
495.000	57.000
496.000	80.000
497.000	71.000
498.000	69.000
499.000	82.000
500.000	61.000
501.000	78.000
502.000	65.000
503.000	61.000
504.000	77.000
505.000	68.000
506.000	90.000
507.000	78.000
508.000	72.000
509.000	72.000
510.000	93.000
511.000	72.000
512.000	86.000
513.000	93.000
514.000	76.000
515.000	80.000
516.000	87.000
517.000	91.000
518.000	86.000
519.000	74.000
520.000	100.000
521.000	85.000
522.000	81.000
523.000	86.000
524.000	96.000
525.000	77.000
526.000	81.000
527.000	98.000
528.000	79.000
529.000	90.000
530.000	97.000
531.000	74.000
532.000	110.000
533.000	114.000
534.000	97.000
535.000	82.000
536.000	106.000
537.000	101.000
538.000	98.000
539.000	87.000
540.000	84.000
541.000	93.000
542.000	103.000
543.000	106.000
544.000	83.000
545.000	112.000
546.000	123.000
547.000	111.000
548.000	112.000
549.000	94.000
550.000	95.000
551.000	112.000
552.000	117.000
553.000	107.000
554.000	98.000
555.000	118.000
556.000	114.000
557.000	115.000
558.000	115.000
559.000	88.000
560.000	105.000
561.000	120.000
562.000	112.000
563.000	116.000
564.000	110.000
565.000	114.000
566.000	130.000
567.000	117.000
568.000	112.000
569.000	133.000
570.000	112.000
571.000	129.000
572.000	137.000
573.000	128.000
574.000	154.000
575.000	124.000
576.000	138.000
577.000	131.000
578.000	107.000
579.000	134.000
580.000	121.000
581.000	123.000
582.000	126.000
583.000	163.000
584.000	128.000
585.000	124.000
586.000	131.000
587.000	125.000
588.000	111.000
589.000	133.000
590.000	129.000
591.000	145.000
592.000	141.000
593.000	144.000
594.000	138.000
595.000	151.000
596.000	126.000
597.000	132.000
598.000	149.000
599.000	147.000
600.000	136.000
601.000	156.000
602.000	163.000
603.000	146.000
604.000	130.000
605.000	129.000
606.000	147.000
607.000	154.000
608.000	128.000
609.000	154.000
610.000	143.000
611.000	157.000
612.000	172.000
613.000	139.000
614.000	159.000
615.000	172.000
616.000	185.000
617.000	151.000
618.000	153.000
619.000	155.000
620.000	169.000
621.000	166.000
622.000	148.000
623.000	138.000
624.000	147.000
625.000	173.000
626.000	161.000
627.000	172.000
628.000	185.000
629.000	178.000
630.000	147.000
631.000	163.000
632.000	159.000
633.000	177.000
634.000	176.000
635.000	178.000
636.000	172.000
637.000	200.000
638.000	176.000
639.000	203.000
640.000	175.000
641.000	191.000
642.000	186.000
643.000	183.000
644.000	192.000
645.000	192.000
646.000	198.000
647.000	184.000
648.000	196.000
649.000	207.000
650.000	188.000
651.000	186.000
652.000	193.000
653.000	200.000
654.000	208.000
655.000	188.000
656.000	201.000
657.000	171.000
658.000	201.000
659.000	202.000
660.000	201.000
661.000	195.000
662.000	199.000
663.000	186.000
664.000	200.000
665.000	182.000
666.000	206.000
667.000	203.000
668.000	204.000
669.000	199.000
670.000	196.000
671.000	240.000
672.000	199.000
673.000	220.000
674.000	198.000
675.000	179.000
676.000	225.000
677.000	229.000
678.000	222.000
679.000	175.000
680.000	215.000
681.000	216.000
682.000	217.000
683.000	212.000
684.000	229.000
685.000	223.000
686.000	205.000
687.000	223.000
688.000	228.000
689.000	183.000
690.000	228.000
691.000	236.000
692.000	214.000
693.000	212.000
694.000	229.000
695.000	233.000
696.000	235.000
697.000	203.000
698.000	217.000
699.000	216.000
700.000	205.000
701.000	215.000
702.000	246.000
703.000	220.000
704.000	222.000
705.000	241.000
706.000	213.000
707.000	220.000
708.000	235.000
709.000	220.000
710.000	244.000
711.000	239.000
712.000	199.000
713.000	216.000
714.000	225.000
715.000	250.000
716.000	230.000
717.000	239.000
718.000	215.000
719.000	237.000
720.000	241.000
721.000	212.000
722.000	223.000
723.000	248.000
724.000	234.000
725.000	255.000
726.000	230.000
727.000	254.000
728.000	247.000
729.000	245.000
730.000	284.000
731.000	247.000
732.000	274.000
733.000	252.000
734.000	234.000
735.000	252.000
736.000	229.000
737.000	250.000
738.000	259.000
739.000	249.000
740.000	250.000
741.000	243.000
742.000	259.000
743.000	259.000
744.000	243.000
745.000	233.000
746.000	261.000
747.000	246.000
748.000	268.000
749.000	257.000
750.000	260.000
751.000	248.000
752.000	246.000
753.000	243.000
754.000	267.000
755.000	258.000
756.000	272.000
757.000	264.000
758.000	244.000
759.000	276.000
760.000	266.000
761.000	277.000
762.000	263.000
763.000	279.000
764.000	279.000
765.000	264.000
766.000	268.000
767.000	305.000
768.000	270.000
769.000	280.000
770.000	292.000
771.000	314.000
772.000	312.000
773.000	302.000
774.000	309.000
775.000	300.000
776.000	312.000
777.000	291.000
778.000	297.000
779.000	281.000
780.000	263.000
781.000	274.000
782.000	299.000
783.000	257.000
784.000	279.000
785.000	256.000
786.000	291.000
787.000	295.000
788.000	297.000
789.000	267.000
790.000	284.000
791.000	270.000
792.000	254.000
793.000	269.000
794.000	294.000
795.000	237.000
796.000	269.000
797.000	283.000
798.000	273.000
799.000	279.000
800.000	300.000
801.000	312.000
802.000	275.000
803.000	291.000
804.000	263.000
805.000	296.000
806.000	266.000
807.000	274.000
808.000	273.000
809.000	279.000
810.000	274.000
811.000	273.000
812.000	293.000
813.000	309.000
814.000	287.000
815.000	287.000
816.000	293.000
817.000	314.000
818.000	316.000
819.000	305.000
820.000	299.000
821.000	286.000
822.000	307.000
823.000	324.000
824.000	317.000
825.000	349.000
826.000	300.000
827.000	295.000
828.000	329.000
829.000	302.000
830.000	264.000
831.000	316.000
832.000	306.000
833.000	307.000
834.000	332.000
835.000	305.000
836.000	293.000
837.000	333.000
838.000	316.000
839.000	320.000
840.000	303.000
841.000	306.000
842.000	319.000
843.000	332.000
844.000	361.000
845.000	315.000
846.000	321.000
847.000	344.000
848.000	345.000
849.000	348.000
850.000	335.000
851.000	335.000
852.000	337.000
853.000	326.000
854.000	369.000
855.000	349.000
856.000	371.000
857.000	390.000
858.000	344.000
859.000	376.000
860.000	363.000
861.000	387.000
862.000	361.000
863.000	387.000
864.000	426.000
865.000	429.000
866.000	389.000
867.000	430.000
868.000	428.000
869.000	450.000
870.000	407.000
871.000	432.000
872.000	455.000
873.000	491.000
874.000	487.000
875.000	469.000
876.000	538.000
877.000	524.000
878.000	589.000
879.000	567.000
880.000	615.000
881.000	683.000
882.000	718.000
883.000	753.000
884.000	850.000
885.000	829.000
886.000	927.000
887.000	944.000
888.000	998.000
889.000	1099.000
890.000	1162.000
891.000	1177.000
892.000	1273.000
893.000	1252.000
894.000	1356.000
895.000	1419.000
896.000	1496.000
897.000	1498.000
898.000	1522.000
899.000	1480.000
900.000	1441.000
901.000	1544.000
902.000	1503.000
903.000	1457.000
904.000	1437.000
905.000	1414.000
906.000	1372.000
907.000	1371.000
908.000	1221.000
909.000	1189.000
910.000	1206.000
911.000	1081.000
912.000	1045.000
913.000	950.000
914.000	950.000
915.000	892.000
916.000	860.000
917.000	784.000
918.000	722.000
919.000	718.000
920.000	674.000
921.000	612.000
922.000	588.000
923.000	557.000
924.000	523.000
925.000	519.000
926.000	437.000
927.000	425.000
928.000	449.000
929.000	415.000
930.000	406.000
931.000	371.000
932.000	406.000
933.000	382.000
934.000	377.000
935.000	357.000
936.000	339.000
937.000	359.000
938.000	355.000
939.000	370.000
940.000	358.000
941.000	383.000
942.000	418.000
943.000	401.000
944.000	475.000
945.000	527.000
946.000	574.000
947.000	620.000
948.000	623.000
949.000	669.000
950.000	747.000
951.000	754.000
952.000	836.000
953.000	815.000
954.000	816.000
955.000	813.000
956.000	758.000
957.000	682.000
958.000	603.000
959.000	625.000
960.000	550.000
961.000	510.000
962.000	446.000
963.000	383.000
964.000	371.000
965.000	341.000
966.000	361.000
967.000	302.000
968.000	297.000
969.000	299.000
970.000	296.000
971.000	278.000
972.000	286.000
973.000	260.000
974.000	298.000
975.000	307.000
976.000	300.000
977.000	306.000
978.000	281.000
979.000	287.000
980.000	317.000
981.000	307.000
982.000	313.000
983.000	332.000
984.000	328.000
985.000	323.000
986.000	343.000
987.000	329.000
988.000	362.000
989.000	362.000
990.000	374.000
991.000	341.000
992.000	351.000
993.000	400.000
994.000	413.000
995.000	422.000
996.000	386.000
997.000	405.000
998.000	423.000
999.000	432.000
1000.000	418.000
1001.000	424.000
1002.000	452.000
1003.000	433.000
1004.000	436.000
1005.000	403.000
1006.000	424.000
1007.000	437.000
1008.000	429.000
1009.000	449.000
1010.000	423.000
1011.000	396.000
1012.000	410.000
1013.000	423.000
1014.000	369.000
1015.000	388.000
1016.000	336.000
1017.000	362.000
1018.000	339.000
1019.000	335.000
1020.000	303.000
1021.000	294.000
1022.000	303.000
1023.000	305.000
1024.000	299.000
