Date:	8/19/2008		Time:	8:45 AM		Version no:	0.00		Project name:	55		Sample name:	222		Section name:	section		Position	104.039995	mm	E0	0.000000	keV	E1	1.000000	keV/channel	sample surface	7.624789	cm	Tube anode:	Mo		Tube voltage:	30	kV	Tube current:	50	mA	gain	20		std. database			resultfile	result		matrix element	11		sample thickness	1.000000		air passage	0.560000	cm	comments	in position		peaking_time	3.000000	m-sec	trigger_threshold	1229.166667	V	mca_bin_width	22.090000	no:	number_mca_channels	1024.000000	no:	gap_time	0.400000	m-sec	trigger_peaking_time	0.150000	m-sec	GAINDAC	9455		HIGHGAIN	1		TAURC	0		RCTAU	53		RCTAUFRAC	32768		livetime	9.661195	seconds	runtime	10.000503	seconds	input_count_rate	31.673100	cps	output_count_rate	23.543715	cps	triggers	306000	seconds	events_in_run	235449	seconds	channel	content		1.000	0.000
2.000	0.000
3.000	0.000
4.000	0.000
5.000	0.000
6.000	0.000
7.000	0.000
8.000	0.000
9.000	0.000
10.000	0.000
11.000	0.000
12.000	0.000
13.000	0.000
14.000	0.000
15.000	0.000
16.000	0.000
17.000	0.000
18.000	0.000
19.000	0.000
20.000	0.000
21.000	0.000
22.000	0.000
23.000	0.000
24.000	0.000
25.000	0.000
26.000	0.000
27.000	0.000
28.000	0.000
29.000	0.000
30.000	0.000
31.000	0.000
32.000	0.000
33.000	0.000
34.000	2.000
35.000	0.000
36.000	0.000
37.000	1.000
38.000	5.000
39.000	1.000
40.000	5.000
41.000	4.000
42.000	6.000
43.000	4.000
44.000	5.000
45.000	3.000
46.000	4.000
47.000	4.000
48.000	7.000
49.000	3.000
50.000	8.000
51.000	7.000
52.000	10.000
53.000	11.000
54.000	10.000
55.000	14.000
56.000	14.000
57.000	13.000
58.000	15.000
59.000	10.000
60.000	14.000
61.000	11.000
62.000	8.000
63.000	13.000
64.000	6.000
65.000	16.000
66.000	9.000
67.000	9.000
68.000	19.000
69.000	12.000
70.000	8.000
71.000	9.000
72.000	8.000
73.000	10.000
74.000	11.000
75.000	10.000
76.000	5.000
77.000	6.000
78.000	9.000
79.000	12.000
80.000	6.000
81.000	10.000
82.000	12.000
83.000	8.000
84.000	8.000
85.000	8.000
86.000	5.000
87.000	7.000
88.000	11.000
89.000	9.000
90.000	9.000
91.000	8.000
92.000	12.000
93.000	11.000
94.000	7.000
95.000	9.000
96.000	9.000
97.000	9.000
98.000	5.000
99.000	6.000
100.000	11.000
101.000	11.000
102.000	8.000
103.000	5.000
104.000	9.000
105.000	5.000
106.000	3.000
107.000	7.000
108.000	6.000
109.000	8.000
110.000	10.000
111.000	4.000
112.000	4.000
113.000	5.000
114.000	8.000
115.000	5.000
116.000	2.000
117.000	2.000
118.000	4.000
119.000	11.000
120.000	7.000
121.000	13.000
122.000	5.000
123.000	6.000
124.000	4.000
125.000	9.000
126.000	11.000
127.000	11.000
128.000	13.000
129.000	9.000
130.000	8.000
131.000	6.000
132.000	6.000
133.000	5.000
134.000	7.000
135.000	6.000
136.000	10.000
137.000	4.000
138.000	2.000
139.000	5.000
140.000	3.000
141.000	5.000
142.000	8.000
143.000	7.000
144.000	7.000
145.000	2.000
146.000	4.000
147.000	3.000
148.000	8.000
149.000	3.000
150.000	7.000
151.000	10.000
152.000	7.000
153.000	5.000
154.000	2.000
155.000	2.000
156.000	1.000
157.000	5.000
158.000	6.000
159.000	7.000
160.000	6.000
161.000	7.000
162.000	7.000
163.000	8.000
164.000	8.000
165.000	7.000
166.000	0.000
167.000	8.000
168.000	6.000
169.000	6.000
170.000	4.000
171.000	6.000
172.000	6.000
173.000	8.000
174.000	8.000
175.000	3.000
176.000	4.000
177.000	2.000
178.000	3.000
179.000	3.000
180.000	5.000
181.000	9.000
182.000	14.000
183.000	11.000
184.000	5.000
185.000	10.000
186.000	3.000
187.000	1.000
188.000	5.000
189.000	4.000
190.000	2.000
191.000	3.000
192.000	4.000
193.000	4.000
194.000	8.000
195.000	3.000
196.000	4.000
197.000	10.000
198.000	12.000
199.000	16.000
200.000	23.000
201.000	22.000
202.000	27.000
203.000	35.000
204.000	32.000
205.000	19.000
206.000	21.000
207.000	13.000
208.000	7.000
209.000	4.000
210.000	9.000
211.000	5.000
212.000	7.000
213.000	2.000
214.000	4.000
215.000	1.000
216.000	7.000
217.000	8.000
218.000	6.000
219.000	2.000
220.000	11.000
221.000	9.000
222.000	7.000
223.000	4.000
224.000	4.000
225.000	3.000
226.000	4.000
227.000	3.000
228.000	4.000
229.000	5.000
230.000	4.000
231.000	1.000
232.000	5.000
233.000	5.000
234.000	2.000
235.000	4.000
236.000	3.000
237.000	4.000
238.000	4.000
239.000	4.000
240.000	6.000
241.000	5.000
242.000	4.000
243.000	9.000
244.000	5.000
245.000	12.000
246.000	8.000
247.000	10.000
248.000	10.000
249.000	8.000
250.000	9.000
251.000	8.000
252.000	10.000
253.000	6.000
254.000	9.000
255.000	10.000
256.000	8.000
257.000	5.000
258.000	4.000
259.000	5.000
260.000	9.000
261.000	4.000
262.000	4.000
263.000	9.000
264.000	11.000
265.000	10.000
266.000	3.000
267.000	2.000
268.000	4.000
269.000	9.000
270.000	6.000
271.000	10.000
272.000	8.000
273.000	13.000
274.000	4.000
275.000	5.000
276.000	9.000
277.000	9.000
278.000	10.000
279.000	7.000
280.000	6.000
281.000	6.000
282.000	8.000
283.000	7.000
284.000	7.000
285.000	7.000
286.000	5.000
287.000	8.000
288.000	2.000
289.000	5.000
290.000	8.000
291.000	4.000
292.000	10.000
293.000	9.000
294.000	5.000
295.000	10.000
296.000	10.000
297.000	8.000
298.000	11.000
299.000	13.000
300.000	9.000
301.000	5.000
302.000	7.000
303.000	9.000
304.000	5.000
305.000	12.000
306.000	11.000
307.000	6.000
308.000	6.000
309.000	2.000
310.000	4.000
311.000	8.000
312.000	9.000
313.000	12.000
314.000	8.000
315.000	16.000
316.000	16.000
317.000	21.000
318.000	32.000
319.000	44.000
320.000	40.000
321.000	48.000
322.000	52.000
323.000	73.000
324.000	53.000
325.000	58.000
326.000	35.000
327.000	34.000
328.000	28.000
329.000	16.000
330.000	19.000
331.000	21.000
332.000	19.000
333.000	13.000
334.000	10.000
335.000	12.000
336.000	16.000
337.000	12.000
338.000	20.000
339.000	23.000
340.000	21.000
341.000	31.000
342.000	48.000
343.000	101.000
344.000	118.000
345.000	219.000
346.000	323.000
347.000	419.000
348.000	546.000
349.000	653.000
350.000	693.000
351.000	717.000
352.000	720.000
353.000	559.000
354.000	503.000
355.000	324.000
356.000	230.000
357.000	175.000
358.000	91.000
359.000	57.000
360.000	42.000
361.000	23.000
362.000	22.000
363.000	15.000
364.000	23.000
365.000	17.000
366.000	18.000
367.000	17.000
368.000	18.000
369.000	16.000
370.000	17.000
371.000	20.000
372.000	15.000
373.000	16.000
374.000	18.000
375.000	25.000
376.000	25.000
377.000	26.000
378.000	23.000
379.000	35.000
380.000	51.000
381.000	75.000
382.000	72.000
383.000	103.000
384.000	124.000
385.000	142.000
386.000	141.000
387.000	151.000
388.000	129.000
389.000	106.000
390.000	91.000
391.000	78.000
392.000	73.000
393.000	48.000
394.000	33.000
395.000	30.000
396.000	19.000
397.000	25.000
398.000	40.000
399.000	23.000
400.000	29.000
401.000	24.000
402.000	29.000
403.000	27.000
404.000	24.000
405.000	25.000
406.000	29.000
407.000	31.000
408.000	29.000
409.000	31.000
410.000	24.000
411.000	18.000
412.000	32.000
413.000	30.000
414.000	25.000
415.000	25.000
416.000	37.000
417.000	34.000
418.000	36.000
419.000	25.000
420.000	34.000
421.000	44.000
422.000	23.000
423.000	32.000
424.000	32.000
425.000	27.000
426.000	26.000
427.000	30.000
428.000	32.000
429.000	40.000
430.000	42.000
431.000	33.000
432.000	38.000
433.000	30.000
434.000	48.000
435.000	46.000
436.000	36.000
437.000	42.000
438.000	40.000
439.000	35.000
440.000	38.000
441.000	39.000
442.000	43.000
443.000	43.000
444.000	41.000
445.000	44.000
446.000	53.000
447.000	40.000
448.000	31.000
449.000	36.000
450.000	40.000
451.000	61.000
452.000	38.000
453.000	48.000
454.000	37.000
455.000	51.000
456.000	35.000
457.000	44.000
458.000	61.000
459.000	52.000
460.000	58.000
461.000	55.000
462.000	62.000
463.000	48.000
464.000	41.000
465.000	56.000
466.000	46.000
467.000	58.000
468.000	44.000
469.000	57.000
470.000	55.000
471.000	59.000
472.000	52.000
473.000	59.000
474.000	67.000
475.000	64.000
476.000	66.000
477.000	57.000
478.000	54.000
479.000	60.000
480.000	62.000
481.000	62.000
482.000	60.000
483.000	64.000
484.000	57.000
485.000	63.000
486.000	57.000
487.000	62.000
488.000	59.000
489.000	65.000
490.000	69.000
491.000	53.000
492.000	49.000
493.000	59.000
494.000	70.000
495.000	79.000
496.000	74.000
497.000	70.000
498.000	62.000
499.000	69.000
500.000	67.000
501.000	75.000
502.000	83.000
503.000	73.000
504.000	93.000
505.000	72.000
506.000	89.000
507.000	83.000
508.000	67.000
509.000	68.000
510.000	90.000
511.000	73.000
512.000	83.000
513.000	94.000
514.000	73.000
515.000	89.000
516.000	93.000
517.000	95.000
518.000	84.000
519.000	102.000
520.000	89.000
521.000	91.000
522.000	96.000
523.000	100.000
524.000	87.000
525.000	87.000
526.000	106.000
527.000	81.000
528.000	85.000
529.000	94.000
530.000	85.000
531.000	114.000
532.000	88.000
533.000	95.000
534.000	91.000
535.000	100.000
536.000	105.000
537.000	102.000
538.000	112.000
539.000	101.000
540.000	106.000
541.000	97.000
542.000	120.000
543.000	97.000
544.000	116.000
545.000	100.000
546.000	110.000
547.000	71.000
548.000	111.000
549.000	124.000
550.000	112.000
551.000	108.000
552.000	119.000
553.000	120.000
554.000	117.000
555.000	123.000
556.000	107.000
557.000	113.000
558.000	125.000
559.000	110.000
560.000	105.000
561.000	119.000
562.000	118.000
563.000	115.000
564.000	121.000
565.000	122.000
566.000	132.000
567.000	116.000
568.000	132.000
569.000	127.000
570.000	128.000
571.000	143.000
572.000	144.000
573.000	139.000
574.000	108.000
575.000	159.000
576.000	132.000
577.000	129.000
578.000	137.000
579.000	131.000
580.000	133.000
581.000	134.000
582.000	144.000
583.000	157.000
584.000	158.000
585.000	140.000
586.000	154.000
587.000	152.000
588.000	157.000
589.000	136.000
590.000	161.000
591.000	136.000
592.000	136.000
593.000	134.000
594.000	142.000
595.000	174.000
596.000	158.000
597.000	138.000
598.000	155.000
599.000	144.000
600.000	154.000
601.000	156.000
602.000	171.000
603.000	152.000
604.000	147.000
605.000	164.000
606.000	174.000
607.000	149.000
608.000	165.000
609.000	172.000
610.000	144.000
611.000	160.000
612.000	144.000
613.000	150.000
614.000	156.000
615.000	183.000
616.000	142.000
617.000	152.000
618.000	181.000
619.000	192.000
620.000	182.000
621.000	166.000
622.000	180.000
623.000	179.000
624.000	183.000
625.000	198.000
626.000	165.000
627.000	183.000
628.000	172.000
629.000	196.000
630.000	167.000
631.000	176.000
632.000	187.000
633.000	191.000
634.000	193.000
635.000	188.000
636.000	174.000
637.000	188.000
638.000	165.000
639.000	207.000
640.000	182.000
641.000	219.000
642.000	206.000
643.000	186.000
644.000	210.000
645.000	210.000
646.000	184.000
647.000	184.000
648.000	213.000
649.000	222.000
650.000	231.000
651.000	205.000
652.000	200.000
653.000	208.000
654.000	195.000
655.000	213.000
656.000	191.000
657.000	210.000
658.000	217.000
659.000	220.000
660.000	226.000
661.000	217.000
662.000	215.000
663.000	200.000
664.000	235.000
665.000	225.000
666.000	218.000
667.000	206.000
668.000	219.000
669.000	216.000
670.000	202.000
671.000	227.000
672.000	227.000
673.000	224.000
674.000	240.000
675.000	244.000
676.000	217.000
677.000	214.000
678.000	215.000
679.000	203.000
680.000	225.000
681.000	232.000
682.000	221.000
683.000	201.000
684.000	226.000
685.000	220.000
686.000	211.000
687.000	221.000
688.000	243.000
689.000	211.000
690.000	269.000
691.000	218.000
692.000	234.000
693.000	217.000
694.000	228.000
695.000	209.000
696.000	244.000
697.000	233.000
698.000	230.000
699.000	250.000
700.000	238.000
701.000	255.000
702.000	254.000
703.000	246.000
704.000	246.000
705.000	249.000
706.000	246.000
707.000	253.000
708.000	255.000
709.000	278.000
710.000	228.000
711.000	213.000
712.000	249.000
713.000	243.000
714.000	281.000
715.000	263.000
716.000	252.000
717.000	259.000
718.000	266.000
719.000	222.000
720.000	262.000
721.000	278.000
722.000	257.000
723.000	256.000
724.000	286.000
725.000	252.000
726.000	241.000
727.000	275.000
728.000	268.000
729.000	304.000
730.000	271.000
731.000	298.000
732.000	258.000
733.000	265.000
734.000	246.000
735.000	267.000
736.000	287.000
737.000	259.000
738.000	273.000
739.000	286.000
740.000	284.000
741.000	237.000
742.000	278.000
743.000	265.000
744.000	276.000
745.000	278.000
746.000	286.000
747.000	286.000
748.000	295.000
749.000	272.000
750.000	328.000
751.000	289.000
752.000	311.000
753.000	264.000
754.000	284.000
755.000	286.000
756.000	289.000
757.000	290.000
758.000	257.000
759.000	267.000
760.000	301.000
761.000	296.000
762.000	298.000
763.000	277.000
764.000	294.000
765.000	313.000
766.000	315.000
767.000	298.000
768.000	330.000
769.000	307.000
770.000	297.000
771.000	334.000
772.000	292.000
773.000	326.000
774.000	301.000
775.000	279.000
776.000	306.000
777.000	288.000
778.000	297.000
779.000	315.000
780.000	296.000
781.000	301.000
782.000	309.000
783.000	303.000
784.000	307.000
785.000	285.000
786.000	277.000
787.000	260.000
788.000	291.000
789.000	307.000
790.000	295.000
791.000	309.000
792.000	348.000
793.000	294.000
794.000	316.000
795.000	308.000
796.000	315.000
797.000	325.000
798.000	279.000
799.000	293.000
800.000	304.000
801.000	283.000
802.000	294.000
803.000	288.000
804.000	303.000
805.000	305.000
806.000	330.000
807.000	294.000
808.000	336.000
809.000	292.000
810.000	273.000
811.000	283.000
812.000	323.000
813.000	322.000
814.000	306.000
815.000	329.000
816.000	311.000
817.000	331.000
818.000	336.000
819.000	306.000
820.000	336.000
821.000	289.000
822.000	298.000
823.000	321.000
824.000	310.000
825.000	324.000
826.000	314.000
827.000	303.000
828.000	332.000
829.000	345.000
830.000	310.000
831.000	303.000
832.000	321.000
833.000	305.000
834.000	331.000
835.000	310.000
836.000	332.000
837.000	330.000
838.000	319.000
839.000	360.000
840.000	357.000
841.000	318.000
842.000	330.000
843.000	356.000
844.000	344.000
845.000	300.000
846.000	334.000
847.000	354.000
848.000	369.000
849.000	366.000
850.000	336.000
851.000	336.000
852.000	381.000
853.000	354.000
854.000	363.000
855.000	390.000
856.000	380.000
857.000	395.000
858.000	374.000
859.000	411.000
860.000	397.000
861.000	412.000
862.000	417.000
863.000	429.000
864.000	429.000
865.000	444.000
866.000	449.000
867.000	449.000
868.000	472.000
869.000	445.000
870.000	441.000
871.000	553.000
872.000	489.000
873.000	496.000
874.000	497.000
875.000	519.000
876.000	552.000
877.000	573.000
878.000	579.000
879.000	582.000
880.000	646.000
881.000	699.000
882.000	762.000
883.000	781.000
884.000	856.000
885.000	851.000
886.000	983.000
887.000	1023.000
888.000	1107.000
889.000	1152.000
890.000	1172.000
891.000	1333.000
892.000	1309.000
893.000	1355.000
894.000	1423.000
895.000	1451.000
896.000	1509.000
897.000	1563.000
898.000	1640.000
899.000	1592.000
900.000	1657.000
901.000	1607.000
902.000	1535.000
903.000	1640.000
904.000	1491.000
905.000	1498.000
906.000	1455.000
907.000	1347.000
908.000	1365.000
909.000	1348.000
910.000	1220.000
911.000	1119.000
912.000	1109.000
913.000	1075.000
914.000	980.000
915.000	947.000
916.000	836.000
917.000	869.000
918.000	787.000
919.000	697.000
920.000	645.000
921.000	634.000
922.000	606.000
923.000	536.000
924.000	572.000
925.000	526.000
926.000	492.000
927.000	517.000
928.000	470.000
929.000	464.000
930.000	445.000
931.000	428.000
932.000	419.000
933.000	412.000
934.000	421.000
935.000	380.000
936.000	375.000
937.000	360.000
938.000	395.000
939.000	364.000
940.000	352.000
941.000	401.000
942.000	440.000
943.000	464.000
944.000	480.000
945.000	577.000
946.000	613.000
947.000	616.000
948.000	688.000
949.000	725.000
950.000	763.000
951.000	827.000
952.000	776.000
953.000	811.000
954.000	856.000
955.000	799.000
956.000	735.000
957.000	777.000
958.000	678.000
959.000	658.000
960.000	555.000
961.000	505.000
962.000	463.000
963.000	450.000
964.000	392.000
965.000	363.000
966.000	361.000
967.000	315.000
968.000	348.000
969.000	309.000
970.000	299.000
971.000	302.000
972.000	306.000
973.000	301.000
974.000	304.000
975.000	325.000
976.000	334.000
977.000	324.000
978.000	298.000
979.000	344.000
980.000	290.000
981.000	336.000
982.000	309.000
983.000	310.000
984.000	338.000
985.000	307.000
986.000	336.000
987.000	353.000
988.000	351.000
989.000	374.000
990.000	360.000
991.000	383.000
992.000	416.000
993.000	405.000
994.000	393.000
995.000	426.000
996.000	424.000
997.000	433.000
998.000	418.000
999.000	457.000
1000.000	522.000
1001.000	467.000
1002.000	473.000
1003.000	464.000
1004.000	471.000
1005.000	490.000
1006.000	471.000
1007.000	479.000
1008.000	463.000
1009.000	477.000
1010.000	444.000
1011.000	447.000
1012.000	410.000
1013.000	411.000
1014.000	374.000
1015.000	395.000
1016.000	388.000
1017.000	315.000
1018.000	356.000
1019.000	316.000
1020.000	293.000
1021.000	322.000
1022.000	311.000
1023.000	308.000
1024.000	319.000
