Date:	8/19/2008		Time:	9:28 AM		Version no:	0.00		Project name:	55		Sample name:	222		Section name:	section		Position	558.039995	mm	E0	0.000000	keV	E1	1.000000	keV/channel	sample surface	7.754782	cm	Tube anode:	Mo		Tube voltage:	30	kV	Tube current:	50	mA	gain	20		std. database			resultfile	result		matrix element	11		sample thickness	1.000000		air passage	0.560000	cm	comments	not in position		peaking_time	3.000000	m-sec	trigger_threshold	1229.166667	V	mca_bin_width	22.090000	no:	number_mca_channels	1024.000000	no:	gap_time	0.400000	m-sec	trigger_peaking_time	0.150000	m-sec	GAINDAC	9455		HIGHGAIN	1		TAURC	0		RCTAU	53		RCTAUFRAC	32768		livetime	9.714046	seconds	runtime	10.000502	seconds	input_count_rate	27.239730	cps	output_count_rate	20.918449	cps	triggers	264608	seconds	events_in_run	209195	seconds	channel	content		1.000	0.000
2.000	0.000
3.000	0.000
4.000	0.000
5.000	0.000
6.000	0.000
7.000	0.000
8.000	0.000
9.000	0.000
10.000	0.000
11.000	0.000
12.000	0.000
13.000	0.000
14.000	0.000
15.000	0.000
16.000	0.000
17.000	0.000
18.000	0.000
19.000	0.000
20.000	0.000
21.000	0.000
22.000	0.000
23.000	0.000
24.000	0.000
25.000	0.000
26.000	0.000
27.000	0.000
28.000	0.000
29.000	0.000
30.000	0.000
31.000	0.000
32.000	1.000
33.000	1.000
34.000	1.000
35.000	1.000
36.000	1.000
37.000	0.000
38.000	2.000
39.000	3.000
40.000	3.000
41.000	3.000
42.000	3.000
43.000	7.000
44.000	4.000
45.000	2.000
46.000	4.000
47.000	4.000
48.000	5.000
49.000	7.000
50.000	8.000
51.000	5.000
52.000	4.000
53.000	6.000
54.000	9.000
55.000	15.000
56.000	12.000
57.000	3.000
58.000	8.000
59.000	14.000
60.000	10.000
61.000	12.000
62.000	13.000
63.000	13.000
64.000	5.000
65.000	11.000
66.000	8.000
67.000	7.000
68.000	8.000
69.000	7.000
70.000	9.000
71.000	17.000
72.000	12.000
73.000	11.000
74.000	9.000
75.000	9.000
76.000	11.000
77.000	11.000
78.000	9.000
79.000	9.000
80.000	8.000
81.000	2.000
82.000	7.000
83.000	8.000
84.000	8.000
85.000	10.000
86.000	2.000
87.000	4.000
88.000	8.000
89.000	7.000
90.000	4.000
91.000	2.000
92.000	4.000
93.000	6.000
94.000	10.000
95.000	3.000
96.000	8.000
97.000	6.000
98.000	7.000
99.000	8.000
100.000	9.000
101.000	5.000
102.000	8.000
103.000	9.000
104.000	6.000
105.000	7.000
106.000	8.000
107.000	9.000
108.000	9.000
109.000	7.000
110.000	6.000
111.000	6.000
112.000	4.000
113.000	4.000
114.000	6.000
115.000	9.000
116.000	7.000
117.000	6.000
118.000	4.000
119.000	5.000
120.000	7.000
121.000	8.000
122.000	10.000
123.000	9.000
124.000	16.000
125.000	6.000
126.000	16.000
127.000	11.000
128.000	5.000
129.000	9.000
130.000	1.000
131.000	10.000
132.000	6.000
133.000	11.000
134.000	8.000
135.000	4.000
136.000	4.000
137.000	7.000
138.000	5.000
139.000	6.000
140.000	3.000
141.000	6.000
142.000	5.000
143.000	3.000
144.000	5.000
145.000	3.000
146.000	8.000
147.000	2.000
148.000	2.000
149.000	2.000
150.000	3.000
151.000	0.000
152.000	5.000
153.000	6.000
154.000	3.000
155.000	4.000
156.000	6.000
157.000	4.000
158.000	6.000
159.000	6.000
160.000	13.000
161.000	15.000
162.000	13.000
163.000	13.000
164.000	15.000
165.000	13.000
166.000	3.000
167.000	9.000
168.000	3.000
169.000	3.000
170.000	2.000
171.000	2.000
172.000	1.000
173.000	5.000
174.000	5.000
175.000	6.000
176.000	3.000
177.000	7.000
178.000	7.000
179.000	6.000
180.000	10.000
181.000	8.000
182.000	5.000
183.000	7.000
184.000	7.000
185.000	2.000
186.000	3.000
187.000	4.000
188.000	3.000
189.000	3.000
190.000	4.000
191.000	4.000
192.000	6.000
193.000	4.000
194.000	3.000
195.000	2.000
196.000	11.000
197.000	9.000
198.000	5.000
199.000	8.000
200.000	14.000
201.000	18.000
202.000	29.000
203.000	16.000
204.000	16.000
205.000	17.000
206.000	8.000
207.000	7.000
208.000	3.000
209.000	5.000
210.000	1.000
211.000	4.000
212.000	1.000
213.000	4.000
214.000	3.000
215.000	3.000
216.000	6.000
217.000	4.000
218.000	7.000
219.000	8.000
220.000	6.000
221.000	4.000
222.000	6.000
223.000	4.000
224.000	8.000
225.000	6.000
226.000	2.000
227.000	5.000
228.000	1.000
229.000	4.000
230.000	3.000
231.000	2.000
232.000	1.000
233.000	7.000
234.000	3.000
235.000	2.000
236.000	1.000
237.000	6.000
238.000	6.000
239.000	3.000
240.000	7.000
241.000	2.000
242.000	4.000
243.000	4.000
244.000	6.000
245.000	5.000
246.000	10.000
247.000	8.000
248.000	5.000
249.000	12.000
250.000	6.000
251.000	4.000
252.000	6.000
253.000	10.000
254.000	6.000
255.000	2.000
256.000	9.000
257.000	10.000
258.000	7.000
259.000	4.000
260.000	8.000
261.000	3.000
262.000	1.000
263.000	4.000
264.000	1.000
265.000	6.000
266.000	8.000
267.000	4.000
268.000	8.000
269.000	2.000
270.000	5.000
271.000	9.000
272.000	9.000
273.000	9.000
274.000	5.000
275.000	4.000
276.000	6.000
277.000	4.000
278.000	6.000
279.000	8.000
280.000	2.000
281.000	7.000
282.000	3.000
283.000	8.000
284.000	5.000
285.000	6.000
286.000	4.000
287.000	4.000
288.000	10.000
289.000	8.000
290.000	5.000
291.000	6.000
292.000	3.000
293.000	12.000
294.000	10.000
295.000	6.000
296.000	7.000
297.000	3.000
298.000	7.000
299.000	9.000
300.000	7.000
301.000	7.000
302.000	6.000
303.000	8.000
304.000	8.000
305.000	2.000
306.000	9.000
307.000	9.000
308.000	8.000
309.000	6.000
310.000	5.000
311.000	3.000
312.000	5.000
313.000	9.000
314.000	10.000
315.000	7.000
316.000	8.000
317.000	14.000
318.000	24.000
319.000	30.000
320.000	40.000
321.000	40.000
322.000	43.000
323.000	52.000
324.000	49.000
325.000	46.000
326.000	35.000
327.000	35.000
328.000	28.000
329.000	20.000
330.000	18.000
331.000	12.000
332.000	10.000
333.000	6.000
334.000	5.000
335.000	8.000
336.000	11.000
337.000	9.000
338.000	14.000
339.000	11.000
340.000	21.000
341.000	29.000
342.000	36.000
343.000	73.000
344.000	103.000
345.000	168.000
346.000	299.000
347.000	347.000
348.000	480.000
349.000	532.000
350.000	605.000
351.000	654.000
352.000	589.000
353.000	499.000
354.000	384.000
355.000	303.000
356.000	227.000
357.000	151.000
358.000	84.000
359.000	51.000
360.000	30.000
361.000	20.000
362.000	18.000
363.000	11.000
364.000	16.000
365.000	11.000
366.000	13.000
367.000	15.000
368.000	12.000
369.000	16.000
370.000	17.000
371.000	11.000
372.000	13.000
373.000	22.000
374.000	23.000
375.000	20.000
376.000	20.000
377.000	18.000
378.000	29.000
379.000	36.000
380.000	37.000
381.000	50.000
382.000	64.000
383.000	96.000
384.000	96.000
385.000	118.000
386.000	106.000
387.000	104.000
388.000	110.000
389.000	89.000
390.000	84.000
391.000	56.000
392.000	40.000
393.000	37.000
394.000	42.000
395.000	18.000
396.000	32.000
397.000	15.000
398.000	27.000
399.000	21.000
400.000	17.000
401.000	17.000
402.000	10.000
403.000	22.000
404.000	16.000
405.000	15.000
406.000	22.000
407.000	23.000
408.000	16.000
409.000	23.000
410.000	23.000
411.000	33.000
412.000	23.000
413.000	30.000
414.000	29.000
415.000	28.000
416.000	23.000
417.000	25.000
418.000	15.000
419.000	17.000
420.000	23.000
421.000	20.000
422.000	22.000
423.000	28.000
424.000	23.000
425.000	23.000
426.000	26.000
427.000	25.000
428.000	32.000
429.000	26.000
430.000	33.000
431.000	26.000
432.000	24.000
433.000	29.000
434.000	39.000
435.000	24.000
436.000	31.000
437.000	33.000
438.000	30.000
439.000	28.000
440.000	46.000
441.000	26.000
442.000	29.000
443.000	25.000
444.000	36.000
445.000	36.000
446.000	40.000
447.000	27.000
448.000	35.000
449.000	42.000
450.000	32.000
451.000	33.000
452.000	29.000
453.000	43.000
454.000	37.000
455.000	36.000
456.000	42.000
457.000	42.000
458.000	40.000
459.000	33.000
460.000	48.000
461.000	38.000
462.000	42.000
463.000	49.000
464.000	35.000
465.000	44.000
466.000	43.000
467.000	31.000
468.000	50.000
469.000	44.000
470.000	48.000
471.000	44.000
472.000	42.000
473.000	54.000
474.000	52.000
475.000	52.000
476.000	39.000
477.000	39.000
478.000	49.000
479.000	55.000
480.000	41.000
481.000	37.000
482.000	39.000
483.000	40.000
484.000	58.000
485.000	38.000
486.000	55.000
487.000	53.000
488.000	30.000
489.000	47.000
490.000	62.000
491.000	40.000
492.000	58.000
493.000	46.000
494.000	47.000
495.000	55.000
496.000	47.000
497.000	58.000
498.000	46.000
499.000	53.000
500.000	70.000
501.000	58.000
502.000	58.000
503.000	58.000
504.000	61.000
505.000	63.000
506.000	56.000
507.000	65.000
508.000	63.000
509.000	54.000
510.000	68.000
511.000	81.000
512.000	48.000
513.000	74.000
514.000	60.000
515.000	63.000
516.000	62.000
517.000	74.000
518.000	61.000
519.000	65.000
520.000	74.000
521.000	83.000
522.000	70.000
523.000	73.000
524.000	69.000
525.000	76.000
526.000	88.000
527.000	81.000
528.000	75.000
529.000	86.000
530.000	79.000
531.000	77.000
532.000	69.000
533.000	76.000
534.000	66.000
535.000	65.000
536.000	83.000
537.000	69.000
538.000	72.000
539.000	77.000
540.000	74.000
541.000	96.000
542.000	79.000
543.000	81.000
544.000	85.000
545.000	78.000
546.000	84.000
547.000	85.000
548.000	89.000
549.000	64.000
550.000	82.000
551.000	87.000
552.000	93.000
553.000	103.000
554.000	90.000
555.000	76.000
556.000	73.000
557.000	97.000
558.000	79.000
559.000	92.000
560.000	89.000
561.000	97.000
562.000	85.000
563.000	101.000
564.000	89.000
565.000	82.000
566.000	100.000
567.000	109.000
568.000	87.000
569.000	88.000
570.000	86.000
571.000	90.000
572.000	91.000
573.000	101.000
574.000	101.000
575.000	96.000
576.000	83.000
577.000	80.000
578.000	106.000
579.000	116.000
580.000	108.000
581.000	121.000
582.000	96.000
583.000	101.000
584.000	125.000
585.000	93.000
586.000	99.000
587.000	126.000
588.000	123.000
589.000	103.000
590.000	119.000
591.000	109.000
592.000	126.000
593.000	118.000
594.000	141.000
595.000	114.000
596.000	117.000
597.000	109.000
598.000	106.000
599.000	119.000
600.000	117.000
601.000	122.000
602.000	140.000
603.000	108.000
604.000	126.000
605.000	123.000
606.000	126.000
607.000	106.000
608.000	125.000
609.000	148.000
610.000	117.000
611.000	127.000
612.000	141.000
613.000	143.000
614.000	139.000
615.000	142.000
616.000	120.000
617.000	130.000
618.000	129.000
619.000	133.000
620.000	127.000
621.000	142.000
622.000	155.000
623.000	117.000
624.000	141.000
625.000	128.000
626.000	154.000
627.000	159.000
628.000	141.000
629.000	137.000
630.000	161.000
631.000	142.000
632.000	128.000
633.000	143.000
634.000	139.000
635.000	146.000
636.000	155.000
637.000	157.000
638.000	149.000
639.000	157.000
640.000	151.000
641.000	169.000
642.000	152.000
643.000	145.000
644.000	156.000
645.000	169.000
646.000	185.000
647.000	159.000
648.000	146.000
649.000	175.000
650.000	158.000
651.000	174.000
652.000	158.000
653.000	162.000
654.000	162.000
655.000	153.000
656.000	151.000
657.000	167.000
658.000	196.000
659.000	185.000
660.000	164.000
661.000	160.000
662.000	147.000
663.000	179.000
664.000	174.000
665.000	158.000
666.000	166.000
667.000	165.000
668.000	148.000
669.000	182.000
670.000	172.000
671.000	146.000
672.000	189.000
673.000	148.000
674.000	175.000
675.000	183.000
676.000	173.000
677.000	189.000
678.000	176.000
679.000	157.000
680.000	184.000
681.000	176.000
682.000	189.000
683.000	198.000
684.000	211.000
685.000	173.000
686.000	202.000
687.000	209.000
688.000	175.000
689.000	162.000
690.000	177.000
691.000	187.000
692.000	208.000
693.000	191.000
694.000	185.000
695.000	176.000
696.000	201.000
697.000	193.000
698.000	194.000
699.000	199.000
700.000	198.000
701.000	226.000
702.000	220.000
703.000	207.000
704.000	181.000
705.000	194.000
706.000	177.000
707.000	223.000
708.000	186.000
709.000	199.000
710.000	217.000
711.000	221.000
712.000	211.000
713.000	243.000
714.000	187.000
715.000	183.000
716.000	209.000
717.000	218.000
718.000	228.000
719.000	183.000
720.000	224.000
721.000	208.000
722.000	227.000
723.000	202.000
724.000	227.000
725.000	226.000
726.000	217.000
727.000	204.000
728.000	208.000
729.000	195.000
730.000	193.000
731.000	224.000
732.000	231.000
733.000	244.000
734.000	210.000
735.000	240.000
736.000	245.000
737.000	230.000
738.000	239.000
739.000	248.000
740.000	237.000
741.000	246.000
742.000	255.000
743.000	210.000
744.000	226.000
745.000	247.000
746.000	243.000
747.000	231.000
748.000	243.000
749.000	229.000
750.000	238.000
751.000	225.000
752.000	203.000
753.000	244.000
754.000	255.000
755.000	217.000
756.000	224.000
757.000	256.000
758.000	219.000
759.000	224.000
760.000	224.000
761.000	245.000
762.000	254.000
763.000	244.000
764.000	256.000
765.000	263.000
766.000	258.000
767.000	280.000
768.000	245.000
769.000	276.000
770.000	277.000
771.000	263.000
772.000	270.000
773.000	267.000
774.000	275.000
775.000	257.000
776.000	256.000
777.000	254.000
778.000	291.000
779.000	277.000
780.000	250.000
781.000	278.000
782.000	253.000
783.000	266.000
784.000	283.000
785.000	230.000
786.000	262.000
787.000	222.000
788.000	254.000
789.000	254.000
790.000	267.000
791.000	258.000
792.000	262.000
793.000	261.000
794.000	283.000
795.000	245.000
796.000	264.000
797.000	261.000
798.000	282.000
799.000	264.000
800.000	295.000
801.000	259.000
802.000	276.000
803.000	277.000
804.000	274.000
805.000	236.000
806.000	334.000
807.000	271.000
808.000	265.000
809.000	296.000
810.000	278.000
811.000	253.000
812.000	240.000
813.000	257.000
814.000	295.000
815.000	262.000
816.000	271.000
817.000	280.000
818.000	284.000
819.000	277.000
820.000	286.000
821.000	304.000
822.000	266.000
823.000	296.000
824.000	283.000
825.000	281.000
826.000	276.000
827.000	277.000
828.000	315.000
829.000	313.000
830.000	316.000
831.000	306.000
832.000	256.000
833.000	295.000
834.000	255.000
835.000	298.000
836.000	281.000
837.000	269.000
838.000	298.000
839.000	285.000
840.000	297.000
841.000	319.000
842.000	311.000
843.000	317.000
844.000	332.000
845.000	332.000
846.000	302.000
847.000	320.000
848.000	335.000
849.000	335.000
850.000	325.000
851.000	341.000
852.000	298.000
853.000	351.000
854.000	325.000
855.000	368.000
856.000	349.000
857.000	330.000
858.000	380.000
859.000	372.000
860.000	386.000
861.000	359.000
862.000	406.000
863.000	361.000
864.000	377.000
865.000	399.000
866.000	381.000
867.000	459.000
868.000	422.000
869.000	431.000
870.000	442.000
871.000	430.000
872.000	411.000
873.000	476.000
874.000	510.000
875.000	468.000
876.000	507.000
877.000	577.000
878.000	545.000
879.000	584.000
880.000	695.000
881.000	662.000
882.000	696.000
883.000	714.000
884.000	788.000
885.000	864.000
886.000	826.000
887.000	931.000
888.000	1038.000
889.000	1003.000
890.000	1108.000
891.000	1163.000
892.000	1166.000
893.000	1253.000
894.000	1313.000
895.000	1294.000
896.000	1386.000
897.000	1428.000
898.000	1437.000
899.000	1473.000
900.000	1290.000
901.000	1511.000
902.000	1449.000
903.000	1382.000
904.000	1392.000
905.000	1360.000
906.000	1386.000
907.000	1280.000
908.000	1115.000
909.000	1118.000
910.000	1138.000
911.000	1117.000
912.000	1046.000
913.000	964.000
914.000	918.000
915.000	876.000
916.000	807.000
917.000	745.000
918.000	770.000
919.000	665.000
920.000	599.000
921.000	598.000
922.000	523.000
923.000	504.000
924.000	485.000
925.000	481.000
926.000	447.000
927.000	422.000
928.000	416.000
929.000	464.000
930.000	405.000
931.000	354.000
932.000	373.000
933.000	368.000
934.000	362.000
935.000	340.000
936.000	354.000
937.000	377.000
938.000	379.000
939.000	345.000
940.000	365.000
941.000	382.000
942.000	411.000
943.000	413.000
944.000	436.000
945.000	551.000
946.000	544.000
947.000	569.000
948.000	636.000
949.000	674.000
950.000	694.000
951.000	717.000
952.000	744.000
953.000	764.000
954.000	755.000
955.000	750.000
956.000	743.000
957.000	676.000
958.000	713.000
959.000	555.000
960.000	528.000
961.000	485.000
962.000	421.000
963.000	369.000
964.000	392.000
965.000	336.000
966.000	318.000
967.000	305.000
968.000	283.000
969.000	294.000
970.000	269.000
971.000	288.000
972.000	296.000
973.000	267.000
974.000	270.000
975.000	284.000
976.000	270.000
977.000	250.000
978.000	316.000
979.000	290.000
980.000	302.000
981.000	311.000
982.000	354.000
983.000	315.000
984.000	320.000
985.000	333.000
986.000	338.000
987.000	334.000
988.000	355.000
989.000	331.000
990.000	352.000
991.000	386.000
992.000	346.000
993.000	374.000
994.000	398.000
995.000	390.000
996.000	388.000
997.000	425.000
998.000	463.000
999.000	435.000
1000.000	425.000
1001.000	420.000
1002.000	430.000
1003.000	433.000
1004.000	427.000
1005.000	427.000
1006.000	444.000
1007.000	443.000
1008.000	444.000
1009.000	394.000
1010.000	412.000
1011.000	393.000
1012.000	388.000
1013.000	378.000
1014.000	364.000
1015.000	358.000
1016.000	341.000
1017.000	354.000
1018.000	355.000
1019.000	330.000
1020.000	320.000
1021.000	274.000
1022.000	302.000
1023.000	293.000
1024.000	260.000
