Date:	8/19/2008		Time:	8:54 AM		Version no:	0.00		Project name:	55		Sample name:	222		Section name:	section		Position	198.039995	mm	E0	0.000000	keV	E1	1.000000	keV/channel	sample surface	7.623423	cm	Tube anode:	Mo		Tube voltage:	30	kV	Tube current:	50	mA	gain	20		std. database			resultfile	result		matrix element	11		sample thickness	1.000000		air passage	0.560000	cm	comments	not in position		peaking_time	3.000000	m-sec	trigger_threshold	1229.166667	V	mca_bin_width	22.090000	no:	number_mca_channels	1024.000000	no:	gap_time	0.400000	m-sec	trigger_peaking_time	0.150000	m-sec	GAINDAC	9455		HIGHGAIN	1		TAURC	0		RCTAU	53		RCTAUFRAC	32768		livetime	9.672458	seconds	runtime	10.000503	seconds	input_count_rate	30.367254	cps	output_count_rate	22.771854	cps	triggers	293726	seconds	events_in_run	227730	seconds	channel	content		1.000	0.000
2.000	0.000
3.000	0.000
4.000	0.000
5.000	0.000
6.000	0.000
7.000	0.000
8.000	0.000
9.000	0.000
10.000	0.000
11.000	0.000
12.000	0.000
13.000	0.000
14.000	0.000
15.000	0.000
16.000	0.000
17.000	0.000
18.000	0.000
19.000	0.000
20.000	0.000
21.000	0.000
22.000	0.000
23.000	0.000
24.000	0.000
25.000	0.000
26.000	0.000
27.000	0.000
28.000	0.000
29.000	0.000
30.000	0.000
31.000	0.000
32.000	1.000
33.000	2.000
34.000	0.000
35.000	3.000
36.000	2.000
37.000	2.000
38.000	4.000
39.000	1.000
40.000	3.000
41.000	2.000
42.000	1.000
43.000	1.000
44.000	4.000
45.000	4.000
46.000	5.000
47.000	4.000
48.000	4.000
49.000	10.000
50.000	3.000
51.000	7.000
52.000	10.000
53.000	10.000
54.000	11.000
55.000	8.000
56.000	11.000
57.000	6.000
58.000	6.000
59.000	12.000
60.000	14.000
61.000	11.000
62.000	7.000
63.000	10.000
64.000	9.000
65.000	9.000
66.000	12.000
67.000	13.000
68.000	15.000
69.000	3.000
70.000	6.000
71.000	7.000
72.000	9.000
73.000	12.000
74.000	2.000
75.000	7.000
76.000	9.000
77.000	4.000
78.000	6.000
79.000	7.000
80.000	9.000
81.000	11.000
82.000	13.000
83.000	9.000
84.000	16.000
85.000	6.000
86.000	8.000
87.000	7.000
88.000	4.000
89.000	7.000
90.000	5.000
91.000	6.000
92.000	17.000
93.000	7.000
94.000	8.000
95.000	7.000
96.000	14.000
97.000	8.000
98.000	3.000
99.000	4.000
100.000	8.000
101.000	7.000
102.000	7.000
103.000	7.000
104.000	5.000
105.000	6.000
106.000	1.000
107.000	4.000
108.000	5.000
109.000	5.000
110.000	7.000
111.000	12.000
112.000	7.000
113.000	3.000
114.000	5.000
115.000	6.000
116.000	7.000
117.000	6.000
118.000	8.000
119.000	3.000
120.000	7.000
121.000	4.000
122.000	6.000
123.000	10.000
124.000	7.000
125.000	7.000
126.000	9.000
127.000	9.000
128.000	8.000
129.000	12.000
130.000	8.000
131.000	5.000
132.000	7.000
133.000	10.000
134.000	6.000
135.000	4.000
136.000	9.000
137.000	5.000
138.000	9.000
139.000	3.000
140.000	8.000
141.000	6.000
142.000	2.000
143.000	2.000
144.000	1.000
145.000	7.000
146.000	3.000
147.000	6.000
148.000	7.000
149.000	3.000
150.000	5.000
151.000	5.000
152.000	2.000
153.000	3.000
154.000	5.000
155.000	2.000
156.000	7.000
157.000	6.000
158.000	11.000
159.000	8.000
160.000	3.000
161.000	14.000
162.000	7.000
163.000	10.000
164.000	7.000
165.000	1.000
166.000	7.000
167.000	11.000
168.000	5.000
169.000	8.000
170.000	7.000
171.000	6.000
172.000	3.000
173.000	4.000
174.000	3.000
175.000	3.000
176.000	3.000
177.000	10.000
178.000	3.000
179.000	6.000
180.000	8.000
181.000	9.000
182.000	6.000
183.000	7.000
184.000	4.000
185.000	5.000
186.000	6.000
187.000	4.000
188.000	4.000
189.000	1.000
190.000	4.000
191.000	1.000
192.000	3.000
193.000	5.000
194.000	4.000
195.000	4.000
196.000	2.000
197.000	8.000
198.000	8.000
199.000	7.000
200.000	15.000
201.000	16.000
202.000	24.000
203.000	31.000
204.000	23.000
205.000	12.000
206.000	13.000
207.000	11.000
208.000	9.000
209.000	2.000
210.000	2.000
211.000	3.000
212.000	5.000
213.000	6.000
214.000	6.000
215.000	3.000
216.000	4.000
217.000	6.000
218.000	10.000
219.000	4.000
220.000	9.000
221.000	7.000
222.000	4.000
223.000	10.000
224.000	6.000
225.000	4.000
226.000	8.000
227.000	3.000
228.000	3.000
229.000	4.000
230.000	2.000
231.000	7.000
232.000	5.000
233.000	5.000
234.000	2.000
235.000	4.000
236.000	4.000
237.000	4.000
238.000	6.000
239.000	1.000
240.000	5.000
241.000	6.000
242.000	9.000
243.000	7.000
244.000	11.000
245.000	7.000
246.000	14.000
247.000	9.000
248.000	11.000
249.000	7.000
250.000	6.000
251.000	13.000
252.000	8.000
253.000	8.000
254.000	3.000
255.000	4.000
256.000	9.000
257.000	8.000
258.000	9.000
259.000	4.000
260.000	2.000
261.000	1.000
262.000	6.000
263.000	7.000
264.000	4.000
265.000	3.000
266.000	6.000
267.000	3.000
268.000	5.000
269.000	4.000
270.000	5.000
271.000	9.000
272.000	7.000
273.000	10.000
274.000	5.000
275.000	4.000
276.000	5.000
277.000	7.000
278.000	6.000
279.000	2.000
280.000	4.000
281.000	6.000
282.000	10.000
283.000	9.000
284.000	9.000
285.000	8.000
286.000	6.000
287.000	6.000
288.000	8.000
289.000	7.000
290.000	10.000
291.000	13.000
292.000	4.000
293.000	7.000
294.000	12.000
295.000	12.000
296.000	10.000
297.000	7.000
298.000	9.000
299.000	7.000
300.000	3.000
301.000	7.000
302.000	9.000
303.000	9.000
304.000	3.000
305.000	5.000
306.000	8.000
307.000	11.000
308.000	7.000
309.000	5.000
310.000	14.000
311.000	8.000
312.000	7.000
313.000	7.000
314.000	7.000
315.000	10.000
316.000	20.000
317.000	17.000
318.000	26.000
319.000	28.000
320.000	32.000
321.000	49.000
322.000	42.000
323.000	37.000
324.000	45.000
325.000	50.000
326.000	34.000
327.000	34.000
328.000	26.000
329.000	12.000
330.000	15.000
331.000	11.000
332.000	14.000
333.000	13.000
334.000	11.000
335.000	13.000
336.000	22.000
337.000	9.000
338.000	11.000
339.000	17.000
340.000	15.000
341.000	30.000
342.000	46.000
343.000	78.000
344.000	130.000
345.000	198.000
346.000	269.000
347.000	392.000
348.000	500.000
349.000	577.000
350.000	639.000
351.000	673.000
352.000	608.000
353.000	556.000
354.000	421.000
355.000	310.000
356.000	208.000
357.000	150.000
358.000	79.000
359.000	60.000
360.000	38.000
361.000	21.000
362.000	19.000
363.000	17.000
364.000	24.000
365.000	17.000
366.000	14.000
367.000	19.000
368.000	15.000
369.000	19.000
370.000	13.000
371.000	20.000
372.000	28.000
373.000	14.000
374.000	15.000
375.000	18.000
376.000	26.000
377.000	25.000
378.000	22.000
379.000	46.000
380.000	50.000
381.000	40.000
382.000	74.000
383.000	95.000
384.000	113.000
385.000	122.000
386.000	157.000
387.000	109.000
388.000	109.000
389.000	116.000
390.000	67.000
391.000	62.000
392.000	47.000
393.000	45.000
394.000	33.000
395.000	27.000
396.000	18.000
397.000	28.000
398.000	22.000
399.000	18.000
400.000	25.000
401.000	19.000
402.000	28.000
403.000	25.000
404.000	24.000
405.000	22.000
406.000	27.000
407.000	24.000
408.000	20.000
409.000	29.000
410.000	24.000
411.000	28.000
412.000	20.000
413.000	29.000
414.000	26.000
415.000	22.000
416.000	23.000
417.000	26.000
418.000	21.000
419.000	29.000
420.000	20.000
421.000	20.000
422.000	32.000
423.000	30.000
424.000	24.000
425.000	28.000
426.000	29.000
427.000	24.000
428.000	31.000
429.000	44.000
430.000	24.000
431.000	24.000
432.000	32.000
433.000	24.000
434.000	35.000
435.000	28.000
436.000	45.000
437.000	39.000
438.000	36.000
439.000	39.000
440.000	42.000
441.000	39.000
442.000	46.000
443.000	44.000
444.000	37.000
445.000	36.000
446.000	48.000
447.000	52.000
448.000	36.000
449.000	54.000
450.000	57.000
451.000	42.000
452.000	49.000
453.000	42.000
454.000	53.000
455.000	42.000
456.000	44.000
457.000	53.000
458.000	47.000
459.000	38.000
460.000	42.000
461.000	53.000
462.000	39.000
463.000	43.000
464.000	39.000
465.000	38.000
466.000	62.000
467.000	43.000
468.000	56.000
469.000	46.000
470.000	47.000
471.000	50.000
472.000	52.000
473.000	43.000
474.000	48.000
475.000	63.000
476.000	61.000
477.000	55.000
478.000	56.000
479.000	58.000
480.000	50.000
481.000	61.000
482.000	65.000
483.000	62.000
484.000	38.000
485.000	39.000
486.000	52.000
487.000	60.000
488.000	69.000
489.000	56.000
490.000	63.000
491.000	59.000
492.000	51.000
493.000	58.000
494.000	68.000
495.000	64.000
496.000	67.000
497.000	60.000
498.000	69.000
499.000	67.000
500.000	71.000
501.000	66.000
502.000	66.000
503.000	63.000
504.000	62.000
505.000	71.000
506.000	73.000
507.000	68.000
508.000	77.000
509.000	69.000
510.000	63.000
511.000	65.000
512.000	68.000
513.000	84.000
514.000	92.000
515.000	64.000
516.000	78.000
517.000	78.000
518.000	67.000
519.000	70.000
520.000	83.000
521.000	78.000
522.000	82.000
523.000	72.000
524.000	87.000
525.000	71.000
526.000	92.000
527.000	91.000
528.000	93.000
529.000	98.000
530.000	103.000
531.000	94.000
532.000	66.000
533.000	91.000
534.000	93.000
535.000	98.000
536.000	84.000
537.000	86.000
538.000	89.000
539.000	107.000
540.000	82.000
541.000	87.000
542.000	80.000
543.000	113.000
544.000	91.000
545.000	93.000
546.000	94.000
547.000	111.000
548.000	88.000
549.000	96.000
550.000	104.000
551.000	94.000
552.000	106.000
553.000	92.000
554.000	92.000
555.000	96.000
556.000	113.000
557.000	109.000
558.000	91.000
559.000	98.000
560.000	90.000
561.000	104.000
562.000	122.000
563.000	99.000
564.000	117.000
565.000	113.000
566.000	117.000
567.000	108.000
568.000	98.000
569.000	107.000
570.000	97.000
571.000	109.000
572.000	115.000
573.000	118.000
574.000	112.000
575.000	98.000
576.000	113.000
577.000	128.000
578.000	116.000
579.000	138.000
580.000	118.000
581.000	113.000
582.000	140.000
583.000	131.000
584.000	132.000
585.000	138.000
586.000	121.000
587.000	152.000
588.000	139.000
589.000	118.000
590.000	121.000
591.000	122.000
592.000	117.000
593.000	145.000
594.000	148.000
595.000	123.000
596.000	121.000
597.000	125.000
598.000	145.000
599.000	129.000
600.000	148.000
601.000	136.000
602.000	148.000
603.000	126.000
604.000	152.000
605.000	154.000
606.000	152.000
607.000	145.000
608.000	166.000
609.000	166.000
610.000	154.000
611.000	165.000
612.000	156.000
613.000	122.000
614.000	156.000
615.000	155.000
616.000	160.000
617.000	164.000
618.000	153.000
619.000	155.000
620.000	169.000
621.000	143.000
622.000	162.000
623.000	164.000
624.000	153.000
625.000	152.000
626.000	165.000
627.000	144.000
628.000	152.000
629.000	167.000
630.000	203.000
631.000	167.000
632.000	155.000
633.000	179.000
634.000	185.000
635.000	198.000
636.000	168.000
637.000	168.000
638.000	153.000
639.000	169.000
640.000	184.000
641.000	169.000
642.000	196.000
643.000	203.000
644.000	179.000
645.000	172.000
646.000	188.000
647.000	181.000
648.000	177.000
649.000	202.000
650.000	195.000
651.000	205.000
652.000	190.000
653.000	222.000
654.000	187.000
655.000	192.000
656.000	175.000
657.000	209.000
658.000	178.000
659.000	190.000
660.000	159.000
661.000	200.000
662.000	209.000
663.000	238.000
664.000	222.000
665.000	214.000
666.000	216.000
667.000	210.000
668.000	189.000
669.000	198.000
670.000	190.000
671.000	231.000
672.000	208.000
673.000	216.000
674.000	190.000
675.000	199.000
676.000	217.000
677.000	208.000
678.000	198.000
679.000	228.000
680.000	229.000
681.000	196.000
682.000	217.000
683.000	222.000
684.000	240.000
685.000	215.000
686.000	233.000
687.000	206.000
688.000	218.000
689.000	230.000
690.000	229.000
691.000	227.000
692.000	195.000
693.000	254.000
694.000	202.000
695.000	205.000
696.000	241.000
697.000	234.000
698.000	223.000
699.000	210.000
700.000	225.000
701.000	222.000
702.000	250.000
703.000	223.000
704.000	237.000
705.000	243.000
706.000	251.000
707.000	243.000
708.000	219.000
709.000	228.000
710.000	222.000
711.000	247.000
712.000	261.000
713.000	198.000
714.000	231.000
715.000	241.000
716.000	219.000
717.000	250.000
718.000	239.000
719.000	240.000
720.000	238.000
721.000	259.000
722.000	261.000
723.000	229.000
724.000	242.000
725.000	246.000
726.000	264.000
727.000	268.000
728.000	264.000
729.000	271.000
730.000	253.000
731.000	255.000
732.000	243.000
733.000	272.000
734.000	257.000
735.000	236.000
736.000	280.000
737.000	257.000
738.000	231.000
739.000	270.000
740.000	258.000
741.000	267.000
742.000	229.000
743.000	261.000
744.000	254.000
745.000	253.000
746.000	249.000
747.000	276.000
748.000	273.000
749.000	250.000
750.000	285.000
751.000	258.000
752.000	275.000
753.000	277.000
754.000	290.000
755.000	286.000
756.000	268.000
757.000	289.000
758.000	274.000
759.000	270.000
760.000	280.000
761.000	267.000
762.000	274.000
763.000	274.000
764.000	251.000
765.000	312.000
766.000	310.000
767.000	269.000
768.000	289.000
769.000	304.000
770.000	309.000
771.000	287.000
772.000	290.000
773.000	266.000
774.000	323.000
775.000	286.000
776.000	273.000
777.000	304.000
778.000	296.000
779.000	309.000
780.000	283.000
781.000	324.000
782.000	266.000
783.000	268.000
784.000	325.000
785.000	251.000
786.000	302.000
787.000	302.000
788.000	295.000
789.000	301.000
790.000	257.000
791.000	284.000
792.000	301.000
793.000	303.000
794.000	303.000
795.000	276.000
796.000	302.000
797.000	318.000
798.000	288.000
799.000	289.000
800.000	275.000
801.000	288.000
802.000	277.000
803.000	297.000
804.000	294.000
805.000	313.000
806.000	276.000
807.000	327.000
808.000	305.000
809.000	301.000
810.000	301.000
811.000	309.000
812.000	306.000
813.000	314.000
814.000	317.000
815.000	287.000
816.000	335.000
817.000	298.000
818.000	325.000
819.000	329.000
820.000	338.000
821.000	313.000
822.000	310.000
823.000	309.000
824.000	308.000
825.000	325.000
826.000	272.000
827.000	326.000
828.000	312.000
829.000	339.000
830.000	312.000
831.000	341.000
832.000	315.000
833.000	305.000
834.000	344.000
835.000	319.000
836.000	344.000
837.000	285.000
838.000	332.000
839.000	331.000
840.000	358.000
841.000	361.000
842.000	330.000
843.000	358.000
844.000	350.000
845.000	352.000
846.000	358.000
847.000	354.000
848.000	327.000
849.000	313.000
850.000	348.000
851.000	395.000
852.000	310.000
853.000	388.000
854.000	388.000
855.000	383.000
856.000	380.000
857.000	385.000
858.000	423.000
859.000	391.000
860.000	386.000
861.000	370.000
862.000	422.000
863.000	447.000
864.000	425.000
865.000	397.000
866.000	420.000
867.000	448.000
868.000	422.000
869.000	480.000
870.000	491.000
871.000	485.000
872.000	470.000
873.000	506.000
874.000	501.000
875.000	519.000
876.000	550.000
877.000	592.000
878.000	631.000
879.000	647.000
880.000	675.000
881.000	713.000
882.000	747.000
883.000	741.000
884.000	815.000
885.000	928.000
886.000	945.000
887.000	973.000
888.000	1019.000
889.000	1196.000
890.000	1208.000
891.000	1233.000
892.000	1388.000
893.000	1383.000
894.000	1435.000
895.000	1407.000
896.000	1471.000
897.000	1525.000
898.000	1523.000
899.000	1575.000
900.000	1533.000
901.000	1541.000
902.000	1534.000
903.000	1458.000
904.000	1507.000
905.000	1484.000
906.000	1394.000
907.000	1408.000
908.000	1385.000
909.000	1262.000
910.000	1243.000
911.000	1147.000
912.000	1080.000
913.000	1076.000
914.000	971.000
915.000	901.000
916.000	859.000
917.000	803.000
918.000	743.000
919.000	749.000
920.000	676.000
921.000	640.000
922.000	581.000
923.000	585.000
924.000	523.000
925.000	524.000
926.000	503.000
927.000	517.000
928.000	475.000
929.000	469.000
930.000	409.000
931.000	426.000
932.000	409.000
933.000	375.000
934.000	385.000
935.000	346.000
936.000	343.000
937.000	366.000
938.000	354.000
939.000	370.000
940.000	416.000
941.000	421.000
942.000	445.000
943.000	451.000
944.000	516.000
945.000	522.000
946.000	554.000
947.000	634.000
948.000	666.000
949.000	765.000
950.000	763.000
951.000	844.000
952.000	846.000
953.000	846.000
954.000	863.000
955.000	819.000
956.000	744.000
957.000	736.000
958.000	687.000
959.000	609.000
960.000	558.000
961.000	450.000
962.000	451.000
963.000	380.000
964.000	358.000
965.000	318.000
966.000	354.000
967.000	322.000
968.000	324.000
969.000	344.000
970.000	287.000
971.000	302.000
972.000	300.000
973.000	308.000
974.000	295.000
975.000	284.000
976.000	301.000
977.000	293.000
978.000	328.000
979.000	292.000
980.000	312.000
981.000	324.000
982.000	319.000
983.000	316.000
984.000	309.000
985.000	295.000
986.000	362.000
987.000	380.000
988.000	355.000
989.000	355.000
990.000	394.000
991.000	351.000
992.000	414.000
993.000	381.000
994.000	391.000
995.000	432.000
996.000	435.000
997.000	459.000
998.000	456.000
999.000	457.000
1000.000	482.000
1001.000	460.000
1002.000	465.000
1003.000	454.000
1004.000	439.000
1005.000	496.000
1006.000	427.000
1007.000	462.000
1008.000	447.000
1009.000	476.000
1010.000	435.000
1011.000	444.000
1012.000	442.000
1013.000	399.000
1014.000	424.000
1015.000	393.000
1016.000	403.000
1017.000	371.000
1018.000	365.000
1019.000	316.000
1020.000	328.000
1021.000	304.000
1022.000	312.000
1023.000	266.000
1024.000	275.000
