Date:	8/19/2008		Time:	10:07 AM		Version no:	0.00		Project name:	55		Sample name:	222		Section name:	section		Position	976.039995	mm	E0	0.000000	keV	E1	1.000000	keV/channel	sample surface	7.770320	cm	Tube anode:	Mo		Tube voltage:	30	kV	Tube current:	50	mA	gain	20		std. database			resultfile	result		matrix element	11		sample thickness	1.000000		air passage	0.560000	cm	comments	not in position		peaking_time	3.000000	m-sec	trigger_threshold	1229.166667	V	mca_bin_width	22.090000	no:	number_mca_channels	1024.000000	no:	gap_time	0.400000	m-sec	trigger_peaking_time	0.150000	m-sec	GAINDAC	9455		HIGHGAIN	1		TAURC	0		RCTAU	53		RCTAUFRAC	32768		livetime	9.678534	seconds	runtime	10.000503	seconds	input_count_rate	30.394997	cps	output_count_rate	22.738656	cps	triggers	294179	seconds	events_in_run	227398	seconds	channel	content		1.000	0.000
2.000	0.000
3.000	0.000
4.000	0.000
5.000	0.000
6.000	0.000
7.000	0.000
8.000	0.000
9.000	0.000
10.000	0.000
11.000	0.000
12.000	0.000
13.000	0.000
14.000	0.000
15.000	0.000
16.000	0.000
17.000	0.000
18.000	0.000
19.000	0.000
20.000	0.000
21.000	0.000
22.000	0.000
23.000	0.000
24.000	0.000
25.000	0.000
26.000	0.000
27.000	0.000
28.000	0.000
29.000	0.000
30.000	0.000
31.000	0.000
32.000	1.000
33.000	0.000
34.000	1.000
35.000	1.000
36.000	1.000
37.000	0.000
38.000	1.000
39.000	1.000
40.000	4.000
41.000	3.000
42.000	5.000
43.000	5.000
44.000	2.000
45.000	7.000
46.000	8.000
47.000	11.000
48.000	5.000
49.000	7.000
50.000	10.000
51.000	10.000
52.000	10.000
53.000	8.000
54.000	5.000
55.000	7.000
56.000	13.000
57.000	8.000
58.000	16.000
59.000	9.000
60.000	6.000
61.000	6.000
62.000	7.000
63.000	6.000
64.000	16.000
65.000	11.000
66.000	8.000
67.000	17.000
68.000	8.000
69.000	17.000
70.000	8.000
71.000	12.000
72.000	11.000
73.000	9.000
74.000	12.000
75.000	13.000
76.000	9.000
77.000	11.000
78.000	8.000
79.000	11.000
80.000	9.000
81.000	7.000
82.000	6.000
83.000	7.000
84.000	5.000
85.000	11.000
86.000	5.000
87.000	7.000
88.000	4.000
89.000	4.000
90.000	8.000
91.000	14.000
92.000	4.000
93.000	7.000
94.000	7.000
95.000	7.000
96.000	14.000
97.000	3.000
98.000	6.000
99.000	15.000
100.000	6.000
101.000	7.000
102.000	9.000
103.000	5.000
104.000	10.000
105.000	3.000
106.000	5.000
107.000	6.000
108.000	7.000
109.000	9.000
110.000	9.000
111.000	6.000
112.000	9.000
113.000	5.000
114.000	11.000
115.000	6.000
116.000	6.000
117.000	8.000
118.000	7.000
119.000	5.000
120.000	12.000
121.000	8.000
122.000	9.000
123.000	9.000
124.000	5.000
125.000	8.000
126.000	12.000
127.000	10.000
128.000	4.000
129.000	10.000
130.000	10.000
131.000	9.000
132.000	13.000
133.000	6.000
134.000	3.000
135.000	5.000
136.000	3.000
137.000	4.000
138.000	7.000
139.000	5.000
140.000	4.000
141.000	5.000
142.000	7.000
143.000	2.000
144.000	5.000
145.000	4.000
146.000	3.000
147.000	6.000
148.000	4.000
149.000	6.000
150.000	5.000
151.000	3.000
152.000	3.000
153.000	4.000
154.000	6.000
155.000	2.000
156.000	3.000
157.000	5.000
158.000	11.000
159.000	7.000
160.000	6.000
161.000	12.000
162.000	11.000
163.000	9.000
164.000	11.000
165.000	4.000
166.000	4.000
167.000	7.000
168.000	5.000
169.000	6.000
170.000	6.000
171.000	4.000
172.000	8.000
173.000	1.000
174.000	8.000
175.000	5.000
176.000	3.000
177.000	5.000
178.000	8.000
179.000	6.000
180.000	13.000
181.000	5.000
182.000	9.000
183.000	8.000
184.000	9.000
185.000	9.000
186.000	8.000
187.000	7.000
188.000	2.000
189.000	4.000
190.000	6.000
191.000	2.000
192.000	6.000
193.000	1.000
194.000	6.000
195.000	3.000
196.000	7.000
197.000	12.000
198.000	16.000
199.000	20.000
200.000	20.000
201.000	25.000
202.000	34.000
203.000	36.000
204.000	29.000
205.000	30.000
206.000	23.000
207.000	19.000
208.000	8.000
209.000	7.000
210.000	2.000
211.000	4.000
212.000	2.000
213.000	3.000
214.000	1.000
215.000	1.000
216.000	3.000
217.000	3.000
218.000	10.000
219.000	5.000
220.000	8.000
221.000	13.000
222.000	11.000
223.000	9.000
224.000	9.000
225.000	4.000
226.000	8.000
227.000	3.000
228.000	2.000
229.000	3.000
230.000	4.000
231.000	4.000
232.000	0.000
233.000	1.000
234.000	4.000
235.000	0.000
236.000	3.000
237.000	4.000
238.000	4.000
239.000	8.000
240.000	2.000
241.000	4.000
242.000	7.000
243.000	9.000
244.000	13.000
245.000	14.000
246.000	12.000
247.000	12.000
248.000	17.000
249.000	16.000
250.000	15.000
251.000	19.000
252.000	8.000
253.000	9.000
254.000	5.000
255.000	6.000
256.000	3.000
257.000	7.000
258.000	11.000
259.000	7.000
260.000	3.000
261.000	7.000
262.000	6.000
263.000	2.000
264.000	5.000
265.000	6.000
266.000	5.000
267.000	7.000
268.000	11.000
269.000	10.000
270.000	9.000
271.000	10.000
272.000	9.000
273.000	8.000
274.000	8.000
275.000	6.000
276.000	6.000
277.000	7.000
278.000	4.000
279.000	8.000
280.000	7.000
281.000	5.000
282.000	6.000
283.000	7.000
284.000	8.000
285.000	5.000
286.000	8.000
287.000	7.000
288.000	8.000
289.000	7.000
290.000	10.000
291.000	7.000
292.000	3.000
293.000	6.000
294.000	12.000
295.000	8.000
296.000	7.000
297.000	9.000
298.000	7.000
299.000	11.000
300.000	7.000
301.000	12.000
302.000	4.000
303.000	6.000
304.000	8.000
305.000	7.000
306.000	6.000
307.000	5.000
308.000	8.000
309.000	9.000
310.000	7.000
311.000	2.000
312.000	11.000
313.000	14.000
314.000	10.000
315.000	16.000
316.000	13.000
317.000	13.000
318.000	12.000
319.000	40.000
320.000	34.000
321.000	36.000
322.000	40.000
323.000	45.000
324.000	46.000
325.000	47.000
326.000	23.000
327.000	42.000
328.000	31.000
329.000	22.000
330.000	21.000
331.000	14.000
332.000	14.000
333.000	18.000
334.000	8.000
335.000	12.000
336.000	19.000
337.000	19.000
338.000	17.000
339.000	22.000
340.000	27.000
341.000	54.000
342.000	84.000
343.000	119.000
344.000	211.000
345.000	307.000
346.000	427.000
347.000	621.000
348.000	760.000
349.000	977.000
350.000	1063.000
351.000	1088.000
352.000	980.000
353.000	861.000
354.000	720.000
355.000	501.000
356.000	378.000
357.000	218.000
358.000	177.000
359.000	94.000
360.000	51.000
361.000	37.000
362.000	23.000
363.000	23.000
364.000	30.000
365.000	25.000
366.000	12.000
367.000	18.000
368.000	15.000
369.000	24.000
370.000	17.000
371.000	33.000
372.000	23.000
373.000	24.000
374.000	25.000
375.000	23.000
376.000	29.000
377.000	35.000
378.000	35.000
379.000	59.000
380.000	65.000
381.000	83.000
382.000	91.000
383.000	122.000
384.000	170.000
385.000	192.000
386.000	198.000
387.000	196.000
388.000	171.000
389.000	169.000
390.000	117.000
391.000	101.000
392.000	84.000
393.000	62.000
394.000	42.000
395.000	40.000
396.000	31.000
397.000	29.000
398.000	19.000
399.000	20.000
400.000	19.000
401.000	16.000
402.000	16.000
403.000	43.000
404.000	31.000
405.000	28.000
406.000	36.000
407.000	42.000
408.000	32.000
409.000	34.000
410.000	16.000
411.000	28.000
412.000	32.000
413.000	27.000
414.000	32.000
415.000	24.000
416.000	23.000
417.000	28.000
418.000	32.000
419.000	38.000
420.000	30.000
421.000	28.000
422.000	29.000
423.000	29.000
424.000	40.000
425.000	35.000
426.000	32.000
427.000	40.000
428.000	27.000
429.000	32.000
430.000	33.000
431.000	39.000
432.000	31.000
433.000	45.000
434.000	41.000
435.000	28.000
436.000	30.000
437.000	37.000
438.000	31.000
439.000	34.000
440.000	44.000
441.000	33.000
442.000	51.000
443.000	40.000
444.000	38.000
445.000	40.000
446.000	42.000
447.000	48.000
448.000	34.000
449.000	49.000
450.000	49.000
451.000	48.000
452.000	51.000
453.000	42.000
454.000	42.000
455.000	51.000
456.000	51.000
457.000	49.000
458.000	47.000
459.000	57.000
460.000	36.000
461.000	50.000
462.000	60.000
463.000	55.000
464.000	45.000
465.000	45.000
466.000	42.000
467.000	65.000
468.000	58.000
469.000	35.000
470.000	64.000
471.000	56.000
472.000	62.000
473.000	54.000
474.000	52.000
475.000	40.000
476.000	70.000
477.000	52.000
478.000	70.000
479.000	51.000
480.000	65.000
481.000	79.000
482.000	54.000
483.000	48.000
484.000	49.000
485.000	72.000
486.000	75.000
487.000	62.000
488.000	64.000
489.000	63.000
490.000	76.000
491.000	73.000
492.000	68.000
493.000	61.000
494.000	54.000
495.000	57.000
496.000	66.000
497.000	69.000
498.000	71.000
499.000	68.000
500.000	69.000
501.000	82.000
502.000	63.000
503.000	71.000
504.000	62.000
505.000	75.000
506.000	72.000
507.000	67.000
508.000	78.000
509.000	72.000
510.000	85.000
511.000	80.000
512.000	81.000
513.000	81.000
514.000	62.000
515.000	73.000
516.000	69.000
517.000	79.000
518.000	90.000
519.000	85.000
520.000	82.000
521.000	87.000
522.000	92.000
523.000	88.000
524.000	91.000
525.000	86.000
526.000	98.000
527.000	106.000
528.000	90.000
529.000	82.000
530.000	109.000
531.000	94.000
532.000	96.000
533.000	106.000
534.000	95.000
535.000	96.000
536.000	101.000
537.000	87.000
538.000	104.000
539.000	99.000
540.000	92.000
541.000	96.000
542.000	92.000
543.000	120.000
544.000	116.000
545.000	106.000
546.000	94.000
547.000	104.000
548.000	89.000
549.000	97.000
550.000	97.000
551.000	90.000
552.000	113.000
553.000	109.000
554.000	107.000
555.000	104.000
556.000	107.000
557.000	103.000
558.000	112.000
559.000	129.000
560.000	100.000
561.000	103.000
562.000	115.000
563.000	99.000
564.000	102.000
565.000	117.000
566.000	119.000
567.000	110.000
568.000	132.000
569.000	123.000
570.000	123.000
571.000	112.000
572.000	140.000
573.000	125.000
574.000	137.000
575.000	114.000
576.000	132.000
577.000	117.000
578.000	124.000
579.000	132.000
580.000	158.000
581.000	134.000
582.000	125.000
583.000	129.000
584.000	131.000
585.000	134.000
586.000	138.000
587.000	114.000
588.000	150.000
589.000	140.000
590.000	159.000
591.000	135.000
592.000	138.000
593.000	126.000
594.000	132.000
595.000	152.000
596.000	158.000
597.000	127.000
598.000	125.000
599.000	155.000
600.000	160.000
601.000	162.000
602.000	147.000
603.000	155.000
604.000	152.000
605.000	149.000
606.000	151.000
607.000	140.000
608.000	163.000
609.000	172.000
610.000	149.000
611.000	139.000
612.000	143.000
613.000	140.000
614.000	165.000
615.000	163.000
616.000	145.000
617.000	175.000
618.000	154.000
619.000	174.000
620.000	156.000
621.000	145.000
622.000	181.000
623.000	184.000
624.000	169.000
625.000	155.000
626.000	177.000
627.000	165.000
628.000	187.000
629.000	190.000
630.000	180.000
631.000	188.000
632.000	163.000
633.000	182.000
634.000	177.000
635.000	168.000
636.000	163.000
637.000	188.000
638.000	179.000
639.000	205.000
640.000	172.000
641.000	187.000
642.000	183.000
643.000	186.000
644.000	163.000
645.000	187.000
646.000	190.000
647.000	202.000
648.000	214.000
649.000	224.000
650.000	222.000
651.000	225.000
652.000	218.000
653.000	197.000
654.000	200.000
655.000	200.000
656.000	200.000
657.000	200.000
658.000	186.000
659.000	210.000
660.000	191.000
661.000	188.000
662.000	196.000
663.000	205.000
664.000	213.000
665.000	218.000
666.000	203.000
667.000	223.000
668.000	213.000
669.000	220.000
670.000	230.000
671.000	198.000
672.000	213.000
673.000	211.000
674.000	207.000
675.000	197.000
676.000	206.000
677.000	202.000
678.000	191.000
679.000	201.000
680.000	219.000
681.000	195.000
682.000	214.000
683.000	212.000
684.000	227.000
685.000	206.000
686.000	226.000
687.000	232.000
688.000	219.000
689.000	200.000
690.000	202.000
691.000	213.000
692.000	226.000
693.000	224.000
694.000	240.000
695.000	234.000
696.000	218.000
697.000	210.000
698.000	221.000
699.000	243.000
700.000	221.000
701.000	226.000
702.000	236.000
703.000	225.000
704.000	223.000
705.000	255.000
706.000	236.000
707.000	216.000
708.000	235.000
709.000	219.000
710.000	255.000
711.000	242.000
712.000	232.000
713.000	262.000
714.000	247.000
715.000	256.000
716.000	232.000
717.000	254.000
718.000	239.000
719.000	263.000
720.000	271.000
721.000	239.000
722.000	260.000
723.000	228.000
724.000	247.000
725.000	239.000
726.000	243.000
727.000	264.000
728.000	269.000
729.000	258.000
730.000	258.000
731.000	256.000
732.000	270.000
733.000	267.000
734.000	256.000
735.000	244.000
736.000	262.000
737.000	257.000
738.000	277.000
739.000	255.000
740.000	254.000
741.000	252.000
742.000	233.000
743.000	250.000
744.000	243.000
745.000	242.000
746.000	257.000
747.000	250.000
748.000	235.000
749.000	240.000
750.000	258.000
751.000	272.000
752.000	255.000
753.000	259.000
754.000	271.000
755.000	281.000
756.000	238.000
757.000	255.000
758.000	264.000
759.000	253.000
760.000	285.000
761.000	281.000
762.000	282.000
763.000	261.000
764.000	257.000
765.000	288.000
766.000	295.000
767.000	265.000
768.000	311.000
769.000	287.000
770.000	310.000
771.000	307.000
772.000	307.000
773.000	307.000
774.000	302.000
775.000	329.000
776.000	302.000
777.000	290.000
778.000	321.000
779.000	308.000
780.000	285.000
781.000	309.000
782.000	277.000
783.000	293.000
784.000	272.000
785.000	272.000
786.000	287.000
787.000	276.000
788.000	283.000
789.000	299.000
790.000	267.000
791.000	282.000
792.000	278.000
793.000	294.000
794.000	296.000
795.000	293.000
796.000	263.000
797.000	309.000
798.000	253.000
799.000	286.000
800.000	253.000
801.000	282.000
802.000	296.000
803.000	272.000
804.000	315.000
805.000	307.000
806.000	291.000
807.000	262.000
808.000	270.000
809.000	298.000
810.000	276.000
811.000	302.000
812.000	299.000
813.000	293.000
814.000	309.000
815.000	290.000
816.000	310.000
817.000	307.000
818.000	299.000
819.000	296.000
820.000	291.000
821.000	366.000
822.000	272.000
823.000	325.000
824.000	269.000
825.000	287.000
826.000	310.000
827.000	313.000
828.000	299.000
829.000	302.000
830.000	279.000
831.000	325.000
832.000	278.000
833.000	326.000
834.000	313.000
835.000	337.000
836.000	343.000
837.000	331.000
838.000	344.000
839.000	309.000
840.000	342.000
841.000	319.000
842.000	304.000
843.000	336.000
844.000	299.000
845.000	351.000
846.000	343.000
847.000	352.000
848.000	326.000
849.000	394.000
850.000	369.000
851.000	333.000
852.000	332.000
853.000	375.000
854.000	357.000
855.000	361.000
856.000	365.000
857.000	391.000
858.000	338.000
859.000	378.000
860.000	377.000
861.000	398.000
862.000	367.000
863.000	383.000
864.000	423.000
865.000	423.000
866.000	389.000
867.000	412.000
868.000	477.000
869.000	433.000
870.000	448.000
871.000	457.000
872.000	500.000
873.000	478.000
874.000	482.000
875.000	505.000
876.000	526.000
877.000	551.000
878.000	545.000
879.000	641.000
880.000	643.000
881.000	713.000
882.000	719.000
883.000	798.000
884.000	808.000
885.000	840.000
886.000	907.000
887.000	913.000
888.000	1051.000
889.000	1057.000
890.000	1160.000
891.000	1182.000
892.000	1215.000
893.000	1259.000
894.000	1388.000
895.000	1411.000
896.000	1438.000
897.000	1478.000
898.000	1468.000
899.000	1462.000
900.000	1437.000
901.000	1461.000
902.000	1559.000
903.000	1498.000
904.000	1493.000
905.000	1345.000
906.000	1354.000
907.000	1333.000
908.000	1258.000
909.000	1217.000
910.000	1171.000
911.000	1074.000
912.000	1062.000
913.000	996.000
914.000	987.000
915.000	900.000
916.000	857.000
917.000	791.000
918.000	706.000
919.000	714.000
920.000	670.000
921.000	605.000
922.000	602.000
923.000	554.000
924.000	544.000
925.000	479.000
926.000	460.000
927.000	452.000
928.000	453.000
929.000	431.000
930.000	388.000
931.000	373.000
932.000	382.000
933.000	347.000
934.000	345.000
935.000	353.000
936.000	363.000
937.000	364.000
938.000	349.000
939.000	371.000
940.000	385.000
941.000	400.000
942.000	422.000
943.000	408.000
944.000	468.000
945.000	531.000
946.000	521.000
947.000	563.000
948.000	668.000
949.000	735.000
950.000	718.000
951.000	789.000
952.000	820.000
953.000	810.000
954.000	813.000
955.000	837.000
956.000	767.000
957.000	701.000
958.000	629.000
959.000	607.000
960.000	569.000
961.000	484.000
962.000	401.000
963.000	403.000
964.000	354.000
965.000	361.000
966.000	325.000
967.000	321.000
968.000	300.000
969.000	307.000
970.000	325.000
971.000	253.000
972.000	297.000
973.000	315.000
974.000	283.000
975.000	303.000
976.000	305.000
977.000	268.000
978.000	270.000
979.000	261.000
980.000	307.000
981.000	267.000
982.000	274.000
983.000	332.000
984.000	278.000
985.000	339.000
986.000	354.000
987.000	326.000
988.000	319.000
989.000	343.000
990.000	363.000
991.000	352.000
992.000	374.000
993.000	395.000
994.000	388.000
995.000	359.000
996.000	403.000
997.000	405.000
998.000	394.000
999.000	441.000
1000.000	401.000
1001.000	438.000
1002.000	425.000
1003.000	425.000
1004.000	460.000
1005.000	427.000
1006.000	443.000
1007.000	433.000
1008.000	419.000
1009.000	409.000
1010.000	432.000
1011.000	417.000
1012.000	398.000
1013.000	364.000
1014.000	417.000
1015.000	371.000
1016.000	374.000
1017.000	389.000
1018.000	330.000
1019.000	300.000
1020.000	316.000
1021.000	309.000
1022.000	251.000
1023.000	283.000
1024.000	273.000
