Date:	8/19/2008		Time:	9:37 AM		Version no:	0.00		Project name:	55		Sample name:	222		Section name:	section		Position	660.039995	mm	E0	0.000000	keV	E1	1.000000	keV/channel	sample surface	7.597472	cm	Tube anode:	Mo		Tube voltage:	30	kV	Tube current:	50	mA	gain	20		std. database			resultfile	result		matrix element	11		sample thickness	1.000000		air passage	0.560000	cm	comments	not in position		peaking_time	3.000000	m-sec	trigger_threshold	1229.166667	V	mca_bin_width	22.090000	no:	number_mca_channels	1024.000000	no:	gap_time	0.400000	m-sec	trigger_peaking_time	0.150000	m-sec	GAINDAC	9455		HIGHGAIN	1		TAURC	0		RCTAU	53		RCTAUFRAC	32768		livetime	9.712737	seconds	runtime	10.000503	seconds	input_count_rate	27.948353	cps	output_count_rate	21.441021	cps	triggers	271455	seconds	events_in_run	214421	seconds	channel	content		1.000	0.000
2.000	0.000
3.000	0.000
4.000	0.000
5.000	0.000
6.000	0.000
7.000	0.000
8.000	0.000
9.000	0.000
10.000	0.000
11.000	0.000
12.000	0.000
13.000	0.000
14.000	0.000
15.000	0.000
16.000	0.000
17.000	0.000
18.000	0.000
19.000	0.000
20.000	0.000
21.000	0.000
22.000	0.000
23.000	0.000
24.000	0.000
25.000	0.000
26.000	0.000
27.000	0.000
28.000	0.000
29.000	0.000
30.000	0.000
31.000	0.000
32.000	1.000
33.000	0.000
34.000	1.000
35.000	4.000
36.000	0.000
37.000	2.000
38.000	4.000
39.000	3.000
40.000	3.000
41.000	2.000
42.000	6.000
43.000	4.000
44.000	5.000
45.000	4.000
46.000	4.000
47.000	5.000
48.000	10.000
49.000	7.000
50.000	11.000
51.000	8.000
52.000	11.000
53.000	7.000
54.000	10.000
55.000	10.000
56.000	8.000
57.000	6.000
58.000	10.000
59.000	7.000
60.000	8.000
61.000	7.000
62.000	6.000
63.000	10.000
64.000	4.000
65.000	17.000
66.000	7.000
67.000	15.000
68.000	9.000
69.000	2.000
70.000	12.000
71.000	8.000
72.000	2.000
73.000	11.000
74.000	11.000
75.000	5.000
76.000	7.000
77.000	9.000
78.000	5.000
79.000	10.000
80.000	10.000
81.000	10.000
82.000	4.000
83.000	7.000
84.000	8.000
85.000	6.000
86.000	13.000
87.000	9.000
88.000	9.000
89.000	4.000
90.000	6.000
91.000	7.000
92.000	10.000
93.000	7.000
94.000	4.000
95.000	13.000
96.000	6.000
97.000	8.000
98.000	6.000
99.000	5.000
100.000	9.000
101.000	5.000
102.000	8.000
103.000	8.000
104.000	12.000
105.000	7.000
106.000	9.000
107.000	4.000
108.000	6.000
109.000	4.000
110.000	3.000
111.000	14.000
112.000	5.000
113.000	9.000
114.000	7.000
115.000	5.000
116.000	10.000
117.000	1.000
118.000	8.000
119.000	9.000
120.000	4.000
121.000	8.000
122.000	8.000
123.000	11.000
124.000	5.000
125.000	5.000
126.000	9.000
127.000	10.000
128.000	9.000
129.000	7.000
130.000	2.000
131.000	7.000
132.000	7.000
133.000	5.000
134.000	1.000
135.000	5.000
136.000	8.000
137.000	6.000
138.000	3.000
139.000	3.000
140.000	5.000
141.000	4.000
142.000	3.000
143.000	5.000
144.000	4.000
145.000	3.000
146.000	6.000
147.000	9.000
148.000	4.000
149.000	5.000
150.000	2.000
151.000	4.000
152.000	4.000
153.000	5.000
154.000	2.000
155.000	2.000
156.000	3.000
157.000	3.000
158.000	4.000
159.000	11.000
160.000	5.000
161.000	5.000
162.000	12.000
163.000	12.000
164.000	12.000
165.000	7.000
166.000	3.000
167.000	3.000
168.000	7.000
169.000	0.000
170.000	4.000
171.000	11.000
172.000	0.000
173.000	2.000
174.000	7.000
175.000	2.000
176.000	3.000
177.000	6.000
178.000	13.000
179.000	7.000
180.000	11.000
181.000	9.000
182.000	6.000
183.000	13.000
184.000	11.000
185.000	7.000
186.000	6.000
187.000	4.000
188.000	3.000
189.000	8.000
190.000	5.000
191.000	5.000
192.000	3.000
193.000	10.000
194.000	3.000
195.000	7.000
196.000	4.000
197.000	4.000
198.000	11.000
199.000	13.000
200.000	19.000
201.000	25.000
202.000	30.000
203.000	22.000
204.000	27.000
205.000	20.000
206.000	11.000
207.000	7.000
208.000	8.000
209.000	3.000
210.000	5.000
211.000	3.000
212.000	5.000
213.000	2.000
214.000	3.000
215.000	6.000
216.000	6.000
217.000	5.000
218.000	6.000
219.000	10.000
220.000	5.000
221.000	6.000
222.000	9.000
223.000	3.000
224.000	3.000
225.000	5.000
226.000	6.000
227.000	7.000
228.000	2.000
229.000	1.000
230.000	1.000
231.000	3.000
232.000	4.000
233.000	5.000
234.000	2.000
235.000	4.000
236.000	2.000
237.000	2.000
238.000	2.000
239.000	1.000
240.000	1.000
241.000	3.000
242.000	9.000
243.000	7.000
244.000	8.000
245.000	12.000
246.000	7.000
247.000	14.000
248.000	11.000
249.000	11.000
250.000	9.000
251.000	7.000
252.000	14.000
253.000	7.000
254.000	10.000
255.000	10.000
256.000	5.000
257.000	9.000
258.000	9.000
259.000	4.000
260.000	6.000
261.000	4.000
262.000	4.000
263.000	2.000
264.000	7.000
265.000	1.000
266.000	9.000
267.000	4.000
268.000	11.000
269.000	7.000
270.000	8.000
271.000	5.000
272.000	3.000
273.000	5.000
274.000	7.000
275.000	6.000
276.000	2.000
277.000	4.000
278.000	5.000
279.000	4.000
280.000	9.000
281.000	10.000
282.000	7.000
283.000	10.000
284.000	3.000
285.000	10.000
286.000	2.000
287.000	8.000
288.000	8.000
289.000	4.000
290.000	7.000
291.000	8.000
292.000	8.000
293.000	12.000
294.000	4.000
295.000	7.000
296.000	6.000
297.000	11.000
298.000	6.000
299.000	4.000
300.000	3.000
301.000	8.000
302.000	6.000
303.000	7.000
304.000	7.000
305.000	5.000
306.000	6.000
307.000	4.000
308.000	15.000
309.000	8.000
310.000	9.000
311.000	5.000
312.000	12.000
313.000	7.000
314.000	10.000
315.000	10.000
316.000	12.000
317.000	24.000
318.000	28.000
319.000	27.000
320.000	29.000
321.000	46.000
322.000	63.000
323.000	69.000
324.000	51.000
325.000	58.000
326.000	42.000
327.000	22.000
328.000	26.000
329.000	30.000
330.000	14.000
331.000	10.000
332.000	11.000
333.000	10.000
334.000	13.000
335.000	17.000
336.000	11.000
337.000	10.000
338.000	27.000
339.000	24.000
340.000	21.000
341.000	45.000
342.000	58.000
343.000	97.000
344.000	174.000
345.000	265.000
346.000	406.000
347.000	562.000
348.000	705.000
349.000	787.000
350.000	914.000
351.000	988.000
352.000	882.000
353.000	746.000
354.000	598.000
355.000	451.000
356.000	308.000
357.000	199.000
358.000	114.000
359.000	66.000
360.000	37.000
361.000	26.000
362.000	14.000
363.000	7.000
364.000	8.000
365.000	22.000
366.000	18.000
367.000	24.000
368.000	15.000
369.000	27.000
370.000	22.000
371.000	19.000
372.000	15.000
373.000	25.000
374.000	19.000
375.000	27.000
376.000	23.000
377.000	22.000
378.000	32.000
379.000	47.000
380.000	51.000
381.000	82.000
382.000	99.000
383.000	134.000
384.000	137.000
385.000	169.000
386.000	176.000
387.000	195.000
388.000	164.000
389.000	144.000
390.000	122.000
391.000	91.000
392.000	68.000
393.000	56.000
394.000	29.000
395.000	27.000
396.000	23.000
397.000	16.000
398.000	28.000
399.000	17.000
400.000	24.000
401.000	20.000
402.000	25.000
403.000	24.000
404.000	24.000
405.000	24.000
406.000	21.000
407.000	25.000
408.000	22.000
409.000	30.000
410.000	25.000
411.000	21.000
412.000	28.000
413.000	23.000
414.000	28.000
415.000	21.000
416.000	28.000
417.000	20.000
418.000	29.000
419.000	26.000
420.000	17.000
421.000	33.000
422.000	35.000
423.000	39.000
424.000	30.000
425.000	37.000
426.000	27.000
427.000	26.000
428.000	30.000
429.000	35.000
430.000	21.000
431.000	32.000
432.000	34.000
433.000	30.000
434.000	41.000
435.000	41.000
436.000	36.000
437.000	36.000
438.000	34.000
439.000	38.000
440.000	41.000
441.000	47.000
442.000	43.000
443.000	44.000
444.000	39.000
445.000	44.000
446.000	42.000
447.000	35.000
448.000	46.000
449.000	43.000
450.000	39.000
451.000	49.000
452.000	46.000
453.000	44.000
454.000	49.000
455.000	42.000
456.000	38.000
457.000	41.000
458.000	52.000
459.000	51.000
460.000	54.000
461.000	39.000
462.000	51.000
463.000	44.000
464.000	34.000
465.000	42.000
466.000	51.000
467.000	52.000
468.000	43.000
469.000	52.000
470.000	41.000
471.000	55.000
472.000	59.000
473.000	44.000
474.000	60.000
475.000	51.000
476.000	48.000
477.000	51.000
478.000	56.000
479.000	49.000
480.000	56.000
481.000	53.000
482.000	61.000
483.000	43.000
484.000	57.000
485.000	58.000
486.000	50.000
487.000	63.000
488.000	49.000
489.000	51.000
490.000	56.000
491.000	61.000
492.000	60.000
493.000	56.000
494.000	69.000
495.000	56.000
496.000	52.000
497.000	55.000
498.000	57.000
499.000	61.000
500.000	77.000
501.000	64.000
502.000	63.000
503.000	73.000
504.000	59.000
505.000	74.000
506.000	73.000
507.000	70.000
508.000	74.000
509.000	69.000
510.000	74.000
511.000	71.000
512.000	68.000
513.000	73.000
514.000	82.000
515.000	85.000
516.000	99.000
517.000	80.000
518.000	86.000
519.000	102.000
520.000	77.000
521.000	99.000
522.000	74.000
523.000	86.000
524.000	82.000
525.000	94.000
526.000	84.000
527.000	87.000
528.000	105.000
529.000	95.000
530.000	94.000
531.000	86.000
532.000	88.000
533.000	83.000
534.000	82.000
535.000	95.000
536.000	86.000
537.000	84.000
538.000	95.000
539.000	84.000
540.000	101.000
541.000	86.000
542.000	90.000
543.000	104.000
544.000	113.000
545.000	93.000
546.000	85.000
547.000	99.000
548.000	104.000
549.000	90.000
550.000	96.000
551.000	108.000
552.000	101.000
553.000	103.000
554.000	91.000
555.000	102.000
556.000	110.000
557.000	108.000
558.000	109.000
559.000	116.000
560.000	91.000
561.000	109.000
562.000	102.000
563.000	108.000
564.000	104.000
565.000	97.000
566.000	107.000
567.000	113.000
568.000	105.000
569.000	128.000
570.000	99.000
571.000	141.000
572.000	111.000
573.000	127.000
574.000	113.000
575.000	132.000
576.000	138.000
577.000	122.000
578.000	119.000
579.000	108.000
580.000	121.000
581.000	108.000
582.000	106.000
583.000	119.000
584.000	123.000
585.000	123.000
586.000	133.000
587.000	134.000
588.000	108.000
589.000	121.000
590.000	135.000
591.000	135.000
592.000	138.000
593.000	159.000
594.000	158.000
595.000	133.000
596.000	134.000
597.000	124.000
598.000	129.000
599.000	135.000
600.000	126.000
601.000	120.000
602.000	138.000
603.000	144.000
604.000	164.000
605.000	120.000
606.000	153.000
607.000	136.000
608.000	157.000
609.000	155.000
610.000	152.000
611.000	141.000
612.000	154.000
613.000	145.000
614.000	145.000
615.000	152.000
616.000	147.000
617.000	156.000
618.000	168.000
619.000	132.000
620.000	124.000
621.000	159.000
622.000	185.000
623.000	150.000
624.000	163.000
625.000	164.000
626.000	162.000
627.000	167.000
628.000	143.000
629.000	146.000
630.000	193.000
631.000	145.000
632.000	165.000
633.000	182.000
634.000	159.000
635.000	130.000
636.000	186.000
637.000	164.000
638.000	160.000
639.000	142.000
640.000	158.000
641.000	172.000
642.000	176.000
643.000	157.000
644.000	184.000
645.000	178.000
646.000	205.000
647.000	188.000
648.000	172.000
649.000	186.000
650.000	214.000
651.000	204.000
652.000	213.000
653.000	182.000
654.000	187.000
655.000	180.000
656.000	185.000
657.000	195.000
658.000	174.000
659.000	163.000
660.000	189.000
661.000	173.000
662.000	185.000
663.000	168.000
664.000	179.000
665.000	176.000
666.000	183.000
667.000	177.000
668.000	195.000
669.000	175.000
670.000	203.000
671.000	194.000
672.000	201.000
673.000	191.000
674.000	176.000
675.000	185.000
676.000	197.000
677.000	199.000
678.000	232.000
679.000	232.000
680.000	204.000
681.000	195.000
682.000	180.000
683.000	207.000
684.000	209.000
685.000	206.000
686.000	204.000
687.000	196.000
688.000	211.000
689.000	214.000
690.000	216.000
691.000	212.000
692.000	211.000
693.000	207.000
694.000	225.000
695.000	196.000
696.000	221.000
697.000	223.000
698.000	241.000
699.000	234.000
700.000	219.000
701.000	240.000
702.000	211.000
703.000	221.000
704.000	218.000
705.000	201.000
706.000	240.000
707.000	209.000
708.000	217.000
709.000	237.000
710.000	233.000
711.000	241.000
712.000	220.000
713.000	219.000
714.000	207.000
715.000	209.000
716.000	207.000
717.000	235.000
718.000	240.000
719.000	223.000
720.000	231.000
721.000	229.000
722.000	238.000
723.000	246.000
724.000	238.000
725.000	240.000
726.000	260.000
727.000	243.000
728.000	236.000
729.000	209.000
730.000	232.000
731.000	261.000
732.000	252.000
733.000	237.000
734.000	230.000
735.000	195.000
736.000	227.000
737.000	235.000
738.000	253.000
739.000	254.000
740.000	249.000
741.000	216.000
742.000	228.000
743.000	257.000
744.000	250.000
745.000	279.000
746.000	243.000
747.000	235.000
748.000	257.000
749.000	257.000
750.000	234.000
751.000	265.000
752.000	247.000
753.000	240.000
754.000	230.000
755.000	246.000
756.000	265.000
757.000	271.000
758.000	266.000
759.000	264.000
760.000	234.000
761.000	270.000
762.000	240.000
763.000	269.000
764.000	267.000
765.000	228.000
766.000	231.000
767.000	297.000
768.000	311.000
769.000	266.000
770.000	249.000
771.000	279.000
772.000	316.000
773.000	294.000
774.000	285.000
775.000	275.000
776.000	290.000
777.000	277.000
778.000	291.000
779.000	320.000
780.000	275.000
781.000	276.000
782.000	286.000
783.000	266.000
784.000	261.000
785.000	256.000
786.000	276.000
787.000	234.000
788.000	259.000
789.000	277.000
790.000	282.000
791.000	266.000
792.000	242.000
793.000	267.000
794.000	269.000
795.000	269.000
796.000	264.000
797.000	253.000
798.000	284.000
799.000	266.000
800.000	287.000
801.000	280.000
802.000	263.000
803.000	260.000
804.000	283.000
805.000	274.000
806.000	273.000
807.000	249.000
808.000	267.000
809.000	277.000
810.000	268.000
811.000	278.000
812.000	241.000
813.000	277.000
814.000	273.000
815.000	289.000
816.000	261.000
817.000	275.000
818.000	259.000
819.000	290.000
820.000	292.000
821.000	301.000
822.000	331.000
823.000	265.000
824.000	271.000
825.000	245.000
826.000	295.000
827.000	274.000
828.000	281.000
829.000	276.000
830.000	305.000
831.000	322.000
832.000	266.000
833.000	269.000
834.000	288.000
835.000	302.000
836.000	317.000
837.000	277.000
838.000	326.000
839.000	284.000
840.000	311.000
841.000	300.000
842.000	298.000
843.000	315.000
844.000	315.000
845.000	312.000
846.000	300.000
847.000	329.000
848.000	324.000
849.000	349.000
850.000	304.000
851.000	300.000
852.000	341.000
853.000	356.000
854.000	342.000
855.000	346.000
856.000	372.000
857.000	338.000
858.000	344.000
859.000	363.000
860.000	402.000
861.000	405.000
862.000	362.000
863.000	350.000
864.000	370.000
865.000	388.000
866.000	368.000
867.000	396.000
868.000	437.000
869.000	424.000
870.000	396.000
871.000	457.000
872.000	428.000
873.000	455.000
874.000	494.000
875.000	509.000
876.000	489.000
877.000	553.000
878.000	566.000
879.000	580.000
880.000	640.000
881.000	637.000
882.000	647.000
883.000	707.000
884.000	776.000
885.000	815.000
886.000	833.000
887.000	874.000
888.000	956.000
889.000	1047.000
890.000	1073.000
891.000	1148.000
892.000	1238.000
893.000	1204.000
894.000	1252.000
895.000	1331.000
896.000	1385.000
897.000	1411.000
898.000	1348.000
899.000	1436.000
900.000	1417.000
901.000	1354.000
902.000	1443.000
903.000	1322.000
904.000	1380.000
905.000	1345.000
906.000	1267.000
907.000	1273.000
908.000	1292.000
909.000	1180.000
910.000	1155.000
911.000	1081.000
912.000	1005.000
913.000	1007.000
914.000	875.000
915.000	825.000
916.000	694.000
917.000	761.000
918.000	699.000
919.000	665.000
920.000	681.000
921.000	546.000
922.000	573.000
923.000	533.000
924.000	500.000
925.000	520.000
926.000	458.000
927.000	426.000
928.000	406.000
929.000	390.000
930.000	391.000
931.000	360.000
932.000	385.000
933.000	358.000
934.000	366.000
935.000	326.000
936.000	361.000
937.000	366.000
938.000	337.000
939.000	381.000
940.000	337.000
941.000	390.000
942.000	400.000
943.000	423.000
944.000	464.000
945.000	488.000
946.000	501.000
947.000	589.000
948.000	625.000
949.000	717.000
950.000	725.000
951.000	731.000
952.000	725.000
953.000	758.000
954.000	734.000
955.000	724.000
956.000	743.000
957.000	720.000
958.000	627.000
959.000	517.000
960.000	522.000
961.000	469.000
962.000	415.000
963.000	383.000
964.000	376.000
965.000	361.000
966.000	305.000
967.000	312.000
968.000	267.000
969.000	278.000
970.000	289.000
971.000	268.000
972.000	264.000
973.000	260.000
974.000	279.000
975.000	280.000
976.000	257.000
977.000	271.000
978.000	253.000
979.000	298.000
980.000	289.000
981.000	280.000
982.000	315.000
983.000	296.000
984.000	281.000
985.000	324.000
986.000	325.000
987.000	311.000
988.000	344.000
989.000	319.000
990.000	343.000
991.000	340.000
992.000	342.000
993.000	366.000
994.000	367.000
995.000	365.000
996.000	399.000
997.000	408.000
998.000	386.000
999.000	396.000
1000.000	405.000
1001.000	387.000
1002.000	457.000
1003.000	434.000
1004.000	403.000
1005.000	403.000
1006.000	439.000
1007.000	399.000
1008.000	398.000
1009.000	396.000
1010.000	392.000
1011.000	410.000
1012.000	392.000
1013.000	359.000
1014.000	373.000
1015.000	382.000
1016.000	330.000
1017.000	332.000
1018.000	334.000
1019.000	302.000
1020.000	304.000
1021.000	277.000
1022.000	290.000
1023.000	272.000
1024.000	269.000
