Date:	8/19/2008		Time:	9:52 AM		Version no:	0.00		Project name:	55		Sample name:	222		Section name:	section		Position	816.039995	mm	E0	0.000000	keV	E1	1.000000	keV/channel	sample surface	7.809237	cm	Tube anode:	Mo		Tube voltage:	30	kV	Tube current:	50	mA	gain	20		std. database			resultfile	result		matrix element	11		sample thickness	1.000000		air passage	0.560000	cm	comments	not in position		peaking_time	3.000000	m-sec	trigger_threshold	1229.166667	V	mca_bin_width	22.090000	no:	number_mca_channels	1024.000000	no:	gap_time	0.400000	m-sec	trigger_peaking_time	0.150000	m-sec	GAINDAC	9455		HIGHGAIN	1		TAURC	0		RCTAU	53		RCTAUFRAC	32768		livetime	9.714102	seconds	runtime	10.000502	seconds	input_count_rate	27.382048	cps	output_count_rate	21.067343	cps	triggers	265992	seconds	events_in_run	210684	seconds	channel	content		1.000	0.000
2.000	0.000
3.000	0.000
4.000	0.000
5.000	0.000
6.000	0.000
7.000	0.000
8.000	0.000
9.000	0.000
10.000	0.000
11.000	0.000
12.000	0.000
13.000	0.000
14.000	0.000
15.000	0.000
16.000	0.000
17.000	0.000
18.000	0.000
19.000	0.000
20.000	0.000
21.000	0.000
22.000	0.000
23.000	0.000
24.000	0.000
25.000	0.000
26.000	0.000
27.000	0.000
28.000	0.000
29.000	0.000
30.000	0.000
31.000	0.000
32.000	0.000
33.000	0.000
34.000	1.000
35.000	0.000
36.000	1.000
37.000	3.000
38.000	1.000
39.000	4.000
40.000	1.000
41.000	5.000
42.000	4.000
43.000	2.000
44.000	6.000
45.000	6.000
46.000	4.000
47.000	9.000
48.000	8.000
49.000	10.000
50.000	7.000
51.000	8.000
52.000	7.000
53.000	14.000
54.000	15.000
55.000	10.000
56.000	9.000
57.000	13.000
58.000	14.000
59.000	13.000
60.000	6.000
61.000	8.000
62.000	15.000
63.000	11.000
64.000	10.000
65.000	9.000
66.000	6.000
67.000	6.000
68.000	13.000
69.000	14.000
70.000	8.000
71.000	11.000
72.000	18.000
73.000	9.000
74.000	9.000
75.000	13.000
76.000	5.000
77.000	7.000
78.000	4.000
79.000	10.000
80.000	17.000
81.000	6.000
82.000	11.000
83.000	12.000
84.000	7.000
85.000	8.000
86.000	8.000
87.000	10.000
88.000	11.000
89.000	6.000
90.000	5.000
91.000	8.000
92.000	4.000
93.000	9.000
94.000	12.000
95.000	11.000
96.000	13.000
97.000	5.000
98.000	9.000
99.000	13.000
100.000	2.000
101.000	6.000
102.000	7.000
103.000	6.000
104.000	12.000
105.000	4.000
106.000	8.000
107.000	7.000
108.000	5.000
109.000	9.000
110.000	7.000
111.000	3.000
112.000	12.000
113.000	7.000
114.000	2.000
115.000	4.000
116.000	4.000
117.000	3.000
118.000	6.000
119.000	4.000
120.000	5.000
121.000	5.000
122.000	11.000
123.000	11.000
124.000	10.000
125.000	8.000
126.000	7.000
127.000	13.000
128.000	8.000
129.000	4.000
130.000	8.000
131.000	10.000
132.000	10.000
133.000	6.000
134.000	6.000
135.000	5.000
136.000	5.000
137.000	8.000
138.000	8.000
139.000	5.000
140.000	9.000
141.000	4.000
142.000	7.000
143.000	4.000
144.000	5.000
145.000	2.000
146.000	0.000
147.000	5.000
148.000	4.000
149.000	4.000
150.000	3.000
151.000	4.000
152.000	5.000
153.000	6.000
154.000	4.000
155.000	2.000
156.000	4.000
157.000	4.000
158.000	13.000
159.000	3.000
160.000	10.000
161.000	10.000
162.000	9.000
163.000	8.000
164.000	13.000
165.000	13.000
166.000	12.000
167.000	5.000
168.000	1.000
169.000	3.000
170.000	2.000
171.000	1.000
172.000	3.000
173.000	3.000
174.000	3.000
175.000	4.000
176.000	5.000
177.000	6.000
178.000	5.000
179.000	10.000
180.000	6.000
181.000	9.000
182.000	6.000
183.000	10.000
184.000	6.000
185.000	3.000
186.000	3.000
187.000	4.000
188.000	2.000
189.000	4.000
190.000	2.000
191.000	3.000
192.000	4.000
193.000	4.000
194.000	2.000
195.000	5.000
196.000	3.000
197.000	12.000
198.000	8.000
199.000	11.000
200.000	20.000
201.000	20.000
202.000	32.000
203.000	29.000
204.000	30.000
205.000	23.000
206.000	15.000
207.000	10.000
208.000	4.000
209.000	4.000
210.000	4.000
211.000	1.000
212.000	2.000
213.000	6.000
214.000	5.000
215.000	5.000
216.000	4.000
217.000	4.000
218.000	6.000
219.000	8.000
220.000	10.000
221.000	8.000
222.000	7.000
223.000	7.000
224.000	5.000
225.000	8.000
226.000	5.000
227.000	4.000
228.000	1.000
229.000	1.000
230.000	4.000
231.000	2.000
232.000	4.000
233.000	1.000
234.000	10.000
235.000	1.000
236.000	7.000
237.000	1.000
238.000	6.000
239.000	6.000
240.000	2.000
241.000	8.000
242.000	7.000
243.000	7.000
244.000	5.000
245.000	18.000
246.000	17.000
247.000	6.000
248.000	14.000
249.000	11.000
250.000	15.000
251.000	13.000
252.000	7.000
253.000	5.000
254.000	9.000
255.000	6.000
256.000	7.000
257.000	7.000
258.000	11.000
259.000	4.000
260.000	3.000
261.000	2.000
262.000	7.000
263.000	5.000
264.000	2.000
265.000	7.000
266.000	4.000
267.000	2.000
268.000	8.000
269.000	5.000
270.000	6.000
271.000	6.000
272.000	16.000
273.000	5.000
274.000	8.000
275.000	9.000
276.000	9.000
277.000	5.000
278.000	7.000
279.000	4.000
280.000	5.000
281.000	5.000
282.000	9.000
283.000	2.000
284.000	4.000
285.000	4.000
286.000	4.000
287.000	7.000
288.000	7.000
289.000	10.000
290.000	3.000
291.000	5.000
292.000	7.000
293.000	7.000
294.000	11.000
295.000	7.000
296.000	9.000
297.000	13.000
298.000	3.000
299.000	5.000
300.000	4.000
301.000	9.000
302.000	7.000
303.000	8.000
304.000	9.000
305.000	6.000
306.000	6.000
307.000	10.000
308.000	10.000
309.000	6.000
310.000	7.000
311.000	5.000
312.000	12.000
313.000	4.000
314.000	14.000
315.000	13.000
316.000	10.000
317.000	16.000
318.000	22.000
319.000	31.000
320.000	38.000
321.000	35.000
322.000	55.000
323.000	43.000
324.000	46.000
325.000	47.000
326.000	31.000
327.000	30.000
328.000	21.000
329.000	19.000
330.000	11.000
331.000	10.000
332.000	16.000
333.000	8.000
334.000	9.000
335.000	13.000
336.000	9.000
337.000	19.000
338.000	13.000
339.000	21.000
340.000	30.000
341.000	30.000
342.000	66.000
343.000	110.000
344.000	157.000
345.000	253.000
346.000	362.000
347.000	486.000
348.000	673.000
349.000	725.000
350.000	824.000
351.000	837.000
352.000	802.000
353.000	673.000
354.000	566.000
355.000	400.000
356.000	266.000
357.000	201.000
358.000	115.000
359.000	47.000
360.000	41.000
361.000	23.000
362.000	20.000
363.000	17.000
364.000	10.000
365.000	21.000
366.000	9.000
367.000	20.000
368.000	21.000
369.000	10.000
370.000	14.000
371.000	18.000
372.000	19.000
373.000	21.000
374.000	15.000
375.000	15.000
376.000	33.000
377.000	23.000
378.000	27.000
379.000	35.000
380.000	60.000
381.000	66.000
382.000	93.000
383.000	127.000
384.000	125.000
385.000	171.000
386.000	179.000
387.000	137.000
388.000	143.000
389.000	102.000
390.000	96.000
391.000	84.000
392.000	78.000
393.000	48.000
394.000	44.000
395.000	31.000
396.000	25.000
397.000	20.000
398.000	31.000
399.000	20.000
400.000	17.000
401.000	27.000
402.000	21.000
403.000	18.000
404.000	19.000
405.000	21.000
406.000	22.000
407.000	21.000
408.000	24.000
409.000	30.000
410.000	25.000
411.000	30.000
412.000	18.000
413.000	23.000
414.000	31.000
415.000	26.000
416.000	31.000
417.000	31.000
418.000	16.000
419.000	23.000
420.000	21.000
421.000	32.000
422.000	25.000
423.000	32.000
424.000	24.000
425.000	34.000
426.000	29.000
427.000	36.000
428.000	30.000
429.000	32.000
430.000	29.000
431.000	26.000
432.000	23.000
433.000	24.000
434.000	31.000
435.000	41.000
436.000	37.000
437.000	30.000
438.000	32.000
439.000	34.000
440.000	36.000
441.000	37.000
442.000	35.000
443.000	39.000
444.000	37.000
445.000	25.000
446.000	41.000
447.000	32.000
448.000	24.000
449.000	50.000
450.000	34.000
451.000	29.000
452.000	40.000
453.000	42.000
454.000	44.000
455.000	49.000
456.000	31.000
457.000	33.000
458.000	31.000
459.000	33.000
460.000	33.000
461.000	52.000
462.000	50.000
463.000	39.000
464.000	40.000
465.000	45.000
466.000	34.000
467.000	30.000
468.000	47.000
469.000	43.000
470.000	42.000
471.000	49.000
472.000	51.000
473.000	46.000
474.000	58.000
475.000	50.000
476.000	45.000
477.000	41.000
478.000	53.000
479.000	45.000
480.000	47.000
481.000	37.000
482.000	45.000
483.000	44.000
484.000	53.000
485.000	49.000
486.000	47.000
487.000	43.000
488.000	45.000
489.000	59.000
490.000	48.000
491.000	41.000
492.000	41.000
493.000	41.000
494.000	47.000
495.000	43.000
496.000	53.000
497.000	58.000
498.000	52.000
499.000	42.000
500.000	73.000
501.000	47.000
502.000	59.000
503.000	51.000
504.000	72.000
505.000	57.000
506.000	69.000
507.000	63.000
508.000	62.000
509.000	77.000
510.000	64.000
511.000	55.000
512.000	67.000
513.000	67.000
514.000	70.000
515.000	48.000
516.000	62.000
517.000	74.000
518.000	68.000
519.000	74.000
520.000	64.000
521.000	71.000
522.000	69.000
523.000	75.000
524.000	80.000
525.000	78.000
526.000	91.000
527.000	83.000
528.000	96.000
529.000	84.000
530.000	89.000
531.000	73.000
532.000	71.000
533.000	74.000
534.000	73.000
535.000	80.000
536.000	84.000
537.000	85.000
538.000	94.000
539.000	72.000
540.000	77.000
541.000	82.000
542.000	85.000
543.000	77.000
544.000	92.000
545.000	94.000
546.000	93.000
547.000	77.000
548.000	91.000
549.000	70.000
550.000	80.000
551.000	95.000
552.000	98.000
553.000	91.000
554.000	83.000
555.000	98.000
556.000	87.000
557.000	91.000
558.000	94.000
559.000	96.000
560.000	87.000
561.000	97.000
562.000	87.000
563.000	98.000
564.000	104.000
565.000	97.000
566.000	91.000
567.000	97.000
568.000	111.000
569.000	95.000
570.000	104.000
571.000	94.000
572.000	114.000
573.000	94.000
574.000	105.000
575.000	102.000
576.000	101.000
577.000	104.000
578.000	101.000
579.000	113.000
580.000	107.000
581.000	116.000
582.000	109.000
583.000	95.000
584.000	115.000
585.000	147.000
586.000	114.000
587.000	113.000
588.000	112.000
589.000	108.000
590.000	114.000
591.000	113.000
592.000	117.000
593.000	116.000
594.000	132.000
595.000	104.000
596.000	110.000
597.000	130.000
598.000	114.000
599.000	108.000
600.000	131.000
601.000	137.000
602.000	112.000
603.000	125.000
604.000	139.000
605.000	132.000
606.000	146.000
607.000	144.000
608.000	159.000
609.000	131.000
610.000	136.000
611.000	142.000
612.000	126.000
613.000	139.000
614.000	138.000
615.000	149.000
616.000	134.000
617.000	149.000
618.000	130.000
619.000	114.000
620.000	134.000
621.000	156.000
622.000	139.000
623.000	143.000
624.000	131.000
625.000	165.000
626.000	165.000
627.000	129.000
628.000	128.000
629.000	131.000
630.000	143.000
631.000	149.000
632.000	147.000
633.000	162.000
634.000	123.000
635.000	141.000
636.000	160.000
637.000	139.000
638.000	166.000
639.000	138.000
640.000	157.000
641.000	177.000
642.000	174.000
643.000	158.000
644.000	172.000
645.000	167.000
646.000	186.000
647.000	152.000
648.000	146.000
649.000	156.000
650.000	162.000
651.000	180.000
652.000	160.000
653.000	188.000
654.000	193.000
655.000	160.000
656.000	188.000
657.000	179.000
658.000	189.000
659.000	161.000
660.000	184.000
661.000	170.000
662.000	176.000
663.000	182.000
664.000	189.000
665.000	176.000
666.000	168.000
667.000	161.000
668.000	190.000
669.000	166.000
670.000	177.000
671.000	183.000
672.000	170.000
673.000	210.000
674.000	160.000
675.000	197.000
676.000	174.000
677.000	207.000
678.000	204.000
679.000	164.000
680.000	179.000
681.000	187.000
682.000	179.000
683.000	182.000
684.000	184.000
685.000	195.000
686.000	209.000
687.000	186.000
688.000	185.000
689.000	207.000
690.000	205.000
691.000	199.000
692.000	215.000
693.000	186.000
694.000	188.000
695.000	187.000
696.000	202.000
697.000	200.000
698.000	204.000
699.000	187.000
700.000	199.000
701.000	206.000
702.000	207.000
703.000	207.000
704.000	201.000
705.000	216.000
706.000	217.000
707.000	178.000
708.000	198.000
709.000	226.000
710.000	214.000
711.000	195.000
712.000	214.000
713.000	218.000
714.000	219.000
715.000	217.000
716.000	194.000
717.000	232.000
718.000	226.000
719.000	215.000
720.000	240.000
721.000	212.000
722.000	216.000
723.000	216.000
724.000	209.000
725.000	224.000
726.000	234.000
727.000	227.000
728.000	235.000
729.000	230.000
730.000	248.000
731.000	244.000
732.000	260.000
733.000	216.000
734.000	230.000
735.000	222.000
736.000	226.000
737.000	204.000
738.000	257.000
739.000	200.000
740.000	232.000
741.000	231.000
742.000	240.000
743.000	215.000
744.000	229.000
745.000	231.000
746.000	227.000
747.000	227.000
748.000	235.000
749.000	239.000
750.000	255.000
751.000	239.000
752.000	228.000
753.000	230.000
754.000	250.000
755.000	202.000
756.000	251.000
757.000	253.000
758.000	233.000
759.000	240.000
760.000	255.000
761.000	252.000
762.000	232.000
763.000	257.000
764.000	245.000
765.000	233.000
766.000	252.000
767.000	262.000
768.000	281.000
769.000	266.000
770.000	298.000
771.000	287.000
772.000	288.000
773.000	288.000
774.000	274.000
775.000	284.000
776.000	299.000
777.000	286.000
778.000	271.000
779.000	298.000
780.000	245.000
781.000	250.000
782.000	247.000
783.000	242.000
784.000	254.000
785.000	260.000
786.000	261.000
787.000	264.000
788.000	238.000
789.000	222.000
790.000	278.000
791.000	282.000
792.000	244.000
793.000	259.000
794.000	326.000
795.000	247.000
796.000	241.000
797.000	282.000
798.000	274.000
799.000	277.000
800.000	267.000
801.000	253.000
802.000	284.000
803.000	274.000
804.000	270.000
805.000	250.000
806.000	256.000
807.000	258.000
808.000	246.000
809.000	299.000
810.000	260.000
811.000	278.000
812.000	259.000
813.000	278.000
814.000	259.000
815.000	295.000
816.000	281.000
817.000	278.000
818.000	287.000
819.000	269.000
820.000	283.000
821.000	270.000
822.000	278.000
823.000	261.000
824.000	278.000
825.000	293.000
826.000	281.000
827.000	285.000
828.000	302.000
829.000	279.000
830.000	272.000
831.000	273.000
832.000	269.000
833.000	293.000
834.000	311.000
835.000	279.000
836.000	310.000
837.000	298.000
838.000	268.000
839.000	309.000
840.000	309.000
841.000	281.000
842.000	309.000
843.000	318.000
844.000	352.000
845.000	285.000
846.000	297.000
847.000	294.000
848.000	336.000
849.000	297.000
850.000	289.000
851.000	298.000
852.000	328.000
853.000	334.000
854.000	326.000
855.000	351.000
856.000	334.000
857.000	321.000
858.000	334.000
859.000	354.000
860.000	370.000
861.000	339.000
862.000	393.000
863.000	386.000
864.000	378.000
865.000	393.000
866.000	407.000
867.000	414.000
868.000	427.000
869.000	399.000
870.000	431.000
871.000	445.000
872.000	455.000
873.000	431.000
874.000	443.000
875.000	505.000
876.000	476.000
877.000	531.000
878.000	582.000
879.000	535.000
880.000	610.000
881.000	638.000
882.000	648.000
883.000	735.000
884.000	802.000
885.000	831.000
886.000	928.000
887.000	866.000
888.000	1067.000
889.000	973.000
890.000	1099.000
891.000	1107.000
892.000	1255.000
893.000	1242.000
894.000	1279.000
895.000	1318.000
896.000	1396.000
897.000	1407.000
898.000	1411.000
899.000	1396.000
900.000	1485.000
901.000	1425.000
902.000	1398.000
903.000	1433.000
904.000	1364.000
905.000	1337.000
906.000	1429.000
907.000	1209.000
908.000	1146.000
909.000	1177.000
910.000	1140.000
911.000	1045.000
912.000	989.000
913.000	984.000
914.000	879.000
915.000	838.000
916.000	795.000
917.000	774.000
918.000	678.000
919.000	659.000
920.000	597.000
921.000	606.000
922.000	537.000
923.000	511.000
924.000	504.000
925.000	464.000
926.000	445.000
927.000	411.000
928.000	415.000
929.000	407.000
930.000	374.000
931.000	385.000
932.000	373.000
933.000	367.000
934.000	348.000
935.000	365.000
936.000	301.000
937.000	313.000
938.000	355.000
939.000	356.000
940.000	346.000
941.000	375.000
942.000	425.000
943.000	423.000
944.000	461.000
945.000	477.000
946.000	517.000
947.000	575.000
948.000	615.000
949.000	668.000
950.000	720.000
951.000	738.000
952.000	726.000
953.000	729.000
954.000	776.000
955.000	772.000
956.000	691.000
957.000	672.000
958.000	652.000
959.000	560.000
960.000	531.000
961.000	486.000
962.000	431.000
963.000	397.000
964.000	376.000
965.000	313.000
966.000	316.000
967.000	285.000
968.000	299.000
969.000	270.000
970.000	264.000
971.000	268.000
972.000	291.000
973.000	306.000
974.000	301.000
975.000	273.000
976.000	249.000
977.000	307.000
978.000	315.000
979.000	269.000
980.000	268.000
981.000	289.000
982.000	280.000
983.000	298.000
984.000	271.000
985.000	324.000
986.000	330.000
987.000	331.000
988.000	330.000
989.000	335.000
990.000	343.000
991.000	338.000
992.000	376.000
993.000	368.000
994.000	356.000
995.000	347.000
996.000	375.000
997.000	386.000
998.000	427.000
999.000	404.000
1000.000	406.000
1001.000	437.000
1002.000	401.000
1003.000	431.000
1004.000	417.000
1005.000	446.000
1006.000	434.000
1007.000	409.000
1008.000	423.000
1009.000	387.000
1010.000	421.000
1011.000	432.000
1012.000	380.000
1013.000	370.000
1014.000	372.000
1015.000	343.000
1016.000	350.000
1017.000	361.000
1018.000	314.000
1019.000	317.000
1020.000	306.000
1021.000	277.000
1022.000	286.000
1023.000	263.000
1024.000	259.000
