Date:	8/19/2008		Time:	9:50 AM		Version no:	0.00		Project name:	55		Sample name:	222		Section name:	section		Position	790.039995	mm	E0	0.000000	keV	E1	1.000000	keV/channel	sample surface	7.809007	cm	Tube anode:	Mo		Tube voltage:	30	kV	Tube current:	50	mA	gain	20		std. database			resultfile	result		matrix element	11		sample thickness	1.000000		air passage	0.560000	cm	comments	not in position		peaking_time	3.000000	m-sec	trigger_threshold	1229.166667	V	mca_bin_width	22.090000	no:	number_mca_channels	1024.000000	no:	gap_time	0.400000	m-sec	trigger_peaking_time	0.150000	m-sec	GAINDAC	9455		HIGHGAIN	1		TAURC	0		RCTAU	53		RCTAUFRAC	32768		livetime	9.734246	seconds	runtime	10.000502	seconds	input_count_rate	26.356329	cps	output_count_rate	20.456772	cps	triggers	256559	seconds	events_in_run	204578	seconds	channel	content		1.000	0.000
2.000	0.000
3.000	0.000
4.000	0.000
5.000	0.000
6.000	0.000
7.000	0.000
8.000	0.000
9.000	0.000
10.000	0.000
11.000	0.000
12.000	0.000
13.000	0.000
14.000	0.000
15.000	0.000
16.000	0.000
17.000	0.000
18.000	0.000
19.000	0.000
20.000	0.000
21.000	0.000
22.000	0.000
23.000	0.000
24.000	0.000
25.000	0.000
26.000	0.000
27.000	0.000
28.000	0.000
29.000	0.000
30.000	0.000
31.000	1.000
32.000	0.000
33.000	0.000
34.000	1.000
35.000	1.000
36.000	3.000
37.000	4.000
38.000	7.000
39.000	2.000
40.000	6.000
41.000	3.000
42.000	5.000
43.000	7.000
44.000	5.000
45.000	9.000
46.000	5.000
47.000	10.000
48.000	9.000
49.000	8.000
50.000	9.000
51.000	9.000
52.000	11.000
53.000	7.000
54.000	12.000
55.000	13.000
56.000	12.000
57.000	13.000
58.000	9.000
59.000	11.000
60.000	6.000
61.000	7.000
62.000	14.000
63.000	6.000
64.000	12.000
65.000	12.000
66.000	4.000
67.000	6.000
68.000	11.000
69.000	11.000
70.000	10.000
71.000	12.000
72.000	3.000
73.000	6.000
74.000	2.000
75.000	10.000
76.000	8.000
77.000	8.000
78.000	8.000
79.000	10.000
80.000	8.000
81.000	4.000
82.000	8.000
83.000	6.000
84.000	5.000
85.000	6.000
86.000	7.000
87.000	12.000
88.000	7.000
89.000	9.000
90.000	10.000
91.000	8.000
92.000	5.000
93.000	3.000
94.000	10.000
95.000	8.000
96.000	9.000
97.000	12.000
98.000	7.000
99.000	9.000
100.000	9.000
101.000	8.000
102.000	10.000
103.000	8.000
104.000	4.000
105.000	1.000
106.000	5.000
107.000	6.000
108.000	8.000
109.000	6.000
110.000	12.000
111.000	4.000
112.000	8.000
113.000	6.000
114.000	4.000
115.000	5.000
116.000	10.000
117.000	3.000
118.000	6.000
119.000	9.000
120.000	4.000
121.000	5.000
122.000	4.000
123.000	11.000
124.000	9.000
125.000	6.000
126.000	13.000
127.000	10.000
128.000	15.000
129.000	5.000
130.000	16.000
131.000	7.000
132.000	6.000
133.000	6.000
134.000	10.000
135.000	7.000
136.000	4.000
137.000	8.000
138.000	5.000
139.000	4.000
140.000	2.000
141.000	3.000
142.000	7.000
143.000	5.000
144.000	2.000
145.000	3.000
146.000	7.000
147.000	7.000
148.000	2.000
149.000	3.000
150.000	1.000
151.000	6.000
152.000	8.000
153.000	5.000
154.000	10.000
155.000	5.000
156.000	2.000
157.000	3.000
158.000	5.000
159.000	5.000
160.000	7.000
161.000	6.000
162.000	6.000
163.000	9.000
164.000	11.000
165.000	6.000
166.000	13.000
167.000	5.000
168.000	4.000
169.000	6.000
170.000	4.000
171.000	3.000
172.000	3.000
173.000	5.000
174.000	1.000
175.000	2.000
176.000	10.000
177.000	8.000
178.000	6.000
179.000	8.000
180.000	13.000
181.000	10.000
182.000	22.000
183.000	11.000
184.000	11.000
185.000	9.000
186.000	5.000
187.000	7.000
188.000	6.000
189.000	5.000
190.000	4.000
191.000	2.000
192.000	5.000
193.000	8.000
194.000	6.000
195.000	6.000
196.000	7.000
197.000	7.000
198.000	8.000
199.000	23.000
200.000	25.000
201.000	27.000
202.000	39.000
203.000	34.000
204.000	32.000
205.000	22.000
206.000	25.000
207.000	14.000
208.000	15.000
209.000	7.000
210.000	8.000
211.000	4.000
212.000	3.000
213.000	5.000
214.000	5.000
215.000	4.000
216.000	6.000
217.000	6.000
218.000	7.000
219.000	5.000
220.000	10.000
221.000	7.000
222.000	6.000
223.000	5.000
224.000	3.000
225.000	5.000
226.000	3.000
227.000	3.000
228.000	1.000
229.000	3.000
230.000	4.000
231.000	2.000
232.000	3.000
233.000	4.000
234.000	2.000
235.000	4.000
236.000	3.000
237.000	7.000
238.000	4.000
239.000	4.000
240.000	4.000
241.000	8.000
242.000	5.000
243.000	6.000
244.000	10.000
245.000	16.000
246.000	16.000
247.000	16.000
248.000	20.000
249.000	10.000
250.000	9.000
251.000	13.000
252.000	11.000
253.000	6.000
254.000	8.000
255.000	8.000
256.000	8.000
257.000	6.000
258.000	2.000
259.000	5.000
260.000	3.000
261.000	4.000
262.000	3.000
263.000	7.000
264.000	4.000
265.000	10.000
266.000	6.000
267.000	7.000
268.000	5.000
269.000	7.000
270.000	7.000
271.000	8.000
272.000	10.000
273.000	9.000
274.000	5.000
275.000	5.000
276.000	3.000
277.000	9.000
278.000	6.000
279.000	6.000
280.000	14.000
281.000	9.000
282.000	4.000
283.000	6.000
284.000	4.000
285.000	7.000
286.000	7.000
287.000	6.000
288.000	4.000
289.000	4.000
290.000	9.000
291.000	5.000
292.000	7.000
293.000	10.000
294.000	8.000
295.000	8.000
296.000	4.000
297.000	4.000
298.000	8.000
299.000	15.000
300.000	11.000
301.000	6.000
302.000	8.000
303.000	6.000
304.000	6.000
305.000	11.000
306.000	5.000
307.000	6.000
308.000	13.000
309.000	7.000
310.000	7.000
311.000	8.000
312.000	7.000
313.000	15.000
314.000	5.000
315.000	10.000
316.000	14.000
317.000	18.000
318.000	25.000
319.000	29.000
320.000	50.000
321.000	46.000
322.000	42.000
323.000	62.000
324.000	53.000
325.000	53.000
326.000	42.000
327.000	31.000
328.000	21.000
329.000	22.000
330.000	14.000
331.000	17.000
332.000	7.000
333.000	12.000
334.000	9.000
335.000	10.000
336.000	11.000
337.000	13.000
338.000	19.000
339.000	17.000
340.000	23.000
341.000	47.000
342.000	82.000
343.000	136.000
344.000	205.000
345.000	331.000
346.000	444.000
347.000	649.000
348.000	780.000
349.000	958.000
350.000	1086.000
351.000	1074.000
352.000	1005.000
353.000	850.000
354.000	710.000
355.000	529.000
356.000	327.000
357.000	216.000
358.000	144.000
359.000	87.000
360.000	48.000
361.000	28.000
362.000	20.000
363.000	13.000
364.000	18.000
365.000	13.000
366.000	21.000
367.000	13.000
368.000	14.000
369.000	25.000
370.000	18.000
371.000	21.000
372.000	25.000
373.000	13.000
374.000	24.000
375.000	19.000
376.000	12.000
377.000	24.000
378.000	45.000
379.000	43.000
380.000	51.000
381.000	71.000
382.000	119.000
383.000	135.000
384.000	144.000
385.000	181.000
386.000	177.000
387.000	161.000
388.000	171.000
389.000	162.000
390.000	123.000
391.000	111.000
392.000	86.000
393.000	34.000
394.000	45.000
395.000	38.000
396.000	31.000
397.000	26.000
398.000	21.000
399.000	24.000
400.000	15.000
401.000	14.000
402.000	18.000
403.000	19.000
404.000	26.000
405.000	17.000
406.000	23.000
407.000	19.000
408.000	17.000
409.000	15.000
410.000	32.000
411.000	27.000
412.000	25.000
413.000	20.000
414.000	25.000
415.000	22.000
416.000	29.000
417.000	21.000
418.000	28.000
419.000	24.000
420.000	24.000
421.000	32.000
422.000	27.000
423.000	31.000
424.000	28.000
425.000	17.000
426.000	26.000
427.000	24.000
428.000	28.000
429.000	30.000
430.000	25.000
431.000	28.000
432.000	35.000
433.000	28.000
434.000	27.000
435.000	23.000
436.000	26.000
437.000	39.000
438.000	30.000
439.000	32.000
440.000	33.000
441.000	31.000
442.000	33.000
443.000	30.000
444.000	45.000
445.000	32.000
446.000	30.000
447.000	44.000
448.000	44.000
449.000	38.000
450.000	38.000
451.000	43.000
452.000	36.000
453.000	49.000
454.000	33.000
455.000	33.000
456.000	51.000
457.000	44.000
458.000	38.000
459.000	40.000
460.000	46.000
461.000	49.000
462.000	42.000
463.000	42.000
464.000	41.000
465.000	50.000
466.000	50.000
467.000	63.000
468.000	49.000
469.000	45.000
470.000	56.000
471.000	51.000
472.000	50.000
473.000	46.000
474.000	63.000
475.000	53.000
476.000	47.000
477.000	55.000
478.000	41.000
479.000	58.000
480.000	48.000
481.000	60.000
482.000	42.000
483.000	46.000
484.000	42.000
485.000	49.000
486.000	49.000
487.000	45.000
488.000	59.000
489.000	46.000
490.000	57.000
491.000	47.000
492.000	59.000
493.000	53.000
494.000	63.000
495.000	54.000
496.000	58.000
497.000	64.000
498.000	49.000
499.000	52.000
500.000	53.000
501.000	65.000
502.000	63.000
503.000	53.000
504.000	57.000
505.000	59.000
506.000	49.000
507.000	68.000
508.000	62.000
509.000	80.000
510.000	57.000
511.000	77.000
512.000	48.000
513.000	69.000
514.000	61.000
515.000	81.000
516.000	72.000
517.000	76.000
518.000	80.000
519.000	71.000
520.000	59.000
521.000	74.000
522.000	72.000
523.000	76.000
524.000	64.000
525.000	68.000
526.000	84.000
527.000	81.000
528.000	80.000
529.000	88.000
530.000	85.000
531.000	79.000
532.000	83.000
533.000	68.000
534.000	85.000
535.000	76.000
536.000	72.000
537.000	66.000
538.000	78.000
539.000	95.000
540.000	80.000
541.000	91.000
542.000	62.000
543.000	70.000
544.000	83.000
545.000	93.000
546.000	81.000
547.000	74.000
548.000	82.000
549.000	83.000
550.000	90.000
551.000	87.000
552.000	94.000
553.000	92.000
554.000	87.000
555.000	83.000
556.000	94.000
557.000	94.000
558.000	106.000
559.000	93.000
560.000	84.000
561.000	87.000
562.000	94.000
563.000	88.000
564.000	106.000
565.000	102.000
566.000	92.000
567.000	110.000
568.000	98.000
569.000	106.000
570.000	107.000
571.000	111.000
572.000	112.000
573.000	109.000
574.000	111.000
575.000	103.000
576.000	121.000
577.000	111.000
578.000	96.000
579.000	110.000
580.000	109.000
581.000	120.000
582.000	101.000
583.000	123.000
584.000	137.000
585.000	108.000
586.000	111.000
587.000	88.000
588.000	127.000
589.000	110.000
590.000	147.000
591.000	101.000
592.000	123.000
593.000	118.000
594.000	128.000
595.000	104.000
596.000	120.000
597.000	119.000
598.000	120.000
599.000	113.000
600.000	137.000
601.000	148.000
602.000	125.000
603.000	141.000
604.000	121.000
605.000	138.000
606.000	135.000
607.000	113.000
608.000	139.000
609.000	122.000
610.000	134.000
611.000	107.000
612.000	142.000
613.000	127.000
614.000	125.000
615.000	125.000
616.000	130.000
617.000	137.000
618.000	138.000
619.000	140.000
620.000	146.000
621.000	144.000
622.000	153.000
623.000	159.000
624.000	146.000
625.000	132.000
626.000	160.000
627.000	158.000
628.000	164.000
629.000	165.000
630.000	156.000
631.000	163.000
632.000	149.000
633.000	155.000
634.000	157.000
635.000	143.000
636.000	152.000
637.000	154.000
638.000	152.000
639.000	148.000
640.000	165.000
641.000	144.000
642.000	153.000
643.000	164.000
644.000	153.000
645.000	170.000
646.000	146.000
647.000	161.000
648.000	164.000
649.000	176.000
650.000	196.000
651.000	182.000
652.000	170.000
653.000	197.000
654.000	181.000
655.000	160.000
656.000	192.000
657.000	152.000
658.000	175.000
659.000	173.000
660.000	168.000
661.000	185.000
662.000	181.000
663.000	172.000
664.000	161.000
665.000	190.000
666.000	172.000
667.000	184.000
668.000	158.000
669.000	158.000
670.000	184.000
671.000	187.000
672.000	182.000
673.000	185.000
674.000	161.000
675.000	175.000
676.000	160.000
677.000	177.000
678.000	167.000
679.000	174.000
680.000	206.000
681.000	182.000
682.000	173.000
683.000	172.000
684.000	187.000
685.000	213.000
686.000	218.000
687.000	202.000
688.000	202.000
689.000	214.000
690.000	199.000
691.000	199.000
692.000	219.000
693.000	192.000
694.000	200.000
695.000	179.000
696.000	177.000
697.000	200.000
698.000	181.000
699.000	198.000
700.000	172.000
701.000	199.000
702.000	211.000
703.000	198.000
704.000	212.000
705.000	166.000
706.000	222.000
707.000	196.000
708.000	196.000
709.000	202.000
710.000	196.000
711.000	236.000
712.000	211.000
713.000	197.000
714.000	191.000
715.000	225.000
716.000	236.000
717.000	209.000
718.000	215.000
719.000	217.000
720.000	207.000
721.000	217.000
722.000	219.000
723.000	208.000
724.000	207.000
725.000	220.000
726.000	220.000
727.000	204.000
728.000	213.000
729.000	235.000
730.000	232.000
731.000	245.000
732.000	234.000
733.000	218.000
734.000	238.000
735.000	266.000
736.000	218.000
737.000	218.000
738.000	224.000
739.000	241.000
740.000	241.000
741.000	242.000
742.000	234.000
743.000	243.000
744.000	228.000
745.000	228.000
746.000	214.000
747.000	243.000
748.000	226.000
749.000	232.000
750.000	226.000
751.000	260.000
752.000	211.000
753.000	226.000
754.000	230.000
755.000	233.000
756.000	241.000
757.000	218.000
758.000	234.000
759.000	259.000
760.000	246.000
761.000	227.000
762.000	246.000
763.000	260.000
764.000	276.000
765.000	268.000
766.000	233.000
767.000	282.000
768.000	281.000
769.000	285.000
770.000	277.000
771.000	294.000
772.000	299.000
773.000	299.000
774.000	279.000
775.000	287.000
776.000	276.000
777.000	250.000
778.000	289.000
779.000	267.000
780.000	263.000
781.000	273.000
782.000	244.000
783.000	226.000
784.000	279.000
785.000	244.000
786.000	274.000
787.000	230.000
788.000	261.000
789.000	230.000
790.000	228.000
791.000	243.000
792.000	250.000
793.000	266.000
794.000	231.000
795.000	277.000
796.000	248.000
797.000	248.000
798.000	257.000
799.000	289.000
800.000	242.000
801.000	240.000
802.000	255.000
803.000	281.000
804.000	257.000
805.000	248.000
806.000	262.000
807.000	260.000
808.000	278.000
809.000	274.000
810.000	293.000
811.000	282.000
812.000	289.000
813.000	270.000
814.000	258.000
815.000	272.000
816.000	273.000
817.000	270.000
818.000	263.000
819.000	254.000
820.000	267.000
821.000	297.000
822.000	289.000
823.000	288.000
824.000	279.000
825.000	241.000
826.000	259.000
827.000	278.000
828.000	256.000
829.000	282.000
830.000	302.000
831.000	257.000
832.000	270.000
833.000	284.000
834.000	299.000
835.000	299.000
836.000	276.000
837.000	289.000
838.000	257.000
839.000	292.000
840.000	285.000
841.000	272.000
842.000	292.000
843.000	263.000
844.000	308.000
845.000	283.000
846.000	297.000
847.000	294.000
848.000	293.000
849.000	293.000
850.000	308.000
851.000	327.000
852.000	311.000
853.000	339.000
854.000	301.000
855.000	336.000
856.000	328.000
857.000	315.000
858.000	321.000
859.000	331.000
860.000	317.000
861.000	366.000
862.000	359.000
863.000	368.000
864.000	351.000
865.000	391.000
866.000	379.000
867.000	413.000
868.000	372.000
869.000	385.000
870.000	403.000
871.000	424.000
872.000	475.000
873.000	415.000
874.000	431.000
875.000	449.000
876.000	507.000
877.000	476.000
878.000	543.000
879.000	553.000
880.000	544.000
881.000	593.000
882.000	579.000
883.000	672.000
884.000	725.000
885.000	751.000
886.000	771.000
887.000	829.000
888.000	963.000
889.000	939.000
890.000	1024.000
891.000	1130.000
892.000	1120.000
893.000	1170.000
894.000	1209.000
895.000	1263.000
896.000	1253.000
897.000	1343.000
898.000	1253.000
899.000	1353.000
900.000	1370.000
901.000	1317.000
902.000	1336.000
903.000	1325.000
904.000	1250.000
905.000	1215.000
906.000	1201.000
907.000	1128.000
908.000	1166.000
909.000	1077.000
910.000	999.000
911.000	991.000
912.000	927.000
913.000	924.000
914.000	866.000
915.000	789.000
916.000	760.000
917.000	709.000
918.000	667.000
919.000	561.000
920.000	580.000
921.000	579.000
922.000	494.000
923.000	501.000
924.000	453.000
925.000	458.000
926.000	402.000
927.000	384.000
928.000	363.000
929.000	383.000
930.000	364.000
931.000	376.000
932.000	345.000
933.000	316.000
934.000	331.000
935.000	306.000
936.000	328.000
937.000	307.000
938.000	335.000
939.000	333.000
940.000	359.000
941.000	369.000
942.000	393.000
943.000	415.000
944.000	441.000
945.000	426.000
946.000	551.000
947.000	576.000
948.000	593.000
949.000	638.000
950.000	664.000
951.000	752.000
952.000	720.000
953.000	730.000
954.000	728.000
955.000	762.000
956.000	722.000
957.000	621.000
958.000	611.000
959.000	513.000
960.000	490.000
961.000	441.000
962.000	401.000
963.000	352.000
964.000	335.000
965.000	273.000
966.000	297.000
967.000	282.000
968.000	248.000
969.000	287.000
970.000	233.000
971.000	285.000
972.000	276.000
973.000	242.000
974.000	239.000
975.000	238.000
976.000	240.000
977.000	264.000
978.000	250.000
979.000	270.000
980.000	258.000
981.000	248.000
982.000	258.000
983.000	262.000
984.000	286.000
985.000	312.000
986.000	285.000
987.000	301.000
988.000	304.000
989.000	335.000
990.000	359.000
991.000	320.000
992.000	345.000
993.000	347.000
994.000	370.000
995.000	350.000
996.000	369.000
997.000	351.000
998.000	376.000
999.000	397.000
1000.000	384.000
1001.000	385.000
1002.000	373.000
1003.000	398.000
1004.000	408.000
1005.000	456.000
1006.000	360.000
1007.000	396.000
1008.000	343.000
1009.000	357.000
1010.000	414.000
1011.000	367.000
1012.000	363.000
1013.000	343.000
1014.000	332.000
1015.000	316.000
1016.000	300.000
1017.000	286.000
1018.000	309.000
1019.000	254.000
1020.000	272.000
1021.000	233.000
1022.000	279.000
1023.000	269.000
1024.000	239.000
