Date:	8/19/2008		Time:	8:50 AM		Version no:	0.00		Project name:	55		Sample name:	222		Section name:	section		Position	164.039995	mm	E0	0.000000	keV	E1	1.000000	keV/channel	sample surface	7.599549	cm	Tube anode:	Mo		Tube voltage:	30	kV	Tube current:	50	mA	gain	20		std. database			resultfile	result		matrix element	11		sample thickness	1.000000		air passage	0.560000	cm	comments	not in position		peaking_time	3.000000	m-sec	trigger_threshold	1229.166667	V	mca_bin_width	22.090000	no:	number_mca_channels	1024.000000	no:	gap_time	0.400000	m-sec	trigger_peaking_time	0.150000	m-sec	GAINDAC	9455		HIGHGAIN	1		TAURC	0		RCTAU	53		RCTAUFRAC	32768		livetime	9.693965	seconds	runtime	10.000502	seconds	input_count_rate	29.142978	cps	output_count_rate	22.089390	cps	triggers	282511	seconds	events_in_run	220905	seconds	channel	content		1.000	0.000
2.000	0.000
3.000	0.000
4.000	0.000
5.000	0.000
6.000	0.000
7.000	0.000
8.000	0.000
9.000	0.000
10.000	0.000
11.000	0.000
12.000	0.000
13.000	0.000
14.000	0.000
15.000	0.000
16.000	0.000
17.000	0.000
18.000	0.000
19.000	0.000
20.000	0.000
21.000	0.000
22.000	0.000
23.000	0.000
24.000	0.000
25.000	0.000
26.000	0.000
27.000	0.000
28.000	0.000
29.000	0.000
30.000	0.000
31.000	0.000
32.000	0.000
33.000	0.000
34.000	0.000
35.000	1.000
36.000	4.000
37.000	1.000
38.000	2.000
39.000	7.000
40.000	2.000
41.000	6.000
42.000	4.000
43.000	5.000
44.000	10.000
45.000	6.000
46.000	10.000
47.000	3.000
48.000	7.000
49.000	3.000
50.000	8.000
51.000	12.000
52.000	10.000
53.000	7.000
54.000	6.000
55.000	15.000
56.000	8.000
57.000	11.000
58.000	10.000
59.000	9.000
60.000	10.000
61.000	6.000
62.000	12.000
63.000	14.000
64.000	8.000
65.000	8.000
66.000	11.000
67.000	11.000
68.000	8.000
69.000	5.000
70.000	12.000
71.000	10.000
72.000	7.000
73.000	10.000
74.000	7.000
75.000	7.000
76.000	7.000
77.000	11.000
78.000	10.000
79.000	6.000
80.000	16.000
81.000	12.000
82.000	1.000
83.000	6.000
84.000	5.000
85.000	10.000
86.000	6.000
87.000	12.000
88.000	6.000
89.000	4.000
90.000	7.000
91.000	10.000
92.000	7.000
93.000	7.000
94.000	4.000
95.000	9.000
96.000	10.000
97.000	8.000
98.000	5.000
99.000	9.000
100.000	4.000
101.000	10.000
102.000	3.000
103.000	4.000
104.000	7.000
105.000	5.000
106.000	9.000
107.000	9.000
108.000	4.000
109.000	5.000
110.000	9.000
111.000	7.000
112.000	13.000
113.000	2.000
114.000	2.000
115.000	11.000
116.000	5.000
117.000	3.000
118.000	6.000
119.000	2.000
120.000	5.000
121.000	8.000
122.000	5.000
123.000	7.000
124.000	7.000
125.000	13.000
126.000	15.000
127.000	15.000
128.000	7.000
129.000	8.000
130.000	13.000
131.000	5.000
132.000	7.000
133.000	9.000
134.000	7.000
135.000	4.000
136.000	8.000
137.000	2.000
138.000	4.000
139.000	1.000
140.000	8.000
141.000	5.000
142.000	9.000
143.000	8.000
144.000	3.000
145.000	5.000
146.000	5.000
147.000	4.000
148.000	0.000
149.000	3.000
150.000	3.000
151.000	0.000
152.000	8.000
153.000	5.000
154.000	4.000
155.000	5.000
156.000	5.000
157.000	6.000
158.000	10.000
159.000	6.000
160.000	13.000
161.000	15.000
162.000	12.000
163.000	11.000
164.000	7.000
165.000	13.000
166.000	7.000
167.000	8.000
168.000	7.000
169.000	3.000
170.000	2.000
171.000	6.000
172.000	5.000
173.000	2.000
174.000	3.000
175.000	3.000
176.000	5.000
177.000	3.000
178.000	4.000
179.000	9.000
180.000	14.000
181.000	11.000
182.000	11.000
183.000	5.000
184.000	10.000
185.000	7.000
186.000	5.000
187.000	5.000
188.000	3.000
189.000	1.000
190.000	2.000
191.000	2.000
192.000	5.000
193.000	2.000
194.000	3.000
195.000	6.000
196.000	7.000
197.000	7.000
198.000	12.000
199.000	14.000
200.000	20.000
201.000	24.000
202.000	31.000
203.000	32.000
204.000	26.000
205.000	13.000
206.000	18.000
207.000	7.000
208.000	10.000
209.000	3.000
210.000	3.000
211.000	4.000
212.000	4.000
213.000	3.000
214.000	9.000
215.000	4.000
216.000	4.000
217.000	8.000
218.000	6.000
219.000	4.000
220.000	6.000
221.000	3.000
222.000	10.000
223.000	2.000
224.000	6.000
225.000	1.000
226.000	2.000
227.000	4.000
228.000	2.000
229.000	2.000
230.000	3.000
231.000	9.000
232.000	2.000
233.000	3.000
234.000	2.000
235.000	4.000
236.000	2.000
237.000	0.000
238.000	3.000
239.000	5.000
240.000	5.000
241.000	2.000
242.000	5.000
243.000	10.000
244.000	9.000
245.000	2.000
246.000	13.000
247.000	16.000
248.000	9.000
249.000	11.000
250.000	14.000
251.000	11.000
252.000	10.000
253.000	10.000
254.000	6.000
255.000	3.000
256.000	6.000
257.000	6.000
258.000	6.000
259.000	5.000
260.000	1.000
261.000	7.000
262.000	3.000
263.000	8.000
264.000	4.000
265.000	5.000
266.000	4.000
267.000	5.000
268.000	6.000
269.000	11.000
270.000	6.000
271.000	5.000
272.000	5.000
273.000	7.000
274.000	7.000
275.000	6.000
276.000	2.000
277.000	6.000
278.000	5.000
279.000	2.000
280.000	8.000
281.000	3.000
282.000	9.000
283.000	5.000
284.000	8.000
285.000	9.000
286.000	7.000
287.000	4.000
288.000	4.000
289.000	5.000
290.000	4.000
291.000	7.000
292.000	6.000
293.000	12.000
294.000	9.000
295.000	11.000
296.000	15.000
297.000	5.000
298.000	12.000
299.000	3.000
300.000	8.000
301.000	7.000
302.000	12.000
303.000	5.000
304.000	13.000
305.000	7.000
306.000	6.000
307.000	10.000
308.000	12.000
309.000	8.000
310.000	8.000
311.000	7.000
312.000	10.000
313.000	14.000
314.000	9.000
315.000	14.000
316.000	9.000
317.000	18.000
318.000	24.000
319.000	28.000
320.000	26.000
321.000	47.000
322.000	54.000
323.000	47.000
324.000	45.000
325.000	42.000
326.000	31.000
327.000	23.000
328.000	26.000
329.000	22.000
330.000	16.000
331.000	6.000
332.000	11.000
333.000	14.000
334.000	6.000
335.000	15.000
336.000	8.000
337.000	17.000
338.000	20.000
339.000	16.000
340.000	24.000
341.000	32.000
342.000	68.000
343.000	88.000
344.000	156.000
345.000	267.000
346.000	363.000
347.000	522.000
348.000	661.000
349.000	800.000
350.000	824.000
351.000	820.000
352.000	778.000
353.000	654.000
354.000	520.000
355.000	389.000
356.000	271.000
357.000	181.000
358.000	106.000
359.000	58.000
360.000	42.000
361.000	28.000
362.000	24.000
363.000	18.000
364.000	20.000
365.000	15.000
366.000	17.000
367.000	22.000
368.000	18.000
369.000	8.000
370.000	14.000
371.000	18.000
372.000	13.000
373.000	17.000
374.000	24.000
375.000	19.000
376.000	23.000
377.000	30.000
378.000	40.000
379.000	32.000
380.000	51.000
381.000	55.000
382.000	93.000
383.000	107.000
384.000	136.000
385.000	158.000
386.000	148.000
387.000	148.000
388.000	152.000
389.000	138.000
390.000	90.000
391.000	86.000
392.000	47.000
393.000	46.000
394.000	39.000
395.000	15.000
396.000	24.000
397.000	19.000
398.000	23.000
399.000	20.000
400.000	26.000
401.000	23.000
402.000	19.000
403.000	24.000
404.000	24.000
405.000	21.000
406.000	25.000
407.000	23.000
408.000	18.000
409.000	25.000
410.000	31.000
411.000	32.000
412.000	28.000
413.000	16.000
414.000	17.000
415.000	26.000
416.000	17.000
417.000	15.000
418.000	29.000
419.000	20.000
420.000	26.000
421.000	23.000
422.000	34.000
423.000	33.000
424.000	27.000
425.000	21.000
426.000	23.000
427.000	27.000
428.000	25.000
429.000	41.000
430.000	36.000
431.000	26.000
432.000	25.000
433.000	30.000
434.000	27.000
435.000	33.000
436.000	36.000
437.000	39.000
438.000	30.000
439.000	35.000
440.000	42.000
441.000	45.000
442.000	33.000
443.000	52.000
444.000	40.000
445.000	39.000
446.000	44.000
447.000	38.000
448.000	38.000
449.000	35.000
450.000	33.000
451.000	43.000
452.000	42.000
453.000	47.000
454.000	53.000
455.000	57.000
456.000	54.000
457.000	47.000
458.000	45.000
459.000	48.000
460.000	57.000
461.000	41.000
462.000	31.000
463.000	43.000
464.000	40.000
465.000	55.000
466.000	49.000
467.000	37.000
468.000	42.000
469.000	52.000
470.000	38.000
471.000	47.000
472.000	53.000
473.000	50.000
474.000	49.000
475.000	46.000
476.000	47.000
477.000	60.000
478.000	52.000
479.000	59.000
480.000	58.000
481.000	52.000
482.000	58.000
483.000	44.000
484.000	61.000
485.000	57.000
486.000	56.000
487.000	45.000
488.000	68.000
489.000	62.000
490.000	63.000
491.000	62.000
492.000	61.000
493.000	51.000
494.000	68.000
495.000	54.000
496.000	67.000
497.000	75.000
498.000	63.000
499.000	74.000
500.000	63.000
501.000	69.000
502.000	64.000
503.000	54.000
504.000	62.000
505.000	75.000
506.000	63.000
507.000	84.000
508.000	86.000
509.000	73.000
510.000	88.000
511.000	82.000
512.000	72.000
513.000	75.000
514.000	71.000
515.000	78.000
516.000	69.000
517.000	82.000
518.000	69.000
519.000	69.000
520.000	84.000
521.000	61.000
522.000	86.000
523.000	80.000
524.000	86.000
525.000	88.000
526.000	72.000
527.000	77.000
528.000	88.000
529.000	81.000
530.000	99.000
531.000	81.000
532.000	94.000
533.000	79.000
534.000	79.000
535.000	93.000
536.000	78.000
537.000	73.000
538.000	90.000
539.000	88.000
540.000	85.000
541.000	98.000
542.000	101.000
543.000	73.000
544.000	89.000
545.000	91.000
546.000	91.000
547.000	101.000
548.000	81.000
549.000	84.000
550.000	96.000
551.000	91.000
552.000	95.000
553.000	103.000
554.000	88.000
555.000	79.000
556.000	98.000
557.000	96.000
558.000	109.000
559.000	77.000
560.000	104.000
561.000	101.000
562.000	107.000
563.000	116.000
564.000	115.000
565.000	90.000
566.000	109.000
567.000	106.000
568.000	110.000
569.000	100.000
570.000	118.000
571.000	123.000
572.000	95.000
573.000	99.000
574.000	132.000
575.000	119.000
576.000	120.000
577.000	108.000
578.000	113.000
579.000	131.000
580.000	117.000
581.000	111.000
582.000	123.000
583.000	130.000
584.000	106.000
585.000	125.000
586.000	148.000
587.000	117.000
588.000	116.000
589.000	116.000
590.000	127.000
591.000	109.000
592.000	116.000
593.000	136.000
594.000	122.000
595.000	114.000
596.000	110.000
597.000	151.000
598.000	138.000
599.000	133.000
600.000	114.000
601.000	150.000
602.000	144.000
603.000	127.000
604.000	158.000
605.000	149.000
606.000	142.000
607.000	128.000
608.000	146.000
609.000	141.000
610.000	151.000
611.000	133.000
612.000	171.000
613.000	142.000
614.000	151.000
615.000	161.000
616.000	152.000
617.000	148.000
618.000	153.000
619.000	153.000
620.000	168.000
621.000	159.000
622.000	162.000
623.000	146.000
624.000	175.000
625.000	159.000
626.000	139.000
627.000	155.000
628.000	148.000
629.000	166.000
630.000	154.000
631.000	155.000
632.000	152.000
633.000	150.000
634.000	151.000
635.000	150.000
636.000	163.000
637.000	183.000
638.000	168.000
639.000	166.000
640.000	203.000
641.000	143.000
642.000	161.000
643.000	162.000
644.000	182.000
645.000	200.000
646.000	174.000
647.000	201.000
648.000	167.000
649.000	194.000
650.000	174.000
651.000	222.000
652.000	178.000
653.000	181.000
654.000	200.000
655.000	193.000
656.000	182.000
657.000	186.000
658.000	190.000
659.000	195.000
660.000	177.000
661.000	183.000
662.000	173.000
663.000	205.000
664.000	192.000
665.000	182.000
666.000	183.000
667.000	194.000
668.000	178.000
669.000	199.000
670.000	195.000
671.000	196.000
672.000	191.000
673.000	190.000
674.000	216.000
675.000	192.000
676.000	194.000
677.000	207.000
678.000	209.000
679.000	206.000
680.000	182.000
681.000	213.000
682.000	187.000
683.000	209.000
684.000	191.000
685.000	217.000
686.000	212.000
687.000	232.000
688.000	247.000
689.000	204.000
690.000	194.000
691.000	211.000
692.000	218.000
693.000	189.000
694.000	208.000
695.000	235.000
696.000	240.000
697.000	210.000
698.000	238.000
699.000	228.000
700.000	228.000
701.000	214.000
702.000	211.000
703.000	222.000
704.000	234.000
705.000	231.000
706.000	198.000
707.000	232.000
708.000	239.000
709.000	214.000
710.000	222.000
711.000	244.000
712.000	220.000
713.000	227.000
714.000	212.000
715.000	247.000
716.000	252.000
717.000	211.000
718.000	240.000
719.000	234.000
720.000	223.000
721.000	238.000
722.000	243.000
723.000	198.000
724.000	239.000
725.000	242.000
726.000	222.000
727.000	236.000
728.000	274.000
729.000	244.000
730.000	253.000
731.000	251.000
732.000	226.000
733.000	232.000
734.000	240.000
735.000	265.000
736.000	249.000
737.000	260.000
738.000	234.000
739.000	241.000
740.000	226.000
741.000	260.000
742.000	249.000
743.000	231.000
744.000	232.000
745.000	256.000
746.000	253.000
747.000	246.000
748.000	249.000
749.000	233.000
750.000	236.000
751.000	244.000
752.000	238.000
753.000	265.000
754.000	251.000
755.000	281.000
756.000	232.000
757.000	252.000
758.000	247.000
759.000	262.000
760.000	251.000
761.000	279.000
762.000	267.000
763.000	269.000
764.000	264.000
765.000	289.000
766.000	297.000
767.000	251.000
768.000	277.000
769.000	269.000
770.000	273.000
771.000	274.000
772.000	306.000
773.000	306.000
774.000	288.000
775.000	302.000
776.000	262.000
777.000	300.000
778.000	285.000
779.000	281.000
780.000	281.000
781.000	290.000
782.000	294.000
783.000	261.000
784.000	251.000
785.000	281.000
786.000	281.000
787.000	248.000
788.000	274.000
789.000	255.000
790.000	268.000
791.000	248.000
792.000	290.000
793.000	272.000
794.000	276.000
795.000	260.000
796.000	317.000
797.000	290.000
798.000	262.000
799.000	282.000
800.000	297.000
801.000	254.000
802.000	290.000
803.000	268.000
804.000	294.000
805.000	295.000
806.000	280.000
807.000	264.000
808.000	283.000
809.000	281.000
810.000	302.000
811.000	296.000
812.000	318.000
813.000	296.000
814.000	294.000
815.000	272.000
816.000	278.000
817.000	278.000
818.000	266.000
819.000	317.000
820.000	307.000
821.000	322.000
822.000	290.000
823.000	302.000
824.000	315.000
825.000	295.000
826.000	280.000
827.000	304.000
828.000	296.000
829.000	294.000
830.000	311.000
831.000	309.000
832.000	290.000
833.000	291.000
834.000	338.000
835.000	301.000
836.000	261.000
837.000	337.000
838.000	335.000
839.000	318.000
840.000	341.000
841.000	361.000
842.000	300.000
843.000	286.000
844.000	309.000
845.000	304.000
846.000	321.000
847.000	325.000
848.000	322.000
849.000	306.000
850.000	343.000
851.000	341.000
852.000	375.000
853.000	343.000
854.000	328.000
855.000	336.000
856.000	366.000
857.000	380.000
858.000	372.000
859.000	372.000
860.000	365.000
861.000	369.000
862.000	368.000
863.000	373.000
864.000	384.000
865.000	370.000
866.000	372.000
867.000	423.000
868.000	421.000
869.000	455.000
870.000	460.000
871.000	449.000
872.000	442.000
873.000	457.000
874.000	488.000
875.000	545.000
876.000	566.000
877.000	570.000
878.000	581.000
879.000	625.000
880.000	631.000
881.000	679.000
882.000	708.000
883.000	785.000
884.000	813.000
885.000	845.000
886.000	958.000
887.000	945.000
888.000	1094.000
889.000	1098.000
890.000	1219.000
891.000	1206.000
892.000	1277.000
893.000	1344.000
894.000	1370.000
895.000	1436.000
896.000	1451.000
897.000	1519.000
898.000	1433.000
899.000	1492.000
900.000	1510.000
901.000	1562.000
902.000	1493.000
903.000	1497.000
904.000	1355.000
905.000	1396.000
906.000	1344.000
907.000	1341.000
908.000	1248.000
909.000	1197.000
910.000	1100.000
911.000	1123.000
912.000	1015.000
913.000	985.000
914.000	992.000
915.000	837.000
916.000	787.000
917.000	776.000
918.000	772.000
919.000	668.000
920.000	658.000
921.000	646.000
922.000	586.000
923.000	510.000
924.000	525.000
925.000	518.000
926.000	503.000
927.000	475.000
928.000	449.000
929.000	410.000
930.000	406.000
931.000	411.000
932.000	406.000
933.000	391.000
934.000	371.000
935.000	355.000
936.000	357.000
937.000	371.000
938.000	355.000
939.000	350.000
940.000	360.000
941.000	398.000
942.000	405.000
943.000	486.000
944.000	489.000
945.000	528.000
946.000	578.000
947.000	631.000
948.000	638.000
949.000	715.000
950.000	796.000
951.000	794.000
952.000	817.000
953.000	764.000
954.000	808.000
955.000	780.000
956.000	718.000
957.000	684.000
958.000	627.000
959.000	562.000
960.000	540.000
961.000	491.000
962.000	458.000
963.000	394.000
964.000	369.000
965.000	361.000
966.000	309.000
967.000	313.000
968.000	287.000
969.000	264.000
970.000	273.000
971.000	307.000
972.000	316.000
973.000	294.000
974.000	315.000
975.000	322.000
976.000	295.000
977.000	308.000
978.000	296.000
979.000	316.000
980.000	309.000
981.000	299.000
982.000	304.000
983.000	328.000
984.000	328.000
985.000	341.000
986.000	335.000
987.000	318.000
988.000	350.000
989.000	333.000
990.000	327.000
991.000	385.000
992.000	378.000
993.000	381.000
994.000	363.000
995.000	441.000
996.000	424.000
997.000	388.000
998.000	422.000
999.000	451.000
1000.000	447.000
1001.000	446.000
1002.000	427.000
1003.000	438.000
1004.000	450.000
1005.000	425.000
1006.000	423.000
1007.000	383.000
1008.000	442.000
1009.000	421.000
1010.000	387.000
1011.000	395.000
1012.000	375.000
1013.000	363.000
1014.000	382.000
1015.000	350.000
1016.000	340.000
1017.000	352.000
1018.000	374.000
1019.000	305.000
1020.000	338.000
1021.000	264.000
1022.000	307.000
1023.000	320.000
1024.000	297.000
