Date:	8/19/2008		Time:	8:59 AM		Version no:	0.00		Project name:	55		Sample name:	222		Section name:	section		Position	250.039995	mm	E0	0.000000	keV	E1	1.000000	keV/channel	sample surface	7.431996	cm	Tube anode:	Mo		Tube voltage:	30	kV	Tube current:	50	mA	gain	20		std. database			resultfile	result		matrix element	11		sample thickness	1.000000		air passage	0.560000	cm	comments	not in position		peaking_time	3.000000	m-sec	trigger_threshold	1229.166667	V	mca_bin_width	22.090000	no:	number_mca_channels	1024.000000	no:	gap_time	0.400000	m-sec	trigger_peaking_time	0.150000	m-sec	GAINDAC	9455		HIGHGAIN	1		TAURC	0		RCTAU	53		RCTAUFRAC	32768		livetime	9.715937	seconds	runtime	10.000501	seconds	input_count_rate	27.102379	cps	output_count_rate	20.881554	cps	triggers	263325	seconds	events_in_run	208826	seconds	channel	content		1.000	0.000
2.000	0.000
3.000	0.000
4.000	0.000
5.000	0.000
6.000	0.000
7.000	0.000
8.000	0.000
9.000	0.000
10.000	0.000
11.000	0.000
12.000	0.000
13.000	0.000
14.000	0.000
15.000	0.000
16.000	0.000
17.000	0.000
18.000	0.000
19.000	0.000
20.000	0.000
21.000	0.000
22.000	0.000
23.000	0.000
24.000	0.000
25.000	0.000
26.000	0.000
27.000	0.000
28.000	0.000
29.000	0.000
30.000	0.000
31.000	3.000
32.000	0.000
33.000	2.000
34.000	1.000
35.000	3.000
36.000	0.000
37.000	1.000
38.000	3.000
39.000	4.000
40.000	1.000
41.000	1.000
42.000	2.000
43.000	2.000
44.000	2.000
45.000	9.000
46.000	9.000
47.000	12.000
48.000	8.000
49.000	2.000
50.000	6.000
51.000	11.000
52.000	10.000
53.000	17.000
54.000	9.000
55.000	7.000
56.000	15.000
57.000	10.000
58.000	6.000
59.000	10.000
60.000	10.000
61.000	11.000
62.000	4.000
63.000	12.000
64.000	14.000
65.000	7.000
66.000	11.000
67.000	10.000
68.000	11.000
69.000	6.000
70.000	17.000
71.000	10.000
72.000	6.000
73.000	10.000
74.000	7.000
75.000	8.000
76.000	13.000
77.000	6.000
78.000	4.000
79.000	4.000
80.000	12.000
81.000	12.000
82.000	9.000
83.000	4.000
84.000	7.000
85.000	14.000
86.000	8.000
87.000	10.000
88.000	7.000
89.000	5.000
90.000	12.000
91.000	7.000
92.000	10.000
93.000	4.000
94.000	9.000
95.000	6.000
96.000	5.000
97.000	8.000
98.000	8.000
99.000	5.000
100.000	11.000
101.000	6.000
102.000	8.000
103.000	5.000
104.000	11.000
105.000	14.000
106.000	11.000
107.000	8.000
108.000	6.000
109.000	8.000
110.000	10.000
111.000	3.000
112.000	7.000
113.000	7.000
114.000	10.000
115.000	6.000
116.000	4.000
117.000	4.000
118.000	10.000
119.000	14.000
120.000	7.000
121.000	12.000
122.000	17.000
123.000	8.000
124.000	8.000
125.000	3.000
126.000	9.000
127.000	10.000
128.000	12.000
129.000	5.000
130.000	11.000
131.000	12.000
132.000	10.000
133.000	9.000
134.000	2.000
135.000	5.000
136.000	7.000
137.000	3.000
138.000	3.000
139.000	6.000
140.000	5.000
141.000	5.000
142.000	13.000
143.000	4.000
144.000	7.000
145.000	8.000
146.000	6.000
147.000	1.000
148.000	6.000
149.000	4.000
150.000	8.000
151.000	2.000
152.000	7.000
153.000	6.000
154.000	2.000
155.000	2.000
156.000	5.000
157.000	4.000
158.000	3.000
159.000	8.000
160.000	6.000
161.000	6.000
162.000	9.000
163.000	12.000
164.000	7.000
165.000	12.000
166.000	6.000
167.000	6.000
168.000	7.000
169.000	5.000
170.000	7.000
171.000	3.000
172.000	2.000
173.000	6.000
174.000	3.000
175.000	4.000
176.000	5.000
177.000	5.000
178.000	2.000
179.000	3.000
180.000	7.000
181.000	5.000
182.000	3.000
183.000	4.000
184.000	12.000
185.000	6.000
186.000	4.000
187.000	1.000
188.000	3.000
189.000	2.000
190.000	2.000
191.000	2.000
192.000	2.000
193.000	3.000
194.000	2.000
195.000	3.000
196.000	6.000
197.000	6.000
198.000	5.000
199.000	9.000
200.000	17.000
201.000	15.000
202.000	12.000
203.000	21.000
204.000	11.000
205.000	10.000
206.000	14.000
207.000	3.000
208.000	2.000
209.000	5.000
210.000	4.000
211.000	8.000
212.000	2.000
213.000	4.000
214.000	2.000
215.000	3.000
216.000	7.000
217.000	1.000
218.000	3.000
219.000	6.000
220.000	6.000
221.000	2.000
222.000	5.000
223.000	5.000
224.000	8.000
225.000	12.000
226.000	6.000
227.000	3.000
228.000	0.000
229.000	6.000
230.000	2.000
231.000	3.000
232.000	2.000
233.000	3.000
234.000	4.000
235.000	5.000
236.000	1.000
237.000	4.000
238.000	3.000
239.000	3.000
240.000	6.000
241.000	4.000
242.000	1.000
243.000	3.000
244.000	9.000
245.000	10.000
246.000	8.000
247.000	7.000
248.000	2.000
249.000	13.000
250.000	7.000
251.000	6.000
252.000	7.000
253.000	5.000
254.000	10.000
255.000	8.000
256.000	3.000
257.000	8.000
258.000	2.000
259.000	7.000
260.000	3.000
261.000	3.000
262.000	7.000
263.000	6.000
264.000	6.000
265.000	3.000
266.000	3.000
267.000	6.000
268.000	0.000
269.000	9.000
270.000	2.000
271.000	9.000
272.000	3.000
273.000	3.000
274.000	5.000
275.000	6.000
276.000	6.000
277.000	8.000
278.000	8.000
279.000	3.000
280.000	2.000
281.000	6.000
282.000	4.000
283.000	5.000
284.000	4.000
285.000	3.000
286.000	8.000
287.000	5.000
288.000	5.000
289.000	6.000
290.000	13.000
291.000	7.000
292.000	5.000
293.000	5.000
294.000	2.000
295.000	9.000
296.000	3.000
297.000	7.000
298.000	7.000
299.000	2.000
300.000	8.000
301.000	8.000
302.000	5.000
303.000	10.000
304.000	3.000
305.000	6.000
306.000	6.000
307.000	10.000
308.000	8.000
309.000	6.000
310.000	6.000
311.000	6.000
312.000	8.000
313.000	8.000
314.000	3.000
315.000	5.000
316.000	7.000
317.000	9.000
318.000	22.000
319.000	20.000
320.000	29.000
321.000	24.000
322.000	29.000
323.000	27.000
324.000	38.000
325.000	34.000
326.000	20.000
327.000	30.000
328.000	15.000
329.000	17.000
330.000	10.000
331.000	10.000
332.000	8.000
333.000	7.000
334.000	10.000
335.000	11.000
336.000	10.000
337.000	8.000
338.000	6.000
339.000	10.000
340.000	17.000
341.000	26.000
342.000	39.000
343.000	69.000
344.000	110.000
345.000	186.000
346.000	250.000
347.000	323.000
348.000	413.000
349.000	495.000
350.000	510.000
351.000	517.000
352.000	504.000
353.000	394.000
354.000	361.000
355.000	264.000
356.000	182.000
357.000	127.000
358.000	83.000
359.000	58.000
360.000	25.000
361.000	23.000
362.000	17.000
363.000	14.000
364.000	16.000
365.000	11.000
366.000	11.000
367.000	10.000
368.000	19.000
369.000	18.000
370.000	7.000
371.000	11.000
372.000	7.000
373.000	8.000
374.000	18.000
375.000	12.000
376.000	12.000
377.000	27.000
378.000	13.000
379.000	33.000
380.000	29.000
381.000	54.000
382.000	54.000
383.000	68.000
384.000	79.000
385.000	113.000
386.000	101.000
387.000	96.000
388.000	107.000
389.000	80.000
390.000	78.000
391.000	66.000
392.000	49.000
393.000	32.000
394.000	31.000
395.000	21.000
396.000	20.000
397.000	11.000
398.000	11.000
399.000	18.000
400.000	25.000
401.000	10.000
402.000	15.000
403.000	16.000
404.000	19.000
405.000	18.000
406.000	10.000
407.000	18.000
408.000	14.000
409.000	18.000
410.000	16.000
411.000	7.000
412.000	19.000
413.000	13.000
414.000	18.000
415.000	16.000
416.000	20.000
417.000	20.000
418.000	27.000
419.000	15.000
420.000	19.000
421.000	24.000
422.000	23.000
423.000	26.000
424.000	20.000
425.000	18.000
426.000	21.000
427.000	28.000
428.000	24.000
429.000	20.000
430.000	13.000
431.000	26.000
432.000	19.000
433.000	28.000
434.000	20.000
435.000	31.000
436.000	31.000
437.000	26.000
438.000	24.000
439.000	23.000
440.000	27.000
441.000	34.000
442.000	33.000
443.000	30.000
444.000	31.000
445.000	29.000
446.000	35.000
447.000	30.000
448.000	21.000
449.000	26.000
450.000	30.000
451.000	26.000
452.000	38.000
453.000	29.000
454.000	32.000
455.000	37.000
456.000	39.000
457.000	24.000
458.000	31.000
459.000	27.000
460.000	27.000
461.000	41.000
462.000	27.000
463.000	35.000
464.000	28.000
465.000	36.000
466.000	51.000
467.000	35.000
468.000	35.000
469.000	40.000
470.000	37.000
471.000	37.000
472.000	36.000
473.000	42.000
474.000	41.000
475.000	39.000
476.000	27.000
477.000	30.000
478.000	39.000
479.000	41.000
480.000	26.000
481.000	43.000
482.000	46.000
483.000	33.000
484.000	40.000
485.000	38.000
486.000	37.000
487.000	43.000
488.000	49.000
489.000	49.000
490.000	49.000
491.000	39.000
492.000	42.000
493.000	39.000
494.000	44.000
495.000	53.000
496.000	38.000
497.000	51.000
498.000	51.000
499.000	49.000
500.000	43.000
501.000	43.000
502.000	69.000
503.000	63.000
504.000	51.000
505.000	42.000
506.000	56.000
507.000	52.000
508.000	54.000
509.000	57.000
510.000	54.000
511.000	48.000
512.000	66.000
513.000	50.000
514.000	73.000
515.000	55.000
516.000	74.000
517.000	45.000
518.000	56.000
519.000	58.000
520.000	58.000
521.000	48.000
522.000	64.000
523.000	58.000
524.000	56.000
525.000	66.000
526.000	53.000
527.000	69.000
528.000	64.000
529.000	63.000
530.000	71.000
531.000	74.000
532.000	68.000
533.000	68.000
534.000	74.000
535.000	74.000
536.000	66.000
537.000	79.000
538.000	75.000
539.000	59.000
540.000	67.000
541.000	59.000
542.000	65.000
543.000	65.000
544.000	74.000
545.000	74.000
546.000	77.000
547.000	70.000
548.000	86.000
549.000	84.000
550.000	84.000
551.000	87.000
552.000	85.000
553.000	93.000
554.000	80.000
555.000	90.000
556.000	82.000
557.000	76.000
558.000	70.000
559.000	85.000
560.000	75.000
561.000	74.000
562.000	91.000
563.000	80.000
564.000	83.000
565.000	88.000
566.000	73.000
567.000	83.000
568.000	81.000
569.000	91.000
570.000	87.000
571.000	97.000
572.000	86.000
573.000	97.000
574.000	114.000
575.000	105.000
576.000	97.000
577.000	112.000
578.000	90.000
579.000	93.000
580.000	100.000
581.000	98.000
582.000	91.000
583.000	83.000
584.000	112.000
585.000	111.000
586.000	105.000
587.000	104.000
588.000	110.000
589.000	99.000
590.000	86.000
591.000	104.000
592.000	97.000
593.000	100.000
594.000	120.000
595.000	104.000
596.000	98.000
597.000	103.000
598.000	121.000
599.000	98.000
600.000	129.000
601.000	101.000
602.000	95.000
603.000	118.000
604.000	136.000
605.000	127.000
606.000	110.000
607.000	120.000
608.000	114.000
609.000	130.000
610.000	110.000
611.000	115.000
612.000	135.000
613.000	138.000
614.000	135.000
615.000	121.000
616.000	128.000
617.000	125.000
618.000	132.000
619.000	122.000
620.000	138.000
621.000	137.000
622.000	131.000
623.000	123.000
624.000	138.000
625.000	128.000
626.000	134.000
627.000	124.000
628.000	116.000
629.000	142.000
630.000	116.000
631.000	119.000
632.000	158.000
633.000	157.000
634.000	128.000
635.000	136.000
636.000	130.000
637.000	147.000
638.000	143.000
639.000	133.000
640.000	149.000
641.000	142.000
642.000	140.000
643.000	144.000
644.000	137.000
645.000	159.000
646.000	156.000
647.000	144.000
648.000	139.000
649.000	177.000
650.000	163.000
651.000	159.000
652.000	159.000
653.000	190.000
654.000	176.000
655.000	159.000
656.000	168.000
657.000	166.000
658.000	161.000
659.000	172.000
660.000	186.000
661.000	153.000
662.000	160.000
663.000	169.000
664.000	169.000
665.000	195.000
666.000	168.000
667.000	161.000
668.000	190.000
669.000	189.000
670.000	185.000
671.000	175.000
672.000	181.000
673.000	173.000
674.000	179.000
675.000	153.000
676.000	198.000
677.000	175.000
678.000	175.000
679.000	188.000
680.000	146.000
681.000	193.000
682.000	172.000
683.000	171.000
684.000	227.000
685.000	176.000
686.000	164.000
687.000	194.000
688.000	180.000
689.000	186.000
690.000	192.000
691.000	197.000
692.000	182.000
693.000	189.000
694.000	187.000
695.000	200.000
696.000	213.000
697.000	196.000
698.000	183.000
699.000	210.000
700.000	196.000
701.000	185.000
702.000	218.000
703.000	195.000
704.000	205.000
705.000	187.000
706.000	209.000
707.000	194.000
708.000	191.000
709.000	240.000
710.000	216.000
711.000	215.000
712.000	197.000
713.000	208.000
714.000	209.000
715.000	212.000
716.000	230.000
717.000	230.000
718.000	202.000
719.000	228.000
720.000	228.000
721.000	207.000
722.000	213.000
723.000	200.000
724.000	230.000
725.000	241.000
726.000	236.000
727.000	248.000
728.000	212.000
729.000	254.000
730.000	213.000
731.000	209.000
732.000	228.000
733.000	238.000
734.000	224.000
735.000	233.000
736.000	243.000
737.000	259.000
738.000	210.000
739.000	228.000
740.000	227.000
741.000	202.000
742.000	215.000
743.000	234.000
744.000	220.000
745.000	237.000
746.000	224.000
747.000	240.000
748.000	224.000
749.000	210.000
750.000	209.000
751.000	219.000
752.000	263.000
753.000	226.000
754.000	244.000
755.000	229.000
756.000	239.000
757.000	229.000
758.000	225.000
759.000	273.000
760.000	272.000
761.000	221.000
762.000	241.000
763.000	277.000
764.000	236.000
765.000	244.000
766.000	249.000
767.000	246.000
768.000	269.000
769.000	265.000
770.000	277.000
771.000	277.000
772.000	264.000
773.000	280.000
774.000	285.000
775.000	298.000
776.000	287.000
777.000	292.000
778.000	257.000
779.000	283.000
780.000	278.000
781.000	292.000
782.000	279.000
783.000	251.000
784.000	255.000
785.000	267.000
786.000	277.000
787.000	249.000
788.000	265.000
789.000	270.000
790.000	268.000
791.000	258.000
792.000	288.000
793.000	272.000
794.000	263.000
795.000	280.000
796.000	269.000
797.000	261.000
798.000	272.000
799.000	255.000
800.000	254.000
801.000	292.000
802.000	281.000
803.000	273.000
804.000	263.000
805.000	266.000
806.000	292.000
807.000	272.000
808.000	251.000
809.000	253.000
810.000	288.000
811.000	307.000
812.000	290.000
813.000	284.000
814.000	284.000
815.000	303.000
816.000	278.000
817.000	315.000
818.000	281.000
819.000	301.000
820.000	277.000
821.000	271.000
822.000	290.000
823.000	298.000
824.000	312.000
825.000	263.000
826.000	308.000
827.000	290.000
828.000	330.000
829.000	256.000
830.000	318.000
831.000	317.000
832.000	270.000
833.000	322.000
834.000	296.000
835.000	319.000
836.000	299.000
837.000	286.000
838.000	306.000
839.000	320.000
840.000	318.000
841.000	337.000
842.000	319.000
843.000	328.000
844.000	319.000
845.000	287.000
846.000	309.000
847.000	345.000
848.000	299.000
849.000	361.000
850.000	335.000
851.000	308.000
852.000	323.000
853.000	334.000
854.000	332.000
855.000	379.000
856.000	353.000
857.000	338.000
858.000	388.000
859.000	378.000
860.000	373.000
861.000	382.000
862.000	377.000
863.000	377.000
864.000	409.000
865.000	413.000
866.000	381.000
867.000	388.000
868.000	440.000
869.000	431.000
870.000	425.000
871.000	437.000
872.000	461.000
873.000	511.000
874.000	506.000
875.000	531.000
876.000	572.000
877.000	534.000
878.000	551.000
879.000	604.000
880.000	613.000
881.000	674.000
882.000	731.000
883.000	789.000
884.000	851.000
885.000	881.000
886.000	934.000
887.000	1021.000
888.000	1006.000
889.000	1138.000
890.000	1147.000
891.000	1248.000
892.000	1223.000
893.000	1273.000
894.000	1397.000
895.000	1412.000
896.000	1436.000
897.000	1490.000
898.000	1459.000
899.000	1481.000
900.000	1457.000
901.000	1488.000
902.000	1452.000
903.000	1438.000
904.000	1383.000
905.000	1351.000
906.000	1327.000
907.000	1256.000
908.000	1260.000
909.000	1296.000
910.000	1216.000
911.000	1048.000
912.000	1013.000
913.000	1022.000
914.000	956.000
915.000	850.000
916.000	853.000
917.000	770.000
918.000	722.000
919.000	659.000
920.000	684.000
921.000	615.000
922.000	580.000
923.000	527.000
924.000	556.000
925.000	486.000
926.000	452.000
927.000	462.000
928.000	426.000
929.000	392.000
930.000	422.000
931.000	397.000
932.000	344.000
933.000	366.000
934.000	381.000
935.000	377.000
936.000	340.000
937.000	340.000
938.000	345.000
939.000	354.000
940.000	360.000
941.000	361.000
942.000	424.000
943.000	449.000
944.000	471.000
945.000	492.000
946.000	571.000
947.000	575.000
948.000	641.000
949.000	717.000
950.000	745.000
951.000	752.000
952.000	812.000
953.000	777.000
954.000	803.000
955.000	738.000
956.000	722.000
957.000	703.000
958.000	650.000
959.000	599.000
960.000	542.000
961.000	511.000
962.000	447.000
963.000	411.000
964.000	365.000
965.000	345.000
966.000	303.000
967.000	279.000
968.000	294.000
969.000	307.000
970.000	295.000
971.000	293.000
972.000	276.000
973.000	281.000
974.000	263.000
975.000	274.000
976.000	265.000
977.000	291.000
978.000	280.000
979.000	279.000
980.000	309.000
981.000	303.000
982.000	309.000
983.000	358.000
984.000	332.000
985.000	331.000
986.000	318.000
987.000	341.000
988.000	325.000
989.000	351.000
990.000	360.000
991.000	356.000
992.000	342.000
993.000	351.000
994.000	394.000
995.000	386.000
996.000	410.000
997.000	413.000
998.000	410.000
999.000	426.000
1000.000	440.000
1001.000	421.000
1002.000	400.000
1003.000	420.000
1004.000	421.000
1005.000	446.000
1006.000	481.000
1007.000	446.000
1008.000	437.000
1009.000	443.000
1010.000	439.000
1011.000	398.000
1012.000	408.000
1013.000	398.000
1014.000	349.000
1015.000	379.000
1016.000	355.000
1017.000	302.000
1018.000	332.000
1019.000	320.000
1020.000	290.000
1021.000	303.000
1022.000	301.000
1023.000	269.000
1024.000	258.000
