Date:	8/19/2008		Time:	9:29 AM		Version no:	0.00		Project name:	55		Sample name:	222		Section name:	section		Position	574.039995	mm	E0	0.000000	keV	E1	1.000000	keV/channel	sample surface	7.760276	cm	Tube anode:	Mo		Tube voltage:	30	kV	Tube current:	50	mA	gain	20		std. database			resultfile	result		matrix element	11		sample thickness	1.000000		air passage	0.560000	cm	comments	not in position		peaking_time	3.000000	m-sec	trigger_threshold	1229.166667	V	mca_bin_width	22.090000	no:	number_mca_channels	1024.000000	no:	gap_time	0.400000	m-sec	trigger_peaking_time	0.150000	m-sec	GAINDAC	9455		HIGHGAIN	1		TAURC	0		RCTAU	53		RCTAUFRAC	32768		livetime	9.688018	seconds	runtime	10.000503	seconds	input_count_rate	29.434709	cps	output_count_rate	22.233981	cps	triggers	285164	seconds	events_in_run	222351	seconds	channel	content		1.000	0.000
2.000	0.000
3.000	0.000
4.000	0.000
5.000	0.000
6.000	0.000
7.000	0.000
8.000	0.000
9.000	0.000
10.000	0.000
11.000	0.000
12.000	0.000
13.000	0.000
14.000	0.000
15.000	0.000
16.000	0.000
17.000	0.000
18.000	0.000
19.000	0.000
20.000	0.000
21.000	0.000
22.000	0.000
23.000	0.000
24.000	0.000
25.000	0.000
26.000	0.000
27.000	0.000
28.000	0.000
29.000	0.000
30.000	0.000
31.000	0.000
32.000	1.000
33.000	1.000
34.000	1.000
35.000	1.000
36.000	4.000
37.000	0.000
38.000	2.000
39.000	2.000
40.000	4.000
41.000	4.000
42.000	2.000
43.000	7.000
44.000	2.000
45.000	3.000
46.000	5.000
47.000	8.000
48.000	6.000
49.000	4.000
50.000	6.000
51.000	10.000
52.000	3.000
53.000	9.000
54.000	4.000
55.000	12.000
56.000	5.000
57.000	13.000
58.000	14.000
59.000	11.000
60.000	4.000
61.000	11.000
62.000	16.000
63.000	10.000
64.000	16.000
65.000	11.000
66.000	14.000
67.000	11.000
68.000	11.000
69.000	5.000
70.000	13.000
71.000	8.000
72.000	9.000
73.000	13.000
74.000	9.000
75.000	8.000
76.000	10.000
77.000	8.000
78.000	5.000
79.000	10.000
80.000	7.000
81.000	7.000
82.000	10.000
83.000	6.000
84.000	14.000
85.000	5.000
86.000	8.000
87.000	5.000
88.000	5.000
89.000	8.000
90.000	2.000
91.000	10.000
92.000	7.000
93.000	9.000
94.000	14.000
95.000	17.000
96.000	13.000
97.000	7.000
98.000	11.000
99.000	9.000
100.000	15.000
101.000	5.000
102.000	5.000
103.000	10.000
104.000	9.000
105.000	9.000
106.000	6.000
107.000	4.000
108.000	8.000
109.000	6.000
110.000	8.000
111.000	6.000
112.000	1.000
113.000	5.000
114.000	12.000
115.000	11.000
116.000	7.000
117.000	6.000
118.000	11.000
119.000	6.000
120.000	5.000
121.000	5.000
122.000	6.000
123.000	8.000
124.000	10.000
125.000	9.000
126.000	12.000
127.000	15.000
128.000	18.000
129.000	4.000
130.000	16.000
131.000	12.000
132.000	10.000
133.000	4.000
134.000	9.000
135.000	10.000
136.000	8.000
137.000	6.000
138.000	6.000
139.000	6.000
140.000	7.000
141.000	5.000
142.000	4.000
143.000	3.000
144.000	4.000
145.000	3.000
146.000	6.000
147.000	5.000
148.000	5.000
149.000	5.000
150.000	1.000
151.000	5.000
152.000	7.000
153.000	9.000
154.000	4.000
155.000	4.000
156.000	3.000
157.000	5.000
158.000	4.000
159.000	8.000
160.000	10.000
161.000	9.000
162.000	8.000
163.000	10.000
164.000	8.000
165.000	10.000
166.000	10.000
167.000	4.000
168.000	1.000
169.000	3.000
170.000	8.000
171.000	4.000
172.000	1.000
173.000	9.000
174.000	3.000
175.000	4.000
176.000	5.000
177.000	6.000
178.000	6.000
179.000	8.000
180.000	5.000
181.000	11.000
182.000	15.000
183.000	9.000
184.000	10.000
185.000	6.000
186.000	2.000
187.000	6.000
188.000	6.000
189.000	3.000
190.000	4.000
191.000	2.000
192.000	2.000
193.000	4.000
194.000	2.000
195.000	6.000
196.000	7.000
197.000	16.000
198.000	20.000
199.000	31.000
200.000	39.000
201.000	48.000
202.000	49.000
203.000	58.000
204.000	53.000
205.000	36.000
206.000	30.000
207.000	16.000
208.000	12.000
209.000	10.000
210.000	6.000
211.000	4.000
212.000	2.000
213.000	3.000
214.000	3.000
215.000	6.000
216.000	5.000
217.000	6.000
218.000	5.000
219.000	12.000
220.000	15.000
221.000	7.000
222.000	4.000
223.000	7.000
224.000	5.000
225.000	3.000
226.000	2.000
227.000	2.000
228.000	5.000
229.000	4.000
230.000	0.000
231.000	2.000
232.000	4.000
233.000	3.000
234.000	1.000
235.000	5.000
236.000	4.000
237.000	4.000
238.000	4.000
239.000	5.000
240.000	3.000
241.000	4.000
242.000	4.000
243.000	6.000
244.000	5.000
245.000	5.000
246.000	7.000
247.000	13.000
248.000	16.000
249.000	6.000
250.000	11.000
251.000	6.000
252.000	8.000
253.000	7.000
254.000	8.000
255.000	10.000
256.000	12.000
257.000	2.000
258.000	4.000
259.000	8.000
260.000	3.000
261.000	8.000
262.000	6.000
263.000	6.000
264.000	6.000
265.000	7.000
266.000	4.000
267.000	6.000
268.000	7.000
269.000	8.000
270.000	9.000
271.000	2.000
272.000	7.000
273.000	14.000
274.000	9.000
275.000	7.000
276.000	8.000
277.000	2.000
278.000	5.000
279.000	5.000
280.000	5.000
281.000	9.000
282.000	3.000
283.000	9.000
284.000	4.000
285.000	7.000
286.000	5.000
287.000	5.000
288.000	4.000
289.000	4.000
290.000	3.000
291.000	9.000
292.000	2.000
293.000	7.000
294.000	6.000
295.000	5.000
296.000	7.000
297.000	7.000
298.000	7.000
299.000	14.000
300.000	7.000
301.000	9.000
302.000	9.000
303.000	8.000
304.000	9.000
305.000	4.000
306.000	6.000
307.000	5.000
308.000	6.000
309.000	13.000
310.000	11.000
311.000	3.000
312.000	6.000
313.000	9.000
314.000	9.000
315.000	8.000
316.000	11.000
317.000	17.000
318.000	26.000
319.000	32.000
320.000	52.000
321.000	64.000
322.000	72.000
323.000	60.000
324.000	52.000
325.000	58.000
326.000	54.000
327.000	32.000
328.000	22.000
329.000	19.000
330.000	15.000
331.000	15.000
332.000	13.000
333.000	12.000
334.000	7.000
335.000	7.000
336.000	21.000
337.000	14.000
338.000	20.000
339.000	11.000
340.000	25.000
341.000	36.000
342.000	58.000
343.000	87.000
344.000	173.000
345.000	278.000
346.000	357.000
347.000	549.000
348.000	672.000
349.000	812.000
350.000	904.000
351.000	905.000
352.000	814.000
353.000	734.000
354.000	564.000
355.000	458.000
356.000	286.000
357.000	203.000
358.000	127.000
359.000	76.000
360.000	42.000
361.000	29.000
362.000	25.000
363.000	21.000
364.000	19.000
365.000	11.000
366.000	24.000
367.000	11.000
368.000	20.000
369.000	18.000
370.000	17.000
371.000	22.000
372.000	19.000
373.000	21.000
374.000	14.000
375.000	18.000
376.000	23.000
377.000	26.000
378.000	29.000
379.000	37.000
380.000	77.000
381.000	73.000
382.000	88.000
383.000	130.000
384.000	142.000
385.000	175.000
386.000	150.000
387.000	177.000
388.000	159.000
389.000	138.000
390.000	94.000
391.000	88.000
392.000	77.000
393.000	47.000
394.000	37.000
395.000	40.000
396.000	24.000
397.000	23.000
398.000	19.000
399.000	25.000
400.000	20.000
401.000	29.000
402.000	22.000
403.000	18.000
404.000	29.000
405.000	24.000
406.000	24.000
407.000	25.000
408.000	31.000
409.000	18.000
410.000	31.000
411.000	30.000
412.000	27.000
413.000	24.000
414.000	31.000
415.000	29.000
416.000	22.000
417.000	30.000
418.000	23.000
419.000	28.000
420.000	18.000
421.000	25.000
422.000	32.000
423.000	21.000
424.000	28.000
425.000	26.000
426.000	35.000
427.000	27.000
428.000	40.000
429.000	27.000
430.000	30.000
431.000	24.000
432.000	29.000
433.000	24.000
434.000	40.000
435.000	32.000
436.000	33.000
437.000	33.000
438.000	29.000
439.000	40.000
440.000	55.000
441.000	40.000
442.000	39.000
443.000	38.000
444.000	43.000
445.000	34.000
446.000	31.000
447.000	49.000
448.000	34.000
449.000	46.000
450.000	43.000
451.000	44.000
452.000	37.000
453.000	38.000
454.000	49.000
455.000	41.000
456.000	46.000
457.000	49.000
458.000	52.000
459.000	36.000
460.000	44.000
461.000	45.000
462.000	39.000
463.000	45.000
464.000	33.000
465.000	41.000
466.000	40.000
467.000	41.000
468.000	51.000
469.000	43.000
470.000	53.000
471.000	44.000
472.000	51.000
473.000	45.000
474.000	42.000
475.000	51.000
476.000	44.000
477.000	62.000
478.000	52.000
479.000	56.000
480.000	47.000
481.000	48.000
482.000	52.000
483.000	39.000
484.000	54.000
485.000	63.000
486.000	51.000
487.000	50.000
488.000	56.000
489.000	56.000
490.000	44.000
491.000	61.000
492.000	59.000
493.000	57.000
494.000	50.000
495.000	67.000
496.000	44.000
497.000	56.000
498.000	58.000
499.000	63.000
500.000	56.000
501.000	61.000
502.000	55.000
503.000	46.000
504.000	73.000
505.000	69.000
506.000	54.000
507.000	64.000
508.000	66.000
509.000	71.000
510.000	79.000
511.000	72.000
512.000	76.000
513.000	59.000
514.000	91.000
515.000	76.000
516.000	77.000
517.000	81.000
518.000	71.000
519.000	74.000
520.000	75.000
521.000	72.000
522.000	83.000
523.000	79.000
524.000	76.000
525.000	87.000
526.000	77.000
527.000	91.000
528.000	88.000
529.000	89.000
530.000	77.000
531.000	96.000
532.000	84.000
533.000	78.000
534.000	111.000
535.000	84.000
536.000	77.000
537.000	80.000
538.000	104.000
539.000	93.000
540.000	84.000
541.000	98.000
542.000	88.000
543.000	85.000
544.000	95.000
545.000	87.000
546.000	94.000
547.000	100.000
548.000	88.000
549.000	99.000
550.000	107.000
551.000	89.000
552.000	84.000
553.000	99.000
554.000	90.000
555.000	78.000
556.000	95.000
557.000	100.000
558.000	108.000
559.000	100.000
560.000	97.000
561.000	93.000
562.000	109.000
563.000	116.000
564.000	84.000
565.000	98.000
566.000	89.000
567.000	99.000
568.000	118.000
569.000	88.000
570.000	113.000
571.000	129.000
572.000	132.000
573.000	114.000
574.000	129.000
575.000	111.000
576.000	114.000
577.000	106.000
578.000	117.000
579.000	123.000
580.000	115.000
581.000	122.000
582.000	112.000
583.000	115.000
584.000	123.000
585.000	113.000
586.000	129.000
587.000	132.000
588.000	131.000
589.000	128.000
590.000	118.000
591.000	121.000
592.000	116.000
593.000	113.000
594.000	135.000
595.000	142.000
596.000	138.000
597.000	119.000
598.000	124.000
599.000	138.000
600.000	139.000
601.000	139.000
602.000	117.000
603.000	131.000
604.000	129.000
605.000	164.000
606.000	135.000
607.000	150.000
608.000	141.000
609.000	144.000
610.000	130.000
611.000	137.000
612.000	145.000
613.000	121.000
614.000	157.000
615.000	131.000
616.000	137.000
617.000	133.000
618.000	132.000
619.000	160.000
620.000	153.000
621.000	145.000
622.000	155.000
623.000	126.000
624.000	118.000
625.000	138.000
626.000	152.000
627.000	170.000
628.000	168.000
629.000	135.000
630.000	176.000
631.000	148.000
632.000	157.000
633.000	151.000
634.000	148.000
635.000	163.000
636.000	167.000
637.000	173.000
638.000	176.000
639.000	162.000
640.000	168.000
641.000	174.000
642.000	190.000
643.000	180.000
644.000	194.000
645.000	193.000
646.000	180.000
647.000	174.000
648.000	188.000
649.000	185.000
650.000	201.000
651.000	189.000
652.000	192.000
653.000	207.000
654.000	172.000
655.000	183.000
656.000	191.000
657.000	191.000
658.000	193.000
659.000	197.000
660.000	173.000
661.000	160.000
662.000	171.000
663.000	193.000
664.000	176.000
665.000	185.000
666.000	182.000
667.000	205.000
668.000	202.000
669.000	214.000
670.000	185.000
671.000	179.000
672.000	175.000
673.000	212.000
674.000	198.000
675.000	188.000
676.000	207.000
677.000	199.000
678.000	192.000
679.000	235.000
680.000	229.000
681.000	200.000
682.000	227.000
683.000	207.000
684.000	203.000
685.000	205.000
686.000	187.000
687.000	206.000
688.000	230.000
689.000	212.000
690.000	210.000
691.000	209.000
692.000	184.000
693.000	206.000
694.000	215.000
695.000	238.000
696.000	222.000
697.000	199.000
698.000	226.000
699.000	198.000
700.000	235.000
701.000	203.000
702.000	224.000
703.000	236.000
704.000	204.000
705.000	225.000
706.000	207.000
707.000	226.000
708.000	221.000
709.000	232.000
710.000	220.000
711.000	238.000
712.000	245.000
713.000	217.000
714.000	214.000
715.000	206.000
716.000	231.000
717.000	222.000
718.000	239.000
719.000	230.000
720.000	252.000
721.000	240.000
722.000	250.000
723.000	242.000
724.000	229.000
725.000	239.000
726.000	254.000
727.000	252.000
728.000	232.000
729.000	224.000
730.000	227.000
731.000	226.000
732.000	243.000
733.000	249.000
734.000	242.000
735.000	248.000
736.000	251.000
737.000	269.000
738.000	257.000
739.000	266.000
740.000	263.000
741.000	239.000
742.000	238.000
743.000	224.000
744.000	259.000
745.000	253.000
746.000	242.000
747.000	278.000
748.000	245.000
749.000	237.000
750.000	272.000
751.000	267.000
752.000	256.000
753.000	232.000
754.000	249.000
755.000	244.000
756.000	280.000
757.000	265.000
758.000	250.000
759.000	258.000
760.000	260.000
761.000	281.000
762.000	299.000
763.000	269.000
764.000	249.000
765.000	293.000
766.000	246.000
767.000	247.000
768.000	295.000
769.000	308.000
770.000	259.000
771.000	292.000
772.000	284.000
773.000	300.000
774.000	315.000
775.000	317.000
776.000	290.000
777.000	299.000
778.000	286.000
779.000	311.000
780.000	310.000
781.000	267.000
782.000	266.000
783.000	286.000
784.000	264.000
785.000	285.000
786.000	284.000
787.000	263.000
788.000	255.000
789.000	276.000
790.000	234.000
791.000	270.000
792.000	277.000
793.000	297.000
794.000	264.000
795.000	257.000
796.000	275.000
797.000	292.000
798.000	262.000
799.000	279.000
800.000	272.000
801.000	281.000
802.000	276.000
803.000	259.000
804.000	269.000
805.000	272.000
806.000	282.000
807.000	318.000
808.000	299.000
809.000	288.000
810.000	297.000
811.000	278.000
812.000	279.000
813.000	289.000
814.000	283.000
815.000	288.000
816.000	286.000
817.000	306.000
818.000	298.000
819.000	290.000
820.000	303.000
821.000	301.000
822.000	308.000
823.000	294.000
824.000	313.000
825.000	290.000
826.000	296.000
827.000	332.000
828.000	309.000
829.000	288.000
830.000	289.000
831.000	309.000
832.000	323.000
833.000	299.000
834.000	343.000
835.000	281.000
836.000	340.000
837.000	330.000
838.000	284.000
839.000	305.000
840.000	288.000
841.000	290.000
842.000	330.000
843.000	302.000
844.000	300.000
845.000	296.000
846.000	344.000
847.000	306.000
848.000	310.000
849.000	333.000
850.000	358.000
851.000	336.000
852.000	317.000
853.000	324.000
854.000	367.000
855.000	352.000
856.000	318.000
857.000	356.000
858.000	393.000
859.000	366.000
860.000	337.000
861.000	373.000
862.000	409.000
863.000	375.000
864.000	396.000
865.000	393.000
866.000	443.000
867.000	432.000
868.000	430.000
869.000	469.000
870.000	440.000
871.000	454.000
872.000	490.000
873.000	510.000
874.000	510.000
875.000	555.000
876.000	544.000
877.000	540.000
878.000	596.000
879.000	647.000
880.000	615.000
881.000	674.000
882.000	789.000
883.000	767.000
884.000	825.000
885.000	886.000
886.000	918.000
887.000	1013.000
888.000	993.000
889.000	1140.000
890.000	1154.000
891.000	1235.000
892.000	1291.000
893.000	1291.000
894.000	1437.000
895.000	1452.000
896.000	1459.000
897.000	1464.000
898.000	1488.000
899.000	1490.000
900.000	1539.000
901.000	1503.000
902.000	1564.000
903.000	1465.000
904.000	1384.000
905.000	1397.000
906.000	1365.000
907.000	1356.000
908.000	1243.000
909.000	1188.000
910.000	1153.000
911.000	1086.000
912.000	1053.000
913.000	981.000
914.000	907.000
915.000	877.000
916.000	836.000
917.000	753.000
918.000	713.000
919.000	675.000
920.000	664.000
921.000	586.000
922.000	611.000
923.000	550.000
924.000	503.000
925.000	499.000
926.000	463.000
927.000	436.000
928.000	427.000
929.000	436.000
930.000	410.000
931.000	388.000
932.000	375.000
933.000	358.000
934.000	366.000
935.000	370.000
936.000	319.000
937.000	338.000
938.000	366.000
939.000	406.000
940.000	310.000
941.000	382.000
942.000	403.000
943.000	466.000
944.000	441.000
945.000	482.000
946.000	553.000
947.000	600.000
948.000	658.000
949.000	679.000
950.000	718.000
951.000	810.000
952.000	806.000
953.000	800.000
954.000	787.000
955.000	775.000
956.000	749.000
957.000	649.000
958.000	732.000
959.000	575.000
960.000	564.000
961.000	529.000
962.000	421.000
963.000	392.000
964.000	383.000
965.000	337.000
966.000	357.000
967.000	330.000
968.000	343.000
969.000	316.000
970.000	295.000
971.000	280.000
972.000	290.000
973.000	257.000
974.000	299.000
975.000	275.000
976.000	306.000
977.000	306.000
978.000	313.000
979.000	260.000
980.000	319.000
981.000	321.000
982.000	338.000
983.000	333.000
984.000	341.000
985.000	315.000
986.000	320.000
987.000	352.000
988.000	376.000
989.000	348.000
990.000	398.000
991.000	384.000
992.000	402.000
993.000	378.000
994.000	411.000
995.000	458.000
996.000	419.000
997.000	434.000
998.000	438.000
999.000	415.000
1000.000	469.000
1001.000	470.000
1002.000	421.000
1003.000	467.000
1004.000	442.000
1005.000	444.000
1006.000	456.000
1007.000	429.000
1008.000	444.000
1009.000	441.000
1010.000	439.000
1011.000	409.000
1012.000	383.000
1013.000	393.000
1014.000	407.000
1015.000	371.000
1016.000	368.000
1017.000	345.000
1018.000	341.000
1019.000	341.000
1020.000	301.000
1021.000	307.000
1022.000	255.000
1023.000	303.000
1024.000	264.000
