Date:	8/19/2008		Time:	9:06 AM		Version no:	0.00		Project name:	55		Sample name:	222		Section name:	section		Position	324.039995	mm	E0	0.000000	keV	E1	1.000000	keV/channel	sample surface	7.531590	cm	Tube anode:	Mo		Tube voltage:	30	kV	Tube current:	50	mA	gain	20		std. database			resultfile	result		matrix element	11		sample thickness	1.000000		air passage	0.560000	cm	comments	not in position		peaking_time	3.000000	m-sec	trigger_threshold	1229.166667	V	mca_bin_width	22.090000	no:	number_mca_channels	1024.000000	no:	gap_time	0.400000	m-sec	trigger_peaking_time	0.150000	m-sec	GAINDAC	9455		HIGHGAIN	1		TAURC	0		RCTAU	53		RCTAUFRAC	32768		livetime	9.784708	seconds	runtime	10.000503	seconds	input_count_rate	21.907348	cps	output_count_rate	17.487420	cps	triggers	214357	seconds	events_in_run	174883	seconds	channel	content		1.000	0.000
2.000	0.000
3.000	0.000
4.000	0.000
5.000	0.000
6.000	0.000
7.000	0.000
8.000	0.000
9.000	0.000
10.000	0.000
11.000	0.000
12.000	0.000
13.000	0.000
14.000	0.000
15.000	0.000
16.000	0.000
17.000	0.000
18.000	0.000
19.000	0.000
20.000	0.000
21.000	0.000
22.000	0.000
23.000	0.000
24.000	0.000
25.000	0.000
26.000	0.000
27.000	0.000
28.000	0.000
29.000	0.000
30.000	0.000
31.000	0.000
32.000	0.000
33.000	1.000
34.000	1.000
35.000	2.000
36.000	0.000
37.000	2.000
38.000	2.000
39.000	6.000
40.000	2.000
41.000	1.000
42.000	6.000
43.000	3.000
44.000	3.000
45.000	5.000
46.000	7.000
47.000	6.000
48.000	9.000
49.000	6.000
50.000	12.000
51.000	8.000
52.000	2.000
53.000	10.000
54.000	8.000
55.000	10.000
56.000	7.000
57.000	9.000
58.000	9.000
59.000	6.000
60.000	8.000
61.000	8.000
62.000	9.000
63.000	5.000
64.000	14.000
65.000	7.000
66.000	7.000
67.000	8.000
68.000	7.000
69.000	9.000
70.000	9.000
71.000	3.000
72.000	15.000
73.000	13.000
74.000	11.000
75.000	6.000
76.000	9.000
77.000	10.000
78.000	7.000
79.000	10.000
80.000	4.000
81.000	5.000
82.000	11.000
83.000	4.000
84.000	11.000
85.000	7.000
86.000	8.000
87.000	8.000
88.000	11.000
89.000	3.000
90.000	4.000
91.000	7.000
92.000	5.000
93.000	7.000
94.000	10.000
95.000	4.000
96.000	4.000
97.000	4.000
98.000	2.000
99.000	5.000
100.000	5.000
101.000	4.000
102.000	5.000
103.000	6.000
104.000	4.000
105.000	6.000
106.000	9.000
107.000	4.000
108.000	3.000
109.000	5.000
110.000	1.000
111.000	6.000
112.000	3.000
113.000	4.000
114.000	7.000
115.000	5.000
116.000	5.000
117.000	4.000
118.000	6.000
119.000	4.000
120.000	6.000
121.000	3.000
122.000	4.000
123.000	9.000
124.000	5.000
125.000	10.000
126.000	3.000
127.000	7.000
128.000	11.000
129.000	6.000
130.000	3.000
131.000	4.000
132.000	8.000
133.000	2.000
134.000	7.000
135.000	4.000
136.000	6.000
137.000	2.000
138.000	8.000
139.000	3.000
140.000	7.000
141.000	2.000
142.000	2.000
143.000	6.000
144.000	4.000
145.000	8.000
146.000	2.000
147.000	4.000
148.000	4.000
149.000	3.000
150.000	4.000
151.000	2.000
152.000	1.000
153.000	3.000
154.000	2.000
155.000	3.000
156.000	9.000
157.000	8.000
158.000	7.000
159.000	9.000
160.000	7.000
161.000	11.000
162.000	9.000
163.000	11.000
164.000	8.000
165.000	4.000
166.000	11.000
167.000	10.000
168.000	2.000
169.000	3.000
170.000	5.000
171.000	5.000
172.000	1.000
173.000	3.000
174.000	5.000
175.000	2.000
176.000	5.000
177.000	3.000
178.000	7.000
179.000	3.000
180.000	4.000
181.000	5.000
182.000	2.000
183.000	3.000
184.000	4.000
185.000	2.000
186.000	5.000
187.000	1.000
188.000	2.000
189.000	3.000
190.000	3.000
191.000	1.000
192.000	2.000
193.000	4.000
194.000	6.000
195.000	3.000
196.000	5.000
197.000	5.000
198.000	4.000
199.000	12.000
200.000	18.000
201.000	13.000
202.000	11.000
203.000	11.000
204.000	9.000
205.000	4.000
206.000	12.000
207.000	4.000
208.000	1.000
209.000	2.000
210.000	1.000
211.000	3.000
212.000	3.000
213.000	2.000
214.000	4.000
215.000	4.000
216.000	3.000
217.000	4.000
218.000	5.000
219.000	2.000
220.000	1.000
221.000	4.000
222.000	4.000
223.000	3.000
224.000	6.000
225.000	0.000
226.000	1.000
227.000	2.000
228.000	0.000
229.000	4.000
230.000	4.000
231.000	2.000
232.000	3.000
233.000	0.000
234.000	3.000
235.000	3.000
236.000	5.000
237.000	3.000
238.000	1.000
239.000	4.000
240.000	5.000
241.000	4.000
242.000	3.000
243.000	2.000
244.000	6.000
245.000	5.000
246.000	7.000
247.000	4.000
248.000	8.000
249.000	8.000
250.000	8.000
251.000	2.000
252.000	4.000
253.000	6.000
254.000	4.000
255.000	3.000
256.000	6.000
257.000	2.000
258.000	3.000
259.000	2.000
260.000	2.000
261.000	1.000
262.000	5.000
263.000	7.000
264.000	3.000
265.000	2.000
266.000	4.000
267.000	5.000
268.000	5.000
269.000	6.000
270.000	7.000
271.000	3.000
272.000	1.000
273.000	6.000
274.000	3.000
275.000	2.000
276.000	3.000
277.000	7.000
278.000	4.000
279.000	3.000
280.000	4.000
281.000	5.000
282.000	6.000
283.000	3.000
284.000	2.000
285.000	3.000
286.000	2.000
287.000	2.000
288.000	4.000
289.000	4.000
290.000	4.000
291.000	3.000
292.000	6.000
293.000	3.000
294.000	2.000
295.000	8.000
296.000	6.000
297.000	2.000
298.000	8.000
299.000	6.000
300.000	6.000
301.000	2.000
302.000	3.000
303.000	10.000
304.000	3.000
305.000	6.000
306.000	7.000
307.000	5.000
308.000	3.000
309.000	5.000
310.000	5.000
311.000	9.000
312.000	6.000
313.000	5.000
314.000	6.000
315.000	10.000
316.000	2.000
317.000	10.000
318.000	11.000
319.000	13.000
320.000	26.000
321.000	21.000
322.000	30.000
323.000	33.000
324.000	34.000
325.000	26.000
326.000	26.000
327.000	21.000
328.000	11.000
329.000	13.000
330.000	12.000
331.000	11.000
332.000	16.000
333.000	15.000
334.000	3.000
335.000	5.000
336.000	7.000
337.000	5.000
338.000	12.000
339.000	18.000
340.000	15.000
341.000	12.000
342.000	36.000
343.000	48.000
344.000	87.000
345.000	131.000
346.000	168.000
347.000	250.000
348.000	318.000
349.000	392.000
350.000	470.000
351.000	431.000
352.000	384.000
353.000	343.000
354.000	259.000
355.000	211.000
356.000	130.000
357.000	102.000
358.000	48.000
359.000	41.000
360.000	24.000
361.000	13.000
362.000	13.000
363.000	8.000
364.000	13.000
365.000	15.000
366.000	4.000
367.000	4.000
368.000	20.000
369.000	12.000
370.000	13.000
371.000	13.000
372.000	7.000
373.000	10.000
374.000	16.000
375.000	16.000
376.000	16.000
377.000	17.000
378.000	24.000
379.000	18.000
380.000	36.000
381.000	36.000
382.000	52.000
383.000	52.000
384.000	74.000
385.000	81.000
386.000	79.000
387.000	81.000
388.000	74.000
389.000	73.000
390.000	55.000
391.000	39.000
392.000	34.000
393.000	25.000
394.000	26.000
395.000	12.000
396.000	8.000
397.000	9.000
398.000	14.000
399.000	16.000
400.000	22.000
401.000	12.000
402.000	8.000
403.000	14.000
404.000	13.000
405.000	25.000
406.000	11.000
407.000	17.000
408.000	15.000
409.000	16.000
410.000	18.000
411.000	10.000
412.000	16.000
413.000	18.000
414.000	15.000
415.000	19.000
416.000	17.000
417.000	16.000
418.000	15.000
419.000	24.000
420.000	12.000
421.000	19.000
422.000	10.000
423.000	14.000
424.000	13.000
425.000	20.000
426.000	16.000
427.000	12.000
428.000	22.000
429.000	20.000
430.000	22.000
431.000	24.000
432.000	20.000
433.000	12.000
434.000	22.000
435.000	17.000
436.000	17.000
437.000	22.000
438.000	22.000
439.000	16.000
440.000	29.000
441.000	34.000
442.000	23.000
443.000	19.000
444.000	23.000
445.000	21.000
446.000	24.000
447.000	20.000
448.000	37.000
449.000	29.000
450.000	22.000
451.000	30.000
452.000	24.000
453.000	31.000
454.000	27.000
455.000	33.000
456.000	33.000
457.000	33.000
458.000	16.000
459.000	34.000
460.000	27.000
461.000	22.000
462.000	34.000
463.000	32.000
464.000	41.000
465.000	25.000
466.000	34.000
467.000	34.000
468.000	27.000
469.000	28.000
470.000	35.000
471.000	35.000
472.000	33.000
473.000	30.000
474.000	34.000
475.000	25.000
476.000	29.000
477.000	26.000
478.000	38.000
479.000	39.000
480.000	29.000
481.000	41.000
482.000	48.000
483.000	34.000
484.000	32.000
485.000	28.000
486.000	44.000
487.000	47.000
488.000	39.000
489.000	47.000
490.000	29.000
491.000	30.000
492.000	29.000
493.000	29.000
494.000	38.000
495.000	34.000
496.000	35.000
497.000	54.000
498.000	30.000
499.000	41.000
500.000	50.000
501.000	46.000
502.000	42.000
503.000	51.000
504.000	35.000
505.000	34.000
506.000	44.000
507.000	53.000
508.000	52.000
509.000	43.000
510.000	65.000
511.000	53.000
512.000	54.000
513.000	43.000
514.000	53.000
515.000	60.000
516.000	47.000
517.000	69.000
518.000	50.000
519.000	62.000
520.000	52.000
521.000	52.000
522.000	53.000
523.000	60.000
524.000	60.000
525.000	55.000
526.000	54.000
527.000	55.000
528.000	59.000
529.000	62.000
530.000	54.000
531.000	62.000
532.000	67.000
533.000	50.000
534.000	59.000
535.000	71.000
536.000	65.000
537.000	70.000
538.000	55.000
539.000	77.000
540.000	75.000
541.000	62.000
542.000	74.000
543.000	70.000
544.000	69.000
545.000	64.000
546.000	70.000
547.000	65.000
548.000	72.000
549.000	60.000
550.000	67.000
551.000	74.000
552.000	72.000
553.000	75.000
554.000	71.000
555.000	73.000
556.000	83.000
557.000	68.000
558.000	75.000
559.000	75.000
560.000	66.000
561.000	85.000
562.000	97.000
563.000	65.000
564.000	67.000
565.000	87.000
566.000	83.000
567.000	79.000
568.000	84.000
569.000	90.000
570.000	96.000
571.000	84.000
572.000	88.000
573.000	96.000
574.000	102.000
575.000	82.000
576.000	90.000
577.000	98.000
578.000	83.000
579.000	99.000
580.000	100.000
581.000	87.000
582.000	82.000
583.000	102.000
584.000	84.000
585.000	88.000
586.000	102.000
587.000	100.000
588.000	96.000
589.000	96.000
590.000	102.000
591.000	93.000
592.000	90.000
593.000	112.000
594.000	101.000
595.000	108.000
596.000	121.000
597.000	111.000
598.000	114.000
599.000	117.000
600.000	93.000
601.000	126.000
602.000	117.000
603.000	124.000
604.000	100.000
605.000	111.000
606.000	114.000
607.000	117.000
608.000	106.000
609.000	110.000
610.000	119.000
611.000	128.000
612.000	106.000
613.000	112.000
614.000	105.000
615.000	126.000
616.000	115.000
617.000	114.000
618.000	109.000
619.000	125.000
620.000	123.000
621.000	120.000
622.000	120.000
623.000	137.000
624.000	122.000
625.000	120.000
626.000	134.000
627.000	123.000
628.000	128.000
629.000	146.000
630.000	149.000
631.000	151.000
632.000	139.000
633.000	124.000
634.000	123.000
635.000	125.000
636.000	144.000
637.000	157.000
638.000	145.000
639.000	121.000
640.000	147.000
641.000	148.000
642.000	145.000
643.000	135.000
644.000	147.000
645.000	173.000
646.000	139.000
647.000	141.000
648.000	164.000
649.000	146.000
650.000	153.000
651.000	138.000
652.000	162.000
653.000	152.000
654.000	153.000
655.000	134.000
656.000	154.000
657.000	162.000
658.000	159.000
659.000	139.000
660.000	158.000
661.000	169.000
662.000	146.000
663.000	162.000
664.000	170.000
665.000	153.000
666.000	147.000
667.000	154.000
668.000	157.000
669.000	157.000
670.000	163.000
671.000	166.000
672.000	157.000
673.000	164.000
674.000	179.000
675.000	175.000
676.000	173.000
677.000	164.000
678.000	176.000
679.000	151.000
680.000	151.000
681.000	182.000
682.000	177.000
683.000	183.000
684.000	175.000
685.000	194.000
686.000	173.000
687.000	179.000
688.000	160.000
689.000	165.000
690.000	152.000
691.000	176.000
692.000	201.000
693.000	175.000
694.000	174.000
695.000	158.000
696.000	174.000
697.000	187.000
698.000	198.000
699.000	165.000
700.000	195.000
701.000	206.000
702.000	183.000
703.000	179.000
704.000	178.000
705.000	195.000
706.000	180.000
707.000	194.000
708.000	214.000
709.000	182.000
710.000	186.000
711.000	175.000
712.000	198.000
713.000	215.000
714.000	203.000
715.000	177.000
716.000	186.000
717.000	207.000
718.000	186.000
719.000	191.000
720.000	216.000
721.000	209.000
722.000	188.000
723.000	188.000
724.000	197.000
725.000	191.000
726.000	223.000
727.000	202.000
728.000	226.000
729.000	195.000
730.000	201.000
731.000	194.000
732.000	221.000
733.000	215.000
734.000	197.000
735.000	210.000
736.000	230.000
737.000	220.000
738.000	215.000
739.000	228.000
740.000	222.000
741.000	193.000
742.000	216.000
743.000	218.000
744.000	193.000
745.000	219.000
746.000	205.000
747.000	235.000
748.000	208.000
749.000	224.000
750.000	242.000
751.000	233.000
752.000	200.000
753.000	207.000
754.000	217.000
755.000	214.000
756.000	200.000
757.000	231.000
758.000	220.000
759.000	244.000
760.000	212.000
761.000	222.000
762.000	214.000
763.000	222.000
764.000	218.000
765.000	215.000
766.000	259.000
767.000	227.000
768.000	221.000
769.000	220.000
770.000	231.000
771.000	232.000
772.000	248.000
773.000	236.000
774.000	241.000
775.000	262.000
776.000	255.000
777.000	242.000
778.000	271.000
779.000	210.000
780.000	224.000
781.000	201.000
782.000	246.000
783.000	223.000
784.000	213.000
785.000	220.000
786.000	198.000
787.000	224.000
788.000	227.000
789.000	237.000
790.000	244.000
791.000	243.000
792.000	242.000
793.000	254.000
794.000	214.000
795.000	250.000
796.000	258.000
797.000	247.000
798.000	246.000
799.000	237.000
800.000	237.000
801.000	236.000
802.000	260.000
803.000	212.000
804.000	263.000
805.000	231.000
806.000	265.000
807.000	212.000
808.000	241.000
809.000	235.000
810.000	243.000
811.000	245.000
812.000	205.000
813.000	249.000
814.000	261.000
815.000	256.000
816.000	236.000
817.000	248.000
818.000	247.000
819.000	261.000
820.000	234.000
821.000	232.000
822.000	264.000
823.000	233.000
824.000	258.000
825.000	244.000
826.000	249.000
827.000	243.000
828.000	249.000
829.000	263.000
830.000	224.000
831.000	261.000
832.000	250.000
833.000	251.000
834.000	275.000
835.000	289.000
836.000	243.000
837.000	239.000
838.000	225.000
839.000	262.000
840.000	295.000
841.000	265.000
842.000	257.000
843.000	266.000
844.000	279.000
845.000	230.000
846.000	300.000
847.000	291.000
848.000	261.000
849.000	271.000
850.000	255.000
851.000	286.000
852.000	291.000
853.000	264.000
854.000	279.000
855.000	286.000
856.000	316.000
857.000	284.000
858.000	311.000
859.000	331.000
860.000	295.000
861.000	327.000
862.000	338.000
863.000	316.000
864.000	324.000
865.000	336.000
866.000	358.000
867.000	365.000
868.000	343.000
869.000	399.000
870.000	372.000
871.000	409.000
872.000	429.000
873.000	385.000
874.000	391.000
875.000	401.000
876.000	482.000
877.000	434.000
878.000	507.000
879.000	545.000
880.000	522.000
881.000	592.000
882.000	622.000
883.000	671.000
884.000	676.000
885.000	701.000
886.000	780.000
887.000	789.000
888.000	869.000
889.000	888.000
890.000	958.000
891.000	988.000
892.000	1073.000
893.000	1093.000
894.000	1131.000
895.000	1115.000
896.000	1208.000
897.000	1137.000
898.000	1204.000
899.000	1174.000
900.000	1189.000
901.000	1233.000
902.000	1183.000
903.000	1175.000
904.000	1122.000
905.000	1160.000
906.000	1181.000
907.000	1100.000
908.000	1099.000
909.000	991.000
910.000	935.000
911.000	883.000
912.000	833.000
913.000	812.000
914.000	734.000
915.000	692.000
916.000	682.000
917.000	623.000
918.000	599.000
919.000	571.000
920.000	502.000
921.000	525.000
922.000	473.000
923.000	451.000
924.000	435.000
925.000	423.000
926.000	373.000
927.000	354.000
928.000	342.000
929.000	333.000
930.000	293.000
931.000	309.000
932.000	325.000
933.000	319.000
934.000	288.000
935.000	324.000
936.000	297.000
937.000	298.000
938.000	293.000
939.000	321.000
940.000	295.000
941.000	336.000
942.000	334.000
943.000	342.000
944.000	402.000
945.000	423.000
946.000	439.000
947.000	482.000
948.000	573.000
949.000	575.000
950.000	596.000
951.000	656.000
952.000	639.000
953.000	598.000
954.000	627.000
955.000	603.000
956.000	602.000
957.000	557.000
958.000	535.000
959.000	449.000
960.000	414.000
961.000	424.000
962.000	348.000
963.000	329.000
964.000	304.000
965.000	282.000
966.000	287.000
967.000	244.000
968.000	239.000
969.000	265.000
970.000	234.000
971.000	244.000
972.000	243.000
973.000	225.000
974.000	227.000
975.000	255.000
976.000	223.000
977.000	251.000
978.000	234.000
979.000	235.000
980.000	235.000
981.000	228.000
982.000	240.000
983.000	262.000
984.000	238.000
985.000	249.000
986.000	229.000
987.000	259.000
988.000	263.000
989.000	272.000
990.000	300.000
991.000	279.000
992.000	324.000
993.000	317.000
994.000	309.000
995.000	348.000
996.000	305.000
997.000	284.000
998.000	298.000
999.000	329.000
1000.000	343.000
1001.000	348.000
1002.000	319.000
1003.000	342.000
1004.000	368.000
1005.000	360.000
1006.000	347.000
1007.000	333.000
1008.000	329.000
1009.000	322.000
1010.000	318.000
1011.000	311.000
1012.000	324.000
1013.000	311.000
1014.000	306.000
1015.000	262.000
1016.000	265.000
1017.000	287.000
1018.000	269.000
1019.000	244.000
1020.000	258.000
1021.000	243.000
1022.000	236.000
1023.000	204.000
1024.000	201.000
