Date:	8/19/2008		Time:	9:40 AM		Version no:	0.00		Project name:	55		Sample name:	222		Section name:	section		Position	690.039995	mm	E0	0.000000	keV	E1	1.000000	keV/channel	sample surface	7.631306	cm	Tube anode:	Mo		Tube voltage:	30	kV	Tube current:	50	mA	gain	20		std. database			resultfile	result		matrix element	11		sample thickness	1.000000		air passage	0.560000	cm	comments	not in position		peaking_time	3.000000	m-sec	trigger_threshold	1229.166667	V	mca_bin_width	22.090000	no:	number_mca_channels	1024.000000	no:	gap_time	0.400000	m-sec	trigger_peaking_time	0.150000	m-sec	GAINDAC	9455		HIGHGAIN	1		TAURC	0		RCTAU	53		RCTAUFRAC	32768		livetime	9.742159	seconds	runtime	10.000502	seconds	input_count_rate	25.291211	cps	output_count_rate	19.762307	cps	triggers	246391	seconds	events_in_run	197633	seconds	channel	content		1.000	0.000
2.000	0.000
3.000	0.000
4.000	0.000
5.000	0.000
6.000	0.000
7.000	0.000
8.000	0.000
9.000	0.000
10.000	0.000
11.000	0.000
12.000	0.000
13.000	0.000
14.000	0.000
15.000	0.000
16.000	0.000
17.000	0.000
18.000	0.000
19.000	0.000
20.000	0.000
21.000	0.000
22.000	0.000
23.000	0.000
24.000	0.000
25.000	0.000
26.000	0.000
27.000	0.000
28.000	0.000
29.000	0.000
30.000	0.000
31.000	0.000
32.000	1.000
33.000	0.000
34.000	1.000
35.000	2.000
36.000	0.000
37.000	1.000
38.000	4.000
39.000	1.000
40.000	1.000
41.000	3.000
42.000	3.000
43.000	4.000
44.000	4.000
45.000	3.000
46.000	4.000
47.000	6.000
48.000	7.000
49.000	11.000
50.000	0.000
51.000	10.000
52.000	8.000
53.000	5.000
54.000	6.000
55.000	13.000
56.000	11.000
57.000	4.000
58.000	13.000
59.000	7.000
60.000	15.000
61.000	7.000
62.000	12.000
63.000	9.000
64.000	10.000
65.000	13.000
66.000	7.000
67.000	8.000
68.000	9.000
69.000	14.000
70.000	8.000
71.000	8.000
72.000	11.000
73.000	6.000
74.000	12.000
75.000	6.000
76.000	5.000
77.000	11.000
78.000	10.000
79.000	8.000
80.000	7.000
81.000	5.000
82.000	11.000
83.000	9.000
84.000	11.000
85.000	16.000
86.000	8.000
87.000	3.000
88.000	10.000
89.000	9.000
90.000	9.000
91.000	8.000
92.000	4.000
93.000	8.000
94.000	11.000
95.000	8.000
96.000	11.000
97.000	6.000
98.000	10.000
99.000	7.000
100.000	4.000
101.000	7.000
102.000	6.000
103.000	5.000
104.000	10.000
105.000	6.000
106.000	5.000
107.000	9.000
108.000	4.000
109.000	8.000
110.000	4.000
111.000	5.000
112.000	4.000
113.000	3.000
114.000	7.000
115.000	6.000
116.000	5.000
117.000	8.000
118.000	5.000
119.000	5.000
120.000	8.000
121.000	14.000
122.000	5.000
123.000	14.000
124.000	6.000
125.000	12.000
126.000	11.000
127.000	8.000
128.000	10.000
129.000	7.000
130.000	8.000
131.000	10.000
132.000	5.000
133.000	6.000
134.000	4.000
135.000	9.000
136.000	8.000
137.000	3.000
138.000	4.000
139.000	5.000
140.000	7.000
141.000	2.000
142.000	3.000
143.000	4.000
144.000	5.000
145.000	3.000
146.000	3.000
147.000	5.000
148.000	4.000
149.000	3.000
150.000	4.000
151.000	3.000
152.000	2.000
153.000	3.000
154.000	3.000
155.000	5.000
156.000	5.000
157.000	3.000
158.000	6.000
159.000	6.000
160.000	11.000
161.000	12.000
162.000	18.000
163.000	13.000
164.000	12.000
165.000	11.000
166.000	4.000
167.000	8.000
168.000	5.000
169.000	2.000
170.000	4.000
171.000	4.000
172.000	7.000
173.000	8.000
174.000	3.000
175.000	3.000
176.000	2.000
177.000	3.000
178.000	1.000
179.000	1.000
180.000	12.000
181.000	5.000
182.000	10.000
183.000	7.000
184.000	6.000
185.000	3.000
186.000	3.000
187.000	2.000
188.000	3.000
189.000	3.000
190.000	5.000
191.000	3.000
192.000	3.000
193.000	6.000
194.000	3.000
195.000	3.000
196.000	4.000
197.000	7.000
198.000	5.000
199.000	10.000
200.000	20.000
201.000	12.000
202.000	17.000
203.000	23.000
204.000	15.000
205.000	20.000
206.000	18.000
207.000	7.000
208.000	3.000
209.000	7.000
210.000	5.000
211.000	6.000
212.000	1.000
213.000	5.000
214.000	3.000
215.000	4.000
216.000	3.000
217.000	4.000
218.000	7.000
219.000	8.000
220.000	4.000
221.000	11.000
222.000	12.000
223.000	9.000
224.000	7.000
225.000	3.000
226.000	3.000
227.000	6.000
228.000	4.000
229.000	3.000
230.000	5.000
231.000	1.000
232.000	1.000
233.000	3.000
234.000	1.000
235.000	4.000
236.000	5.000
237.000	2.000
238.000	3.000
239.000	1.000
240.000	5.000
241.000	5.000
242.000	3.000
243.000	4.000
244.000	5.000
245.000	4.000
246.000	3.000
247.000	14.000
248.000	9.000
249.000	14.000
250.000	5.000
251.000	5.000
252.000	7.000
253.000	7.000
254.000	5.000
255.000	6.000
256.000	8.000
257.000	4.000
258.000	6.000
259.000	7.000
260.000	3.000
261.000	2.000
262.000	3.000
263.000	5.000
264.000	3.000
265.000	6.000
266.000	6.000
267.000	6.000
268.000	9.000
269.000	4.000
270.000	4.000
271.000	3.000
272.000	2.000
273.000	6.000
274.000	2.000
275.000	10.000
276.000	2.000
277.000	2.000
278.000	5.000
279.000	5.000
280.000	3.000
281.000	4.000
282.000	5.000
283.000	1.000
284.000	5.000
285.000	6.000
286.000	3.000
287.000	5.000
288.000	5.000
289.000	5.000
290.000	6.000
291.000	4.000
292.000	7.000
293.000	4.000
294.000	4.000
295.000	12.000
296.000	8.000
297.000	6.000
298.000	10.000
299.000	6.000
300.000	8.000
301.000	4.000
302.000	6.000
303.000	3.000
304.000	2.000
305.000	5.000
306.000	7.000
307.000	6.000
308.000	6.000
309.000	6.000
310.000	4.000
311.000	4.000
312.000	7.000
313.000	10.000
314.000	10.000
315.000	11.000
316.000	17.000
317.000	14.000
318.000	24.000
319.000	23.000
320.000	35.000
321.000	32.000
322.000	35.000
323.000	52.000
324.000	46.000
325.000	34.000
326.000	32.000
327.000	22.000
328.000	25.000
329.000	14.000
330.000	12.000
331.000	19.000
332.000	9.000
333.000	8.000
334.000	10.000
335.000	14.000
336.000	9.000
337.000	12.000
338.000	15.000
339.000	12.000
340.000	12.000
341.000	31.000
342.000	31.000
343.000	54.000
344.000	105.000
345.000	168.000
346.000	240.000
347.000	335.000
348.000	407.000
349.000	489.000
350.000	539.000
351.000	536.000
352.000	522.000
353.000	450.000
354.000	339.000
355.000	259.000
356.000	179.000
357.000	117.000
358.000	76.000
359.000	48.000
360.000	29.000
361.000	19.000
362.000	18.000
363.000	18.000
364.000	15.000
365.000	12.000
366.000	14.000
367.000	14.000
368.000	17.000
369.000	11.000
370.000	9.000
371.000	15.000
372.000	10.000
373.000	13.000
374.000	20.000
375.000	21.000
376.000	23.000
377.000	17.000
378.000	23.000
379.000	31.000
380.000	33.000
381.000	41.000
382.000	62.000
383.000	81.000
384.000	89.000
385.000	100.000
386.000	98.000
387.000	99.000
388.000	90.000
389.000	87.000
390.000	82.000
391.000	45.000
392.000	40.000
393.000	44.000
394.000	39.000
395.000	27.000
396.000	27.000
397.000	16.000
398.000	20.000
399.000	22.000
400.000	18.000
401.000	19.000
402.000	15.000
403.000	18.000
404.000	29.000
405.000	18.000
406.000	20.000
407.000	18.000
408.000	22.000
409.000	11.000
410.000	18.000
411.000	28.000
412.000	24.000
413.000	29.000
414.000	24.000
415.000	25.000
416.000	22.000
417.000	26.000
418.000	18.000
419.000	21.000
420.000	28.000
421.000	36.000
422.000	24.000
423.000	31.000
424.000	22.000
425.000	16.000
426.000	21.000
427.000	23.000
428.000	18.000
429.000	26.000
430.000	20.000
431.000	32.000
432.000	23.000
433.000	20.000
434.000	28.000
435.000	37.000
436.000	31.000
437.000	41.000
438.000	27.000
439.000	31.000
440.000	38.000
441.000	33.000
442.000	36.000
443.000	36.000
444.000	34.000
445.000	38.000
446.000	36.000
447.000	32.000
448.000	28.000
449.000	34.000
450.000	38.000
451.000	38.000
452.000	28.000
453.000	33.000
454.000	38.000
455.000	40.000
456.000	41.000
457.000	36.000
458.000	35.000
459.000	38.000
460.000	38.000
461.000	43.000
462.000	29.000
463.000	53.000
464.000	37.000
465.000	40.000
466.000	37.000
467.000	47.000
468.000	44.000
469.000	39.000
470.000	52.000
471.000	41.000
472.000	46.000
473.000	52.000
474.000	47.000
475.000	47.000
476.000	44.000
477.000	41.000
478.000	45.000
479.000	38.000
480.000	50.000
481.000	54.000
482.000	43.000
483.000	47.000
484.000	42.000
485.000	49.000
486.000	44.000
487.000	46.000
488.000	46.000
489.000	44.000
490.000	47.000
491.000	45.000
492.000	36.000
493.000	68.000
494.000	42.000
495.000	47.000
496.000	63.000
497.000	51.000
498.000	57.000
499.000	57.000
500.000	46.000
501.000	59.000
502.000	57.000
503.000	60.000
504.000	40.000
505.000	54.000
506.000	60.000
507.000	63.000
508.000	67.000
509.000	75.000
510.000	77.000
511.000	48.000
512.000	67.000
513.000	60.000
514.000	75.000
515.000	52.000
516.000	71.000
517.000	67.000
518.000	70.000
519.000	78.000
520.000	67.000
521.000	57.000
522.000	56.000
523.000	82.000
524.000	77.000
525.000	68.000
526.000	92.000
527.000	72.000
528.000	71.000
529.000	80.000
530.000	75.000
531.000	83.000
532.000	65.000
533.000	77.000
534.000	81.000
535.000	71.000
536.000	65.000
537.000	72.000
538.000	70.000
539.000	90.000
540.000	78.000
541.000	83.000
542.000	100.000
543.000	71.000
544.000	77.000
545.000	82.000
546.000	85.000
547.000	84.000
548.000	103.000
549.000	83.000
550.000	68.000
551.000	98.000
552.000	77.000
553.000	66.000
554.000	72.000
555.000	108.000
556.000	82.000
557.000	71.000
558.000	97.000
559.000	77.000
560.000	88.000
561.000	92.000
562.000	99.000
563.000	96.000
564.000	101.000
565.000	95.000
566.000	114.000
567.000	83.000
568.000	83.000
569.000	92.000
570.000	119.000
571.000	92.000
572.000	93.000
573.000	95.000
574.000	99.000
575.000	99.000
576.000	117.000
577.000	91.000
578.000	113.000
579.000	100.000
580.000	96.000
581.000	113.000
582.000	99.000
583.000	118.000
584.000	120.000
585.000	119.000
586.000	117.000
587.000	123.000
588.000	119.000
589.000	94.000
590.000	121.000
591.000	113.000
592.000	102.000
593.000	103.000
594.000	112.000
595.000	113.000
596.000	119.000
597.000	108.000
598.000	103.000
599.000	114.000
600.000	127.000
601.000	121.000
602.000	123.000
603.000	128.000
604.000	120.000
605.000	133.000
606.000	133.000
607.000	129.000
608.000	117.000
609.000	137.000
610.000	132.000
611.000	111.000
612.000	136.000
613.000	126.000
614.000	130.000
615.000	132.000
616.000	141.000
617.000	140.000
618.000	135.000
619.000	139.000
620.000	138.000
621.000	145.000
622.000	143.000
623.000	149.000
624.000	123.000
625.000	141.000
626.000	148.000
627.000	140.000
628.000	138.000
629.000	125.000
630.000	161.000
631.000	144.000
632.000	129.000
633.000	128.000
634.000	153.000
635.000	132.000
636.000	149.000
637.000	147.000
638.000	168.000
639.000	159.000
640.000	143.000
641.000	144.000
642.000	160.000
643.000	152.000
644.000	168.000
645.000	161.000
646.000	169.000
647.000	169.000
648.000	144.000
649.000	156.000
650.000	197.000
651.000	168.000
652.000	166.000
653.000	142.000
654.000	166.000
655.000	154.000
656.000	158.000
657.000	159.000
658.000	180.000
659.000	184.000
660.000	169.000
661.000	190.000
662.000	142.000
663.000	191.000
664.000	161.000
665.000	151.000
666.000	183.000
667.000	138.000
668.000	137.000
669.000	193.000
670.000	184.000
671.000	178.000
672.000	180.000
673.000	168.000
674.000	169.000
675.000	171.000
676.000	170.000
677.000	193.000
678.000	170.000
679.000	182.000
680.000	190.000
681.000	173.000
682.000	170.000
683.000	207.000
684.000	179.000
685.000	177.000
686.000	178.000
687.000	193.000
688.000	187.000
689.000	186.000
690.000	182.000
691.000	190.000
692.000	196.000
693.000	189.000
694.000	209.000
695.000	192.000
696.000	178.000
697.000	181.000
698.000	200.000
699.000	218.000
700.000	192.000
701.000	200.000
702.000	228.000
703.000	199.000
704.000	181.000
705.000	209.000
706.000	207.000
707.000	199.000
708.000	191.000
709.000	209.000
710.000	189.000
711.000	181.000
712.000	220.000
713.000	175.000
714.000	234.000
715.000	182.000
716.000	196.000
717.000	195.000
718.000	176.000
719.000	230.000
720.000	207.000
721.000	217.000
722.000	181.000
723.000	200.000
724.000	205.000
725.000	226.000
726.000	211.000
727.000	204.000
728.000	223.000
729.000	218.000
730.000	212.000
731.000	257.000
732.000	217.000
733.000	261.000
734.000	250.000
735.000	220.000
736.000	207.000
737.000	208.000
738.000	209.000
739.000	205.000
740.000	219.000
741.000	210.000
742.000	232.000
743.000	234.000
744.000	215.000
745.000	219.000
746.000	212.000
747.000	230.000
748.000	225.000
749.000	253.000
750.000	208.000
751.000	203.000
752.000	231.000
753.000	228.000
754.000	216.000
755.000	229.000
756.000	228.000
757.000	232.000
758.000	255.000
759.000	250.000
760.000	231.000
761.000	218.000
762.000	228.000
763.000	232.000
764.000	249.000
765.000	230.000
766.000	236.000
767.000	253.000
768.000	262.000
769.000	265.000
770.000	228.000
771.000	261.000
772.000	277.000
773.000	266.000
774.000	264.000
775.000	248.000
776.000	269.000
777.000	254.000
778.000	252.000
779.000	239.000
780.000	225.000
781.000	256.000
782.000	280.000
783.000	272.000
784.000	259.000
785.000	232.000
786.000	240.000
787.000	254.000
788.000	250.000
789.000	230.000
790.000	228.000
791.000	226.000
792.000	241.000
793.000	249.000
794.000	234.000
795.000	254.000
796.000	234.000
797.000	243.000
798.000	234.000
799.000	248.000
800.000	213.000
801.000	262.000
802.000	242.000
803.000	249.000
804.000	240.000
805.000	240.000
806.000	251.000
807.000	257.000
808.000	248.000
809.000	251.000
810.000	264.000
811.000	254.000
812.000	228.000
813.000	245.000
814.000	244.000
815.000	256.000
816.000	263.000
817.000	253.000
818.000	272.000
819.000	253.000
820.000	273.000
821.000	269.000
822.000	286.000
823.000	264.000
824.000	260.000
825.000	264.000
826.000	285.000
827.000	262.000
828.000	282.000
829.000	296.000
830.000	292.000
831.000	279.000
832.000	252.000
833.000	259.000
834.000	259.000
835.000	270.000
836.000	259.000
837.000	287.000
838.000	268.000
839.000	277.000
840.000	305.000
841.000	287.000
842.000	318.000
843.000	272.000
844.000	301.000
845.000	287.000
846.000	266.000
847.000	298.000
848.000	330.000
849.000	316.000
850.000	315.000
851.000	314.000
852.000	325.000
853.000	303.000
854.000	310.000
855.000	289.000
856.000	317.000
857.000	371.000
858.000	335.000
859.000	331.000
860.000	334.000
861.000	342.000
862.000	292.000
863.000	366.000
864.000	370.000
865.000	389.000
866.000	367.000
867.000	385.000
868.000	386.000
869.000	406.000
870.000	451.000
871.000	385.000
872.000	433.000
873.000	444.000
874.000	457.000
875.000	451.000
876.000	471.000
877.000	525.000
878.000	567.000
879.000	520.000
880.000	570.000
881.000	562.000
882.000	677.000
883.000	686.000
884.000	735.000
885.000	785.000
886.000	897.000
887.000	846.000
888.000	904.000
889.000	961.000
890.000	1059.000
891.000	1057.000
892.000	1139.000
893.000	1215.000
894.000	1165.000
895.000	1279.000
896.000	1312.000
897.000	1255.000
898.000	1315.000
899.000	1384.000
900.000	1396.000
901.000	1343.000
902.000	1341.000
903.000	1295.000
904.000	1305.000
905.000	1271.000
906.000	1253.000
907.000	1174.000
908.000	1062.000
909.000	1084.000
910.000	1009.000
911.000	964.000
912.000	961.000
913.000	859.000
914.000	842.000
915.000	820.000
916.000	769.000
917.000	688.000
918.000	680.000
919.000	674.000
920.000	590.000
921.000	541.000
922.000	547.000
923.000	503.000
924.000	520.000
925.000	464.000
926.000	436.000
927.000	387.000
928.000	378.000
929.000	379.000
930.000	374.000
931.000	401.000
932.000	347.000
933.000	335.000
934.000	327.000
935.000	331.000
936.000	355.000
937.000	308.000
938.000	353.000
939.000	304.000
940.000	312.000
941.000	396.000
942.000	389.000
943.000	437.000
944.000	418.000
945.000	480.000
946.000	519.000
947.000	544.000
948.000	619.000
949.000	612.000
950.000	643.000
951.000	744.000
952.000	686.000
953.000	769.000
954.000	688.000
955.000	673.000
956.000	684.000
957.000	600.000
958.000	618.000
959.000	568.000
960.000	480.000
961.000	459.000
962.000	393.000
963.000	340.000
964.000	320.000
965.000	296.000
966.000	264.000
967.000	301.000
968.000	272.000
969.000	267.000
970.000	218.000
971.000	254.000
972.000	273.000
973.000	272.000
974.000	260.000
975.000	269.000
976.000	266.000
977.000	262.000
978.000	307.000
979.000	291.000
980.000	259.000
981.000	278.000
982.000	319.000
983.000	302.000
984.000	288.000
985.000	305.000
986.000	318.000
987.000	292.000
988.000	312.000
989.000	336.000
990.000	345.000
991.000	346.000
992.000	359.000
993.000	352.000
994.000	370.000
995.000	363.000
996.000	393.000
997.000	397.000
998.000	374.000
999.000	393.000
1000.000	414.000
1001.000	422.000
1002.000	366.000
1003.000	393.000
1004.000	420.000
1005.000	438.000
1006.000	421.000
1007.000	393.000
1008.000	390.000
1009.000	384.000
1010.000	408.000
1011.000	382.000
1012.000	388.000
1013.000	328.000
1014.000	343.000
1015.000	354.000
1016.000	304.000
1017.000	332.000
1018.000	326.000
1019.000	276.000
1020.000	276.000
1021.000	241.000
1022.000	265.000
1023.000	252.000
1024.000	256.000
