Date:	8/19/2008		Time:	10:00 AM		Version no:	0.00		Project name:	55		Sample name:	222		Section name:	section		Position	902.039995	mm	E0	0.000000	keV	E1	1.000000	keV/channel	sample surface	7.809506	cm	Tube anode:	Mo		Tube voltage:	30	kV	Tube current:	50	mA	gain	20		std. database			resultfile	result		matrix element	11		sample thickness	1.000000		air passage	0.560000	cm	comments	not in position		peaking_time	3.000000	m-sec	trigger_threshold	1229.166667	V	mca_bin_width	22.090000	no:	number_mca_channels	1024.000000	no:	gap_time	0.400000	m-sec	trigger_peaking_time	0.150000	m-sec	GAINDAC	9455		HIGHGAIN	1		TAURC	0		RCTAU	53		RCTAUFRAC	32768		livetime	9.689790	seconds	runtime	10.000502	seconds	input_count_rate	29.423237	cps	output_count_rate	22.223383	cps	triggers	285105	seconds	events_in_run	222245	seconds	channel	content		1.000	0.000
2.000	0.000
3.000	0.000
4.000	0.000
5.000	0.000
6.000	0.000
7.000	0.000
8.000	0.000
9.000	0.000
10.000	0.000
11.000	0.000
12.000	0.000
13.000	0.000
14.000	0.000
15.000	0.000
16.000	0.000
17.000	0.000
18.000	0.000
19.000	0.000
20.000	0.000
21.000	0.000
22.000	0.000
23.000	0.000
24.000	0.000
25.000	0.000
26.000	0.000
27.000	0.000
28.000	0.000
29.000	0.000
30.000	0.000
31.000	0.000
32.000	0.000
33.000	1.000
34.000	0.000
35.000	2.000
36.000	2.000
37.000	1.000
38.000	4.000
39.000	0.000
40.000	3.000
41.000	4.000
42.000	2.000
43.000	6.000
44.000	3.000
45.000	9.000
46.000	7.000
47.000	4.000
48.000	10.000
49.000	7.000
50.000	9.000
51.000	8.000
52.000	10.000
53.000	8.000
54.000	8.000
55.000	16.000
56.000	13.000
57.000	9.000
58.000	10.000
59.000	11.000
60.000	13.000
61.000	7.000
62.000	6.000
63.000	11.000
64.000	17.000
65.000	7.000
66.000	15.000
67.000	5.000
68.000	13.000
69.000	8.000
70.000	9.000
71.000	11.000
72.000	9.000
73.000	8.000
74.000	10.000
75.000	8.000
76.000	10.000
77.000	11.000
78.000	9.000
79.000	7.000
80.000	6.000
81.000	7.000
82.000	8.000
83.000	7.000
84.000	6.000
85.000	15.000
86.000	8.000
87.000	2.000
88.000	4.000
89.000	8.000
90.000	5.000
91.000	12.000
92.000	11.000
93.000	9.000
94.000	9.000
95.000	12.000
96.000	12.000
97.000	5.000
98.000	16.000
99.000	5.000
100.000	7.000
101.000	9.000
102.000	9.000
103.000	9.000
104.000	11.000
105.000	11.000
106.000	11.000
107.000	6.000
108.000	5.000
109.000	12.000
110.000	7.000
111.000	9.000
112.000	6.000
113.000	8.000
114.000	6.000
115.000	9.000
116.000	9.000
117.000	8.000
118.000	7.000
119.000	5.000
120.000	7.000
121.000	7.000
122.000	4.000
123.000	12.000
124.000	9.000
125.000	9.000
126.000	6.000
127.000	9.000
128.000	6.000
129.000	7.000
130.000	10.000
131.000	6.000
132.000	5.000
133.000	7.000
134.000	7.000
135.000	4.000
136.000	7.000
137.000	4.000
138.000	4.000
139.000	5.000
140.000	6.000
141.000	4.000
142.000	2.000
143.000	5.000
144.000	3.000
145.000	7.000
146.000	5.000
147.000	7.000
148.000	6.000
149.000	4.000
150.000	3.000
151.000	1.000
152.000	0.000
153.000	6.000
154.000	7.000
155.000	6.000
156.000	6.000
157.000	3.000
158.000	7.000
159.000	9.000
160.000	5.000
161.000	13.000
162.000	9.000
163.000	14.000
164.000	7.000
165.000	11.000
166.000	12.000
167.000	5.000
168.000	10.000
169.000	5.000
170.000	4.000
171.000	7.000
172.000	2.000
173.000	1.000
174.000	1.000
175.000	9.000
176.000	8.000
177.000	5.000
178.000	3.000
179.000	12.000
180.000	8.000
181.000	15.000
182.000	19.000
183.000	8.000
184.000	15.000
185.000	7.000
186.000	7.000
187.000	6.000
188.000	7.000
189.000	6.000
190.000	4.000
191.000	3.000
192.000	4.000
193.000	8.000
194.000	2.000
195.000	5.000
196.000	11.000
197.000	11.000
198.000	14.000
199.000	8.000
200.000	23.000
201.000	21.000
202.000	30.000
203.000	29.000
204.000	35.000
205.000	22.000
206.000	10.000
207.000	13.000
208.000	14.000
209.000	10.000
210.000	6.000
211.000	6.000
212.000	4.000
213.000	7.000
214.000	3.000
215.000	2.000
216.000	5.000
217.000	5.000
218.000	8.000
219.000	5.000
220.000	9.000
221.000	7.000
222.000	7.000
223.000	5.000
224.000	3.000
225.000	2.000
226.000	5.000
227.000	10.000
228.000	2.000
229.000	5.000
230.000	6.000
231.000	1.000
232.000	2.000
233.000	1.000
234.000	1.000
235.000	2.000
236.000	4.000
237.000	2.000
238.000	5.000
239.000	9.000
240.000	4.000
241.000	8.000
242.000	0.000
243.000	10.000
244.000	11.000
245.000	17.000
246.000	22.000
247.000	21.000
248.000	14.000
249.000	13.000
250.000	15.000
251.000	10.000
252.000	7.000
253.000	8.000
254.000	6.000
255.000	8.000
256.000	9.000
257.000	6.000
258.000	9.000
259.000	7.000
260.000	5.000
261.000	7.000
262.000	4.000
263.000	4.000
264.000	6.000
265.000	4.000
266.000	9.000
267.000	5.000
268.000	8.000
269.000	9.000
270.000	8.000
271.000	12.000
272.000	9.000
273.000	8.000
274.000	11.000
275.000	10.000
276.000	4.000
277.000	5.000
278.000	6.000
279.000	5.000
280.000	7.000
281.000	5.000
282.000	5.000
283.000	6.000
284.000	9.000
285.000	3.000
286.000	5.000
287.000	3.000
288.000	8.000
289.000	9.000
290.000	6.000
291.000	4.000
292.000	14.000
293.000	10.000
294.000	6.000
295.000	5.000
296.000	9.000
297.000	11.000
298.000	8.000
299.000	11.000
300.000	10.000
301.000	13.000
302.000	7.000
303.000	8.000
304.000	8.000
305.000	11.000
306.000	8.000
307.000	15.000
308.000	6.000
309.000	11.000
310.000	7.000
311.000	8.000
312.000	7.000
313.000	10.000
314.000	11.000
315.000	7.000
316.000	13.000
317.000	19.000
318.000	21.000
319.000	39.000
320.000	46.000
321.000	48.000
322.000	58.000
323.000	59.000
324.000	38.000
325.000	45.000
326.000	42.000
327.000	43.000
328.000	19.000
329.000	20.000
330.000	17.000
331.000	13.000
332.000	13.000
333.000	5.000
334.000	10.000
335.000	10.000
336.000	9.000
337.000	19.000
338.000	19.000
339.000	16.000
340.000	36.000
341.000	42.000
342.000	75.000
343.000	100.000
344.000	175.000
345.000	273.000
346.000	414.000
347.000	529.000
348.000	667.000
349.000	817.000
350.000	874.000
351.000	858.000
352.000	877.000
353.000	668.000
354.000	565.000
355.000	433.000
356.000	280.000
357.000	179.000
358.000	113.000
359.000	73.000
360.000	35.000
361.000	27.000
362.000	24.000
363.000	15.000
364.000	23.000
365.000	15.000
366.000	19.000
367.000	18.000
368.000	25.000
369.000	18.000
370.000	22.000
371.000	29.000
372.000	22.000
373.000	20.000
374.000	18.000
375.000	18.000
376.000	28.000
377.000	33.000
378.000	31.000
379.000	59.000
380.000	51.000
381.000	76.000
382.000	119.000
383.000	105.000
384.000	136.000
385.000	153.000
386.000	179.000
387.000	158.000
388.000	161.000
389.000	137.000
390.000	84.000
391.000	91.000
392.000	61.000
393.000	52.000
394.000	36.000
395.000	36.000
396.000	24.000
397.000	24.000
398.000	29.000
399.000	21.000
400.000	24.000
401.000	25.000
402.000	24.000
403.000	21.000
404.000	29.000
405.000	26.000
406.000	19.000
407.000	30.000
408.000	22.000
409.000	30.000
410.000	28.000
411.000	29.000
412.000	22.000
413.000	34.000
414.000	26.000
415.000	30.000
416.000	35.000
417.000	31.000
418.000	35.000
419.000	26.000
420.000	28.000
421.000	27.000
422.000	30.000
423.000	37.000
424.000	24.000
425.000	28.000
426.000	26.000
427.000	22.000
428.000	34.000
429.000	34.000
430.000	35.000
431.000	42.000
432.000	44.000
433.000	37.000
434.000	40.000
435.000	25.000
436.000	32.000
437.000	38.000
438.000	42.000
439.000	46.000
440.000	45.000
441.000	38.000
442.000	40.000
443.000	42.000
444.000	43.000
445.000	38.000
446.000	56.000
447.000	25.000
448.000	42.000
449.000	52.000
450.000	42.000
451.000	44.000
452.000	49.000
453.000	45.000
454.000	47.000
455.000	47.000
456.000	36.000
457.000	45.000
458.000	59.000
459.000	54.000
460.000	49.000
461.000	50.000
462.000	51.000
463.000	53.000
464.000	53.000
465.000	33.000
466.000	45.000
467.000	60.000
468.000	55.000
469.000	47.000
470.000	46.000
471.000	56.000
472.000	58.000
473.000	52.000
474.000	53.000
475.000	70.000
476.000	60.000
477.000	50.000
478.000	54.000
479.000	52.000
480.000	57.000
481.000	80.000
482.000	51.000
483.000	52.000
484.000	70.000
485.000	58.000
486.000	69.000
487.000	52.000
488.000	71.000
489.000	60.000
490.000	63.000
491.000	44.000
492.000	68.000
493.000	49.000
494.000	72.000
495.000	60.000
496.000	67.000
497.000	63.000
498.000	68.000
499.000	67.000
500.000	60.000
501.000	57.000
502.000	81.000
503.000	71.000
504.000	68.000
505.000	57.000
506.000	64.000
507.000	70.000
508.000	67.000
509.000	67.000
510.000	83.000
511.000	78.000
512.000	73.000
513.000	75.000
514.000	84.000
515.000	80.000
516.000	78.000
517.000	79.000
518.000	68.000
519.000	97.000
520.000	84.000
521.000	100.000
522.000	63.000
523.000	100.000
524.000	80.000
525.000	92.000
526.000	79.000
527.000	85.000
528.000	91.000
529.000	78.000
530.000	109.000
531.000	81.000
532.000	97.000
533.000	84.000
534.000	89.000
535.000	72.000
536.000	107.000
537.000	96.000
538.000	87.000
539.000	83.000
540.000	97.000
541.000	96.000
542.000	82.000
543.000	106.000
544.000	106.000
545.000	81.000
546.000	100.000
547.000	102.000
548.000	111.000
549.000	103.000
550.000	124.000
551.000	95.000
552.000	98.000
553.000	106.000
554.000	103.000
555.000	103.000
556.000	99.000
557.000	105.000
558.000	92.000
559.000	100.000
560.000	107.000
561.000	104.000
562.000	126.000
563.000	120.000
564.000	110.000
565.000	109.000
566.000	132.000
567.000	107.000
568.000	110.000
569.000	98.000
570.000	109.000
571.000	116.000
572.000	138.000
573.000	108.000
574.000	119.000
575.000	147.000
576.000	132.000
577.000	131.000
578.000	133.000
579.000	139.000
580.000	136.000
581.000	148.000
582.000	130.000
583.000	132.000
584.000	156.000
585.000	142.000
586.000	124.000
587.000	133.000
588.000	130.000
589.000	136.000
590.000	149.000
591.000	140.000
592.000	131.000
593.000	118.000
594.000	141.000
595.000	130.000
596.000	135.000
597.000	153.000
598.000	126.000
599.000	159.000
600.000	164.000
601.000	155.000
602.000	138.000
603.000	152.000
604.000	168.000
605.000	137.000
606.000	154.000
607.000	154.000
608.000	157.000
609.000	136.000
610.000	151.000
611.000	164.000
612.000	169.000
613.000	142.000
614.000	167.000
615.000	150.000
616.000	158.000
617.000	154.000
618.000	151.000
619.000	165.000
620.000	152.000
621.000	160.000
622.000	177.000
623.000	156.000
624.000	151.000
625.000	161.000
626.000	169.000
627.000	167.000
628.000	189.000
629.000	152.000
630.000	176.000
631.000	163.000
632.000	154.000
633.000	172.000
634.000	166.000
635.000	182.000
636.000	183.000
637.000	176.000
638.000	178.000
639.000	165.000
640.000	167.000
641.000	179.000
642.000	182.000
643.000	181.000
644.000	184.000
645.000	180.000
646.000	183.000
647.000	211.000
648.000	189.000
649.000	174.000
650.000	210.000
651.000	188.000
652.000	187.000
653.000	200.000
654.000	209.000
655.000	191.000
656.000	208.000
657.000	217.000
658.000	195.000
659.000	198.000
660.000	193.000
661.000	203.000
662.000	200.000
663.000	164.000
664.000	192.000
665.000	223.000
666.000	200.000
667.000	186.000
668.000	193.000
669.000	223.000
670.000	199.000
671.000	218.000
672.000	180.000
673.000	203.000
674.000	214.000
675.000	188.000
676.000	225.000
677.000	216.000
678.000	214.000
679.000	209.000
680.000	200.000
681.000	208.000
682.000	187.000
683.000	213.000
684.000	200.000
685.000	208.000
686.000	195.000
687.000	225.000
688.000	216.000
689.000	226.000
690.000	217.000
691.000	202.000
692.000	236.000
693.000	229.000
694.000	206.000
695.000	229.000
696.000	225.000
697.000	214.000
698.000	210.000
699.000	213.000
700.000	231.000
701.000	204.000
702.000	198.000
703.000	208.000
704.000	246.000
705.000	220.000
706.000	216.000
707.000	226.000
708.000	248.000
709.000	234.000
710.000	223.000
711.000	229.000
712.000	226.000
713.000	256.000
714.000	215.000
715.000	246.000
716.000	235.000
717.000	233.000
718.000	233.000
719.000	221.000
720.000	227.000
721.000	242.000
722.000	272.000
723.000	236.000
724.000	249.000
725.000	241.000
726.000	243.000
727.000	241.000
728.000	225.000
729.000	263.000
730.000	270.000
731.000	217.000
732.000	228.000
733.000	268.000
734.000	248.000
735.000	230.000
736.000	269.000
737.000	256.000
738.000	274.000
739.000	264.000
740.000	263.000
741.000	264.000
742.000	265.000
743.000	255.000
744.000	268.000
745.000	263.000
746.000	250.000
747.000	252.000
748.000	231.000
749.000	254.000
750.000	250.000
751.000	250.000
752.000	258.000
753.000	251.000
754.000	258.000
755.000	258.000
756.000	247.000
757.000	252.000
758.000	240.000
759.000	267.000
760.000	265.000
761.000	276.000
762.000	251.000
763.000	322.000
764.000	264.000
765.000	268.000
766.000	268.000
767.000	266.000
768.000	268.000
769.000	261.000
770.000	285.000
771.000	284.000
772.000	261.000
773.000	280.000
774.000	292.000
775.000	304.000
776.000	323.000
777.000	331.000
778.000	290.000
779.000	317.000
780.000	295.000
781.000	308.000
782.000	290.000
783.000	256.000
784.000	283.000
785.000	274.000
786.000	288.000
787.000	278.000
788.000	308.000
789.000	286.000
790.000	268.000
791.000	298.000
792.000	284.000
793.000	290.000
794.000	257.000
795.000	268.000
796.000	267.000
797.000	273.000
798.000	285.000
799.000	289.000
800.000	270.000
801.000	306.000
802.000	296.000
803.000	297.000
804.000	292.000
805.000	293.000
806.000	298.000
807.000	279.000
808.000	301.000
809.000	284.000
810.000	273.000
811.000	267.000
812.000	315.000
813.000	289.000
814.000	304.000
815.000	299.000
816.000	294.000
817.000	279.000
818.000	254.000
819.000	291.000
820.000	304.000
821.000	337.000
822.000	315.000
823.000	279.000
824.000	334.000
825.000	315.000
826.000	312.000
827.000	317.000
828.000	274.000
829.000	295.000
830.000	286.000
831.000	293.000
832.000	300.000
833.000	312.000
834.000	329.000
835.000	305.000
836.000	275.000
837.000	298.000
838.000	320.000
839.000	303.000
840.000	319.000
841.000	341.000
842.000	329.000
843.000	319.000
844.000	313.000
845.000	309.000
846.000	303.000
847.000	303.000
848.000	318.000
849.000	285.000
850.000	315.000
851.000	313.000
852.000	384.000
853.000	383.000
854.000	327.000
855.000	345.000
856.000	320.000
857.000	339.000
858.000	389.000
859.000	349.000
860.000	404.000
861.000	377.000
862.000	376.000
863.000	403.000
864.000	391.000
865.000	408.000
866.000	376.000
867.000	443.000
868.000	405.000
869.000	428.000
870.000	446.000
871.000	446.000
872.000	429.000
873.000	417.000
874.000	491.000
875.000	453.000
876.000	536.000
877.000	543.000
878.000	578.000
879.000	610.000
880.000	607.000
881.000	674.000
882.000	742.000
883.000	760.000
884.000	839.000
885.000	874.000
886.000	885.000
887.000	928.000
888.000	985.000
889.000	1124.000
890.000	1117.000
891.000	1094.000
892.000	1264.000
893.000	1309.000
894.000	1270.000
895.000	1401.000
896.000	1452.000
897.000	1425.000
898.000	1448.000
899.000	1479.000
900.000	1496.000
901.000	1405.000
902.000	1517.000
903.000	1311.000
904.000	1436.000
905.000	1392.000
906.000	1363.000
907.000	1289.000
908.000	1268.000
909.000	1204.000
910.000	1180.000
911.000	1043.000
912.000	1027.000
913.000	1021.000
914.000	936.000
915.000	914.000
916.000	853.000
917.000	774.000
918.000	710.000
919.000	707.000
920.000	647.000
921.000	588.000
922.000	580.000
923.000	559.000
924.000	505.000
925.000	468.000
926.000	443.000
927.000	436.000
928.000	411.000
929.000	386.000
930.000	371.000
931.000	387.000
932.000	406.000
933.000	357.000
934.000	368.000
935.000	337.000
936.000	378.000
937.000	367.000
938.000	407.000
939.000	364.000
940.000	380.000
941.000	363.000
942.000	402.000
943.000	403.000
944.000	478.000
945.000	477.000
946.000	609.000
947.000	603.000
948.000	620.000
949.000	621.000
950.000	756.000
951.000	761.000
952.000	755.000
953.000	816.000
954.000	806.000
955.000	733.000
956.000	755.000
957.000	723.000
958.000	669.000
959.000	589.000
960.000	547.000
961.000	450.000
962.000	441.000
963.000	399.000
964.000	359.000
965.000	348.000
966.000	321.000
967.000	308.000
968.000	288.000
969.000	289.000
970.000	292.000
971.000	298.000
972.000	266.000
973.000	289.000
974.000	325.000
975.000	250.000
976.000	264.000
977.000	286.000
978.000	319.000
979.000	313.000
980.000	265.000
981.000	331.000
982.000	300.000
983.000	342.000
984.000	311.000
985.000	338.000
986.000	346.000
987.000	315.000
988.000	308.000
989.000	360.000
990.000	352.000
991.000	354.000
992.000	375.000
993.000	372.000
994.000	382.000
995.000	429.000
996.000	378.000
997.000	400.000
998.000	389.000
999.000	452.000
1000.000	430.000
1001.000	438.000
1002.000	423.000
1003.000	420.000
1004.000	467.000
1005.000	417.000
1006.000	443.000
1007.000	430.000
1008.000	492.000
1009.000	441.000
1010.000	427.000
1011.000	391.000
1012.000	416.000
1013.000	373.000
1014.000	347.000
1015.000	390.000
1016.000	335.000
1017.000	320.000
1018.000	348.000
1019.000	334.000
1020.000	264.000
1021.000	330.000
1022.000	306.000
1023.000	270.000
1024.000	262.000
