Date:	8/19/2008		Time:	9:08 AM		Version no:	0.00		Project name:	55		Sample name:	222		Section name:	section		Position	354.039995	mm	E0	0.000000	keV	E1	1.000000	keV/channel	sample surface	7.516708	cm	Tube anode:	Mo		Tube voltage:	30	kV	Tube current:	50	mA	gain	20		std. database			resultfile	result		matrix element	11		sample thickness	1.000000		air passage	0.560000	cm	comments	not in position		peaking_time	3.000000	m-sec	trigger_threshold	1229.166667	V	mca_bin_width	22.090000	no:	number_mca_channels	1024.000000	no:	gap_time	0.400000	m-sec	trigger_peaking_time	0.150000	m-sec	GAINDAC	9455		HIGHGAIN	1		TAURC	0		RCTAU	53		RCTAUFRAC	32768		livetime	9.711390	seconds	runtime	10.000502	seconds	input_count_rate	27.697375	cps	output_count_rate	21.227135	cps	triggers	268980	seconds	events_in_run	212282	seconds	channel	content		1.000	0.000
2.000	0.000
3.000	0.000
4.000	0.000
5.000	0.000
6.000	0.000
7.000	0.000
8.000	0.000
9.000	0.000
10.000	0.000
11.000	0.000
12.000	0.000
13.000	0.000
14.000	0.000
15.000	0.000
16.000	0.000
17.000	0.000
18.000	0.000
19.000	0.000
20.000	0.000
21.000	0.000
22.000	0.000
23.000	0.000
24.000	0.000
25.000	0.000
26.000	0.000
27.000	0.000
28.000	0.000
29.000	0.000
30.000	0.000
31.000	0.000
32.000	0.000
33.000	0.000
34.000	0.000
35.000	0.000
36.000	0.000
37.000	3.000
38.000	4.000
39.000	0.000
40.000	4.000
41.000	3.000
42.000	4.000
43.000	8.000
44.000	4.000
45.000	2.000
46.000	2.000
47.000	6.000
48.000	4.000
49.000	8.000
50.000	5.000
51.000	6.000
52.000	10.000
53.000	11.000
54.000	8.000
55.000	11.000
56.000	5.000
57.000	9.000
58.000	6.000
59.000	18.000
60.000	18.000
61.000	11.000
62.000	10.000
63.000	9.000
64.000	7.000
65.000	8.000
66.000	9.000
67.000	8.000
68.000	9.000
69.000	14.000
70.000	12.000
71.000	10.000
72.000	14.000
73.000	6.000
74.000	13.000
75.000	9.000
76.000	8.000
77.000	7.000
78.000	7.000
79.000	5.000
80.000	10.000
81.000	7.000
82.000	4.000
83.000	11.000
84.000	6.000
85.000	9.000
86.000	7.000
87.000	13.000
88.000	4.000
89.000	9.000
90.000	8.000
91.000	7.000
92.000	6.000
93.000	1.000
94.000	6.000
95.000	12.000
96.000	4.000
97.000	7.000
98.000	7.000
99.000	3.000
100.000	12.000
101.000	2.000
102.000	8.000
103.000	10.000
104.000	13.000
105.000	6.000
106.000	8.000
107.000	3.000
108.000	11.000
109.000	4.000
110.000	8.000
111.000	7.000
112.000	7.000
113.000	1.000
114.000	6.000
115.000	7.000
116.000	4.000
117.000	6.000
118.000	7.000
119.000	2.000
120.000	8.000
121.000	3.000
122.000	8.000
123.000	7.000
124.000	12.000
125.000	5.000
126.000	2.000
127.000	17.000
128.000	8.000
129.000	7.000
130.000	8.000
131.000	10.000
132.000	9.000
133.000	6.000
134.000	5.000
135.000	5.000
136.000	6.000
137.000	8.000
138.000	6.000
139.000	3.000
140.000	5.000
141.000	7.000
142.000	8.000
143.000	4.000
144.000	3.000
145.000	5.000
146.000	4.000
147.000	6.000
148.000	5.000
149.000	6.000
150.000	4.000
151.000	6.000
152.000	3.000
153.000	3.000
154.000	2.000
155.000	4.000
156.000	5.000
157.000	6.000
158.000	4.000
159.000	7.000
160.000	9.000
161.000	9.000
162.000	6.000
163.000	19.000
164.000	7.000
165.000	6.000
166.000	9.000
167.000	12.000
168.000	3.000
169.000	1.000
170.000	4.000
171.000	4.000
172.000	4.000
173.000	2.000
174.000	2.000
175.000	3.000
176.000	7.000
177.000	8.000
178.000	3.000
179.000	9.000
180.000	7.000
181.000	4.000
182.000	8.000
183.000	9.000
184.000	6.000
185.000	4.000
186.000	1.000
187.000	3.000
188.000	5.000
189.000	4.000
190.000	2.000
191.000	4.000
192.000	2.000
193.000	3.000
194.000	2.000
195.000	3.000
196.000	7.000
197.000	11.000
198.000	5.000
199.000	13.000
200.000	15.000
201.000	21.000
202.000	13.000
203.000	19.000
204.000	18.000
205.000	12.000
206.000	12.000
207.000	7.000
208.000	7.000
209.000	4.000
210.000	4.000
211.000	3.000
212.000	5.000
213.000	2.000
214.000	4.000
215.000	3.000
216.000	2.000
217.000	6.000
218.000	3.000
219.000	3.000
220.000	10.000
221.000	5.000
222.000	5.000
223.000	6.000
224.000	6.000
225.000	5.000
226.000	2.000
227.000	3.000
228.000	2.000
229.000	4.000
230.000	3.000
231.000	2.000
232.000	7.000
233.000	5.000
234.000	3.000
235.000	1.000
236.000	3.000
237.000	4.000
238.000	7.000
239.000	1.000
240.000	2.000
241.000	8.000
242.000	1.000
243.000	7.000
244.000	4.000
245.000	6.000
246.000	6.000
247.000	20.000
248.000	9.000
249.000	8.000
250.000	7.000
251.000	7.000
252.000	10.000
253.000	6.000
254.000	3.000
255.000	10.000
256.000	7.000
257.000	4.000
258.000	4.000
259.000	2.000
260.000	5.000
261.000	5.000
262.000	4.000
263.000	4.000
264.000	6.000
265.000	6.000
266.000	10.000
267.000	7.000
268.000	4.000
269.000	6.000
270.000	11.000
271.000	5.000
272.000	9.000
273.000	3.000
274.000	5.000
275.000	5.000
276.000	8.000
277.000	5.000
278.000	4.000
279.000	7.000
280.000	4.000
281.000	8.000
282.000	1.000
283.000	4.000
284.000	8.000
285.000	7.000
286.000	8.000
287.000	8.000
288.000	5.000
289.000	5.000
290.000	7.000
291.000	7.000
292.000	7.000
293.000	8.000
294.000	9.000
295.000	10.000
296.000	7.000
297.000	8.000
298.000	7.000
299.000	16.000
300.000	4.000
301.000	5.000
302.000	6.000
303.000	3.000
304.000	10.000
305.000	7.000
306.000	7.000
307.000	16.000
308.000	5.000
309.000	14.000
310.000	10.000
311.000	7.000
312.000	8.000
313.000	6.000
314.000	11.000
315.000	8.000
316.000	15.000
317.000	26.000
318.000	26.000
319.000	33.000
320.000	32.000
321.000	32.000
322.000	55.000
323.000	38.000
324.000	37.000
325.000	44.000
326.000	37.000
327.000	29.000
328.000	25.000
329.000	19.000
330.000	13.000
331.000	10.000
332.000	11.000
333.000	12.000
334.000	14.000
335.000	8.000
336.000	20.000
337.000	19.000
338.000	15.000
339.000	20.000
340.000	19.000
341.000	32.000
342.000	48.000
343.000	91.000
344.000	139.000
345.000	237.000
346.000	355.000
347.000	466.000
348.000	602.000
349.000	727.000
350.000	808.000
351.000	794.000
352.000	797.000
353.000	647.000
354.000	517.000
355.000	402.000
356.000	259.000
357.000	179.000
358.000	101.000
359.000	60.000
360.000	37.000
361.000	29.000
362.000	15.000
363.000	21.000
364.000	17.000
365.000	12.000
366.000	22.000
367.000	11.000
368.000	9.000
369.000	12.000
370.000	19.000
371.000	14.000
372.000	11.000
373.000	22.000
374.000	28.000
375.000	29.000
376.000	20.000
377.000	20.000
378.000	29.000
379.000	45.000
380.000	35.000
381.000	73.000
382.000	99.000
383.000	118.000
384.000	137.000
385.000	126.000
386.000	135.000
387.000	145.000
388.000	151.000
389.000	122.000
390.000	100.000
391.000	68.000
392.000	59.000
393.000	31.000
394.000	35.000
395.000	38.000
396.000	25.000
397.000	16.000
398.000	25.000
399.000	25.000
400.000	19.000
401.000	15.000
402.000	20.000
403.000	24.000
404.000	28.000
405.000	22.000
406.000	16.000
407.000	21.000
408.000	21.000
409.000	28.000
410.000	16.000
411.000	12.000
412.000	22.000
413.000	20.000
414.000	32.000
415.000	28.000
416.000	34.000
417.000	22.000
418.000	23.000
419.000	33.000
420.000	26.000
421.000	28.000
422.000	24.000
423.000	23.000
424.000	30.000
425.000	22.000
426.000	24.000
427.000	15.000
428.000	22.000
429.000	39.000
430.000	34.000
431.000	25.000
432.000	36.000
433.000	31.000
434.000	33.000
435.000	34.000
436.000	34.000
437.000	26.000
438.000	29.000
439.000	37.000
440.000	30.000
441.000	44.000
442.000	40.000
443.000	40.000
444.000	34.000
445.000	37.000
446.000	40.000
447.000	43.000
448.000	31.000
449.000	41.000
450.000	45.000
451.000	45.000
452.000	28.000
453.000	35.000
454.000	52.000
455.000	40.000
456.000	43.000
457.000	51.000
458.000	33.000
459.000	41.000
460.000	35.000
461.000	35.000
462.000	51.000
463.000	48.000
464.000	49.000
465.000	51.000
466.000	46.000
467.000	43.000
468.000	53.000
469.000	50.000
470.000	42.000
471.000	52.000
472.000	53.000
473.000	46.000
474.000	43.000
475.000	49.000
476.000	48.000
477.000	59.000
478.000	34.000
479.000	54.000
480.000	40.000
481.000	52.000
482.000	57.000
483.000	54.000
484.000	50.000
485.000	56.000
486.000	63.000
487.000	63.000
488.000	53.000
489.000	37.000
490.000	58.000
491.000	49.000
492.000	74.000
493.000	60.000
494.000	53.000
495.000	57.000
496.000	68.000
497.000	47.000
498.000	54.000
499.000	66.000
500.000	54.000
501.000	66.000
502.000	59.000
503.000	63.000
504.000	63.000
505.000	63.000
506.000	56.000
507.000	56.000
508.000	63.000
509.000	68.000
510.000	71.000
511.000	80.000
512.000	74.000
513.000	79.000
514.000	69.000
515.000	71.000
516.000	72.000
517.000	68.000
518.000	59.000
519.000	87.000
520.000	66.000
521.000	93.000
522.000	57.000
523.000	99.000
524.000	86.000
525.000	85.000
526.000	86.000
527.000	76.000
528.000	82.000
529.000	75.000
530.000	64.000
531.000	77.000
532.000	97.000
533.000	77.000
534.000	84.000
535.000	89.000
536.000	80.000
537.000	80.000
538.000	86.000
539.000	95.000
540.000	87.000
541.000	83.000
542.000	76.000
543.000	89.000
544.000	82.000
545.000	84.000
546.000	84.000
547.000	98.000
548.000	85.000
549.000	75.000
550.000	102.000
551.000	99.000
552.000	108.000
553.000	95.000
554.000	88.000
555.000	82.000
556.000	116.000
557.000	99.000
558.000	87.000
559.000	91.000
560.000	94.000
561.000	100.000
562.000	87.000
563.000	97.000
564.000	105.000
565.000	95.000
566.000	105.000
567.000	101.000
568.000	111.000
569.000	102.000
570.000	90.000
571.000	98.000
572.000	119.000
573.000	126.000
574.000	119.000
575.000	103.000
576.000	106.000
577.000	127.000
578.000	101.000
579.000	103.000
580.000	135.000
581.000	111.000
582.000	117.000
583.000	132.000
584.000	123.000
585.000	86.000
586.000	123.000
587.000	108.000
588.000	111.000
589.000	122.000
590.000	129.000
591.000	117.000
592.000	120.000
593.000	119.000
594.000	108.000
595.000	136.000
596.000	109.000
597.000	139.000
598.000	104.000
599.000	137.000
600.000	130.000
601.000	145.000
602.000	156.000
603.000	132.000
604.000	133.000
605.000	139.000
606.000	120.000
607.000	142.000
608.000	114.000
609.000	145.000
610.000	149.000
611.000	134.000
612.000	155.000
613.000	129.000
614.000	137.000
615.000	125.000
616.000	148.000
617.000	153.000
618.000	135.000
619.000	133.000
620.000	172.000
621.000	145.000
622.000	152.000
623.000	148.000
624.000	161.000
625.000	166.000
626.000	162.000
627.000	168.000
628.000	137.000
629.000	150.000
630.000	139.000
631.000	158.000
632.000	149.000
633.000	145.000
634.000	156.000
635.000	156.000
636.000	173.000
637.000	143.000
638.000	130.000
639.000	133.000
640.000	149.000
641.000	161.000
642.000	150.000
643.000	173.000
644.000	163.000
645.000	163.000
646.000	164.000
647.000	171.000
648.000	173.000
649.000	170.000
650.000	170.000
651.000	197.000
652.000	155.000
653.000	185.000
654.000	194.000
655.000	156.000
656.000	191.000
657.000	197.000
658.000	171.000
659.000	172.000
660.000	183.000
661.000	176.000
662.000	183.000
663.000	189.000
664.000	173.000
665.000	192.000
666.000	182.000
667.000	174.000
668.000	166.000
669.000	173.000
670.000	174.000
671.000	174.000
672.000	195.000
673.000	182.000
674.000	194.000
675.000	182.000
676.000	190.000
677.000	192.000
678.000	194.000
679.000	190.000
680.000	193.000
681.000	195.000
682.000	192.000
683.000	201.000
684.000	200.000
685.000	206.000
686.000	170.000
687.000	176.000
688.000	188.000
689.000	224.000
690.000	176.000
691.000	173.000
692.000	172.000
693.000	214.000
694.000	173.000
695.000	214.000
696.000	215.000
697.000	209.000
698.000	198.000
699.000	219.000
700.000	224.000
701.000	186.000
702.000	223.000
703.000	198.000
704.000	229.000
705.000	199.000
706.000	217.000
707.000	218.000
708.000	207.000
709.000	204.000
710.000	230.000
711.000	236.000
712.000	221.000
713.000	176.000
714.000	233.000
715.000	226.000
716.000	238.000
717.000	241.000
718.000	232.000
719.000	230.000
720.000	213.000
721.000	203.000
722.000	232.000
723.000	238.000
724.000	217.000
725.000	244.000
726.000	204.000
727.000	260.000
728.000	248.000
729.000	234.000
730.000	233.000
731.000	217.000
732.000	226.000
733.000	243.000
734.000	229.000
735.000	233.000
736.000	244.000
737.000	240.000
738.000	246.000
739.000	218.000
740.000	237.000
741.000	247.000
742.000	259.000
743.000	238.000
744.000	258.000
745.000	260.000
746.000	238.000
747.000	253.000
748.000	241.000
749.000	263.000
750.000	241.000
751.000	244.000
752.000	214.000
753.000	256.000
754.000	253.000
755.000	231.000
756.000	248.000
757.000	240.000
758.000	258.000
759.000	253.000
760.000	239.000
761.000	248.000
762.000	266.000
763.000	257.000
764.000	260.000
765.000	279.000
766.000	257.000
767.000	263.000
768.000	247.000
769.000	269.000
770.000	290.000
771.000	291.000
772.000	290.000
773.000	289.000
774.000	267.000
775.000	308.000
776.000	292.000
777.000	274.000
778.000	265.000
779.000	274.000
780.000	249.000
781.000	247.000
782.000	257.000
783.000	269.000
784.000	279.000
785.000	252.000
786.000	258.000
787.000	243.000
788.000	274.000
789.000	268.000
790.000	253.000
791.000	265.000
792.000	231.000
793.000	273.000
794.000	282.000
795.000	247.000
796.000	284.000
797.000	290.000
798.000	268.000
799.000	269.000
800.000	252.000
801.000	281.000
802.000	302.000
803.000	279.000
804.000	253.000
805.000	275.000
806.000	262.000
807.000	289.000
808.000	237.000
809.000	274.000
810.000	258.000
811.000	274.000
812.000	270.000
813.000	308.000
814.000	290.000
815.000	301.000
816.000	280.000
817.000	285.000
818.000	287.000
819.000	295.000
820.000	288.000
821.000	289.000
822.000	281.000
823.000	291.000
824.000	255.000
825.000	294.000
826.000	317.000
827.000	298.000
828.000	308.000
829.000	270.000
830.000	294.000
831.000	276.000
832.000	288.000
833.000	300.000
834.000	295.000
835.000	290.000
836.000	292.000
837.000	293.000
838.000	308.000
839.000	314.000
840.000	307.000
841.000	308.000
842.000	322.000
843.000	304.000
844.000	274.000
845.000	332.000
846.000	322.000
847.000	348.000
848.000	287.000
849.000	325.000
850.000	321.000
851.000	324.000
852.000	327.000
853.000	315.000
854.000	329.000
855.000	313.000
856.000	347.000
857.000	367.000
858.000	381.000
859.000	366.000
860.000	362.000
861.000	370.000
862.000	404.000
863.000	393.000
864.000	367.000
865.000	409.000
866.000	397.000
867.000	366.000
868.000	385.000
869.000	420.000
870.000	392.000
871.000	458.000
872.000	432.000
873.000	437.000
874.000	490.000
875.000	495.000
876.000	536.000
877.000	536.000
878.000	549.000
879.000	599.000
880.000	559.000
881.000	645.000
882.000	686.000
883.000	720.000
884.000	797.000
885.000	837.000
886.000	870.000
887.000	941.000
888.000	969.000
889.000	1051.000
890.000	1145.000
891.000	1146.000
892.000	1184.000
893.000	1235.000
894.000	1282.000
895.000	1282.000
896.000	1385.000
897.000	1482.000
898.000	1476.000
899.000	1418.000
900.000	1454.000
901.000	1462.000
902.000	1462.000
903.000	1400.000
904.000	1333.000
905.000	1279.000
906.000	1359.000
907.000	1207.000
908.000	1204.000
909.000	1174.000
910.000	1187.000
911.000	993.000
912.000	986.000
913.000	931.000
914.000	906.000
915.000	792.000
916.000	810.000
917.000	785.000
918.000	709.000
919.000	682.000
920.000	610.000
921.000	633.000
922.000	551.000
923.000	524.000
924.000	501.000
925.000	456.000
926.000	467.000
927.000	461.000
928.000	402.000
929.000	381.000
930.000	375.000
931.000	355.000
932.000	377.000
933.000	377.000
934.000	369.000
935.000	338.000
936.000	358.000
937.000	352.000
938.000	358.000
939.000	345.000
940.000	410.000
941.000	402.000
942.000	394.000
943.000	441.000
944.000	437.000
945.000	543.000
946.000	555.000
947.000	571.000
948.000	645.000
949.000	698.000
950.000	696.000
951.000	752.000
952.000	754.000
953.000	844.000
954.000	796.000
955.000	803.000
956.000	761.000
957.000	719.000
958.000	625.000
959.000	583.000
960.000	526.000
961.000	495.000
962.000	413.000
963.000	419.000
964.000	348.000
965.000	332.000
966.000	308.000
967.000	289.000
968.000	288.000
969.000	263.000
970.000	288.000
971.000	285.000
972.000	250.000
973.000	290.000
974.000	294.000
975.000	261.000
976.000	270.000
977.000	298.000
978.000	284.000
979.000	298.000
980.000	307.000
981.000	285.000
982.000	275.000
983.000	302.000
984.000	296.000
985.000	325.000
986.000	320.000
987.000	306.000
988.000	327.000
989.000	324.000
990.000	322.000
991.000	341.000
992.000	369.000
993.000	373.000
994.000	398.000
995.000	363.000
996.000	377.000
997.000	436.000
998.000	418.000
999.000	432.000
1000.000	375.000
1001.000	415.000
1002.000	468.000
1003.000	423.000
1004.000	437.000
1005.000	415.000
1006.000	451.000
1007.000	415.000
1008.000	375.000
1009.000	412.000
1010.000	420.000
1011.000	401.000
1012.000	422.000
1013.000	360.000
1014.000	380.000
1015.000	324.000
1016.000	316.000
1017.000	363.000
1018.000	335.000
1019.000	315.000
1020.000	300.000
1021.000	304.000
1022.000	280.000
1023.000	266.000
1024.000	247.000
