Date:	8/19/2008		Time:	8:44 AM		Version no:	0.00		Project name:	55		Sample name:	222		Section name:	section		Position	92.039995	mm	E0	0.000000	keV	E1	1.000000	keV/channel	sample surface	7.602093	cm	Tube anode:	Mo		Tube voltage:	30	kV	Tube current:	50	mA	gain	20		std. database			resultfile	result		matrix element	11		sample thickness	1.000000		air passage	0.560000	cm	comments	not in position		peaking_time	3.000000	m-sec	trigger_threshold	1229.166667	V	mca_bin_width	22.090000	no:	number_mca_channels	1024.000000	no:	gap_time	0.400000	m-sec	trigger_peaking_time	0.150000	m-sec	GAINDAC	9455		HIGHGAIN	1		TAURC	0		RCTAU	53		RCTAUFRAC	32768		livetime	9.695004	seconds	runtime	10.000502	seconds	input_count_rate	29.103134	cps	output_count_rate	22.017596	cps	triggers	282155	seconds	events_in_run	220187	seconds	channel	content		1.000	0.000
2.000	0.000
3.000	0.000
4.000	0.000
5.000	0.000
6.000	0.000
7.000	0.000
8.000	0.000
9.000	0.000
10.000	0.000
11.000	0.000
12.000	0.000
13.000	0.000
14.000	0.000
15.000	0.000
16.000	0.000
17.000	0.000
18.000	0.000
19.000	0.000
20.000	0.000
21.000	0.000
22.000	0.000
23.000	0.000
24.000	0.000
25.000	0.000
26.000	0.000
27.000	0.000
28.000	0.000
29.000	0.000
30.000	0.000
31.000	0.000
32.000	0.000
33.000	0.000
34.000	1.000
35.000	0.000
36.000	2.000
37.000	2.000
38.000	1.000
39.000	4.000
40.000	1.000
41.000	4.000
42.000	2.000
43.000	1.000
44.000	4.000
45.000	7.000
46.000	12.000
47.000	6.000
48.000	8.000
49.000	10.000
50.000	8.000
51.000	9.000
52.000	12.000
53.000	7.000
54.000	12.000
55.000	7.000
56.000	8.000
57.000	5.000
58.000	13.000
59.000	10.000
60.000	12.000
61.000	11.000
62.000	8.000
63.000	12.000
64.000	9.000
65.000	15.000
66.000	11.000
67.000	7.000
68.000	8.000
69.000	13.000
70.000	9.000
71.000	12.000
72.000	8.000
73.000	3.000
74.000	3.000
75.000	8.000
76.000	7.000
77.000	5.000
78.000	8.000
79.000	8.000
80.000	10.000
81.000	5.000
82.000	5.000
83.000	8.000
84.000	5.000
85.000	6.000
86.000	9.000
87.000	7.000
88.000	10.000
89.000	11.000
90.000	4.000
91.000	4.000
92.000	8.000
93.000	9.000
94.000	7.000
95.000	7.000
96.000	6.000
97.000	12.000
98.000	6.000
99.000	11.000
100.000	7.000
101.000	13.000
102.000	9.000
103.000	6.000
104.000	5.000
105.000	6.000
106.000	4.000
107.000	2.000
108.000	5.000
109.000	8.000
110.000	5.000
111.000	5.000
112.000	6.000
113.000	4.000
114.000	4.000
115.000	3.000
116.000	4.000
117.000	3.000
118.000	4.000
119.000	11.000
120.000	5.000
121.000	8.000
122.000	5.000
123.000	8.000
124.000	8.000
125.000	9.000
126.000	12.000
127.000	6.000
128.000	11.000
129.000	14.000
130.000	2.000
131.000	5.000
132.000	2.000
133.000	10.000
134.000	7.000
135.000	4.000
136.000	7.000
137.000	5.000
138.000	7.000
139.000	5.000
140.000	5.000
141.000	5.000
142.000	9.000
143.000	5.000
144.000	5.000
145.000	7.000
146.000	6.000
147.000	11.000
148.000	1.000
149.000	1.000
150.000	5.000
151.000	8.000
152.000	6.000
153.000	4.000
154.000	5.000
155.000	7.000
156.000	5.000
157.000	5.000
158.000	4.000
159.000	6.000
160.000	9.000
161.000	12.000
162.000	11.000
163.000	12.000
164.000	8.000
165.000	11.000
166.000	2.000
167.000	4.000
168.000	3.000
169.000	3.000
170.000	4.000
171.000	3.000
172.000	5.000
173.000	4.000
174.000	4.000
175.000	4.000
176.000	3.000
177.000	6.000
178.000	5.000
179.000	2.000
180.000	8.000
181.000	11.000
182.000	6.000
183.000	12.000
184.000	7.000
185.000	6.000
186.000	10.000
187.000	3.000
188.000	4.000
189.000	3.000
190.000	4.000
191.000	4.000
192.000	5.000
193.000	3.000
194.000	2.000
195.000	6.000
196.000	11.000
197.000	8.000
198.000	8.000
199.000	15.000
200.000	19.000
201.000	27.000
202.000	30.000
203.000	22.000
204.000	31.000
205.000	24.000
206.000	12.000
207.000	8.000
208.000	9.000
209.000	11.000
210.000	3.000
211.000	3.000
212.000	4.000
213.000	4.000
214.000	2.000
215.000	1.000
216.000	1.000
217.000	4.000
218.000	9.000
219.000	12.000
220.000	8.000
221.000	6.000
222.000	2.000
223.000	8.000
224.000	6.000
225.000	2.000
226.000	3.000
227.000	2.000
228.000	3.000
229.000	4.000
230.000	0.000
231.000	2.000
232.000	2.000
233.000	2.000
234.000	3.000
235.000	3.000
236.000	2.000
237.000	6.000
238.000	3.000
239.000	4.000
240.000	5.000
241.000	6.000
242.000	7.000
243.000	2.000
244.000	11.000
245.000	13.000
246.000	12.000
247.000	14.000
248.000	15.000
249.000	9.000
250.000	10.000
251.000	6.000
252.000	11.000
253.000	10.000
254.000	7.000
255.000	9.000
256.000	6.000
257.000	3.000
258.000	7.000
259.000	9.000
260.000	1.000
261.000	5.000
262.000	5.000
263.000	4.000
264.000	7.000
265.000	6.000
266.000	3.000
267.000	4.000
268.000	8.000
269.000	5.000
270.000	13.000
271.000	8.000
272.000	7.000
273.000	9.000
274.000	4.000
275.000	6.000
276.000	6.000
277.000	6.000
278.000	5.000
279.000	5.000
280.000	6.000
281.000	8.000
282.000	4.000
283.000	5.000
284.000	6.000
285.000	7.000
286.000	9.000
287.000	2.000
288.000	7.000
289.000	7.000
290.000	4.000
291.000	8.000
292.000	9.000
293.000	10.000
294.000	13.000
295.000	7.000
296.000	5.000
297.000	4.000
298.000	8.000
299.000	13.000
300.000	6.000
301.000	8.000
302.000	7.000
303.000	7.000
304.000	4.000
305.000	7.000
306.000	10.000
307.000	17.000
308.000	7.000
309.000	8.000
310.000	9.000
311.000	8.000
312.000	9.000
313.000	11.000
314.000	11.000
315.000	13.000
316.000	14.000
317.000	23.000
318.000	29.000
319.000	26.000
320.000	46.000
321.000	49.000
322.000	56.000
323.000	55.000
324.000	57.000
325.000	45.000
326.000	45.000
327.000	31.000
328.000	27.000
329.000	28.000
330.000	19.000
331.000	17.000
332.000	13.000
333.000	12.000
334.000	12.000
335.000	15.000
336.000	12.000
337.000	18.000
338.000	7.000
339.000	15.000
340.000	18.000
341.000	48.000
342.000	56.000
343.000	92.000
344.000	143.000
345.000	222.000
346.000	339.000
347.000	455.000
348.000	552.000
349.000	643.000
350.000	764.000
351.000	818.000
352.000	708.000
353.000	570.000
354.000	484.000
355.000	369.000
356.000	227.000
357.000	167.000
358.000	110.000
359.000	71.000
360.000	45.000
361.000	23.000
362.000	20.000
363.000	21.000
364.000	15.000
365.000	19.000
366.000	18.000
367.000	15.000
368.000	20.000
369.000	18.000
370.000	16.000
371.000	18.000
372.000	16.000
373.000	26.000
374.000	24.000
375.000	33.000
376.000	19.000
377.000	25.000
378.000	38.000
379.000	36.000
380.000	49.000
381.000	71.000
382.000	104.000
383.000	100.000
384.000	137.000
385.000	167.000
386.000	125.000
387.000	136.000
388.000	152.000
389.000	126.000
390.000	98.000
391.000	77.000
392.000	70.000
393.000	47.000
394.000	27.000
395.000	21.000
396.000	20.000
397.000	41.000
398.000	20.000
399.000	21.000
400.000	25.000
401.000	25.000
402.000	22.000
403.000	25.000
404.000	30.000
405.000	28.000
406.000	24.000
407.000	24.000
408.000	40.000
409.000	29.000
410.000	29.000
411.000	22.000
412.000	35.000
413.000	26.000
414.000	29.000
415.000	23.000
416.000	27.000
417.000	16.000
418.000	27.000
419.000	26.000
420.000	31.000
421.000	30.000
422.000	38.000
423.000	38.000
424.000	39.000
425.000	34.000
426.000	24.000
427.000	26.000
428.000	47.000
429.000	44.000
430.000	36.000
431.000	38.000
432.000	44.000
433.000	37.000
434.000	31.000
435.000	33.000
436.000	37.000
437.000	44.000
438.000	34.000
439.000	31.000
440.000	40.000
441.000	45.000
442.000	38.000
443.000	37.000
444.000	51.000
445.000	48.000
446.000	57.000
447.000	48.000
448.000	49.000
449.000	51.000
450.000	47.000
451.000	58.000
452.000	42.000
453.000	42.000
454.000	54.000
455.000	42.000
456.000	54.000
457.000	42.000
458.000	36.000
459.000	52.000
460.000	63.000
461.000	47.000
462.000	48.000
463.000	38.000
464.000	43.000
465.000	55.000
466.000	57.000
467.000	52.000
468.000	44.000
469.000	51.000
470.000	68.000
471.000	57.000
472.000	56.000
473.000	65.000
474.000	56.000
475.000	68.000
476.000	72.000
477.000	65.000
478.000	53.000
479.000	61.000
480.000	58.000
481.000	57.000
482.000	63.000
483.000	70.000
484.000	58.000
485.000	58.000
486.000	52.000
487.000	67.000
488.000	66.000
489.000	72.000
490.000	71.000
491.000	81.000
492.000	56.000
493.000	74.000
494.000	48.000
495.000	55.000
496.000	66.000
497.000	74.000
498.000	59.000
499.000	80.000
500.000	79.000
501.000	66.000
502.000	55.000
503.000	78.000
504.000	88.000
505.000	80.000
506.000	75.000
507.000	67.000
508.000	75.000
509.000	66.000
510.000	92.000
511.000	82.000
512.000	82.000
513.000	99.000
514.000	78.000
515.000	76.000
516.000	93.000
517.000	83.000
518.000	84.000
519.000	78.000
520.000	96.000
521.000	84.000
522.000	101.000
523.000	83.000
524.000	92.000
525.000	80.000
526.000	80.000
527.000	92.000
528.000	94.000
529.000	77.000
530.000	92.000
531.000	96.000
532.000	107.000
533.000	92.000
534.000	80.000
535.000	97.000
536.000	88.000
537.000	101.000
538.000	101.000
539.000	94.000
540.000	97.000
541.000	113.000
542.000	123.000
543.000	97.000
544.000	102.000
545.000	116.000
546.000	113.000
547.000	117.000
548.000	120.000
549.000	99.000
550.000	98.000
551.000	109.000
552.000	121.000
553.000	136.000
554.000	107.000
555.000	114.000
556.000	100.000
557.000	107.000
558.000	113.000
559.000	115.000
560.000	120.000
561.000	99.000
562.000	127.000
563.000	111.000
564.000	125.000
565.000	107.000
566.000	120.000
567.000	128.000
568.000	127.000
569.000	126.000
570.000	124.000
571.000	130.000
572.000	145.000
573.000	106.000
574.000	129.000
575.000	152.000
576.000	139.000
577.000	131.000
578.000	120.000
579.000	135.000
580.000	135.000
581.000	142.000
582.000	144.000
583.000	138.000
584.000	145.000
585.000	156.000
586.000	147.000
587.000	162.000
588.000	137.000
589.000	125.000
590.000	134.000
591.000	139.000
592.000	109.000
593.000	134.000
594.000	129.000
595.000	128.000
596.000	137.000
597.000	115.000
598.000	114.000
599.000	142.000
600.000	157.000
601.000	157.000
602.000	135.000
603.000	134.000
604.000	147.000
605.000	138.000
606.000	165.000
607.000	149.000
608.000	162.000
609.000	148.000
610.000	164.000
611.000	173.000
612.000	162.000
613.000	156.000
614.000	163.000
615.000	156.000
616.000	178.000
617.000	181.000
618.000	150.000
619.000	147.000
620.000	174.000
621.000	163.000
622.000	142.000
623.000	151.000
624.000	169.000
625.000	149.000
626.000	167.000
627.000	153.000
628.000	166.000
629.000	151.000
630.000	162.000
631.000	169.000
632.000	195.000
633.000	165.000
634.000	185.000
635.000	165.000
636.000	167.000
637.000	172.000
638.000	201.000
639.000	179.000
640.000	188.000
641.000	156.000
642.000	203.000
643.000	205.000
644.000	216.000
645.000	196.000
646.000	212.000
647.000	174.000
648.000	169.000
649.000	187.000
650.000	197.000
651.000	195.000
652.000	211.000
653.000	229.000
654.000	194.000
655.000	212.000
656.000	203.000
657.000	211.000
658.000	203.000
659.000	201.000
660.000	181.000
661.000	201.000
662.000	196.000
663.000	176.000
664.000	214.000
665.000	191.000
666.000	201.000
667.000	207.000
668.000	180.000
669.000	193.000
670.000	211.000
671.000	182.000
672.000	225.000
673.000	233.000
674.000	227.000
675.000	194.000
676.000	193.000
677.000	184.000
678.000	183.000
679.000	231.000
680.000	187.000
681.000	217.000
682.000	198.000
683.000	196.000
684.000	218.000
685.000	222.000
686.000	224.000
687.000	230.000
688.000	220.000
689.000	204.000
690.000	206.000
691.000	228.000
692.000	197.000
693.000	219.000
694.000	249.000
695.000	225.000
696.000	250.000
697.000	255.000
698.000	194.000
699.000	202.000
700.000	210.000
701.000	254.000
702.000	248.000
703.000	244.000
704.000	231.000
705.000	216.000
706.000	243.000
707.000	236.000
708.000	219.000
709.000	252.000
710.000	232.000
711.000	212.000
712.000	241.000
713.000	235.000
714.000	243.000
715.000	232.000
716.000	229.000
717.000	258.000
718.000	251.000
719.000	231.000
720.000	247.000
721.000	238.000
722.000	255.000
723.000	238.000
724.000	241.000
725.000	244.000
726.000	270.000
727.000	283.000
728.000	252.000
729.000	262.000
730.000	250.000
731.000	252.000
732.000	262.000
733.000	276.000
734.000	238.000
735.000	264.000
736.000	249.000
737.000	247.000
738.000	245.000
739.000	275.000
740.000	280.000
741.000	265.000
742.000	256.000
743.000	260.000
744.000	258.000
745.000	218.000
746.000	242.000
747.000	262.000
748.000	245.000
749.000	257.000
750.000	275.000
751.000	266.000
752.000	221.000
753.000	279.000
754.000	249.000
755.000	245.000
756.000	271.000
757.000	267.000
758.000	267.000
759.000	276.000
760.000	271.000
761.000	302.000
762.000	248.000
763.000	254.000
764.000	247.000
765.000	275.000
766.000	268.000
767.000	277.000
768.000	286.000
769.000	293.000
770.000	292.000
771.000	284.000
772.000	276.000
773.000	294.000
774.000	292.000
775.000	294.000
776.000	334.000
777.000	294.000
778.000	262.000
779.000	252.000
780.000	262.000
781.000	290.000
782.000	276.000
783.000	279.000
784.000	299.000
785.000	272.000
786.000	264.000
787.000	283.000
788.000	246.000
789.000	281.000
790.000	278.000
791.000	248.000
792.000	294.000
793.000	256.000
794.000	293.000
795.000	256.000
796.000	255.000
797.000	258.000
798.000	257.000
799.000	257.000
800.000	277.000
801.000	307.000
802.000	288.000
803.000	309.000
804.000	271.000
805.000	291.000
806.000	274.000
807.000	306.000
808.000	280.000
809.000	287.000
810.000	274.000
811.000	268.000
812.000	289.000
813.000	314.000
814.000	324.000
815.000	296.000
816.000	281.000
817.000	269.000
818.000	316.000
819.000	266.000
820.000	286.000
821.000	295.000
822.000	286.000
823.000	278.000
824.000	314.000
825.000	314.000
826.000	295.000
827.000	302.000
828.000	286.000
829.000	300.000
830.000	288.000
831.000	308.000
832.000	308.000
833.000	303.000
834.000	299.000
835.000	307.000
836.000	282.000
837.000	312.000
838.000	280.000
839.000	324.000
840.000	288.000
841.000	295.000
842.000	292.000
843.000	316.000
844.000	333.000
845.000	329.000
846.000	353.000
847.000	315.000
848.000	325.000
849.000	334.000
850.000	316.000
851.000	357.000
852.000	310.000
853.000	340.000
854.000	337.000
855.000	359.000
856.000	320.000
857.000	363.000
858.000	373.000
859.000	377.000
860.000	385.000
861.000	397.000
862.000	420.000
863.000	387.000
864.000	428.000
865.000	409.000
866.000	401.000
867.000	355.000
868.000	413.000
869.000	434.000
870.000	436.000
871.000	440.000
872.000	451.000
873.000	500.000
874.000	522.000
875.000	510.000
876.000	547.000
877.000	526.000
878.000	477.000
879.000	612.000
880.000	690.000
881.000	631.000
882.000	693.000
883.000	776.000
884.000	737.000
885.000	832.000
886.000	856.000
887.000	952.000
888.000	1067.000
889.000	1083.000
890.000	1086.000
891.000	1162.000
892.000	1216.000
893.000	1261.000
894.000	1320.000
895.000	1395.000
896.000	1390.000
897.000	1469.000
898.000	1417.000
899.000	1445.000
900.000	1475.000
901.000	1508.000
902.000	1472.000
903.000	1468.000
904.000	1405.000
905.000	1374.000
906.000	1296.000
907.000	1223.000
908.000	1231.000
909.000	1222.000
910.000	1181.000
911.000	1072.000
912.000	979.000
913.000	988.000
914.000	895.000
915.000	838.000
916.000	832.000
917.000	814.000
918.000	698.000
919.000	697.000
920.000	706.000
921.000	621.000
922.000	565.000
923.000	490.000
924.000	498.000
925.000	471.000
926.000	457.000
927.000	414.000
928.000	390.000
929.000	405.000
930.000	412.000
931.000	387.000
932.000	378.000
933.000	375.000
934.000	331.000
935.000	339.000
936.000	374.000
937.000	376.000
938.000	356.000
939.000	344.000
940.000	378.000
941.000	412.000
942.000	397.000
943.000	412.000
944.000	503.000
945.000	511.000
946.000	572.000
947.000	575.000
948.000	578.000
949.000	668.000
950.000	677.000
951.000	745.000
952.000	754.000
953.000	798.000
954.000	810.000
955.000	783.000
956.000	728.000
957.000	667.000
958.000	670.000
959.000	591.000
960.000	566.000
961.000	467.000
962.000	405.000
963.000	392.000
964.000	348.000
965.000	334.000
966.000	333.000
967.000	296.000
968.000	279.000
969.000	271.000
970.000	308.000
971.000	276.000
972.000	255.000
973.000	273.000
974.000	289.000
975.000	292.000
976.000	281.000
977.000	276.000
978.000	276.000
979.000	297.000
980.000	319.000
981.000	287.000
982.000	298.000
983.000	303.000
984.000	304.000
985.000	324.000
986.000	345.000
987.000	349.000
988.000	315.000
989.000	326.000
990.000	344.000
991.000	335.000
992.000	366.000
993.000	388.000
994.000	411.000
995.000	391.000
996.000	388.000
997.000	414.000
998.000	387.000
999.000	409.000
1000.000	401.000
1001.000	452.000
1002.000	466.000
1003.000	423.000
1004.000	417.000
1005.000	429.000
1006.000	425.000
1007.000	475.000
1008.000	480.000
1009.000	445.000
1010.000	415.000
1011.000	400.000
1012.000	381.000
1013.000	380.000
1014.000	379.000
1015.000	373.000
1016.000	354.000
1017.000	329.000
1018.000	328.000
1019.000	331.000
1020.000	299.000
1021.000	301.000
1022.000	292.000
1023.000	294.000
1024.000	276.000
