Date:	8/19/2008		Time:	9:03 AM		Version no:	0.00		Project name:	55		Sample name:	222		Section name:	section		Position	302.039995	mm	E0	0.000000	keV	E1	1.000000	keV/channel	sample surface	7.579161	cm	Tube anode:	Mo		Tube voltage:	30	kV	Tube current:	50	mA	gain	20		std. database			resultfile	result		matrix element	11		sample thickness	1.000000		air passage	0.560000	cm	comments	not in position		peaking_time	3.000000	m-sec	trigger_threshold	1229.166667	V	mca_bin_width	22.090000	no:	number_mca_channels	1024.000000	no:	gap_time	0.400000	m-sec	trigger_peaking_time	0.150000	m-sec	GAINDAC	9455		HIGHGAIN	1		TAURC	0		RCTAU	53		RCTAUFRAC	32768		livetime	9.738030	seconds	runtime	10.000503	seconds	input_count_rate	25.561534	cps	output_count_rate	19.936897	cps	triggers	248919	seconds	events_in_run	199379	seconds	channel	content		1.000	0.000
2.000	0.000
3.000	0.000
4.000	0.000
5.000	0.000
6.000	0.000
7.000	0.000
8.000	0.000
9.000	0.000
10.000	0.000
11.000	0.000
12.000	0.000
13.000	0.000
14.000	0.000
15.000	0.000
16.000	0.000
17.000	0.000
18.000	0.000
19.000	0.000
20.000	0.000
21.000	0.000
22.000	0.000
23.000	0.000
24.000	0.000
25.000	0.000
26.000	0.000
27.000	0.000
28.000	0.000
29.000	0.000
30.000	0.000
31.000	0.000
32.000	1.000
33.000	2.000
34.000	0.000
35.000	2.000
36.000	0.000
37.000	1.000
38.000	1.000
39.000	2.000
40.000	2.000
41.000	2.000
42.000	2.000
43.000	6.000
44.000	3.000
45.000	4.000
46.000	10.000
47.000	3.000
48.000	8.000
49.000	8.000
50.000	11.000
51.000	9.000
52.000	11.000
53.000	15.000
54.000	12.000
55.000	12.000
56.000	8.000
57.000	2.000
58.000	7.000
59.000	4.000
60.000	8.000
61.000	12.000
62.000	9.000
63.000	7.000
64.000	8.000
65.000	7.000
66.000	9.000
67.000	9.000
68.000	18.000
69.000	12.000
70.000	9.000
71.000	8.000
72.000	11.000
73.000	7.000
74.000	6.000
75.000	9.000
76.000	8.000
77.000	12.000
78.000	6.000
79.000	6.000
80.000	11.000
81.000	8.000
82.000	5.000
83.000	7.000
84.000	6.000
85.000	4.000
86.000	9.000
87.000	4.000
88.000	2.000
89.000	6.000
90.000	9.000
91.000	5.000
92.000	11.000
93.000	8.000
94.000	7.000
95.000	3.000
96.000	12.000
97.000	11.000
98.000	5.000
99.000	7.000
100.000	6.000
101.000	6.000
102.000	5.000
103.000	7.000
104.000	4.000
105.000	11.000
106.000	4.000
107.000	10.000
108.000	7.000
109.000	8.000
110.000	9.000
111.000	16.000
112.000	7.000
113.000	6.000
114.000	7.000
115.000	5.000
116.000	5.000
117.000	3.000
118.000	8.000
119.000	2.000
120.000	10.000
121.000	7.000
122.000	5.000
123.000	6.000
124.000	2.000
125.000	8.000
126.000	8.000
127.000	11.000
128.000	6.000
129.000	9.000
130.000	9.000
131.000	9.000
132.000	8.000
133.000	6.000
134.000	8.000
135.000	3.000
136.000	5.000
137.000	11.000
138.000	6.000
139.000	3.000
140.000	5.000
141.000	1.000
142.000	4.000
143.000	3.000
144.000	5.000
145.000	9.000
146.000	1.000
147.000	2.000
148.000	4.000
149.000	6.000
150.000	3.000
151.000	1.000
152.000	6.000
153.000	6.000
154.000	5.000
155.000	2.000
156.000	3.000
157.000	5.000
158.000	7.000
159.000	5.000
160.000	5.000
161.000	17.000
162.000	8.000
163.000	12.000
164.000	13.000
165.000	13.000
166.000	7.000
167.000	5.000
168.000	5.000
169.000	2.000
170.000	5.000
171.000	3.000
172.000	4.000
173.000	3.000
174.000	4.000
175.000	3.000
176.000	4.000
177.000	5.000
178.000	7.000
179.000	3.000
180.000	3.000
181.000	7.000
182.000	8.000
183.000	5.000
184.000	5.000
185.000	5.000
186.000	6.000
187.000	3.000
188.000	5.000
189.000	5.000
190.000	4.000
191.000	1.000
192.000	1.000
193.000	4.000
194.000	2.000
195.000	1.000
196.000	6.000
197.000	6.000
198.000	9.000
199.000	12.000
200.000	19.000
201.000	14.000
202.000	22.000
203.000	25.000
204.000	22.000
205.000	23.000
206.000	15.000
207.000	14.000
208.000	7.000
209.000	8.000
210.000	2.000
211.000	5.000
212.000	3.000
213.000	7.000
214.000	2.000
215.000	8.000
216.000	5.000
217.000	5.000
218.000	9.000
219.000	4.000
220.000	9.000
221.000	9.000
222.000	6.000
223.000	3.000
224.000	4.000
225.000	2.000
226.000	5.000
227.000	4.000
228.000	3.000
229.000	1.000
230.000	4.000
231.000	1.000
232.000	1.000
233.000	6.000
234.000	4.000
235.000	4.000
236.000	3.000
237.000	3.000
238.000	4.000
239.000	2.000
240.000	7.000
241.000	6.000
242.000	8.000
243.000	4.000
244.000	10.000
245.000	3.000
246.000	5.000
247.000	7.000
248.000	11.000
249.000	8.000
250.000	6.000
251.000	13.000
252.000	11.000
253.000	7.000
254.000	5.000
255.000	5.000
256.000	7.000
257.000	10.000
258.000	6.000
259.000	7.000
260.000	4.000
261.000	5.000
262.000	4.000
263.000	6.000
264.000	5.000
265.000	5.000
266.000	8.000
267.000	3.000
268.000	6.000
269.000	9.000
270.000	6.000
271.000	5.000
272.000	5.000
273.000	5.000
274.000	6.000
275.000	5.000
276.000	2.000
277.000	4.000
278.000	5.000
279.000	3.000
280.000	3.000
281.000	4.000
282.000	7.000
283.000	5.000
284.000	5.000
285.000	7.000
286.000	6.000
287.000	4.000
288.000	7.000
289.000	8.000
290.000	6.000
291.000	4.000
292.000	7.000
293.000	6.000
294.000	8.000
295.000	7.000
296.000	4.000
297.000	7.000
298.000	9.000
299.000	10.000
300.000	2.000
301.000	7.000
302.000	3.000
303.000	9.000
304.000	9.000
305.000	6.000
306.000	5.000
307.000	2.000
308.000	6.000
309.000	5.000
310.000	4.000
311.000	5.000
312.000	10.000
313.000	5.000
314.000	5.000
315.000	13.000
316.000	16.000
317.000	18.000
318.000	20.000
319.000	23.000
320.000	34.000
321.000	38.000
322.000	52.000
323.000	40.000
324.000	46.000
325.000	46.000
326.000	50.000
327.000	27.000
328.000	23.000
329.000	16.000
330.000	17.000
331.000	8.000
332.000	6.000
333.000	7.000
334.000	14.000
335.000	9.000
336.000	8.000
337.000	14.000
338.000	12.000
339.000	9.000
340.000	21.000
341.000	24.000
342.000	37.000
343.000	95.000
344.000	103.000
345.000	181.000
346.000	294.000
347.000	383.000
348.000	546.000
349.000	612.000
350.000	662.000
351.000	695.000
352.000	649.000
353.000	555.000
354.000	442.000
355.000	328.000
356.000	219.000
357.000	132.000
358.000	74.000
359.000	55.000
360.000	28.000
361.000	32.000
362.000	18.000
363.000	14.000
364.000	11.000
365.000	17.000
366.000	9.000
367.000	10.000
368.000	21.000
369.000	9.000
370.000	11.000
371.000	13.000
372.000	22.000
373.000	24.000
374.000	15.000
375.000	26.000
376.000	21.000
377.000	23.000
378.000	24.000
379.000	33.000
380.000	52.000
381.000	63.000
382.000	65.000
383.000	83.000
384.000	103.000
385.000	107.000
386.000	143.000
387.000	134.000
388.000	118.000
389.000	86.000
390.000	92.000
391.000	62.000
392.000	55.000
393.000	43.000
394.000	20.000
395.000	24.000
396.000	20.000
397.000	20.000
398.000	21.000
399.000	16.000
400.000	19.000
401.000	18.000
402.000	21.000
403.000	20.000
404.000	18.000
405.000	25.000
406.000	24.000
407.000	19.000
408.000	18.000
409.000	19.000
410.000	19.000
411.000	22.000
412.000	19.000
413.000	14.000
414.000	18.000
415.000	34.000
416.000	24.000
417.000	28.000
418.000	29.000
419.000	33.000
420.000	21.000
421.000	29.000
422.000	27.000
423.000	24.000
424.000	36.000
425.000	26.000
426.000	25.000
427.000	27.000
428.000	37.000
429.000	29.000
430.000	24.000
431.000	31.000
432.000	21.000
433.000	27.000
434.000	28.000
435.000	31.000
436.000	21.000
437.000	32.000
438.000	36.000
439.000	33.000
440.000	32.000
441.000	35.000
442.000	32.000
443.000	42.000
444.000	37.000
445.000	38.000
446.000	38.000
447.000	29.000
448.000	45.000
449.000	30.000
450.000	37.000
451.000	36.000
452.000	26.000
453.000	44.000
454.000	39.000
455.000	35.000
456.000	37.000
457.000	47.000
458.000	29.000
459.000	46.000
460.000	31.000
461.000	38.000
462.000	33.000
463.000	42.000
464.000	47.000
465.000	34.000
466.000	43.000
467.000	42.000
468.000	40.000
469.000	45.000
470.000	32.000
471.000	49.000
472.000	38.000
473.000	44.000
474.000	51.000
475.000	39.000
476.000	53.000
477.000	45.000
478.000	37.000
479.000	43.000
480.000	53.000
481.000	52.000
482.000	51.000
483.000	38.000
484.000	54.000
485.000	42.000
486.000	36.000
487.000	55.000
488.000	49.000
489.000	46.000
490.000	42.000
491.000	60.000
492.000	51.000
493.000	64.000
494.000	38.000
495.000	50.000
496.000	65.000
497.000	59.000
498.000	39.000
499.000	52.000
500.000	54.000
501.000	60.000
502.000	47.000
503.000	40.000
504.000	55.000
505.000	52.000
506.000	65.000
507.000	73.000
508.000	55.000
509.000	54.000
510.000	62.000
511.000	68.000
512.000	73.000
513.000	71.000
514.000	55.000
515.000	59.000
516.000	69.000
517.000	64.000
518.000	68.000
519.000	47.000
520.000	79.000
521.000	95.000
522.000	54.000
523.000	83.000
524.000	83.000
525.000	63.000
526.000	72.000
527.000	71.000
528.000	66.000
529.000	66.000
530.000	83.000
531.000	65.000
532.000	80.000
533.000	82.000
534.000	89.000
535.000	66.000
536.000	68.000
537.000	68.000
538.000	72.000
539.000	69.000
540.000	79.000
541.000	66.000
542.000	74.000
543.000	78.000
544.000	95.000
545.000	83.000
546.000	91.000
547.000	88.000
548.000	75.000
549.000	89.000
550.000	87.000
551.000	81.000
552.000	67.000
553.000	95.000
554.000	71.000
555.000	83.000
556.000	92.000
557.000	82.000
558.000	80.000
559.000	85.000
560.000	103.000
561.000	102.000
562.000	105.000
563.000	78.000
564.000	85.000
565.000	95.000
566.000	91.000
567.000	81.000
568.000	96.000
569.000	98.000
570.000	103.000
571.000	97.000
572.000	108.000
573.000	90.000
574.000	106.000
575.000	94.000
576.000	103.000
577.000	104.000
578.000	104.000
579.000	114.000
580.000	92.000
581.000	95.000
582.000	102.000
583.000	106.000
584.000	108.000
585.000	96.000
586.000	103.000
587.000	105.000
588.000	112.000
589.000	104.000
590.000	111.000
591.000	115.000
592.000	117.000
593.000	107.000
594.000	98.000
595.000	115.000
596.000	89.000
597.000	105.000
598.000	125.000
599.000	107.000
600.000	117.000
601.000	129.000
602.000	103.000
603.000	113.000
604.000	131.000
605.000	122.000
606.000	109.000
607.000	117.000
608.000	124.000
609.000	121.000
610.000	119.000
611.000	133.000
612.000	130.000
613.000	106.000
614.000	114.000
615.000	123.000
616.000	119.000
617.000	134.000
618.000	143.000
619.000	116.000
620.000	132.000
621.000	134.000
622.000	144.000
623.000	110.000
624.000	127.000
625.000	135.000
626.000	146.000
627.000	121.000
628.000	136.000
629.000	148.000
630.000	119.000
631.000	143.000
632.000	140.000
633.000	142.000
634.000	148.000
635.000	164.000
636.000	167.000
637.000	153.000
638.000	147.000
639.000	135.000
640.000	135.000
641.000	131.000
642.000	165.000
643.000	150.000
644.000	150.000
645.000	152.000
646.000	165.000
647.000	133.000
648.000	155.000
649.000	144.000
650.000	126.000
651.000	163.000
652.000	189.000
653.000	150.000
654.000	139.000
655.000	192.000
656.000	158.000
657.000	173.000
658.000	165.000
659.000	168.000
660.000	168.000
661.000	180.000
662.000	177.000
663.000	141.000
664.000	169.000
665.000	181.000
666.000	151.000
667.000	161.000
668.000	195.000
669.000	167.000
670.000	154.000
671.000	176.000
672.000	143.000
673.000	167.000
674.000	158.000
675.000	173.000
676.000	175.000
677.000	176.000
678.000	182.000
679.000	190.000
680.000	175.000
681.000	157.000
682.000	152.000
683.000	174.000
684.000	207.000
685.000	169.000
686.000	175.000
687.000	171.000
688.000	195.000
689.000	174.000
690.000	190.000
691.000	183.000
692.000	175.000
693.000	201.000
694.000	182.000
695.000	195.000
696.000	172.000
697.000	182.000
698.000	209.000
699.000	190.000
700.000	177.000
701.000	179.000
702.000	188.000
703.000	178.000
704.000	191.000
705.000	200.000
706.000	177.000
707.000	189.000
708.000	192.000
709.000	207.000
710.000	219.000
711.000	200.000
712.000	227.000
713.000	201.000
714.000	192.000
715.000	227.000
716.000	210.000
717.000	241.000
718.000	237.000
719.000	230.000
720.000	212.000
721.000	206.000
722.000	215.000
723.000	234.000
724.000	246.000
725.000	224.000
726.000	225.000
727.000	223.000
728.000	237.000
729.000	236.000
730.000	213.000
731.000	222.000
732.000	224.000
733.000	232.000
734.000	208.000
735.000	226.000
736.000	202.000
737.000	208.000
738.000	189.000
739.000	205.000
740.000	228.000
741.000	210.000
742.000	233.000
743.000	219.000
744.000	190.000
745.000	219.000
746.000	230.000
747.000	238.000
748.000	198.000
749.000	252.000
750.000	207.000
751.000	228.000
752.000	225.000
753.000	230.000
754.000	225.000
755.000	247.000
756.000	220.000
757.000	251.000
758.000	222.000
759.000	223.000
760.000	198.000
761.000	211.000
762.000	228.000
763.000	228.000
764.000	259.000
765.000	248.000
766.000	232.000
767.000	244.000
768.000	220.000
769.000	232.000
770.000	238.000
771.000	253.000
772.000	265.000
773.000	226.000
774.000	262.000
775.000	257.000
776.000	264.000
777.000	242.000
778.000	258.000
779.000	271.000
780.000	232.000
781.000	248.000
782.000	262.000
783.000	267.000
784.000	253.000
785.000	238.000
786.000	252.000
787.000	251.000
788.000	279.000
789.000	222.000
790.000	254.000
791.000	252.000
792.000	271.000
793.000	239.000
794.000	240.000
795.000	246.000
796.000	244.000
797.000	244.000
798.000	260.000
799.000	267.000
800.000	244.000
801.000	236.000
802.000	250.000
803.000	227.000
804.000	229.000
805.000	233.000
806.000	262.000
807.000	257.000
808.000	262.000
809.000	284.000
810.000	260.000
811.000	253.000
812.000	254.000
813.000	271.000
814.000	305.000
815.000	301.000
816.000	262.000
817.000	275.000
818.000	229.000
819.000	291.000
820.000	251.000
821.000	273.000
822.000	270.000
823.000	275.000
824.000	246.000
825.000	253.000
826.000	287.000
827.000	310.000
828.000	268.000
829.000	297.000
830.000	282.000
831.000	265.000
832.000	264.000
833.000	279.000
834.000	254.000
835.000	264.000
836.000	260.000
837.000	273.000
838.000	258.000
839.000	290.000
840.000	300.000
841.000	250.000
842.000	292.000
843.000	274.000
844.000	333.000
845.000	284.000
846.000	296.000
847.000	298.000
848.000	322.000
849.000	362.000
850.000	331.000
851.000	285.000
852.000	312.000
853.000	295.000
854.000	299.000
855.000	353.000
856.000	325.000
857.000	379.000
858.000	338.000
859.000	312.000
860.000	359.000
861.000	329.000
862.000	354.000
863.000	354.000
864.000	358.000
865.000	363.000
866.000	404.000
867.000	414.000
868.000	404.000
869.000	418.000
870.000	390.000
871.000	413.000
872.000	422.000
873.000	413.000
874.000	449.000
875.000	462.000
876.000	500.000
877.000	515.000
878.000	608.000
879.000	591.000
880.000	594.000
881.000	614.000
882.000	625.000
883.000	703.000
884.000	740.000
885.000	793.000
886.000	827.000
887.000	945.000
888.000	937.000
889.000	1016.000
890.000	1043.000
891.000	1105.000
892.000	1173.000
893.000	1171.000
894.000	1280.000
895.000	1295.000
896.000	1273.000
897.000	1303.000
898.000	1410.000
899.000	1390.000
900.000	1355.000
901.000	1385.000
902.000	1284.000
903.000	1412.000
904.000	1303.000
905.000	1251.000
906.000	1301.000
907.000	1208.000
908.000	1149.000
909.000	1097.000
910.000	1072.000
911.000	1040.000
912.000	962.000
913.000	906.000
914.000	825.000
915.000	802.000
916.000	736.000
917.000	699.000
918.000	655.000
919.000	650.000
920.000	592.000
921.000	526.000
922.000	539.000
923.000	513.000
924.000	447.000
925.000	478.000
926.000	444.000
927.000	415.000
928.000	405.000
929.000	369.000
930.000	368.000
931.000	366.000
932.000	367.000
933.000	341.000
934.000	353.000
935.000	310.000
936.000	358.000
937.000	324.000
938.000	333.000
939.000	368.000
940.000	345.000
941.000	355.000
942.000	393.000
943.000	408.000
944.000	459.000
945.000	509.000
946.000	514.000
947.000	526.000
948.000	618.000
949.000	632.000
950.000	648.000
951.000	661.000
952.000	695.000
953.000	735.000
954.000	715.000
955.000	783.000
956.000	706.000
957.000	670.000
958.000	594.000
959.000	518.000
960.000	479.000
961.000	471.000
962.000	412.000
963.000	370.000
964.000	351.000
965.000	293.000
966.000	295.000
967.000	282.000
968.000	291.000
969.000	273.000
970.000	264.000
971.000	270.000
972.000	259.000
973.000	215.000
974.000	285.000
975.000	281.000
976.000	275.000
977.000	295.000
978.000	279.000
979.000	277.000
980.000	282.000
981.000	279.000
982.000	280.000
983.000	297.000
984.000	314.000
985.000	333.000
986.000	319.000
987.000	320.000
988.000	300.000
989.000	326.000
990.000	325.000
991.000	335.000
992.000	365.000
993.000	417.000
994.000	368.000
995.000	392.000
996.000	403.000
997.000	404.000
998.000	407.000
999.000	406.000
1000.000	370.000
1001.000	385.000
1002.000	381.000
1003.000	451.000
1004.000	367.000
1005.000	403.000
1006.000	419.000
1007.000	399.000
1008.000	379.000
1009.000	388.000
1010.000	402.000
1011.000	383.000
1012.000	317.000
1013.000	343.000
1014.000	344.000
1015.000	373.000
1016.000	330.000
1017.000	317.000
1018.000	333.000
1019.000	304.000
1020.000	260.000
1021.000	257.000
1022.000	250.000
1023.000	255.000
1024.000	248.000
