Date:	8/19/2008		Time:	9:51 AM		Version no:	0.00		Project name:	55		Sample name:	222		Section name:	section		Position	806.039995	mm	E0	0.000000	keV	E1	1.000000	keV/channel	sample surface	7.794794	cm	Tube anode:	Mo		Tube voltage:	30	kV	Tube current:	50	mA	gain	20		std. database			resultfile	result		matrix element	11		sample thickness	1.000000		air passage	0.560000	cm	comments	not in position		peaking_time	3.000000	m-sec	trigger_threshold	1229.166667	V	mca_bin_width	22.090000	no:	number_mca_channels	1024.000000	no:	gap_time	0.400000	m-sec	trigger_peaking_time	0.150000	m-sec	GAINDAC	9455		HIGHGAIN	1		TAURC	0		RCTAU	53		RCTAUFRAC	32768		livetime	9.724680	seconds	runtime	10.000503	seconds	input_count_rate	26.676765	cps	output_count_rate	20.649661	cps	triggers	259423	seconds	events_in_run	206507	seconds	channel	content		1.000	0.000
2.000	0.000
3.000	0.000
4.000	0.000
5.000	0.000
6.000	0.000
7.000	0.000
8.000	0.000
9.000	0.000
10.000	0.000
11.000	0.000
12.000	0.000
13.000	0.000
14.000	0.000
15.000	0.000
16.000	0.000
17.000	0.000
18.000	0.000
19.000	0.000
20.000	0.000
21.000	0.000
22.000	0.000
23.000	0.000
24.000	0.000
25.000	0.000
26.000	0.000
27.000	0.000
28.000	0.000
29.000	0.000
30.000	0.000
31.000	0.000
32.000	0.000
33.000	0.000
34.000	1.000
35.000	1.000
36.000	2.000
37.000	3.000
38.000	3.000
39.000	1.000
40.000	2.000
41.000	5.000
42.000	2.000
43.000	3.000
44.000	7.000
45.000	5.000
46.000	8.000
47.000	9.000
48.000	6.000
49.000	11.000
50.000	3.000
51.000	9.000
52.000	5.000
53.000	9.000
54.000	11.000
55.000	13.000
56.000	9.000
57.000	10.000
58.000	11.000
59.000	9.000
60.000	11.000
61.000	7.000
62.000	8.000
63.000	11.000
64.000	9.000
65.000	10.000
66.000	8.000
67.000	8.000
68.000	4.000
69.000	9.000
70.000	7.000
71.000	9.000
72.000	6.000
73.000	5.000
74.000	11.000
75.000	6.000
76.000	7.000
77.000	7.000
78.000	9.000
79.000	12.000
80.000	6.000
81.000	10.000
82.000	9.000
83.000	12.000
84.000	11.000
85.000	10.000
86.000	9.000
87.000	8.000
88.000	6.000
89.000	7.000
90.000	10.000
91.000	7.000
92.000	10.000
93.000	6.000
94.000	13.000
95.000	6.000
96.000	4.000
97.000	4.000
98.000	7.000
99.000	5.000
100.000	13.000
101.000	3.000
102.000	11.000
103.000	8.000
104.000	9.000
105.000	8.000
106.000	7.000
107.000	3.000
108.000	6.000
109.000	8.000
110.000	7.000
111.000	6.000
112.000	10.000
113.000	9.000
114.000	10.000
115.000	1.000
116.000	2.000
117.000	4.000
118.000	11.000
119.000	9.000
120.000	4.000
121.000	6.000
122.000	5.000
123.000	7.000
124.000	9.000
125.000	9.000
126.000	10.000
127.000	12.000
128.000	7.000
129.000	12.000
130.000	3.000
131.000	3.000
132.000	3.000
133.000	4.000
134.000	10.000
135.000	2.000
136.000	6.000
137.000	1.000
138.000	7.000
139.000	3.000
140.000	3.000
141.000	2.000
142.000	4.000
143.000	2.000
144.000	4.000
145.000	10.000
146.000	3.000
147.000	8.000
148.000	2.000
149.000	5.000
150.000	1.000
151.000	4.000
152.000	5.000
153.000	8.000
154.000	5.000
155.000	5.000
156.000	7.000
157.000	2.000
158.000	5.000
159.000	7.000
160.000	12.000
161.000	13.000
162.000	10.000
163.000	17.000
164.000	14.000
165.000	10.000
166.000	7.000
167.000	5.000
168.000	10.000
169.000	3.000
170.000	0.000
171.000	3.000
172.000	3.000
173.000	4.000
174.000	7.000
175.000	5.000
176.000	5.000
177.000	2.000
178.000	5.000
179.000	10.000
180.000	8.000
181.000	9.000
182.000	7.000
183.000	11.000
184.000	2.000
185.000	3.000
186.000	6.000
187.000	7.000
188.000	4.000
189.000	6.000
190.000	2.000
191.000	1.000
192.000	9.000
193.000	4.000
194.000	2.000
195.000	9.000
196.000	5.000
197.000	9.000
198.000	12.000
199.000	17.000
200.000	28.000
201.000	24.000
202.000	28.000
203.000	33.000
204.000	25.000
205.000	23.000
206.000	21.000
207.000	16.000
208.000	12.000
209.000	6.000
210.000	5.000
211.000	5.000
212.000	3.000
213.000	4.000
214.000	3.000
215.000	8.000
216.000	2.000
217.000	8.000
218.000	5.000
219.000	6.000
220.000	11.000
221.000	10.000
222.000	5.000
223.000	9.000
224.000	6.000
225.000	1.000
226.000	2.000
227.000	7.000
228.000	3.000
229.000	3.000
230.000	6.000
231.000	3.000
232.000	2.000
233.000	3.000
234.000	3.000
235.000	5.000
236.000	3.000
237.000	2.000
238.000	3.000
239.000	2.000
240.000	5.000
241.000	4.000
242.000	6.000
243.000	11.000
244.000	4.000
245.000	12.000
246.000	9.000
247.000	12.000
248.000	16.000
249.000	13.000
250.000	12.000
251.000	13.000
252.000	6.000
253.000	10.000
254.000	9.000
255.000	5.000
256.000	5.000
257.000	4.000
258.000	8.000
259.000	8.000
260.000	4.000
261.000	6.000
262.000	8.000
263.000	9.000
264.000	5.000
265.000	5.000
266.000	2.000
267.000	5.000
268.000	4.000
269.000	12.000
270.000	5.000
271.000	7.000
272.000	9.000
273.000	2.000
274.000	5.000
275.000	2.000
276.000	7.000
277.000	4.000
278.000	5.000
279.000	4.000
280.000	4.000
281.000	5.000
282.000	8.000
283.000	8.000
284.000	6.000
285.000	6.000
286.000	5.000
287.000	5.000
288.000	6.000
289.000	4.000
290.000	4.000
291.000	6.000
292.000	7.000
293.000	7.000
294.000	7.000
295.000	6.000
296.000	3.000
297.000	8.000
298.000	6.000
299.000	5.000
300.000	9.000
301.000	11.000
302.000	8.000
303.000	6.000
304.000	6.000
305.000	5.000
306.000	5.000
307.000	6.000
308.000	13.000
309.000	5.000
310.000	12.000
311.000	11.000
312.000	10.000
313.000	12.000
314.000	7.000
315.000	9.000
316.000	11.000
317.000	16.000
318.000	27.000
319.000	32.000
320.000	33.000
321.000	43.000
322.000	44.000
323.000	55.000
324.000	42.000
325.000	58.000
326.000	41.000
327.000	25.000
328.000	32.000
329.000	19.000
330.000	17.000
331.000	15.000
332.000	11.000
333.000	7.000
334.000	11.000
335.000	13.000
336.000	18.000
337.000	10.000
338.000	19.000
339.000	13.000
340.000	18.000
341.000	27.000
342.000	49.000
343.000	72.000
344.000	124.000
345.000	195.000
346.000	279.000
347.000	390.000
348.000	534.000
349.000	537.000
350.000	690.000
351.000	684.000
352.000	604.000
353.000	574.000
354.000	428.000
355.000	291.000
356.000	226.000
357.000	154.000
358.000	92.000
359.000	60.000
360.000	32.000
361.000	25.000
362.000	17.000
363.000	13.000
364.000	14.000
365.000	19.000
366.000	20.000
367.000	15.000
368.000	18.000
369.000	12.000
370.000	16.000
371.000	25.000
372.000	15.000
373.000	8.000
374.000	23.000
375.000	25.000
376.000	24.000
377.000	25.000
378.000	30.000
379.000	35.000
380.000	48.000
381.000	54.000
382.000	86.000
383.000	87.000
384.000	117.000
385.000	121.000
386.000	123.000
387.000	124.000
388.000	118.000
389.000	100.000
390.000	97.000
391.000	70.000
392.000	41.000
393.000	35.000
394.000	28.000
395.000	29.000
396.000	22.000
397.000	27.000
398.000	22.000
399.000	25.000
400.000	23.000
401.000	22.000
402.000	19.000
403.000	21.000
404.000	21.000
405.000	23.000
406.000	24.000
407.000	27.000
408.000	32.000
409.000	30.000
410.000	26.000
411.000	24.000
412.000	27.000
413.000	23.000
414.000	32.000
415.000	20.000
416.000	29.000
417.000	15.000
418.000	22.000
419.000	33.000
420.000	22.000
421.000	26.000
422.000	22.000
423.000	26.000
424.000	38.000
425.000	25.000
426.000	23.000
427.000	40.000
428.000	34.000
429.000	42.000
430.000	30.000
431.000	27.000
432.000	36.000
433.000	32.000
434.000	30.000
435.000	38.000
436.000	36.000
437.000	30.000
438.000	42.000
439.000	34.000
440.000	34.000
441.000	42.000
442.000	33.000
443.000	51.000
444.000	51.000
445.000	50.000
446.000	45.000
447.000	51.000
448.000	45.000
449.000	44.000
450.000	47.000
451.000	62.000
452.000	38.000
453.000	43.000
454.000	37.000
455.000	35.000
456.000	56.000
457.000	57.000
458.000	43.000
459.000	45.000
460.000	45.000
461.000	43.000
462.000	50.000
463.000	37.000
464.000	48.000
465.000	38.000
466.000	51.000
467.000	44.000
468.000	40.000
469.000	57.000
470.000	43.000
471.000	47.000
472.000	48.000
473.000	59.000
474.000	64.000
475.000	53.000
476.000	49.000
477.000	48.000
478.000	44.000
479.000	54.000
480.000	53.000
481.000	37.000
482.000	56.000
483.000	51.000
484.000	59.000
485.000	38.000
486.000	52.000
487.000	64.000
488.000	53.000
489.000	54.000
490.000	42.000
491.000	64.000
492.000	50.000
493.000	50.000
494.000	66.000
495.000	64.000
496.000	53.000
497.000	55.000
498.000	48.000
499.000	62.000
500.000	71.000
501.000	53.000
502.000	61.000
503.000	59.000
504.000	77.000
505.000	65.000
506.000	62.000
507.000	67.000
508.000	68.000
509.000	76.000
510.000	76.000
511.000	83.000
512.000	73.000
513.000	89.000
514.000	70.000
515.000	64.000
516.000	103.000
517.000	71.000
518.000	64.000
519.000	74.000
520.000	74.000
521.000	84.000
522.000	82.000
523.000	72.000
524.000	83.000
525.000	90.000
526.000	86.000
527.000	99.000
528.000	81.000
529.000	80.000
530.000	83.000
531.000	68.000
532.000	83.000
533.000	91.000
534.000	89.000
535.000	101.000
536.000	92.000
537.000	82.000
538.000	85.000
539.000	87.000
540.000	87.000
541.000	93.000
542.000	95.000
543.000	73.000
544.000	85.000
545.000	94.000
546.000	100.000
547.000	85.000
548.000	113.000
549.000	92.000
550.000	91.000
551.000	101.000
552.000	96.000
553.000	97.000
554.000	80.000
555.000	96.000
556.000	108.000
557.000	108.000
558.000	108.000
559.000	116.000
560.000	100.000
561.000	112.000
562.000	99.000
563.000	111.000
564.000	106.000
565.000	125.000
566.000	106.000
567.000	107.000
568.000	101.000
569.000	112.000
570.000	103.000
571.000	101.000
572.000	108.000
573.000	119.000
574.000	102.000
575.000	119.000
576.000	121.000
577.000	113.000
578.000	127.000
579.000	109.000
580.000	94.000
581.000	117.000
582.000	110.000
583.000	116.000
584.000	119.000
585.000	120.000
586.000	127.000
587.000	116.000
588.000	122.000
589.000	110.000
590.000	107.000
591.000	109.000
592.000	116.000
593.000	118.000
594.000	125.000
595.000	111.000
596.000	120.000
597.000	122.000
598.000	122.000
599.000	141.000
600.000	124.000
601.000	101.000
602.000	131.000
603.000	141.000
604.000	142.000
605.000	115.000
606.000	127.000
607.000	132.000
608.000	128.000
609.000	145.000
610.000	144.000
611.000	134.000
612.000	133.000
613.000	143.000
614.000	124.000
615.000	164.000
616.000	142.000
617.000	165.000
618.000	163.000
619.000	125.000
620.000	150.000
621.000	161.000
622.000	134.000
623.000	150.000
624.000	148.000
625.000	163.000
626.000	135.000
627.000	153.000
628.000	154.000
629.000	137.000
630.000	146.000
631.000	137.000
632.000	168.000
633.000	144.000
634.000	136.000
635.000	158.000
636.000	156.000
637.000	165.000
638.000	161.000
639.000	159.000
640.000	148.000
641.000	175.000
642.000	171.000
643.000	159.000
644.000	172.000
645.000	173.000
646.000	186.000
647.000	176.000
648.000	169.000
649.000	170.000
650.000	170.000
651.000	171.000
652.000	164.000
653.000	166.000
654.000	167.000
655.000	177.000
656.000	143.000
657.000	189.000
658.000	197.000
659.000	144.000
660.000	212.000
661.000	196.000
662.000	168.000
663.000	194.000
664.000	175.000
665.000	180.000
666.000	182.000
667.000	174.000
668.000	171.000
669.000	193.000
670.000	170.000
671.000	212.000
672.000	159.000
673.000	193.000
674.000	158.000
675.000	189.000
676.000	181.000
677.000	200.000
678.000	183.000
679.000	180.000
680.000	203.000
681.000	201.000
682.000	186.000
683.000	200.000
684.000	181.000
685.000	213.000
686.000	204.000
687.000	190.000
688.000	197.000
689.000	196.000
690.000	183.000
691.000	239.000
692.000	189.000
693.000	191.000
694.000	183.000
695.000	195.000
696.000	211.000
697.000	187.000
698.000	190.000
699.000	202.000
700.000	211.000
701.000	202.000
702.000	209.000
703.000	228.000
704.000	204.000
705.000	213.000
706.000	207.000
707.000	222.000
708.000	195.000
709.000	220.000
710.000	231.000
711.000	225.000
712.000	231.000
713.000	209.000
714.000	236.000
715.000	223.000
716.000	208.000
717.000	260.000
718.000	199.000
719.000	209.000
720.000	205.000
721.000	226.000
722.000	230.000
723.000	256.000
724.000	237.000
725.000	245.000
726.000	208.000
727.000	236.000
728.000	248.000
729.000	215.000
730.000	234.000
731.000	234.000
732.000	257.000
733.000	215.000
734.000	213.000
735.000	221.000
736.000	232.000
737.000	228.000
738.000	251.000
739.000	214.000
740.000	253.000
741.000	223.000
742.000	205.000
743.000	263.000
744.000	233.000
745.000	233.000
746.000	234.000
747.000	256.000
748.000	215.000
749.000	225.000
750.000	237.000
751.000	215.000
752.000	220.000
753.000	239.000
754.000	251.000
755.000	234.000
756.000	238.000
757.000	240.000
758.000	237.000
759.000	231.000
760.000	254.000
761.000	231.000
762.000	270.000
763.000	237.000
764.000	284.000
765.000	244.000
766.000	250.000
767.000	265.000
768.000	264.000
769.000	256.000
770.000	277.000
771.000	294.000
772.000	299.000
773.000	296.000
774.000	263.000
775.000	294.000
776.000	291.000
777.000	294.000
778.000	323.000
779.000	278.000
780.000	278.000
781.000	279.000
782.000	261.000
783.000	275.000
784.000	265.000
785.000	263.000
786.000	227.000
787.000	234.000
788.000	310.000
789.000	240.000
790.000	218.000
791.000	240.000
792.000	251.000
793.000	224.000
794.000	238.000
795.000	284.000
796.000	279.000
797.000	260.000
798.000	226.000
799.000	273.000
800.000	260.000
801.000	212.000
802.000	252.000
803.000	274.000
804.000	290.000
805.000	273.000
806.000	278.000
807.000	270.000
808.000	263.000
809.000	253.000
810.000	286.000
811.000	263.000
812.000	270.000
813.000	257.000
814.000	282.000
815.000	263.000
816.000	272.000
817.000	282.000
818.000	276.000
819.000	300.000
820.000	272.000
821.000	260.000
822.000	290.000
823.000	268.000
824.000	258.000
825.000	266.000
826.000	266.000
827.000	279.000
828.000	286.000
829.000	274.000
830.000	304.000
831.000	280.000
832.000	265.000
833.000	287.000
834.000	303.000
835.000	288.000
836.000	292.000
837.000	291.000
838.000	299.000
839.000	278.000
840.000	300.000
841.000	296.000
842.000	297.000
843.000	313.000
844.000	300.000
845.000	294.000
846.000	303.000
847.000	324.000
848.000	323.000
849.000	309.000
850.000	304.000
851.000	321.000
852.000	311.000
853.000	347.000
854.000	318.000
855.000	324.000
856.000	339.000
857.000	341.000
858.000	338.000
859.000	351.000
860.000	349.000
861.000	347.000
862.000	358.000
863.000	380.000
864.000	375.000
865.000	405.000
866.000	419.000
867.000	403.000
868.000	472.000
869.000	396.000
870.000	433.000
871.000	447.000
872.000	427.000
873.000	443.000
874.000	440.000
875.000	469.000
876.000	483.000
877.000	534.000
878.000	513.000
879.000	520.000
880.000	637.000
881.000	641.000
882.000	658.000
883.000	702.000
884.000	751.000
885.000	797.000
886.000	822.000
887.000	898.000
888.000	967.000
889.000	958.000
890.000	1040.000
891.000	1030.000
892.000	1160.000
893.000	1219.000
894.000	1291.000
895.000	1260.000
896.000	1293.000
897.000	1345.000
898.000	1327.000
899.000	1358.000
900.000	1381.000
901.000	1411.000
902.000	1295.000
903.000	1381.000
904.000	1284.000
905.000	1294.000
906.000	1283.000
907.000	1234.000
908.000	1139.000
909.000	1115.000
910.000	1030.000
911.000	1049.000
912.000	920.000
913.000	882.000
914.000	922.000
915.000	848.000
916.000	720.000
917.000	699.000
918.000	645.000
919.000	622.000
920.000	628.000
921.000	561.000
922.000	515.000
923.000	479.000
924.000	459.000
925.000	505.000
926.000	435.000
927.000	437.000
928.000	434.000
929.000	373.000
930.000	395.000
931.000	374.000
932.000	354.000
933.000	362.000
934.000	323.000
935.000	336.000
936.000	332.000
937.000	356.000
938.000	324.000
939.000	331.000
940.000	343.000
941.000	353.000
942.000	352.000
943.000	450.000
944.000	451.000
945.000	494.000
946.000	470.000
947.000	545.000
948.000	602.000
949.000	582.000
950.000	695.000
951.000	721.000
952.000	783.000
953.000	745.000
954.000	759.000
955.000	772.000
956.000	702.000
957.000	685.000
958.000	607.000
959.000	552.000
960.000	526.000
961.000	471.000
962.000	437.000
963.000	397.000
964.000	339.000
965.000	308.000
966.000	294.000
967.000	264.000
968.000	311.000
969.000	289.000
970.000	269.000
971.000	267.000
972.000	274.000
973.000	266.000
974.000	296.000
975.000	250.000
976.000	276.000
977.000	292.000
978.000	284.000
979.000	275.000
980.000	264.000
981.000	295.000
982.000	308.000
983.000	308.000
984.000	280.000
985.000	323.000
986.000	310.000
987.000	346.000
988.000	323.000
989.000	314.000
990.000	353.000
991.000	346.000
992.000	328.000
993.000	366.000
994.000	365.000
995.000	390.000
996.000	403.000
997.000	377.000
998.000	411.000
999.000	431.000
1000.000	417.000
1001.000	438.000
1002.000	395.000
1003.000	425.000
1004.000	440.000
1005.000	431.000
1006.000	384.000
1007.000	407.000
1008.000	433.000
1009.000	395.000
1010.000	388.000
1011.000	381.000
1012.000	399.000
1013.000	377.000
1014.000	355.000
1015.000	363.000
1016.000	322.000
1017.000	344.000
1018.000	298.000
1019.000	313.000
1020.000	312.000
1021.000	255.000
1022.000	276.000
1023.000	234.000
1024.000	263.000
