Date:	8/19/2008		Time:	9:27 AM		Version no:	0.00		Project name:	55		Sample name:	222		Section name:	section		Position	556.039995	mm	E0	0.000000	keV	E1	1.000000	keV/channel	sample surface	7.747600	cm	Tube anode:	Mo		Tube voltage:	30	kV	Tube current:	50	mA	gain	20		std. database			resultfile	result		matrix element	11		sample thickness	1.000000		air passage	0.560000	cm	comments	not in position		peaking_time	3.000000	m-sec	trigger_threshold	1229.166667	V	mca_bin_width	22.090000	no:	number_mca_channels	1024.000000	no:	gap_time	0.400000	m-sec	trigger_peaking_time	0.150000	m-sec	GAINDAC	9455		HIGHGAIN	1		TAURC	0		RCTAU	53		RCTAUFRAC	32768		livetime	9.688827	seconds	runtime	10.000502	seconds	input_count_rate	29.389522	cps	output_count_rate	22.265783	cps	triggers	284750	seconds	events_in_run	222669	seconds	channel	content		1.000	0.000
2.000	0.000
3.000	0.000
4.000	0.000
5.000	0.000
6.000	0.000
7.000	0.000
8.000	0.000
9.000	0.000
10.000	0.000
11.000	0.000
12.000	0.000
13.000	0.000
14.000	0.000
15.000	0.000
16.000	0.000
17.000	0.000
18.000	0.000
19.000	0.000
20.000	0.000
21.000	0.000
22.000	0.000
23.000	0.000
24.000	0.000
25.000	0.000
26.000	0.000
27.000	0.000
28.000	0.000
29.000	0.000
30.000	0.000
31.000	1.000
32.000	0.000
33.000	0.000
34.000	0.000
35.000	1.000
36.000	0.000
37.000	1.000
38.000	2.000
39.000	1.000
40.000	2.000
41.000	2.000
42.000	2.000
43.000	4.000
44.000	6.000
45.000	5.000
46.000	5.000
47.000	8.000
48.000	3.000
49.000	7.000
50.000	10.000
51.000	5.000
52.000	11.000
53.000	8.000
54.000	15.000
55.000	6.000
56.000	10.000
57.000	14.000
58.000	13.000
59.000	6.000
60.000	17.000
61.000	12.000
62.000	14.000
63.000	15.000
64.000	4.000
65.000	8.000
66.000	6.000
67.000	19.000
68.000	12.000
69.000	13.000
70.000	12.000
71.000	12.000
72.000	13.000
73.000	9.000
74.000	8.000
75.000	14.000
76.000	9.000
77.000	15.000
78.000	6.000
79.000	9.000
80.000	12.000
81.000	4.000
82.000	3.000
83.000	9.000
84.000	7.000
85.000	15.000
86.000	7.000
87.000	6.000
88.000	7.000
89.000	7.000
90.000	9.000
91.000	8.000
92.000	11.000
93.000	9.000
94.000	7.000
95.000	9.000
96.000	12.000
97.000	6.000
98.000	8.000
99.000	10.000
100.000	8.000
101.000	6.000
102.000	4.000
103.000	7.000
104.000	11.000
105.000	7.000
106.000	8.000
107.000	11.000
108.000	12.000
109.000	6.000
110.000	8.000
111.000	5.000
112.000	6.000
113.000	5.000
114.000	17.000
115.000	13.000
116.000	5.000
117.000	7.000
118.000	11.000
119.000	10.000
120.000	6.000
121.000	5.000
122.000	5.000
123.000	9.000
124.000	10.000
125.000	13.000
126.000	11.000
127.000	8.000
128.000	7.000
129.000	8.000
130.000	10.000
131.000	6.000
132.000	6.000
133.000	6.000
134.000	4.000
135.000	4.000
136.000	7.000
137.000	4.000
138.000	4.000
139.000	3.000
140.000	8.000
141.000	6.000
142.000	4.000
143.000	7.000
144.000	5.000
145.000	5.000
146.000	6.000
147.000	8.000
148.000	7.000
149.000	6.000
150.000	2.000
151.000	6.000
152.000	5.000
153.000	4.000
154.000	8.000
155.000	4.000
156.000	7.000
157.000	3.000
158.000	4.000
159.000	9.000
160.000	9.000
161.000	9.000
162.000	12.000
163.000	11.000
164.000	12.000
165.000	6.000
166.000	8.000
167.000	6.000
168.000	8.000
169.000	6.000
170.000	4.000
171.000	4.000
172.000	3.000
173.000	4.000
174.000	2.000
175.000	3.000
176.000	7.000
177.000	4.000
178.000	2.000
179.000	3.000
180.000	8.000
181.000	8.000
182.000	7.000
183.000	10.000
184.000	4.000
185.000	5.000
186.000	7.000
187.000	3.000
188.000	5.000
189.000	3.000
190.000	5.000
191.000	4.000
192.000	4.000
193.000	7.000
194.000	3.000
195.000	1.000
196.000	6.000
197.000	7.000
198.000	14.000
199.000	22.000
200.000	10.000
201.000	16.000
202.000	25.000
203.000	28.000
204.000	23.000
205.000	21.000
206.000	13.000
207.000	13.000
208.000	7.000
209.000	4.000
210.000	4.000
211.000	7.000
212.000	9.000
213.000	5.000
214.000	3.000
215.000	4.000
216.000	3.000
217.000	2.000
218.000	2.000
219.000	8.000
220.000	8.000
221.000	4.000
222.000	7.000
223.000	6.000
224.000	4.000
225.000	5.000
226.000	4.000
227.000	4.000
228.000	5.000
229.000	2.000
230.000	2.000
231.000	2.000
232.000	2.000
233.000	2.000
234.000	4.000
235.000	4.000
236.000	5.000
237.000	5.000
238.000	3.000
239.000	5.000
240.000	8.000
241.000	7.000
242.000	5.000
243.000	8.000
244.000	12.000
245.000	9.000
246.000	8.000
247.000	14.000
248.000	9.000
249.000	10.000
250.000	11.000
251.000	7.000
252.000	6.000
253.000	17.000
254.000	9.000
255.000	3.000
256.000	7.000
257.000	4.000
258.000	8.000
259.000	3.000
260.000	7.000
261.000	4.000
262.000	6.000
263.000	6.000
264.000	5.000
265.000	5.000
266.000	6.000
267.000	2.000
268.000	4.000
269.000	5.000
270.000	7.000
271.000	9.000
272.000	7.000
273.000	1.000
274.000	6.000
275.000	9.000
276.000	7.000
277.000	3.000
278.000	4.000
279.000	9.000
280.000	5.000
281.000	6.000
282.000	8.000
283.000	5.000
284.000	8.000
285.000	2.000
286.000	9.000
287.000	8.000
288.000	5.000
289.000	7.000
290.000	9.000
291.000	9.000
292.000	11.000
293.000	7.000
294.000	12.000
295.000	11.000
296.000	7.000
297.000	12.000
298.000	5.000
299.000	11.000
300.000	15.000
301.000	6.000
302.000	8.000
303.000	11.000
304.000	9.000
305.000	9.000
306.000	8.000
307.000	6.000
308.000	6.000
309.000	9.000
310.000	9.000
311.000	10.000
312.000	7.000
313.000	6.000
314.000	11.000
315.000	11.000
316.000	18.000
317.000	20.000
318.000	18.000
319.000	35.000
320.000	41.000
321.000	64.000
322.000	62.000
323.000	67.000
324.000	52.000
325.000	57.000
326.000	32.000
327.000	33.000
328.000	36.000
329.000	26.000
330.000	15.000
331.000	7.000
332.000	16.000
333.000	15.000
334.000	16.000
335.000	15.000
336.000	16.000
337.000	14.000
338.000	18.000
339.000	16.000
340.000	24.000
341.000	24.000
342.000	64.000
343.000	102.000
344.000	117.000
345.000	207.000
346.000	306.000
347.000	430.000
348.000	557.000
349.000	671.000
350.000	698.000
351.000	744.000
352.000	668.000
353.000	602.000
354.000	460.000
355.000	315.000
356.000	270.000
357.000	180.000
358.000	91.000
359.000	54.000
360.000	51.000
361.000	29.000
362.000	25.000
363.000	19.000
364.000	19.000
365.000	21.000
366.000	12.000
367.000	10.000
368.000	21.000
369.000	22.000
370.000	16.000
371.000	20.000
372.000	20.000
373.000	22.000
374.000	16.000
375.000	26.000
376.000	18.000
377.000	28.000
378.000	44.000
379.000	39.000
380.000	39.000
381.000	61.000
382.000	64.000
383.000	88.000
384.000	120.000
385.000	123.000
386.000	122.000
387.000	141.000
388.000	124.000
389.000	110.000
390.000	85.000
391.000	76.000
392.000	55.000
393.000	45.000
394.000	32.000
395.000	19.000
396.000	31.000
397.000	25.000
398.000	22.000
399.000	21.000
400.000	17.000
401.000	28.000
402.000	27.000
403.000	18.000
404.000	21.000
405.000	20.000
406.000	21.000
407.000	28.000
408.000	22.000
409.000	24.000
410.000	27.000
411.000	28.000
412.000	27.000
413.000	20.000
414.000	37.000
415.000	31.000
416.000	26.000
417.000	22.000
418.000	19.000
419.000	23.000
420.000	30.000
421.000	32.000
422.000	27.000
423.000	26.000
424.000	27.000
425.000	35.000
426.000	37.000
427.000	33.000
428.000	33.000
429.000	31.000
430.000	27.000
431.000	34.000
432.000	37.000
433.000	28.000
434.000	32.000
435.000	34.000
436.000	31.000
437.000	38.000
438.000	28.000
439.000	37.000
440.000	38.000
441.000	39.000
442.000	37.000
443.000	40.000
444.000	38.000
445.000	31.000
446.000	39.000
447.000	39.000
448.000	48.000
449.000	38.000
450.000	38.000
451.000	34.000
452.000	58.000
453.000	34.000
454.000	46.000
455.000	43.000
456.000	44.000
457.000	41.000
458.000	49.000
459.000	62.000
460.000	61.000
461.000	41.000
462.000	43.000
463.000	48.000
464.000	44.000
465.000	52.000
466.000	51.000
467.000	38.000
468.000	52.000
469.000	57.000
470.000	37.000
471.000	62.000
472.000	52.000
473.000	44.000
474.000	54.000
475.000	49.000
476.000	46.000
477.000	57.000
478.000	47.000
479.000	38.000
480.000	51.000
481.000	41.000
482.000	41.000
483.000	45.000
484.000	50.000
485.000	66.000
486.000	63.000
487.000	56.000
488.000	68.000
489.000	57.000
490.000	45.000
491.000	60.000
492.000	54.000
493.000	67.000
494.000	64.000
495.000	64.000
496.000	50.000
497.000	65.000
498.000	52.000
499.000	66.000
500.000	68.000
501.000	51.000
502.000	58.000
503.000	58.000
504.000	78.000
505.000	72.000
506.000	66.000
507.000	69.000
508.000	68.000
509.000	96.000
510.000	64.000
511.000	103.000
512.000	81.000
513.000	90.000
514.000	83.000
515.000	84.000
516.000	75.000
517.000	81.000
518.000	77.000
519.000	76.000
520.000	79.000
521.000	79.000
522.000	85.000
523.000	92.000
524.000	93.000
525.000	59.000
526.000	83.000
527.000	87.000
528.000	72.000
529.000	96.000
530.000	95.000
531.000	90.000
532.000	94.000
533.000	95.000
534.000	93.000
535.000	84.000
536.000	73.000
537.000	104.000
538.000	97.000
539.000	94.000
540.000	100.000
541.000	97.000
542.000	74.000
543.000	86.000
544.000	87.000
545.000	93.000
546.000	97.000
547.000	88.000
548.000	84.000
549.000	103.000
550.000	112.000
551.000	86.000
552.000	99.000
553.000	92.000
554.000	109.000
555.000	90.000
556.000	89.000
557.000	97.000
558.000	102.000
559.000	108.000
560.000	113.000
561.000	110.000
562.000	110.000
563.000	115.000
564.000	106.000
565.000	123.000
566.000	107.000
567.000	97.000
568.000	114.000
569.000	109.000
570.000	106.000
571.000	112.000
572.000	131.000
573.000	116.000
574.000	117.000
575.000	115.000
576.000	116.000
577.000	142.000
578.000	118.000
579.000	121.000
580.000	118.000
581.000	124.000
582.000	133.000
583.000	109.000
584.000	130.000
585.000	117.000
586.000	114.000
587.000	120.000
588.000	122.000
589.000	154.000
590.000	121.000
591.000	110.000
592.000	115.000
593.000	148.000
594.000	137.000
595.000	132.000
596.000	126.000
597.000	119.000
598.000	134.000
599.000	158.000
600.000	131.000
601.000	147.000
602.000	146.000
603.000	155.000
604.000	148.000
605.000	129.000
606.000	148.000
607.000	136.000
608.000	138.000
609.000	148.000
610.000	137.000
611.000	128.000
612.000	138.000
613.000	152.000
614.000	146.000
615.000	154.000
616.000	149.000
617.000	151.000
618.000	141.000
619.000	159.000
620.000	173.000
621.000	142.000
622.000	167.000
623.000	173.000
624.000	149.000
625.000	155.000
626.000	141.000
627.000	132.000
628.000	160.000
629.000	161.000
630.000	148.000
631.000	133.000
632.000	162.000
633.000	153.000
634.000	171.000
635.000	147.000
636.000	167.000
637.000	165.000
638.000	146.000
639.000	155.000
640.000	151.000
641.000	208.000
642.000	143.000
643.000	203.000
644.000	171.000
645.000	187.000
646.000	167.000
647.000	181.000
648.000	174.000
649.000	197.000
650.000	205.000
651.000	179.000
652.000	174.000
653.000	199.000
654.000	185.000
655.000	187.000
656.000	214.000
657.000	174.000
658.000	200.000
659.000	182.000
660.000	188.000
661.000	189.000
662.000	180.000
663.000	169.000
664.000	201.000
665.000	198.000
666.000	189.000
667.000	179.000
668.000	191.000
669.000	180.000
670.000	190.000
671.000	190.000
672.000	201.000
673.000	194.000
674.000	179.000
675.000	182.000
676.000	206.000
677.000	201.000
678.000	195.000
679.000	209.000
680.000	202.000
681.000	198.000
682.000	204.000
683.000	187.000
684.000	224.000
685.000	199.000
686.000	197.000
687.000	205.000
688.000	205.000
689.000	207.000
690.000	213.000
691.000	218.000
692.000	197.000
693.000	225.000
694.000	221.000
695.000	210.000
696.000	205.000
697.000	205.000
698.000	183.000
699.000	217.000
700.000	199.000
701.000	214.000
702.000	232.000
703.000	227.000
704.000	199.000
705.000	220.000
706.000	229.000
707.000	249.000
708.000	240.000
709.000	246.000
710.000	228.000
711.000	239.000
712.000	244.000
713.000	230.000
714.000	220.000
715.000	213.000
716.000	264.000
717.000	232.000
718.000	261.000
719.000	252.000
720.000	243.000
721.000	226.000
722.000	242.000
723.000	256.000
724.000	244.000
725.000	228.000
726.000	242.000
727.000	221.000
728.000	247.000
729.000	248.000
730.000	251.000
731.000	245.000
732.000	229.000
733.000	235.000
734.000	242.000
735.000	259.000
736.000	244.000
737.000	227.000
738.000	258.000
739.000	274.000
740.000	260.000
741.000	213.000
742.000	242.000
743.000	247.000
744.000	272.000
745.000	259.000
746.000	253.000
747.000	249.000
748.000	272.000
749.000	242.000
750.000	275.000
751.000	235.000
752.000	231.000
753.000	239.000
754.000	244.000
755.000	271.000
756.000	268.000
757.000	282.000
758.000	256.000
759.000	263.000
760.000	259.000
761.000	266.000
762.000	256.000
763.000	257.000
764.000	288.000
765.000	257.000
766.000	283.000
767.000	261.000
768.000	277.000
769.000	284.000
770.000	259.000
771.000	299.000
772.000	295.000
773.000	293.000
774.000	287.000
775.000	289.000
776.000	308.000
777.000	316.000
778.000	317.000
779.000	267.000
780.000	298.000
781.000	283.000
782.000	271.000
783.000	272.000
784.000	272.000
785.000	280.000
786.000	250.000
787.000	297.000
788.000	269.000
789.000	267.000
790.000	300.000
791.000	274.000
792.000	288.000
793.000	272.000
794.000	286.000
795.000	243.000
796.000	288.000
797.000	292.000
798.000	287.000
799.000	255.000
800.000	270.000
801.000	305.000
802.000	233.000
803.000	295.000
804.000	289.000
805.000	276.000
806.000	270.000
807.000	285.000
808.000	316.000
809.000	280.000
810.000	293.000
811.000	300.000
812.000	294.000
813.000	285.000
814.000	272.000
815.000	310.000
816.000	282.000
817.000	291.000
818.000	319.000
819.000	311.000
820.000	306.000
821.000	302.000
822.000	311.000
823.000	286.000
824.000	298.000
825.000	300.000
826.000	316.000
827.000	303.000
828.000	317.000
829.000	332.000
830.000	336.000
831.000	349.000
832.000	330.000
833.000	283.000
834.000	310.000
835.000	327.000
836.000	324.000
837.000	310.000
838.000	278.000
839.000	327.000
840.000	314.000
841.000	354.000
842.000	328.000
843.000	328.000
844.000	345.000
845.000	310.000
846.000	308.000
847.000	321.000
848.000	300.000
849.000	353.000
850.000	351.000
851.000	372.000
852.000	398.000
853.000	371.000
854.000	336.000
855.000	419.000
856.000	380.000
857.000	382.000
858.000	399.000
859.000	404.000
860.000	423.000
861.000	367.000
862.000	388.000
863.000	402.000
864.000	391.000
865.000	411.000
866.000	415.000
867.000	424.000
868.000	430.000
869.000	445.000
870.000	458.000
871.000	429.000
872.000	469.000
873.000	488.000
874.000	470.000
875.000	494.000
876.000	526.000
877.000	576.000
878.000	590.000
879.000	622.000
880.000	655.000
881.000	708.000
882.000	690.000
883.000	759.000
884.000	805.000
885.000	856.000
886.000	896.000
887.000	1047.000
888.000	1021.000
889.000	1119.000
890.000	1150.000
891.000	1190.000
892.000	1282.000
893.000	1366.000
894.000	1394.000
895.000	1388.000
896.000	1441.000
897.000	1494.000
898.000	1458.000
899.000	1504.000
900.000	1544.000
901.000	1535.000
902.000	1517.000
903.000	1454.000
904.000	1494.000
905.000	1467.000
906.000	1397.000
907.000	1288.000
908.000	1326.000
909.000	1240.000
910.000	1141.000
911.000	1098.000
912.000	1100.000
913.000	1019.000
914.000	906.000
915.000	903.000
916.000	843.000
917.000	776.000
918.000	775.000
919.000	744.000
920.000	633.000
921.000	618.000
922.000	580.000
923.000	572.000
924.000	530.000
925.000	488.000
926.000	493.000
927.000	449.000
928.000	447.000
929.000	423.000
930.000	410.000
931.000	433.000
932.000	358.000
933.000	364.000
934.000	348.000
935.000	339.000
936.000	322.000
937.000	377.000
938.000	355.000
939.000	364.000
940.000	367.000
941.000	388.000
942.000	391.000
943.000	454.000
944.000	490.000
945.000	543.000
946.000	544.000
947.000	610.000
948.000	668.000
949.000	690.000
950.000	735.000
951.000	789.000
952.000	788.000
953.000	827.000
954.000	745.000
955.000	815.000
956.000	733.000
957.000	681.000
958.000	643.000
959.000	601.000
960.000	575.000
961.000	484.000
962.000	448.000
963.000	425.000
964.000	367.000
965.000	321.000
966.000	366.000
967.000	299.000
968.000	281.000
969.000	307.000
970.000	322.000
971.000	317.000
972.000	294.000
973.000	293.000
974.000	276.000
975.000	260.000
976.000	285.000
977.000	290.000
978.000	316.000
979.000	299.000
980.000	318.000
981.000	310.000
982.000	320.000
983.000	388.000
984.000	326.000
985.000	343.000
986.000	313.000
987.000	338.000
988.000	327.000
989.000	395.000
990.000	371.000
991.000	395.000
992.000	369.000
993.000	367.000
994.000	382.000
995.000	400.000
996.000	400.000
997.000	414.000
998.000	442.000
999.000	437.000
1000.000	451.000
1001.000	495.000
1002.000	438.000
1003.000	464.000
1004.000	473.000
1005.000	430.000
1006.000	454.000
1007.000	432.000
1008.000	450.000
1009.000	454.000
1010.000	448.000
1011.000	408.000
1012.000	397.000
1013.000	377.000
1014.000	414.000
1015.000	387.000
1016.000	362.000
1017.000	347.000
1018.000	351.000
1019.000	363.000
1020.000	328.000
1021.000	279.000
1022.000	307.000
1023.000	258.000
1024.000	270.000
