Date:	8/19/2008		Time:	9:05 AM		Version no:	0.00		Project name:	55		Sample name:	222		Section name:	section		Position	318.039995	mm	E0	0.000000	keV	E1	1.000000	keV/channel	sample surface	7.548606	cm	Tube anode:	Mo		Tube voltage:	30	kV	Tube current:	50	mA	gain	20		std. database			resultfile	result		matrix element	11		sample thickness	1.000000		air passage	0.560000	cm	comments	not in position		peaking_time	3.000000	m-sec	trigger_threshold	1229.166667	V	mca_bin_width	22.090000	no:	number_mca_channels	1024.000000	no:	gap_time	0.400000	m-sec	trigger_peaking_time	0.150000	m-sec	GAINDAC	9455		HIGHGAIN	1		TAURC	0		RCTAU	53		RCTAUFRAC	32768		livetime	9.663859	seconds	runtime	10.000502	seconds	input_count_rate	31.355900	cps	output_count_rate	23.288930	cps	triggers	303019	seconds	events_in_run	232901	seconds	channel	content		1.000	0.000
2.000	0.000
3.000	0.000
4.000	0.000
5.000	0.000
6.000	0.000
7.000	0.000
8.000	0.000
9.000	0.000
10.000	0.000
11.000	0.000
12.000	0.000
13.000	0.000
14.000	0.000
15.000	0.000
16.000	0.000
17.000	0.000
18.000	0.000
19.000	0.000
20.000	0.000
21.000	0.000
22.000	0.000
23.000	0.000
24.000	0.000
25.000	0.000
26.000	0.000
27.000	0.000
28.000	0.000
29.000	0.000
30.000	0.000
31.000	1.000
32.000	0.000
33.000	0.000
34.000	1.000
35.000	0.000
36.000	1.000
37.000	3.000
38.000	2.000
39.000	2.000
40.000	3.000
41.000	4.000
42.000	1.000
43.000	1.000
44.000	6.000
45.000	5.000
46.000	6.000
47.000	4.000
48.000	4.000
49.000	7.000
50.000	8.000
51.000	10.000
52.000	14.000
53.000	12.000
54.000	10.000
55.000	10.000
56.000	6.000
57.000	11.000
58.000	14.000
59.000	12.000
60.000	16.000
61.000	12.000
62.000	11.000
63.000	9.000
64.000	7.000
65.000	7.000
66.000	9.000
67.000	9.000
68.000	10.000
69.000	16.000
70.000	8.000
71.000	10.000
72.000	7.000
73.000	10.000
74.000	6.000
75.000	4.000
76.000	14.000
77.000	10.000
78.000	15.000
79.000	6.000
80.000	10.000
81.000	8.000
82.000	4.000
83.000	8.000
84.000	8.000
85.000	9.000
86.000	5.000
87.000	8.000
88.000	5.000
89.000	12.000
90.000	10.000
91.000	5.000
92.000	13.000
93.000	8.000
94.000	11.000
95.000	10.000
96.000	7.000
97.000	9.000
98.000	8.000
99.000	11.000
100.000	8.000
101.000	13.000
102.000	19.000
103.000	9.000
104.000	17.000
105.000	10.000
106.000	5.000
107.000	3.000
108.000	9.000
109.000	8.000
110.000	13.000
111.000	6.000
112.000	8.000
113.000	5.000
114.000	10.000
115.000	4.000
116.000	5.000
117.000	9.000
118.000	4.000
119.000	6.000
120.000	5.000
121.000	7.000
122.000	11.000
123.000	11.000
124.000	15.000
125.000	9.000
126.000	7.000
127.000	11.000
128.000	14.000
129.000	10.000
130.000	12.000
131.000	12.000
132.000	5.000
133.000	8.000
134.000	6.000
135.000	5.000
136.000	5.000
137.000	4.000
138.000	8.000
139.000	5.000
140.000	1.000
141.000	5.000
142.000	9.000
143.000	9.000
144.000	8.000
145.000	8.000
146.000	5.000
147.000	1.000
148.000	3.000
149.000	2.000
150.000	3.000
151.000	6.000
152.000	4.000
153.000	6.000
154.000	4.000
155.000	5.000
156.000	4.000
157.000	5.000
158.000	3.000
159.000	11.000
160.000	5.000
161.000	9.000
162.000	6.000
163.000	4.000
164.000	2.000
165.000	10.000
166.000	6.000
167.000	5.000
168.000	6.000
169.000	5.000
170.000	2.000
171.000	5.000
172.000	1.000
173.000	5.000
174.000	2.000
175.000	2.000
176.000	4.000
177.000	6.000
178.000	8.000
179.000	5.000
180.000	10.000
181.000	6.000
182.000	4.000
183.000	7.000
184.000	12.000
185.000	9.000
186.000	6.000
187.000	9.000
188.000	2.000
189.000	7.000
190.000	4.000
191.000	4.000
192.000	8.000
193.000	6.000
194.000	4.000
195.000	3.000
196.000	7.000
197.000	9.000
198.000	13.000
199.000	10.000
200.000	29.000
201.000	29.000
202.000	21.000
203.000	27.000
204.000	22.000
205.000	25.000
206.000	19.000
207.000	15.000
208.000	10.000
209.000	6.000
210.000	3.000
211.000	7.000
212.000	6.000
213.000	5.000
214.000	6.000
215.000	2.000
216.000	2.000
217.000	9.000
218.000	5.000
219.000	5.000
220.000	7.000
221.000	9.000
222.000	5.000
223.000	3.000
224.000	13.000
225.000	8.000
226.000	5.000
227.000	3.000
228.000	5.000
229.000	7.000
230.000	0.000
231.000	6.000
232.000	7.000
233.000	4.000
234.000	9.000
235.000	2.000
236.000	4.000
237.000	3.000
238.000	4.000
239.000	10.000
240.000	4.000
241.000	9.000
242.000	17.000
243.000	8.000
244.000	9.000
245.000	14.000
246.000	13.000
247.000	12.000
248.000	14.000
249.000	15.000
250.000	8.000
251.000	12.000
252.000	6.000
253.000	10.000
254.000	5.000
255.000	11.000
256.000	10.000
257.000	3.000
258.000	6.000
259.000	5.000
260.000	4.000
261.000	2.000
262.000	6.000
263.000	6.000
264.000	4.000
265.000	2.000
266.000	4.000
267.000	8.000
268.000	6.000
269.000	7.000
270.000	9.000
271.000	7.000
272.000	6.000
273.000	9.000
274.000	9.000
275.000	9.000
276.000	7.000
277.000	4.000
278.000	2.000
279.000	5.000
280.000	3.000
281.000	10.000
282.000	7.000
283.000	5.000
284.000	5.000
285.000	11.000
286.000	8.000
287.000	4.000
288.000	8.000
289.000	5.000
290.000	11.000
291.000	7.000
292.000	9.000
293.000	8.000
294.000	5.000
295.000	5.000
296.000	10.000
297.000	16.000
298.000	7.000
299.000	4.000
300.000	11.000
301.000	11.000
302.000	6.000
303.000	6.000
304.000	8.000
305.000	9.000
306.000	8.000
307.000	11.000
308.000	10.000
309.000	7.000
310.000	20.000
311.000	9.000
312.000	11.000
313.000	7.000
314.000	10.000
315.000	11.000
316.000	14.000
317.000	20.000
318.000	22.000
319.000	36.000
320.000	48.000
321.000	65.000
322.000	71.000
323.000	50.000
324.000	54.000
325.000	43.000
326.000	47.000
327.000	44.000
328.000	29.000
329.000	21.000
330.000	24.000
331.000	9.000
332.000	16.000
333.000	9.000
334.000	5.000
335.000	8.000
336.000	15.000
337.000	13.000
338.000	20.000
339.000	20.000
340.000	19.000
341.000	38.000
342.000	48.000
343.000	98.000
344.000	156.000
345.000	254.000
346.000	376.000
347.000	515.000
348.000	666.000
349.000	784.000
350.000	891.000
351.000	844.000
352.000	776.000
353.000	683.000
354.000	539.000
355.000	403.000
356.000	298.000
357.000	190.000
358.000	113.000
359.000	68.000
360.000	48.000
361.000	31.000
362.000	19.000
363.000	20.000
364.000	16.000
365.000	13.000
366.000	19.000
367.000	19.000
368.000	31.000
369.000	16.000
370.000	24.000
371.000	14.000
372.000	11.000
373.000	18.000
374.000	31.000
375.000	19.000
376.000	19.000
377.000	30.000
378.000	46.000
379.000	39.000
380.000	47.000
381.000	83.000
382.000	78.000
383.000	111.000
384.000	131.000
385.000	158.000
386.000	155.000
387.000	145.000
388.000	146.000
389.000	122.000
390.000	120.000
391.000	82.000
392.000	65.000
393.000	44.000
394.000	32.000
395.000	35.000
396.000	21.000
397.000	16.000
398.000	19.000
399.000	21.000
400.000	24.000
401.000	27.000
402.000	17.000
403.000	30.000
404.000	32.000
405.000	22.000
406.000	12.000
407.000	30.000
408.000	14.000
409.000	31.000
410.000	25.000
411.000	24.000
412.000	26.000
413.000	37.000
414.000	22.000
415.000	35.000
416.000	21.000
417.000	23.000
418.000	33.000
419.000	30.000
420.000	33.000
421.000	34.000
422.000	24.000
423.000	19.000
424.000	28.000
425.000	35.000
426.000	37.000
427.000	39.000
428.000	33.000
429.000	27.000
430.000	25.000
431.000	29.000
432.000	42.000
433.000	34.000
434.000	25.000
435.000	27.000
436.000	39.000
437.000	41.000
438.000	40.000
439.000	46.000
440.000	40.000
441.000	45.000
442.000	41.000
443.000	45.000
444.000	41.000
445.000	46.000
446.000	47.000
447.000	48.000
448.000	56.000
449.000	52.000
450.000	59.000
451.000	52.000
452.000	46.000
453.000	56.000
454.000	49.000
455.000	53.000
456.000	50.000
457.000	46.000
458.000	49.000
459.000	47.000
460.000	61.000
461.000	59.000
462.000	53.000
463.000	40.000
464.000	48.000
465.000	41.000
466.000	50.000
467.000	52.000
468.000	48.000
469.000	60.000
470.000	47.000
471.000	50.000
472.000	58.000
473.000	67.000
474.000	66.000
475.000	68.000
476.000	72.000
477.000	66.000
478.000	64.000
479.000	59.000
480.000	59.000
481.000	53.000
482.000	56.000
483.000	57.000
484.000	66.000
485.000	70.000
486.000	74.000
487.000	63.000
488.000	68.000
489.000	54.000
490.000	62.000
491.000	71.000
492.000	68.000
493.000	59.000
494.000	55.000
495.000	76.000
496.000	62.000
497.000	84.000
498.000	61.000
499.000	74.000
500.000	82.000
501.000	84.000
502.000	77.000
503.000	95.000
504.000	91.000
505.000	86.000
506.000	74.000
507.000	89.000
508.000	89.000
509.000	76.000
510.000	85.000
511.000	88.000
512.000	70.000
513.000	87.000
514.000	93.000
515.000	72.000
516.000	94.000
517.000	92.000
518.000	93.000
519.000	83.000
520.000	101.000
521.000	108.000
522.000	99.000
523.000	83.000
524.000	103.000
525.000	83.000
526.000	109.000
527.000	96.000
528.000	110.000
529.000	112.000
530.000	99.000
531.000	103.000
532.000	92.000
533.000	115.000
534.000	123.000
535.000	104.000
536.000	112.000
537.000	90.000
538.000	83.000
539.000	92.000
540.000	93.000
541.000	109.000
542.000	97.000
543.000	91.000
544.000	108.000
545.000	91.000
546.000	99.000
547.000	95.000
548.000	105.000
549.000	96.000
550.000	100.000
551.000	100.000
552.000	111.000
553.000	110.000
554.000	94.000
555.000	105.000
556.000	117.000
557.000	127.000
558.000	104.000
559.000	110.000
560.000	106.000
561.000	117.000
562.000	118.000
563.000	128.000
564.000	123.000
565.000	129.000
566.000	136.000
567.000	136.000
568.000	115.000
569.000	117.000
570.000	130.000
571.000	113.000
572.000	125.000
573.000	147.000
574.000	120.000
575.000	123.000
576.000	148.000
577.000	127.000
578.000	112.000
579.000	132.000
580.000	128.000
581.000	122.000
582.000	133.000
583.000	149.000
584.000	132.000
585.000	144.000
586.000	151.000
587.000	136.000
588.000	122.000
589.000	115.000
590.000	145.000
591.000	131.000
592.000	139.000
593.000	165.000
594.000	145.000
595.000	164.000
596.000	130.000
597.000	149.000
598.000	172.000
599.000	150.000
600.000	153.000
601.000	144.000
602.000	205.000
603.000	168.000
604.000	145.000
605.000	157.000
606.000	158.000
607.000	160.000
608.000	157.000
609.000	156.000
610.000	167.000
611.000	167.000
612.000	146.000
613.000	173.000
614.000	137.000
615.000	164.000
616.000	190.000
617.000	166.000
618.000	173.000
619.000	175.000
620.000	164.000
621.000	168.000
622.000	179.000
623.000	151.000
624.000	159.000
625.000	155.000
626.000	199.000
627.000	157.000
628.000	181.000
629.000	159.000
630.000	167.000
631.000	180.000
632.000	165.000
633.000	180.000
634.000	181.000
635.000	170.000
636.000	157.000
637.000	182.000
638.000	195.000
639.000	183.000
640.000	198.000
641.000	186.000
642.000	226.000
643.000	191.000
644.000	184.000
645.000	200.000
646.000	193.000
647.000	178.000
648.000	189.000
649.000	210.000
650.000	190.000
651.000	208.000
652.000	192.000
653.000	188.000
654.000	205.000
655.000	204.000
656.000	206.000
657.000	194.000
658.000	201.000
659.000	198.000
660.000	215.000
661.000	215.000
662.000	200.000
663.000	228.000
664.000	201.000
665.000	192.000
666.000	185.000
667.000	197.000
668.000	195.000
669.000	218.000
670.000	221.000
671.000	215.000
672.000	190.000
673.000	207.000
674.000	190.000
675.000	217.000
676.000	240.000
677.000	215.000
678.000	213.000
679.000	199.000
680.000	226.000
681.000	214.000
682.000	218.000
683.000	223.000
684.000	217.000
685.000	242.000
686.000	203.000
687.000	242.000
688.000	251.000
689.000	235.000
690.000	220.000
691.000	227.000
692.000	224.000
693.000	250.000
694.000	207.000
695.000	256.000
696.000	222.000
697.000	237.000
698.000	212.000
699.000	231.000
700.000	224.000
701.000	212.000
702.000	236.000
703.000	218.000
704.000	204.000
705.000	219.000
706.000	276.000
707.000	236.000
708.000	225.000
709.000	240.000
710.000	256.000
711.000	230.000
712.000	249.000
713.000	250.000
714.000	249.000
715.000	214.000
716.000	241.000
717.000	233.000
718.000	243.000
719.000	228.000
720.000	248.000
721.000	228.000
722.000	266.000
723.000	246.000
724.000	269.000
725.000	240.000
726.000	259.000
727.000	260.000
728.000	259.000
729.000	249.000
730.000	272.000
731.000	286.000
732.000	271.000
733.000	252.000
734.000	285.000
735.000	232.000
736.000	265.000
737.000	268.000
738.000	265.000
739.000	248.000
740.000	265.000
741.000	271.000
742.000	259.000
743.000	288.000
744.000	257.000
745.000	240.000
746.000	242.000
747.000	231.000
748.000	274.000
749.000	270.000
750.000	242.000
751.000	284.000
752.000	282.000
753.000	281.000
754.000	270.000
755.000	306.000
756.000	253.000
757.000	266.000
758.000	252.000
759.000	268.000
760.000	293.000
761.000	265.000
762.000	277.000
763.000	309.000
764.000	293.000
765.000	279.000
766.000	291.000
767.000	280.000
768.000	329.000
769.000	285.000
770.000	313.000
771.000	310.000
772.000	306.000
773.000	302.000
774.000	300.000
775.000	287.000
776.000	297.000
777.000	326.000
778.000	319.000
779.000	296.000
780.000	293.000
781.000	295.000
782.000	275.000
783.000	295.000
784.000	298.000
785.000	298.000
786.000	278.000
787.000	311.000
788.000	274.000
789.000	299.000
790.000	258.000
791.000	271.000
792.000	302.000
793.000	280.000
794.000	289.000
795.000	257.000
796.000	308.000
797.000	275.000
798.000	287.000
799.000	312.000
800.000	295.000
801.000	278.000
802.000	307.000
803.000	288.000
804.000	279.000
805.000	312.000
806.000	288.000
807.000	289.000
808.000	323.000
809.000	300.000
810.000	296.000
811.000	321.000
812.000	321.000
813.000	312.000
814.000	350.000
815.000	339.000
816.000	308.000
817.000	298.000
818.000	308.000
819.000	283.000
820.000	325.000
821.000	305.000
822.000	317.000
823.000	304.000
824.000	286.000
825.000	318.000
826.000	301.000
827.000	332.000
828.000	316.000
829.000	323.000
830.000	311.000
831.000	341.000
832.000	300.000
833.000	317.000
834.000	334.000
835.000	309.000
836.000	306.000
837.000	323.000
838.000	332.000
839.000	291.000
840.000	322.000
841.000	321.000
842.000	324.000
843.000	326.000
844.000	370.000
845.000	361.000
846.000	326.000
847.000	324.000
848.000	330.000
849.000	356.000
850.000	361.000
851.000	376.000
852.000	326.000
853.000	371.000
854.000	375.000
855.000	343.000
856.000	362.000
857.000	385.000
858.000	369.000
859.000	372.000
860.000	393.000
861.000	413.000
862.000	402.000
863.000	403.000
864.000	413.000
865.000	406.000
866.000	409.000
867.000	441.000
868.000	420.000
869.000	455.000
870.000	453.000
871.000	470.000
872.000	493.000
873.000	505.000
874.000	534.000
875.000	539.000
876.000	567.000
877.000	579.000
878.000	583.000
879.000	670.000
880.000	685.000
881.000	703.000
882.000	772.000
883.000	799.000
884.000	893.000
885.000	924.000
886.000	1015.000
887.000	975.000
888.000	1103.000
889.000	1101.000
890.000	1204.000
891.000	1209.000
892.000	1281.000
893.000	1433.000
894.000	1362.000
895.000	1456.000
896.000	1541.000
897.000	1553.000
898.000	1534.000
899.000	1559.000
900.000	1597.000
901.000	1611.000
902.000	1538.000
903.000	1536.000
904.000	1538.000
905.000	1474.000
906.000	1479.000
907.000	1396.000
908.000	1299.000
909.000	1262.000
910.000	1207.000
911.000	1175.000
912.000	1114.000
913.000	1048.000
914.000	926.000
915.000	969.000
916.000	849.000
917.000	831.000
918.000	762.000
919.000	774.000
920.000	683.000
921.000	638.000
922.000	599.000
923.000	576.000
924.000	546.000
925.000	501.000
926.000	467.000
927.000	490.000
928.000	436.000
929.000	471.000
930.000	401.000
931.000	450.000
932.000	440.000
933.000	413.000
934.000	373.000
935.000	364.000
936.000	393.000
937.000	350.000
938.000	340.000
939.000	383.000
940.000	374.000
941.000	443.000
942.000	440.000
943.000	460.000
944.000	521.000
945.000	516.000
946.000	568.000
947.000	623.000
948.000	680.000
949.000	709.000
950.000	809.000
951.000	807.000
952.000	791.000
953.000	848.000
954.000	843.000
955.000	830.000
956.000	784.000
957.000	732.000
958.000	671.000
959.000	587.000
960.000	544.000
961.000	485.000
962.000	465.000
963.000	428.000
964.000	371.000
965.000	366.000
966.000	319.000
967.000	316.000
968.000	290.000
969.000	266.000
970.000	280.000
971.000	327.000
972.000	280.000
973.000	309.000
974.000	295.000
975.000	290.000
976.000	301.000
977.000	322.000
978.000	338.000
979.000	310.000
980.000	333.000
981.000	305.000
982.000	326.000
983.000	351.000
984.000	331.000
985.000	345.000
986.000	365.000
987.000	347.000
988.000	354.000
989.000	342.000
990.000	391.000
991.000	363.000
992.000	387.000
993.000	406.000
994.000	403.000
995.000	371.000
996.000	425.000
997.000	407.000
998.000	418.000
999.000	460.000
1000.000	430.000
1001.000	461.000
1002.000	465.000
1003.000	448.000
1004.000	440.000
1005.000	438.000
1006.000	466.000
1007.000	456.000
1008.000	441.000
1009.000	456.000
1010.000	448.000
1011.000	448.000
1012.000	414.000
1013.000	406.000
1014.000	364.000
1015.000	386.000
1016.000	401.000
1017.000	364.000
1018.000	354.000
1019.000	305.000
1020.000	354.000
1021.000	321.000
1022.000	302.000
1023.000	289.000
1024.000	293.000
