Date:	8/19/2008		Time:	9:59 AM		Version no:	0.00		Project name:	55		Sample name:	222		Section name:	section		Position	884.039995	mm	E0	0.000000	keV	E1	1.000000	keV/channel	sample surface	7.804107	cm	Tube anode:	Mo		Tube voltage:	30	kV	Tube current:	50	mA	gain	20		std. database			resultfile	result		matrix element	11		sample thickness	1.000000		air passage	0.560000	cm	comments	in position		peaking_time	3.000000	m-sec	trigger_threshold	1229.166667	V	mca_bin_width	22.090000	no:	number_mca_channels	1024.000000	no:	gap_time	0.400000	m-sec	trigger_peaking_time	0.150000	m-sec	GAINDAC	9455		HIGHGAIN	1		TAURC	0		RCTAU	53		RCTAUFRAC	32768		livetime	9.680278	seconds	runtime	10.000502	seconds	input_count_rate	30.354708	cps	output_count_rate	22.751959	cps	triggers	293842	seconds	events_in_run	227531	seconds	channel	content		1.000	0.000
2.000	0.000
3.000	0.000
4.000	0.000
5.000	0.000
6.000	0.000
7.000	0.000
8.000	0.000
9.000	0.000
10.000	0.000
11.000	0.000
12.000	0.000
13.000	0.000
14.000	0.000
15.000	0.000
16.000	0.000
17.000	0.000
18.000	0.000
19.000	0.000
20.000	0.000
21.000	0.000
22.000	0.000
23.000	0.000
24.000	0.000
25.000	0.000
26.000	0.000
27.000	0.000
28.000	0.000
29.000	0.000
30.000	0.000
31.000	0.000
32.000	1.000
33.000	0.000
34.000	1.000
35.000	0.000
36.000	2.000
37.000	4.000
38.000	3.000
39.000	2.000
40.000	3.000
41.000	4.000
42.000	3.000
43.000	4.000
44.000	3.000
45.000	8.000
46.000	9.000
47.000	1.000
48.000	10.000
49.000	10.000
50.000	6.000
51.000	7.000
52.000	8.000
53.000	10.000
54.000	15.000
55.000	10.000
56.000	15.000
57.000	8.000
58.000	5.000
59.000	12.000
60.000	8.000
61.000	8.000
62.000	7.000
63.000	7.000
64.000	11.000
65.000	9.000
66.000	7.000
67.000	5.000
68.000	13.000
69.000	10.000
70.000	10.000
71.000	7.000
72.000	4.000
73.000	7.000
74.000	6.000
75.000	9.000
76.000	12.000
77.000	8.000
78.000	12.000
79.000	10.000
80.000	8.000
81.000	7.000
82.000	7.000
83.000	10.000
84.000	14.000
85.000	7.000
86.000	6.000
87.000	8.000
88.000	10.000
89.000	8.000
90.000	9.000
91.000	11.000
92.000	7.000
93.000	5.000
94.000	10.000
95.000	5.000
96.000	14.000
97.000	7.000
98.000	6.000
99.000	8.000
100.000	9.000
101.000	8.000
102.000	8.000
103.000	6.000
104.000	5.000
105.000	6.000
106.000	10.000
107.000	9.000
108.000	18.000
109.000	7.000
110.000	4.000
111.000	6.000
112.000	11.000
113.000	5.000
114.000	4.000
115.000	13.000
116.000	7.000
117.000	3.000
118.000	4.000
119.000	1.000
120.000	7.000
121.000	6.000
122.000	6.000
123.000	5.000
124.000	7.000
125.000	14.000
126.000	14.000
127.000	9.000
128.000	11.000
129.000	9.000
130.000	8.000
131.000	3.000
132.000	3.000
133.000	6.000
134.000	3.000
135.000	3.000
136.000	6.000
137.000	5.000
138.000	3.000
139.000	4.000
140.000	2.000
141.000	6.000
142.000	4.000
143.000	4.000
144.000	1.000
145.000	9.000
146.000	4.000
147.000	3.000
148.000	3.000
149.000	2.000
150.000	7.000
151.000	5.000
152.000	8.000
153.000	3.000
154.000	7.000
155.000	5.000
156.000	5.000
157.000	4.000
158.000	2.000
159.000	5.000
160.000	5.000
161.000	3.000
162.000	14.000
163.000	15.000
164.000	5.000
165.000	9.000
166.000	8.000
167.000	5.000
168.000	2.000
169.000	6.000
170.000	6.000
171.000	3.000
172.000	7.000
173.000	1.000
174.000	10.000
175.000	7.000
176.000	5.000
177.000	2.000
178.000	9.000
179.000	9.000
180.000	11.000
181.000	16.000
182.000	9.000
183.000	12.000
184.000	13.000
185.000	7.000
186.000	7.000
187.000	4.000
188.000	4.000
189.000	5.000
190.000	3.000
191.000	5.000
192.000	6.000
193.000	2.000
194.000	8.000
195.000	3.000
196.000	8.000
197.000	9.000
198.000	15.000
199.000	10.000
200.000	22.000
201.000	29.000
202.000	34.000
203.000	32.000
204.000	27.000
205.000	26.000
206.000	18.000
207.000	12.000
208.000	10.000
209.000	11.000
210.000	5.000
211.000	5.000
212.000	6.000
213.000	6.000
214.000	3.000
215.000	1.000
216.000	5.000
217.000	6.000
218.000	6.000
219.000	10.000
220.000	6.000
221.000	11.000
222.000	7.000
223.000	5.000
224.000	5.000
225.000	2.000
226.000	2.000
227.000	4.000
228.000	8.000
229.000	3.000
230.000	1.000
231.000	2.000
232.000	3.000
233.000	0.000
234.000	6.000
235.000	5.000
236.000	4.000
237.000	5.000
238.000	3.000
239.000	5.000
240.000	3.000
241.000	9.000
242.000	2.000
243.000	6.000
244.000	14.000
245.000	13.000
246.000	18.000
247.000	17.000
248.000	12.000
249.000	11.000
250.000	13.000
251.000	9.000
252.000	12.000
253.000	8.000
254.000	5.000
255.000	5.000
256.000	12.000
257.000	8.000
258.000	6.000
259.000	6.000
260.000	4.000
261.000	6.000
262.000	5.000
263.000	2.000
264.000	6.000
265.000	2.000
266.000	10.000
267.000	3.000
268.000	6.000
269.000	9.000
270.000	7.000
271.000	12.000
272.000	8.000
273.000	5.000
274.000	6.000
275.000	7.000
276.000	7.000
277.000	7.000
278.000	5.000
279.000	5.000
280.000	5.000
281.000	3.000
282.000	5.000
283.000	4.000
284.000	12.000
285.000	8.000
286.000	6.000
287.000	7.000
288.000	10.000
289.000	4.000
290.000	5.000
291.000	5.000
292.000	11.000
293.000	5.000
294.000	12.000
295.000	10.000
296.000	15.000
297.000	8.000
298.000	9.000
299.000	7.000
300.000	11.000
301.000	14.000
302.000	3.000
303.000	7.000
304.000	9.000
305.000	11.000
306.000	12.000
307.000	8.000
308.000	3.000
309.000	10.000
310.000	3.000
311.000	11.000
312.000	13.000
313.000	11.000
314.000	9.000
315.000	7.000
316.000	20.000
317.000	19.000
318.000	24.000
319.000	34.000
320.000	48.000
321.000	51.000
322.000	61.000
323.000	56.000
324.000	56.000
325.000	59.000
326.000	44.000
327.000	45.000
328.000	30.000
329.000	24.000
330.000	15.000
331.000	13.000
332.000	14.000
333.000	19.000
334.000	18.000
335.000	16.000
336.000	17.000
337.000	13.000
338.000	17.000
339.000	21.000
340.000	38.000
341.000	48.000
342.000	69.000
343.000	123.000
344.000	231.000
345.000	303.000
346.000	432.000
347.000	629.000
348.000	736.000
349.000	958.000
350.000	1005.000
351.000	1012.000
352.000	1019.000
353.000	840.000
354.000	679.000
355.000	520.000
356.000	389.000
357.000	221.000
358.000	143.000
359.000	80.000
360.000	45.000
361.000	21.000
362.000	27.000
363.000	25.000
364.000	19.000
365.000	16.000
366.000	17.000
367.000	19.000
368.000	26.000
369.000	23.000
370.000	22.000
371.000	17.000
372.000	26.000
373.000	17.000
374.000	20.000
375.000	16.000
376.000	28.000
377.000	35.000
378.000	36.000
379.000	39.000
380.000	68.000
381.000	75.000
382.000	105.000
383.000	133.000
384.000	163.000
385.000	159.000
386.000	183.000
387.000	188.000
388.000	169.000
389.000	181.000
390.000	138.000
391.000	86.000
392.000	68.000
393.000	63.000
394.000	34.000
395.000	23.000
396.000	29.000
397.000	30.000
398.000	29.000
399.000	22.000
400.000	27.000
401.000	25.000
402.000	26.000
403.000	31.000
404.000	23.000
405.000	24.000
406.000	21.000
407.000	34.000
408.000	35.000
409.000	24.000
410.000	30.000
411.000	23.000
412.000	35.000
413.000	19.000
414.000	18.000
415.000	29.000
416.000	25.000
417.000	30.000
418.000	32.000
419.000	18.000
420.000	21.000
421.000	36.000
422.000	41.000
423.000	39.000
424.000	19.000
425.000	23.000
426.000	26.000
427.000	34.000
428.000	34.000
429.000	31.000
430.000	34.000
431.000	31.000
432.000	35.000
433.000	35.000
434.000	41.000
435.000	32.000
436.000	50.000
437.000	45.000
438.000	31.000
439.000	38.000
440.000	30.000
441.000	42.000
442.000	44.000
443.000	26.000
444.000	41.000
445.000	41.000
446.000	47.000
447.000	33.000
448.000	46.000
449.000	54.000
450.000	42.000
451.000	34.000
452.000	47.000
453.000	53.000
454.000	45.000
455.000	36.000
456.000	36.000
457.000	40.000
458.000	57.000
459.000	48.000
460.000	50.000
461.000	48.000
462.000	45.000
463.000	57.000
464.000	57.000
465.000	55.000
466.000	45.000
467.000	56.000
468.000	48.000
469.000	57.000
470.000	56.000
471.000	57.000
472.000	62.000
473.000	55.000
474.000	53.000
475.000	62.000
476.000	50.000
477.000	51.000
478.000	66.000
479.000	56.000
480.000	57.000
481.000	68.000
482.000	61.000
483.000	57.000
484.000	48.000
485.000	54.000
486.000	55.000
487.000	61.000
488.000	69.000
489.000	59.000
490.000	56.000
491.000	67.000
492.000	71.000
493.000	67.000
494.000	50.000
495.000	56.000
496.000	56.000
497.000	67.000
498.000	61.000
499.000	63.000
500.000	75.000
501.000	83.000
502.000	90.000
503.000	88.000
504.000	80.000
505.000	64.000
506.000	75.000
507.000	65.000
508.000	89.000
509.000	82.000
510.000	65.000
511.000	95.000
512.000	98.000
513.000	71.000
514.000	90.000
515.000	75.000
516.000	68.000
517.000	91.000
518.000	86.000
519.000	77.000
520.000	70.000
521.000	89.000
522.000	73.000
523.000	90.000
524.000	105.000
525.000	86.000
526.000	111.000
527.000	102.000
528.000	113.000
529.000	99.000
530.000	93.000
531.000	97.000
532.000	85.000
533.000	114.000
534.000	91.000
535.000	115.000
536.000	102.000
537.000	71.000
538.000	103.000
539.000	93.000
540.000	108.000
541.000	87.000
542.000	108.000
543.000	96.000
544.000	106.000
545.000	107.000
546.000	99.000
547.000	103.000
548.000	101.000
549.000	99.000
550.000	117.000
551.000	93.000
552.000	99.000
553.000	109.000
554.000	118.000
555.000	122.000
556.000	102.000
557.000	102.000
558.000	110.000
559.000	111.000
560.000	118.000
561.000	118.000
562.000	100.000
563.000	118.000
564.000	107.000
565.000	95.000
566.000	109.000
567.000	125.000
568.000	112.000
569.000	132.000
570.000	126.000
571.000	125.000
572.000	111.000
573.000	131.000
574.000	147.000
575.000	121.000
576.000	122.000
577.000	130.000
578.000	107.000
579.000	130.000
580.000	122.000
581.000	139.000
582.000	130.000
583.000	140.000
584.000	125.000
585.000	134.000
586.000	124.000
587.000	142.000
588.000	126.000
589.000	143.000
590.000	139.000
591.000	145.000
592.000	146.000
593.000	158.000
594.000	154.000
595.000	149.000
596.000	130.000
597.000	140.000
598.000	157.000
599.000	166.000
600.000	149.000
601.000	131.000
602.000	152.000
603.000	157.000
604.000	155.000
605.000	158.000
606.000	161.000
607.000	149.000
608.000	155.000
609.000	190.000
610.000	157.000
611.000	157.000
612.000	162.000
613.000	197.000
614.000	156.000
615.000	170.000
616.000	166.000
617.000	177.000
618.000	143.000
619.000	162.000
620.000	199.000
621.000	158.000
622.000	198.000
623.000	151.000
624.000	165.000
625.000	178.000
626.000	171.000
627.000	170.000
628.000	168.000
629.000	180.000
630.000	180.000
631.000	171.000
632.000	175.000
633.000	178.000
634.000	166.000
635.000	155.000
636.000	160.000
637.000	158.000
638.000	184.000
639.000	168.000
640.000	175.000
641.000	195.000
642.000	196.000
643.000	201.000
644.000	188.000
645.000	193.000
646.000	203.000
647.000	193.000
648.000	206.000
649.000	188.000
650.000	197.000
651.000	196.000
652.000	187.000
653.000	218.000
654.000	193.000
655.000	196.000
656.000	184.000
657.000	174.000
658.000	185.000
659.000	225.000
660.000	189.000
661.000	185.000
662.000	176.000
663.000	200.000
664.000	191.000
665.000	188.000
666.000	192.000
667.000	209.000
668.000	216.000
669.000	219.000
670.000	200.000
671.000	205.000
672.000	208.000
673.000	211.000
674.000	196.000
675.000	214.000
676.000	191.000
677.000	221.000
678.000	197.000
679.000	189.000
680.000	207.000
681.000	192.000
682.000	196.000
683.000	209.000
684.000	219.000
685.000	221.000
686.000	186.000
687.000	229.000
688.000	216.000
689.000	231.000
690.000	234.000
691.000	227.000
692.000	240.000
693.000	227.000
694.000	243.000
695.000	255.000
696.000	220.000
697.000	218.000
698.000	226.000
699.000	238.000
700.000	228.000
701.000	215.000
702.000	210.000
703.000	207.000
704.000	261.000
705.000	237.000
706.000	248.000
707.000	257.000
708.000	242.000
709.000	238.000
710.000	230.000
711.000	220.000
712.000	224.000
713.000	251.000
714.000	226.000
715.000	231.000
716.000	222.000
717.000	225.000
718.000	226.000
719.000	218.000
720.000	259.000
721.000	233.000
722.000	251.000
723.000	268.000
724.000	240.000
725.000	262.000
726.000	237.000
727.000	266.000
728.000	227.000
729.000	227.000
730.000	261.000
731.000	269.000
732.000	278.000
733.000	258.000
734.000	235.000
735.000	267.000
736.000	276.000
737.000	286.000
738.000	254.000
739.000	250.000
740.000	266.000
741.000	264.000
742.000	257.000
743.000	275.000
744.000	260.000
745.000	265.000
746.000	257.000
747.000	247.000
748.000	256.000
749.000	241.000
750.000	232.000
751.000	259.000
752.000	265.000
753.000	269.000
754.000	260.000
755.000	240.000
756.000	277.000
757.000	258.000
758.000	256.000
759.000	238.000
760.000	264.000
761.000	247.000
762.000	259.000
763.000	257.000
764.000	281.000
765.000	259.000
766.000	285.000
767.000	271.000
768.000	297.000
769.000	288.000
770.000	281.000
771.000	285.000
772.000	281.000
773.000	329.000
774.000	311.000
775.000	297.000
776.000	308.000
777.000	307.000
778.000	266.000
779.000	261.000
780.000	285.000
781.000	276.000
782.000	300.000
783.000	279.000
784.000	286.000
785.000	255.000
786.000	289.000
787.000	270.000
788.000	260.000
789.000	280.000
790.000	323.000
791.000	244.000
792.000	278.000
793.000	292.000
794.000	239.000
795.000	298.000
796.000	304.000
797.000	276.000
798.000	287.000
799.000	285.000
800.000	286.000
801.000	314.000
802.000	290.000
803.000	292.000
804.000	312.000
805.000	300.000
806.000	293.000
807.000	297.000
808.000	315.000
809.000	286.000
810.000	287.000
811.000	272.000
812.000	303.000
813.000	313.000
814.000	291.000
815.000	324.000
816.000	284.000
817.000	288.000
818.000	297.000
819.000	311.000
820.000	291.000
821.000	296.000
822.000	285.000
823.000	305.000
824.000	295.000
825.000	306.000
826.000	301.000
827.000	277.000
828.000	318.000
829.000	317.000
830.000	304.000
831.000	287.000
832.000	336.000
833.000	332.000
834.000	322.000
835.000	312.000
836.000	328.000
837.000	318.000
838.000	291.000
839.000	299.000
840.000	314.000
841.000	321.000
842.000	320.000
843.000	335.000
844.000	308.000
845.000	327.000
846.000	335.000
847.000	314.000
848.000	330.000
849.000	372.000
850.000	383.000
851.000	348.000
852.000	329.000
853.000	331.000
854.000	338.000
855.000	336.000
856.000	383.000
857.000	366.000
858.000	368.000
859.000	384.000
860.000	380.000
861.000	391.000
862.000	342.000
863.000	415.000
864.000	398.000
865.000	414.000
866.000	433.000
867.000	397.000
868.000	431.000
869.000	427.000
870.000	427.000
871.000	445.000
872.000	465.000
873.000	497.000
874.000	473.000
875.000	526.000
876.000	532.000
877.000	551.000
878.000	557.000
879.000	604.000
880.000	612.000
881.000	683.000
882.000	690.000
883.000	749.000
884.000	789.000
885.000	834.000
886.000	894.000
887.000	967.000
888.000	1006.000
889.000	1080.000
890.000	1153.000
891.000	1124.000
892.000	1300.000
893.000	1313.000
894.000	1377.000
895.000	1399.000
896.000	1448.000
897.000	1426.000
898.000	1501.000
899.000	1533.000
900.000	1466.000
901.000	1467.000
902.000	1461.000
903.000	1447.000
904.000	1436.000
905.000	1434.000
906.000	1398.000
907.000	1340.000
908.000	1302.000
909.000	1255.000
910.000	1148.000
911.000	1142.000
912.000	1118.000
913.000	965.000
914.000	1003.000
915.000	953.000
916.000	815.000
917.000	829.000
918.000	746.000
919.000	713.000
920.000	634.000
921.000	649.000
922.000	594.000
923.000	559.000
924.000	547.000
925.000	507.000
926.000	499.000
927.000	435.000
928.000	452.000
929.000	439.000
930.000	423.000
931.000	380.000
932.000	367.000
933.000	404.000
934.000	352.000
935.000	343.000
936.000	378.000
937.000	382.000
938.000	372.000
939.000	396.000
940.000	394.000
941.000	388.000
942.000	373.000
943.000	436.000
944.000	410.000
945.000	546.000
946.000	570.000
947.000	557.000
948.000	608.000
949.000	685.000
950.000	758.000
951.000	763.000
952.000	747.000
953.000	811.000
954.000	820.000
955.000	787.000
956.000	755.000
957.000	697.000
958.000	672.000
959.000	636.000
960.000	530.000
961.000	526.000
962.000	428.000
963.000	417.000
964.000	393.000
965.000	351.000
966.000	332.000
967.000	303.000
968.000	303.000
969.000	287.000
970.000	261.000
971.000	297.000
972.000	293.000
973.000	292.000
974.000	268.000
975.000	266.000
976.000	305.000
977.000	306.000
978.000	301.000
979.000	324.000
980.000	305.000
981.000	282.000
982.000	311.000
983.000	313.000
984.000	298.000
985.000	316.000
986.000	343.000
987.000	339.000
988.000	355.000
989.000	334.000
990.000	364.000
991.000	394.000
992.000	363.000
993.000	378.000
994.000	320.000
995.000	399.000
996.000	440.000
997.000	385.000
998.000	406.000
999.000	413.000
1000.000	392.000
1001.000	407.000
1002.000	448.000
1003.000	466.000
1004.000	411.000
1005.000	462.000
1006.000	452.000
1007.000	446.000
1008.000	430.000
1009.000	437.000
1010.000	418.000
1011.000	406.000
1012.000	393.000
1013.000	366.000
1014.000	360.000
1015.000	388.000
1016.000	346.000
1017.000	362.000
1018.000	326.000
1019.000	323.000
1020.000	304.000
1021.000	297.000
1022.000	291.000
1023.000	264.000
1024.000	290.000
