Date:	8/19/2008		Time:	8:37 AM		Version no:	0.00		Project name:	55		Sample name:	222		Section name:	section		Position	18.039995	mm	E0	0.000000	keV	E1	1.000000	keV/channel	sample surface	7.645094	cm	Tube anode:	Mo		Tube voltage:	30	kV	Tube current:	50	mA	gain	20		std. database			resultfile	result		matrix element	11		sample thickness	1.000000		air passage	0.560000	cm	comments	not in position		peaking_time	3.000000	m-sec	trigger_threshold	1229.166667	V	mca_bin_width	22.090000	no:	number_mca_channels	1024.000000	no:	gap_time	0.400000	m-sec	trigger_peaking_time	0.150000	m-sec	GAINDAC	9455		HIGHGAIN	1		TAURC	0		RCTAU	53		RCTAUFRAC	32768		livetime	9.669119	seconds	runtime	10.000503	seconds	input_count_rate	30.919569	cps	output_count_rate	23.140436	cps	triggers	298965	seconds	events_in_run	231416	seconds	channel	content		1.000	0.000
2.000	0.000
3.000	0.000
4.000	0.000
5.000	0.000
6.000	0.000
7.000	0.000
8.000	0.000
9.000	0.000
10.000	0.000
11.000	0.000
12.000	0.000
13.000	0.000
14.000	0.000
15.000	0.000
16.000	0.000
17.000	0.000
18.000	0.000
19.000	0.000
20.000	0.000
21.000	0.000
22.000	0.000
23.000	0.000
24.000	0.000
25.000	0.000
26.000	0.000
27.000	0.000
28.000	0.000
29.000	0.000
30.000	0.000
31.000	0.000
32.000	1.000
33.000	1.000
34.000	0.000
35.000	3.000
36.000	1.000
37.000	2.000
38.000	1.000
39.000	5.000
40.000	2.000
41.000	4.000
42.000	2.000
43.000	2.000
44.000	4.000
45.000	4.000
46.000	7.000
47.000	5.000
48.000	7.000
49.000	9.000
50.000	7.000
51.000	9.000
52.000	8.000
53.000	7.000
54.000	11.000
55.000	8.000
56.000	11.000
57.000	11.000
58.000	8.000
59.000	14.000
60.000	20.000
61.000	12.000
62.000	16.000
63.000	10.000
64.000	10.000
65.000	10.000
66.000	6.000
67.000	6.000
68.000	8.000
69.000	10.000
70.000	11.000
71.000	15.000
72.000	11.000
73.000	10.000
74.000	10.000
75.000	11.000
76.000	8.000
77.000	14.000
78.000	15.000
79.000	10.000
80.000	8.000
81.000	11.000
82.000	7.000
83.000	14.000
84.000	8.000
85.000	10.000
86.000	11.000
87.000	7.000
88.000	13.000
89.000	9.000
90.000	8.000
91.000	8.000
92.000	5.000
93.000	6.000
94.000	15.000
95.000	11.000
96.000	13.000
97.000	11.000
98.000	14.000
99.000	7.000
100.000	4.000
101.000	10.000
102.000	10.000
103.000	7.000
104.000	8.000
105.000	10.000
106.000	7.000
107.000	6.000
108.000	9.000
109.000	4.000
110.000	6.000
111.000	3.000
112.000	8.000
113.000	4.000
114.000	9.000
115.000	9.000
116.000	9.000
117.000	6.000
118.000	6.000
119.000	7.000
120.000	4.000
121.000	7.000
122.000	5.000
123.000	3.000
124.000	10.000
125.000	7.000
126.000	9.000
127.000	12.000
128.000	7.000
129.000	4.000
130.000	13.000
131.000	5.000
132.000	6.000
133.000	8.000
134.000	6.000
135.000	6.000
136.000	5.000
137.000	6.000
138.000	8.000
139.000	8.000
140.000	7.000
141.000	4.000
142.000	3.000
143.000	4.000
144.000	2.000
145.000	9.000
146.000	5.000
147.000	2.000
148.000	7.000
149.000	2.000
150.000	6.000
151.000	4.000
152.000	5.000
153.000	5.000
154.000	3.000
155.000	3.000
156.000	4.000
157.000	6.000
158.000	9.000
159.000	7.000
160.000	7.000
161.000	9.000
162.000	8.000
163.000	6.000
164.000	6.000
165.000	12.000
166.000	5.000
167.000	5.000
168.000	7.000
169.000	5.000
170.000	9.000
171.000	4.000
172.000	2.000
173.000	3.000
174.000	8.000
175.000	4.000
176.000	7.000
177.000	7.000
178.000	9.000
179.000	7.000
180.000	8.000
181.000	10.000
182.000	9.000
183.000	6.000
184.000	8.000
185.000	4.000
186.000	7.000
187.000	3.000
188.000	3.000
189.000	3.000
190.000	3.000
191.000	3.000
192.000	5.000
193.000	5.000
194.000	5.000
195.000	3.000
196.000	6.000
197.000	5.000
198.000	7.000
199.000	10.000
200.000	15.000
201.000	18.000
202.000	24.000
203.000	25.000
204.000	12.000
205.000	19.000
206.000	19.000
207.000	5.000
208.000	11.000
209.000	1.000
210.000	5.000
211.000	2.000
212.000	3.000
213.000	2.000
214.000	7.000
215.000	6.000
216.000	2.000
217.000	4.000
218.000	6.000
219.000	9.000
220.000	6.000
221.000	4.000
222.000	3.000
223.000	3.000
224.000	7.000
225.000	5.000
226.000	2.000
227.000	3.000
228.000	4.000
229.000	7.000
230.000	4.000
231.000	9.000
232.000	4.000
233.000	2.000
234.000	3.000
235.000	1.000
236.000	3.000
237.000	6.000
238.000	3.000
239.000	4.000
240.000	5.000
241.000	5.000
242.000	4.000
243.000	5.000
244.000	5.000
245.000	10.000
246.000	14.000
247.000	11.000
248.000	7.000
249.000	10.000
250.000	14.000
251.000	12.000
252.000	8.000
253.000	5.000
254.000	6.000
255.000	6.000
256.000	5.000
257.000	5.000
258.000	7.000
259.000	6.000
260.000	8.000
261.000	5.000
262.000	3.000
263.000	6.000
264.000	7.000
265.000	6.000
266.000	5.000
267.000	6.000
268.000	8.000
269.000	9.000
270.000	8.000
271.000	9.000
272.000	3.000
273.000	8.000
274.000	6.000
275.000	7.000
276.000	5.000
277.000	2.000
278.000	0.000
279.000	5.000
280.000	6.000
281.000	2.000
282.000	6.000
283.000	8.000
284.000	5.000
285.000	3.000
286.000	3.000
287.000	7.000
288.000	4.000
289.000	7.000
290.000	5.000
291.000	5.000
292.000	7.000
293.000	4.000
294.000	6.000
295.000	8.000
296.000	10.000
297.000	7.000
298.000	9.000
299.000	13.000
300.000	11.000
301.000	6.000
302.000	6.000
303.000	6.000
304.000	8.000
305.000	6.000
306.000	2.000
307.000	5.000
308.000	7.000
309.000	7.000
310.000	6.000
311.000	8.000
312.000	14.000
313.000	11.000
314.000	13.000
315.000	4.000
316.000	10.000
317.000	17.000
318.000	24.000
319.000	23.000
320.000	28.000
321.000	46.000
322.000	30.000
323.000	44.000
324.000	39.000
325.000	37.000
326.000	30.000
327.000	30.000
328.000	16.000
329.000	22.000
330.000	17.000
331.000	16.000
332.000	12.000
333.000	6.000
334.000	8.000
335.000	12.000
336.000	8.000
337.000	8.000
338.000	12.000
339.000	10.000
340.000	19.000
341.000	29.000
342.000	54.000
343.000	75.000
344.000	111.000
345.000	174.000
346.000	277.000
347.000	347.000
348.000	438.000
349.000	565.000
350.000	546.000
351.000	600.000
352.000	556.000
353.000	465.000
354.000	373.000
355.000	278.000
356.000	193.000
357.000	120.000
358.000	79.000
359.000	56.000
360.000	21.000
361.000	34.000
362.000	14.000
363.000	13.000
364.000	15.000
365.000	15.000
366.000	16.000
367.000	21.000
368.000	21.000
369.000	23.000
370.000	30.000
371.000	19.000
372.000	11.000
373.000	21.000
374.000	17.000
375.000	27.000
376.000	21.000
377.000	22.000
378.000	23.000
379.000	28.000
380.000	43.000
381.000	47.000
382.000	62.000
383.000	74.000
384.000	98.000
385.000	119.000
386.000	135.000
387.000	122.000
388.000	119.000
389.000	86.000
390.000	71.000
391.000	48.000
392.000	63.000
393.000	39.000
394.000	30.000
395.000	25.000
396.000	25.000
397.000	23.000
398.000	16.000
399.000	16.000
400.000	23.000
401.000	24.000
402.000	21.000
403.000	27.000
404.000	18.000
405.000	23.000
406.000	33.000
407.000	31.000
408.000	15.000
409.000	23.000
410.000	24.000
411.000	23.000
412.000	32.000
413.000	33.000
414.000	27.000
415.000	32.000
416.000	21.000
417.000	22.000
418.000	27.000
419.000	22.000
420.000	32.000
421.000	32.000
422.000	24.000
423.000	26.000
424.000	35.000
425.000	33.000
426.000	33.000
427.000	31.000
428.000	28.000
429.000	24.000
430.000	30.000
431.000	30.000
432.000	29.000
433.000	29.000
434.000	32.000
435.000	38.000
436.000	32.000
437.000	29.000
438.000	36.000
439.000	42.000
440.000	36.000
441.000	31.000
442.000	51.000
443.000	32.000
444.000	33.000
445.000	35.000
446.000	50.000
447.000	35.000
448.000	47.000
449.000	42.000
450.000	41.000
451.000	49.000
452.000	39.000
453.000	49.000
454.000	58.000
455.000	32.000
456.000	28.000
457.000	59.000
458.000	28.000
459.000	54.000
460.000	46.000
461.000	50.000
462.000	42.000
463.000	37.000
464.000	34.000
465.000	37.000
466.000	50.000
467.000	56.000
468.000	54.000
469.000	50.000
470.000	64.000
471.000	57.000
472.000	57.000
473.000	54.000
474.000	57.000
475.000	42.000
476.000	49.000
477.000	53.000
478.000	56.000
479.000	71.000
480.000	44.000
481.000	45.000
482.000	59.000
483.000	51.000
484.000	62.000
485.000	50.000
486.000	61.000
487.000	61.000
488.000	61.000
489.000	48.000
490.000	62.000
491.000	56.000
492.000	65.000
493.000	71.000
494.000	57.000
495.000	61.000
496.000	56.000
497.000	57.000
498.000	64.000
499.000	63.000
500.000	79.000
501.000	73.000
502.000	71.000
503.000	58.000
504.000	63.000
505.000	78.000
506.000	58.000
507.000	77.000
508.000	66.000
509.000	66.000
510.000	68.000
511.000	75.000
512.000	72.000
513.000	80.000
514.000	72.000
515.000	78.000
516.000	80.000
517.000	88.000
518.000	83.000
519.000	78.000
520.000	79.000
521.000	76.000
522.000	86.000
523.000	87.000
524.000	104.000
525.000	87.000
526.000	97.000
527.000	78.000
528.000	86.000
529.000	83.000
530.000	88.000
531.000	96.000
532.000	82.000
533.000	100.000
534.000	92.000
535.000	89.000
536.000	83.000
537.000	96.000
538.000	103.000
539.000	82.000
540.000	104.000
541.000	80.000
542.000	81.000
543.000	78.000
544.000	93.000
545.000	94.000
546.000	88.000
547.000	112.000
548.000	113.000
549.000	104.000
550.000	100.000
551.000	97.000
552.000	93.000
553.000	110.000
554.000	97.000
555.000	91.000
556.000	88.000
557.000	95.000
558.000	97.000
559.000	101.000
560.000	105.000
561.000	102.000
562.000	123.000
563.000	109.000
564.000	112.000
565.000	117.000
566.000	117.000
567.000	109.000
568.000	109.000
569.000	133.000
570.000	146.000
571.000	114.000
572.000	124.000
573.000	110.000
574.000	121.000
575.000	124.000
576.000	128.000
577.000	134.000
578.000	120.000
579.000	113.000
580.000	134.000
581.000	109.000
582.000	123.000
583.000	119.000
584.000	155.000
585.000	134.000
586.000	120.000
587.000	133.000
588.000	124.000
589.000	137.000
590.000	132.000
591.000	121.000
592.000	129.000
593.000	165.000
594.000	108.000
595.000	133.000
596.000	135.000
597.000	134.000
598.000	140.000
599.000	132.000
600.000	155.000
601.000	172.000
602.000	133.000
603.000	145.000
604.000	145.000
605.000	150.000
606.000	159.000
607.000	172.000
608.000	126.000
609.000	165.000
610.000	141.000
611.000	170.000
612.000	166.000
613.000	171.000
614.000	181.000
615.000	163.000
616.000	142.000
617.000	180.000
618.000	164.000
619.000	180.000
620.000	176.000
621.000	160.000
622.000	159.000
623.000	177.000
624.000	152.000
625.000	168.000
626.000	189.000
627.000	166.000
628.000	185.000
629.000	194.000
630.000	181.000
631.000	178.000
632.000	182.000
633.000	182.000
634.000	175.000
635.000	163.000
636.000	180.000
637.000	181.000
638.000	189.000
639.000	172.000
640.000	168.000
641.000	201.000
642.000	185.000
643.000	177.000
644.000	202.000
645.000	175.000
646.000	179.000
647.000	199.000
648.000	193.000
649.000	207.000
650.000	219.000
651.000	193.000
652.000	209.000
653.000	190.000
654.000	221.000
655.000	207.000
656.000	194.000
657.000	200.000
658.000	209.000
659.000	206.000
660.000	192.000
661.000	206.000
662.000	198.000
663.000	207.000
664.000	200.000
665.000	196.000
666.000	213.000
667.000	215.000
668.000	207.000
669.000	247.000
670.000	197.000
671.000	181.000
672.000	166.000
673.000	212.000
674.000	197.000
675.000	215.000
676.000	213.000
677.000	219.000
678.000	220.000
679.000	201.000
680.000	231.000
681.000	212.000
682.000	203.000
683.000	233.000
684.000	227.000
685.000	227.000
686.000	212.000
687.000	225.000
688.000	209.000
689.000	260.000
690.000	239.000
691.000	214.000
692.000	236.000
693.000	226.000
694.000	256.000
695.000	209.000
696.000	253.000
697.000	231.000
698.000	241.000
699.000	219.000
700.000	250.000
701.000	224.000
702.000	218.000
703.000	252.000
704.000	241.000
705.000	234.000
706.000	277.000
707.000	246.000
708.000	273.000
709.000	249.000
710.000	234.000
711.000	251.000
712.000	256.000
713.000	228.000
714.000	238.000
715.000	230.000
716.000	227.000
717.000	249.000
718.000	225.000
719.000	233.000
720.000	265.000
721.000	252.000
722.000	281.000
723.000	258.000
724.000	257.000
725.000	280.000
726.000	257.000
727.000	267.000
728.000	283.000
729.000	279.000
730.000	285.000
731.000	291.000
732.000	255.000
733.000	242.000
734.000	283.000
735.000	262.000
736.000	233.000
737.000	259.000
738.000	233.000
739.000	287.000
740.000	270.000
741.000	270.000
742.000	263.000
743.000	240.000
744.000	304.000
745.000	253.000
746.000	269.000
747.000	257.000
748.000	272.000
749.000	306.000
750.000	257.000
751.000	260.000
752.000	292.000
753.000	291.000
754.000	256.000
755.000	265.000
756.000	301.000
757.000	277.000
758.000	276.000
759.000	285.000
760.000	299.000
761.000	260.000
762.000	311.000
763.000	287.000
764.000	261.000
765.000	279.000
766.000	260.000
767.000	308.000
768.000	285.000
769.000	289.000
770.000	322.000
771.000	305.000
772.000	316.000
773.000	311.000
774.000	330.000
775.000	312.000
776.000	299.000
777.000	351.000
778.000	305.000
779.000	309.000
780.000	304.000
781.000	300.000
782.000	332.000
783.000	303.000
784.000	301.000
785.000	313.000
786.000	271.000
787.000	285.000
788.000	289.000
789.000	305.000
790.000	300.000
791.000	302.000
792.000	296.000
793.000	254.000
794.000	294.000
795.000	279.000
796.000	307.000
797.000	321.000
798.000	279.000
799.000	275.000
800.000	269.000
801.000	328.000
802.000	314.000
803.000	323.000
804.000	307.000
805.000	274.000
806.000	320.000
807.000	277.000
808.000	292.000
809.000	304.000
810.000	297.000
811.000	297.000
812.000	296.000
813.000	326.000
814.000	311.000
815.000	363.000
816.000	313.000
817.000	311.000
818.000	340.000
819.000	350.000
820.000	328.000
821.000	315.000
822.000	308.000
823.000	300.000
824.000	300.000
825.000	316.000
826.000	319.000
827.000	294.000
828.000	335.000
829.000	326.000
830.000	327.000
831.000	297.000
832.000	362.000
833.000	325.000
834.000	313.000
835.000	332.000
836.000	348.000
837.000	304.000
838.000	333.000
839.000	326.000
840.000	325.000
841.000	315.000
842.000	346.000
843.000	324.000
844.000	357.000
845.000	326.000
846.000	339.000
847.000	342.000
848.000	313.000
849.000	353.000
850.000	390.000
851.000	335.000
852.000	342.000
853.000	375.000
854.000	391.000
855.000	382.000
856.000	379.000
857.000	403.000
858.000	367.000
859.000	416.000
860.000	411.000
861.000	393.000
862.000	404.000
863.000	417.000
864.000	410.000
865.000	401.000
866.000	455.000
867.000	471.000
868.000	452.000
869.000	513.000
870.000	466.000
871.000	483.000
872.000	508.000
873.000	474.000
874.000	542.000
875.000	527.000
876.000	592.000
877.000	593.000
878.000	623.000
879.000	659.000
880.000	705.000
881.000	697.000
882.000	749.000
883.000	804.000
884.000	911.000
885.000	953.000
886.000	963.000
887.000	1012.000
888.000	1044.000
889.000	1119.000
890.000	1102.000
891.000	1285.000
892.000	1312.000
893.000	1462.000
894.000	1476.000
895.000	1424.000
896.000	1517.000
897.000	1566.000
898.000	1585.000
899.000	1608.000
900.000	1575.000
901.000	1656.000
902.000	1532.000
903.000	1516.000
904.000	1586.000
905.000	1493.000
906.000	1486.000
907.000	1482.000
908.000	1357.000
909.000	1352.000
910.000	1208.000
911.000	1205.000
912.000	1082.000
913.000	1010.000
914.000	995.000
915.000	976.000
916.000	919.000
917.000	848.000
918.000	773.000
919.000	792.000
920.000	734.000
921.000	677.000
922.000	628.000
923.000	581.000
924.000	546.000
925.000	555.000
926.000	515.000
927.000	507.000
928.000	478.000
929.000	443.000
930.000	435.000
931.000	389.000
932.000	427.000
933.000	353.000
934.000	367.000
935.000	383.000
936.000	331.000
937.000	388.000
938.000	388.000
939.000	388.000
940.000	452.000
941.000	414.000
942.000	442.000
943.000	465.000
944.000	524.000
945.000	589.000
946.000	539.000
947.000	641.000
948.000	695.000
949.000	732.000
950.000	805.000
951.000	772.000
952.000	830.000
953.000	833.000
954.000	861.000
955.000	857.000
956.000	771.000
957.000	751.000
958.000	732.000
959.000	611.000
960.000	562.000
961.000	481.000
962.000	485.000
963.000	386.000
964.000	405.000
965.000	372.000
966.000	302.000
967.000	346.000
968.000	313.000
969.000	273.000
970.000	309.000
971.000	283.000
972.000	276.000
973.000	315.000
974.000	311.000
975.000	305.000
976.000	323.000
977.000	330.000
978.000	310.000
979.000	314.000
980.000	333.000
981.000	332.000
982.000	340.000
983.000	309.000
984.000	333.000
985.000	336.000
986.000	333.000
987.000	325.000
988.000	383.000
989.000	377.000
990.000	381.000
991.000	415.000
992.000	387.000
993.000	386.000
994.000	423.000
995.000	407.000
996.000	425.000
997.000	462.000
998.000	449.000
999.000	449.000
1000.000	427.000
1001.000	475.000
1002.000	500.000
1003.000	499.000
1004.000	473.000
1005.000	465.000
1006.000	484.000
1007.000	484.000
1008.000	487.000
1009.000	462.000
1010.000	430.000
1011.000	443.000
1012.000	399.000
1013.000	455.000
1014.000	377.000
1015.000	381.000
1016.000	349.000
1017.000	353.000
1018.000	343.000
1019.000	348.000
1020.000	315.000
1021.000	313.000
1022.000	333.000
1023.000	309.000
1024.000	316.000
