Date:	8/19/2008		Time:	8:59 AM		Version no:	0.00		Project name:	55		Sample name:	222		Section name:	section		Position	254.039995	mm	E0	0.000000	keV	E1	1.000000	keV/channel	sample surface	7.491317	cm	Tube anode:	Mo		Tube voltage:	30	kV	Tube current:	50	mA	gain	20		std. database			resultfile	result		matrix element	11		sample thickness	1.000000		air passage	0.560000	cm	comments	not in position		peaking_time	3.000000	m-sec	trigger_threshold	1229.166667	V	mca_bin_width	22.090000	no:	number_mca_channels	1024.000000	no:	gap_time	0.400000	m-sec	trigger_peaking_time	0.150000	m-sec	GAINDAC	9455		HIGHGAIN	1		TAURC	0		RCTAU	53		RCTAUFRAC	32768		livetime	9.762706	seconds	runtime	10.000502	seconds	input_count_rate	23.036030	cps	output_count_rate	18.357379	cps	triggers	224894	seconds	events_in_run	183583	seconds	channel	content		1.000	0.000
2.000	0.000
3.000	0.000
4.000	0.000
5.000	0.000
6.000	0.000
7.000	0.000
8.000	0.000
9.000	0.000
10.000	0.000
11.000	0.000
12.000	0.000
13.000	0.000
14.000	0.000
15.000	0.000
16.000	0.000
17.000	0.000
18.000	0.000
19.000	0.000
20.000	0.000
21.000	0.000
22.000	0.000
23.000	0.000
24.000	0.000
25.000	0.000
26.000	0.000
27.000	0.000
28.000	0.000
29.000	0.000
30.000	0.000
31.000	0.000
32.000	1.000
33.000	2.000
34.000	3.000
35.000	3.000
36.000	2.000
37.000	1.000
38.000	0.000
39.000	4.000
40.000	0.000
41.000	1.000
42.000	5.000
43.000	4.000
44.000	7.000
45.000	2.000
46.000	7.000
47.000	4.000
48.000	6.000
49.000	11.000
50.000	9.000
51.000	15.000
52.000	12.000
53.000	5.000
54.000	13.000
55.000	5.000
56.000	10.000
57.000	12.000
58.000	13.000
59.000	6.000
60.000	8.000
61.000	7.000
62.000	10.000
63.000	12.000
64.000	15.000
65.000	10.000
66.000	7.000
67.000	6.000
68.000	10.000
69.000	13.000
70.000	7.000
71.000	13.000
72.000	9.000
73.000	7.000
74.000	7.000
75.000	9.000
76.000	16.000
77.000	8.000
78.000	10.000
79.000	7.000
80.000	6.000
81.000	12.000
82.000	4.000
83.000	4.000
84.000	14.000
85.000	7.000
86.000	7.000
87.000	4.000
88.000	7.000
89.000	5.000
90.000	10.000
91.000	6.000
92.000	6.000
93.000	8.000
94.000	5.000
95.000	3.000
96.000	7.000
97.000	5.000
98.000	14.000
99.000	6.000
100.000	6.000
101.000	6.000
102.000	12.000
103.000	7.000
104.000	5.000
105.000	6.000
106.000	7.000
107.000	4.000
108.000	11.000
109.000	5.000
110.000	4.000
111.000	4.000
112.000	4.000
113.000	8.000
114.000	5.000
115.000	7.000
116.000	7.000
117.000	5.000
118.000	7.000
119.000	5.000
120.000	6.000
121.000	7.000
122.000	7.000
123.000	10.000
124.000	1.000
125.000	8.000
126.000	8.000
127.000	9.000
128.000	14.000
129.000	16.000
130.000	5.000
131.000	7.000
132.000	9.000
133.000	5.000
134.000	5.000
135.000	6.000
136.000	8.000
137.000	5.000
138.000	2.000
139.000	5.000
140.000	9.000
141.000	8.000
142.000	2.000
143.000	5.000
144.000	4.000
145.000	5.000
146.000	7.000
147.000	4.000
148.000	2.000
149.000	6.000
150.000	2.000
151.000	1.000
152.000	4.000
153.000	3.000
154.000	4.000
155.000	4.000
156.000	3.000
157.000	7.000
158.000	5.000
159.000	8.000
160.000	12.000
161.000	17.000
162.000	18.000
163.000	14.000
164.000	16.000
165.000	8.000
166.000	9.000
167.000	8.000
168.000	3.000
169.000	4.000
170.000	5.000
171.000	5.000
172.000	2.000
173.000	4.000
174.000	1.000
175.000	4.000
176.000	4.000
177.000	7.000
178.000	8.000
179.000	2.000
180.000	3.000
181.000	8.000
182.000	5.000
183.000	6.000
184.000	3.000
185.000	3.000
186.000	4.000
187.000	5.000
188.000	2.000
189.000	3.000
190.000	2.000
191.000	4.000
192.000	5.000
193.000	4.000
194.000	0.000
195.000	2.000
196.000	0.000
197.000	5.000
198.000	6.000
199.000	6.000
200.000	9.000
201.000	14.000
202.000	6.000
203.000	11.000
204.000	4.000
205.000	5.000
206.000	7.000
207.000	5.000
208.000	2.000
209.000	2.000
210.000	2.000
211.000	5.000
212.000	3.000
213.000	3.000
214.000	3.000
215.000	3.000
216.000	7.000
217.000	2.000
218.000	5.000
219.000	2.000
220.000	9.000
221.000	6.000
222.000	2.000
223.000	5.000
224.000	3.000
225.000	2.000
226.000	4.000
227.000	1.000
228.000	1.000
229.000	1.000
230.000	5.000
231.000	1.000
232.000	2.000
233.000	6.000
234.000	2.000
235.000	6.000
236.000	2.000
237.000	3.000
238.000	5.000
239.000	6.000
240.000	3.000
241.000	3.000
242.000	2.000
243.000	1.000
244.000	4.000
245.000	5.000
246.000	5.000
247.000	4.000
248.000	6.000
249.000	7.000
250.000	4.000
251.000	5.000
252.000	3.000
253.000	5.000
254.000	2.000
255.000	6.000
256.000	7.000
257.000	5.000
258.000	4.000
259.000	8.000
260.000	1.000
261.000	7.000
262.000	3.000
263.000	3.000
264.000	3.000
265.000	2.000
266.000	3.000
267.000	1.000
268.000	3.000
269.000	4.000
270.000	1.000
271.000	1.000
272.000	7.000
273.000	4.000
274.000	3.000
275.000	2.000
276.000	0.000
277.000	3.000
278.000	5.000
279.000	6.000
280.000	2.000
281.000	3.000
282.000	2.000
283.000	8.000
284.000	2.000
285.000	6.000
286.000	5.000
287.000	8.000
288.000	2.000
289.000	4.000
290.000	2.000
291.000	2.000
292.000	1.000
293.000	4.000
294.000	5.000
295.000	3.000
296.000	5.000
297.000	6.000
298.000	6.000
299.000	1.000
300.000	4.000
301.000	8.000
302.000	3.000
303.000	3.000
304.000	4.000
305.000	2.000
306.000	4.000
307.000	4.000
308.000	7.000
309.000	5.000
310.000	5.000
311.000	4.000
312.000	7.000
313.000	3.000
314.000	2.000
315.000	7.000
316.000	5.000
317.000	6.000
318.000	7.000
319.000	10.000
320.000	18.000
321.000	20.000
322.000	21.000
323.000	19.000
324.000	22.000
325.000	21.000
326.000	10.000
327.000	10.000
328.000	6.000
329.000	5.000
330.000	4.000
331.000	6.000
332.000	9.000
333.000	10.000
334.000	1.000
335.000	2.000
336.000	2.000
337.000	7.000
338.000	8.000
339.000	7.000
340.000	8.000
341.000	19.000
342.000	17.000
343.000	33.000
344.000	52.000
345.000	61.000
346.000	104.000
347.000	125.000
348.000	172.000
349.000	207.000
350.000	224.000
351.000	233.000
352.000	227.000
353.000	194.000
354.000	148.000
355.000	105.000
356.000	81.000
357.000	55.000
358.000	36.000
359.000	21.000
360.000	12.000
361.000	8.000
362.000	7.000
363.000	2.000
364.000	8.000
365.000	4.000
366.000	6.000
367.000	8.000
368.000	6.000
369.000	1.000
370.000	10.000
371.000	9.000
372.000	2.000
373.000	9.000
374.000	6.000
375.000	13.000
376.000	12.000
377.000	5.000
378.000	10.000
379.000	15.000
380.000	15.000
381.000	17.000
382.000	27.000
383.000	38.000
384.000	48.000
385.000	47.000
386.000	34.000
387.000	53.000
388.000	40.000
389.000	37.000
390.000	29.000
391.000	31.000
392.000	18.000
393.000	21.000
394.000	12.000
395.000	11.000
396.000	10.000
397.000	7.000
398.000	11.000
399.000	8.000
400.000	7.000
401.000	9.000
402.000	10.000
403.000	9.000
404.000	15.000
405.000	15.000
406.000	9.000
407.000	6.000
408.000	15.000
409.000	10.000
410.000	9.000
411.000	13.000
412.000	12.000
413.000	12.000
414.000	9.000
415.000	12.000
416.000	14.000
417.000	6.000
418.000	17.000
419.000	11.000
420.000	17.000
421.000	16.000
422.000	12.000
423.000	12.000
424.000	9.000
425.000	15.000
426.000	16.000
427.000	12.000
428.000	13.000
429.000	14.000
430.000	17.000
431.000	10.000
432.000	7.000
433.000	16.000
434.000	13.000
435.000	14.000
436.000	11.000
437.000	19.000
438.000	20.000
439.000	11.000
440.000	18.000
441.000	17.000
442.000	19.000
443.000	17.000
444.000	17.000
445.000	16.000
446.000	12.000
447.000	21.000
448.000	14.000
449.000	17.000
450.000	14.000
451.000	17.000
452.000	13.000
453.000	22.000
454.000	26.000
455.000	12.000
456.000	20.000
457.000	13.000
458.000	14.000
459.000	11.000
460.000	11.000
461.000	26.000
462.000	13.000
463.000	17.000
464.000	20.000
465.000	19.000
466.000	25.000
467.000	14.000
468.000	15.000
469.000	23.000
470.000	14.000
471.000	19.000
472.000	22.000
473.000	23.000
474.000	21.000
475.000	23.000
476.000	25.000
477.000	39.000
478.000	30.000
479.000	19.000
480.000	20.000
481.000	22.000
482.000	25.000
483.000	23.000
484.000	27.000
485.000	31.000
486.000	29.000
487.000	25.000
488.000	20.000
489.000	30.000
490.000	30.000
491.000	18.000
492.000	34.000
493.000	28.000
494.000	24.000
495.000	24.000
496.000	22.000
497.000	27.000
498.000	35.000
499.000	36.000
500.000	22.000
501.000	24.000
502.000	23.000
503.000	26.000
504.000	31.000
505.000	41.000
506.000	34.000
507.000	26.000
508.000	32.000
509.000	35.000
510.000	22.000
511.000	31.000
512.000	44.000
513.000	37.000
514.000	34.000
515.000	31.000
516.000	40.000
517.000	31.000
518.000	42.000
519.000	34.000
520.000	36.000
521.000	34.000
522.000	42.000
523.000	47.000
524.000	40.000
525.000	43.000
526.000	47.000
527.000	42.000
528.000	42.000
529.000	48.000
530.000	37.000
531.000	46.000
532.000	36.000
533.000	46.000
534.000	38.000
535.000	35.000
536.000	33.000
537.000	49.000
538.000	52.000
539.000	44.000
540.000	44.000
541.000	46.000
542.000	57.000
543.000	45.000
544.000	57.000
545.000	42.000
546.000	56.000
547.000	53.000
548.000	49.000
549.000	53.000
550.000	48.000
551.000	58.000
552.000	54.000
553.000	62.000
554.000	48.000
555.000	52.000
556.000	64.000
557.000	62.000
558.000	64.000
559.000	42.000
560.000	69.000
561.000	55.000
562.000	61.000
563.000	62.000
564.000	55.000
565.000	66.000
566.000	51.000
567.000	59.000
568.000	46.000
569.000	52.000
570.000	74.000
571.000	66.000
572.000	60.000
573.000	63.000
574.000	77.000
575.000	70.000
576.000	74.000
577.000	67.000
578.000	82.000
579.000	80.000
580.000	72.000
581.000	68.000
582.000	70.000
583.000	72.000
584.000	91.000
585.000	62.000
586.000	58.000
587.000	63.000
588.000	58.000
589.000	74.000
590.000	74.000
591.000	62.000
592.000	76.000
593.000	91.000
594.000	69.000
595.000	71.000
596.000	81.000
597.000	81.000
598.000	83.000
599.000	88.000
600.000	113.000
601.000	77.000
602.000	76.000
603.000	85.000
604.000	91.000
605.000	92.000
606.000	91.000
607.000	107.000
608.000	100.000
609.000	83.000
610.000	104.000
611.000	105.000
612.000	87.000
613.000	98.000
614.000	94.000
615.000	97.000
616.000	95.000
617.000	104.000
618.000	63.000
619.000	95.000
620.000	90.000
621.000	117.000
622.000	100.000
623.000	107.000
624.000	108.000
625.000	111.000
626.000	96.000
627.000	108.000
628.000	119.000
629.000	111.000
630.000	118.000
631.000	114.000
632.000	118.000
633.000	100.000
634.000	117.000
635.000	104.000
636.000	116.000
637.000	109.000
638.000	105.000
639.000	120.000
640.000	118.000
641.000	107.000
642.000	118.000
643.000	117.000
644.000	142.000
645.000	124.000
646.000	115.000
647.000	127.000
648.000	123.000
649.000	121.000
650.000	132.000
651.000	157.000
652.000	121.000
653.000	134.000
654.000	146.000
655.000	152.000
656.000	141.000
657.000	141.000
658.000	141.000
659.000	122.000
660.000	129.000
661.000	139.000
662.000	134.000
663.000	141.000
664.000	128.000
665.000	126.000
666.000	152.000
667.000	138.000
668.000	146.000
669.000	133.000
670.000	144.000
671.000	146.000
672.000	134.000
673.000	143.000
674.000	125.000
675.000	143.000
676.000	137.000
677.000	144.000
678.000	153.000
679.000	147.000
680.000	122.000
681.000	159.000
682.000	137.000
683.000	174.000
684.000	133.000
685.000	178.000
686.000	152.000
687.000	171.000
688.000	190.000
689.000	164.000
690.000	148.000
691.000	139.000
692.000	165.000
693.000	190.000
694.000	177.000
695.000	178.000
696.000	168.000
697.000	173.000
698.000	173.000
699.000	170.000
700.000	194.000
701.000	172.000
702.000	169.000
703.000	174.000
704.000	194.000
705.000	185.000
706.000	171.000
707.000	168.000
708.000	188.000
709.000	171.000
710.000	165.000
711.000	166.000
712.000	197.000
713.000	179.000
714.000	199.000
715.000	170.000
716.000	185.000
717.000	187.000
718.000	157.000
719.000	180.000
720.000	205.000
721.000	182.000
722.000	187.000
723.000	184.000
724.000	187.000
725.000	208.000
726.000	184.000
727.000	183.000
728.000	201.000
729.000	202.000
730.000	209.000
731.000	195.000
732.000	228.000
733.000	200.000
734.000	197.000
735.000	202.000
736.000	198.000
737.000	199.000
738.000	190.000
739.000	185.000
740.000	234.000
741.000	218.000
742.000	182.000
743.000	217.000
744.000	193.000
745.000	177.000
746.000	194.000
747.000	209.000
748.000	193.000
749.000	192.000
750.000	192.000
751.000	230.000
752.000	201.000
753.000	186.000
754.000	198.000
755.000	209.000
756.000	210.000
757.000	208.000
758.000	213.000
759.000	196.000
760.000	218.000
761.000	203.000
762.000	207.000
763.000	224.000
764.000	223.000
765.000	202.000
766.000	184.000
767.000	202.000
768.000	230.000
769.000	232.000
770.000	220.000
771.000	234.000
772.000	270.000
773.000	236.000
774.000	235.000
775.000	229.000
776.000	222.000
777.000	223.000
778.000	224.000
779.000	230.000
780.000	256.000
781.000	219.000
782.000	237.000
783.000	225.000
784.000	246.000
785.000	246.000
786.000	233.000
787.000	264.000
788.000	232.000
789.000	255.000
790.000	228.000
791.000	210.000
792.000	241.000
793.000	234.000
794.000	252.000
795.000	245.000
796.000	230.000
797.000	246.000
798.000	254.000
799.000	221.000
800.000	244.000
801.000	257.000
802.000	262.000
803.000	247.000
804.000	217.000
805.000	246.000
806.000	257.000
807.000	276.000
808.000	248.000
809.000	230.000
810.000	251.000
811.000	232.000
812.000	263.000
813.000	257.000
814.000	235.000
815.000	262.000
816.000	281.000
817.000	274.000
818.000	250.000
819.000	255.000
820.000	258.000
821.000	259.000
822.000	254.000
823.000	269.000
824.000	266.000
825.000	273.000
826.000	246.000
827.000	257.000
828.000	261.000
829.000	245.000
830.000	248.000
831.000	256.000
832.000	253.000
833.000	276.000
834.000	266.000
835.000	251.000
836.000	259.000
837.000	297.000
838.000	268.000
839.000	248.000
840.000	274.000
841.000	305.000
842.000	273.000
843.000	284.000
844.000	281.000
845.000	290.000
846.000	296.000
847.000	282.000
848.000	292.000
849.000	287.000
850.000	299.000
851.000	285.000
852.000	315.000
853.000	280.000
854.000	305.000
855.000	333.000
856.000	320.000
857.000	320.000
858.000	316.000
859.000	329.000
860.000	320.000
861.000	341.000
862.000	319.000
863.000	392.000
864.000	371.000
865.000	354.000
866.000	350.000
867.000	397.000
868.000	387.000
869.000	390.000
870.000	396.000
871.000	431.000
872.000	421.000
873.000	427.000
874.000	465.000
875.000	451.000
876.000	507.000
877.000	527.000
878.000	566.000
879.000	550.000
880.000	561.000
881.000	648.000
882.000	667.000
883.000	668.000
884.000	766.000
885.000	776.000
886.000	827.000
887.000	868.000
888.000	927.000
889.000	980.000
890.000	1029.000
891.000	1105.000
892.000	1157.000
893.000	1180.000
894.000	1173.000
895.000	1298.000
896.000	1269.000
897.000	1296.000
898.000	1281.000
899.000	1409.000
900.000	1320.000
901.000	1373.000
902.000	1313.000
903.000	1299.000
904.000	1376.000
905.000	1266.000
906.000	1219.000
907.000	1198.000
908.000	1145.000
909.000	1072.000
910.000	1043.000
911.000	1029.000
912.000	918.000
913.000	908.000
914.000	938.000
915.000	819.000
916.000	762.000
917.000	713.000
918.000	665.000
919.000	643.000
920.000	594.000
921.000	520.000
922.000	530.000
923.000	488.000
924.000	466.000
925.000	455.000
926.000	432.000
927.000	448.000
928.000	372.000
929.000	388.000
930.000	389.000
931.000	401.000
932.000	360.000
933.000	349.000
934.000	328.000
935.000	338.000
936.000	351.000
937.000	322.000
938.000	324.000
939.000	342.000
940.000	335.000
941.000	360.000
942.000	354.000
943.000	386.000
944.000	451.000
945.000	492.000
946.000	515.000
947.000	588.000
948.000	561.000
949.000	576.000
950.000	714.000
951.000	714.000
952.000	738.000
953.000	749.000
954.000	717.000
955.000	714.000
956.000	660.000
957.000	670.000
958.000	601.000
959.000	520.000
960.000	501.000
961.000	420.000
962.000	426.000
963.000	374.000
964.000	372.000
965.000	313.000
966.000	309.000
967.000	258.000
968.000	248.000
969.000	277.000
970.000	268.000
971.000	278.000
972.000	274.000
973.000	269.000
974.000	287.000
975.000	276.000
976.000	290.000
977.000	280.000
978.000	266.000
979.000	273.000
980.000	310.000
981.000	299.000
982.000	295.000
983.000	287.000
984.000	292.000
985.000	285.000
986.000	306.000
987.000	312.000
988.000	312.000
989.000	314.000
990.000	344.000
991.000	327.000
992.000	337.000
993.000	380.000
994.000	386.000
995.000	379.000
996.000	362.000
997.000	362.000
998.000	379.000
999.000	410.000
1000.000	402.000
1001.000	382.000
1002.000	422.000
1003.000	421.000
1004.000	407.000
1005.000	376.000
1006.000	425.000
1007.000	373.000
1008.000	411.000
1009.000	387.000
1010.000	376.000
1011.000	378.000
1012.000	392.000
1013.000	369.000
1014.000	364.000
1015.000	331.000
1016.000	306.000
1017.000	350.000
1018.000	328.000
1019.000	326.000
1020.000	254.000
1021.000	289.000
1022.000	263.000
1023.000	249.000
1024.000	245.000
