Date:	8/19/2008		Time:	10:08 AM		Version no:	0.00		Project name:	55		Sample name:	222		Section name:	section		Position	988.039995	mm	E0	0.000000	keV	E1	1.000000	keV/channel	sample surface	7.881017	cm	Tube anode:	Mo		Tube voltage:	30	kV	Tube current:	50	mA	gain	20		std. database			resultfile	result		matrix element	11		sample thickness	1.000000		air passage	0.560000	cm	comments	in position		peaking_time	3.000000	m-sec	trigger_threshold	1229.166667	V	mca_bin_width	22.090000	no:	number_mca_channels	1024.000000	no:	gap_time	0.400000	m-sec	trigger_peaking_time	0.150000	m-sec	GAINDAC	9455		HIGHGAIN	1		TAURC	0		RCTAU	53		RCTAUFRAC	32768		livetime	9.778104	seconds	runtime	10.000514	seconds	input_count_rate	22.118705	cps	output_count_rate	17.708390	cps	triggers	216279	seconds	events_in_run	177093	seconds	channel	content		1.000	0.000
2.000	0.000
3.000	0.000
4.000	0.000
5.000	0.000
6.000	0.000
7.000	0.000
8.000	0.000
9.000	0.000
10.000	0.000
11.000	0.000
12.000	0.000
13.000	0.000
14.000	0.000
15.000	0.000
16.000	0.000
17.000	0.000
18.000	0.000
19.000	0.000
20.000	0.000
21.000	0.000
22.000	0.000
23.000	0.000
24.000	0.000
25.000	0.000
26.000	0.000
27.000	0.000
28.000	0.000
29.000	0.000
30.000	0.000
31.000	0.000
32.000	0.000
33.000	0.000
34.000	2.000
35.000	1.000
36.000	2.000
37.000	2.000
38.000	1.000
39.000	2.000
40.000	3.000
41.000	1.000
42.000	1.000
43.000	3.000
44.000	6.000
45.000	7.000
46.000	8.000
47.000	11.000
48.000	8.000
49.000	8.000
50.000	11.000
51.000	9.000
52.000	10.000
53.000	5.000
54.000	7.000
55.000	6.000
56.000	7.000
57.000	11.000
58.000	8.000
59.000	6.000
60.000	9.000
61.000	6.000
62.000	5.000
63.000	12.000
64.000	7.000
65.000	6.000
66.000	11.000
67.000	5.000
68.000	9.000
69.000	9.000
70.000	9.000
71.000	8.000
72.000	9.000
73.000	8.000
74.000	4.000
75.000	9.000
76.000	11.000
77.000	7.000
78.000	7.000
79.000	7.000
80.000	7.000
81.000	12.000
82.000	8.000
83.000	7.000
84.000	4.000
85.000	8.000
86.000	5.000
87.000	3.000
88.000	10.000
89.000	7.000
90.000	6.000
91.000	7.000
92.000	9.000
93.000	8.000
94.000	8.000
95.000	8.000
96.000	6.000
97.000	7.000
98.000	10.000
99.000	6.000
100.000	10.000
101.000	4.000
102.000	7.000
103.000	9.000
104.000	4.000
105.000	7.000
106.000	2.000
107.000	2.000
108.000	4.000
109.000	7.000
110.000	7.000
111.000	5.000
112.000	7.000
113.000	8.000
114.000	7.000
115.000	5.000
116.000	2.000
117.000	5.000
118.000	5.000
119.000	4.000
120.000	8.000
121.000	8.000
122.000	2.000
123.000	4.000
124.000	7.000
125.000	7.000
126.000	2.000
127.000	6.000
128.000	8.000
129.000	13.000
130.000	6.000
131.000	6.000
132.000	4.000
133.000	8.000
134.000	2.000
135.000	4.000
136.000	4.000
137.000	4.000
138.000	9.000
139.000	2.000
140.000	2.000
141.000	4.000
142.000	5.000
143.000	5.000
144.000	8.000
145.000	8.000
146.000	6.000
147.000	7.000
148.000	6.000
149.000	4.000
150.000	3.000
151.000	5.000
152.000	7.000
153.000	3.000
154.000	5.000
155.000	6.000
156.000	5.000
157.000	5.000
158.000	4.000
159.000	9.000
160.000	2.000
161.000	5.000
162.000	9.000
163.000	9.000
164.000	10.000
165.000	11.000
166.000	4.000
167.000	4.000
168.000	7.000
169.000	2.000
170.000	0.000
171.000	2.000
172.000	3.000
173.000	3.000
174.000	3.000
175.000	6.000
176.000	4.000
177.000	4.000
178.000	4.000
179.000	0.000
180.000	3.000
181.000	3.000
182.000	6.000
183.000	1.000
184.000	1.000
185.000	1.000
186.000	3.000
187.000	3.000
188.000	5.000
189.000	2.000
190.000	3.000
191.000	3.000
192.000	2.000
193.000	3.000
194.000	6.000
195.000	5.000
196.000	0.000
197.000	5.000
198.000	2.000
199.000	6.000
200.000	11.000
201.000	10.000
202.000	8.000
203.000	9.000
204.000	7.000
205.000	14.000
206.000	8.000
207.000	13.000
208.000	2.000
209.000	3.000
210.000	1.000
211.000	1.000
212.000	0.000
213.000	3.000
214.000	4.000
215.000	4.000
216.000	2.000
217.000	6.000
218.000	1.000
219.000	0.000
220.000	5.000
221.000	1.000
222.000	3.000
223.000	5.000
224.000	4.000
225.000	0.000
226.000	3.000
227.000	1.000
228.000	2.000
229.000	3.000
230.000	6.000
231.000	3.000
232.000	1.000
233.000	3.000
234.000	8.000
235.000	4.000
236.000	4.000
237.000	3.000
238.000	8.000
239.000	5.000
240.000	7.000
241.000	6.000
242.000	5.000
243.000	8.000
244.000	11.000
245.000	15.000
246.000	18.000
247.000	22.000
248.000	21.000
249.000	12.000
250.000	17.000
251.000	10.000
252.000	7.000
253.000	9.000
254.000	5.000
255.000	4.000
256.000	4.000
257.000	3.000
258.000	4.000
259.000	6.000
260.000	3.000
261.000	4.000
262.000	4.000
263.000	10.000
264.000	4.000
265.000	2.000
266.000	4.000
267.000	6.000
268.000	3.000
269.000	8.000
270.000	6.000
271.000	7.000
272.000	8.000
273.000	7.000
274.000	5.000
275.000	5.000
276.000	6.000
277.000	6.000
278.000	9.000
279.000	7.000
280.000	9.000
281.000	4.000
282.000	5.000
283.000	4.000
284.000	4.000
285.000	2.000
286.000	2.000
287.000	6.000
288.000	4.000
289.000	6.000
290.000	4.000
291.000	8.000
292.000	11.000
293.000	8.000
294.000	8.000
295.000	10.000
296.000	4.000
297.000	14.000
298.000	9.000
299.000	7.000
300.000	6.000
301.000	6.000
302.000	5.000
303.000	8.000
304.000	17.000
305.000	13.000
306.000	8.000
307.000	9.000
308.000	19.000
309.000	9.000
310.000	13.000
311.000	8.000
312.000	11.000
313.000	10.000
314.000	13.000
315.000	9.000
316.000	12.000
317.000	7.000
318.000	11.000
319.000	21.000
320.000	10.000
321.000	12.000
322.000	17.000
323.000	17.000
324.000	10.000
325.000	17.000
326.000	12.000
327.000	19.000
328.000	13.000
329.000	13.000
330.000	12.000
331.000	18.000
332.000	14.000
333.000	18.000
334.000	13.000
335.000	11.000
336.000	8.000
337.000	10.000
338.000	9.000
339.000	10.000
340.000	15.000
341.000	18.000
342.000	13.000
343.000	16.000
344.000	13.000
345.000	12.000
346.000	13.000
347.000	16.000
348.000	28.000
349.000	24.000
350.000	20.000
351.000	20.000
352.000	19.000
353.000	22.000
354.000	18.000
355.000	14.000
356.000	16.000
357.000	16.000
358.000	10.000
359.000	15.000
360.000	14.000
361.000	17.000
362.000	19.000
363.000	20.000
364.000	17.000
365.000	20.000
366.000	23.000
367.000	14.000
368.000	18.000
369.000	20.000
370.000	16.000
371.000	16.000
372.000	15.000
373.000	22.000
374.000	20.000
375.000	22.000
376.000	19.000
377.000	22.000
378.000	29.000
379.000	21.000
380.000	20.000
381.000	19.000
382.000	25.000
383.000	20.000
384.000	22.000
385.000	20.000
386.000	21.000
387.000	15.000
388.000	17.000
389.000	23.000
390.000	26.000
391.000	16.000
392.000	21.000
393.000	28.000
394.000	28.000
395.000	27.000
396.000	29.000
397.000	29.000
398.000	20.000
399.000	23.000
400.000	17.000
401.000	22.000
402.000	24.000
403.000	24.000
404.000	26.000
405.000	24.000
406.000	33.000
407.000	33.000
408.000	24.000
409.000	25.000
410.000	29.000
411.000	22.000
412.000	24.000
413.000	26.000
414.000	27.000
415.000	26.000
416.000	39.000
417.000	29.000
418.000	30.000
419.000	29.000
420.000	38.000
421.000	35.000
422.000	33.000
423.000	29.000
424.000	40.000
425.000	41.000
426.000	24.000
427.000	26.000
428.000	36.000
429.000	39.000
430.000	37.000
431.000	37.000
432.000	33.000
433.000	49.000
434.000	40.000
435.000	40.000
436.000	39.000
437.000	48.000
438.000	34.000
439.000	33.000
440.000	48.000
441.000	41.000
442.000	49.000
443.000	46.000
444.000	41.000
445.000	41.000
446.000	55.000
447.000	51.000
448.000	42.000
449.000	45.000
450.000	60.000
451.000	48.000
452.000	42.000
453.000	41.000
454.000	65.000
455.000	55.000
456.000	48.000
457.000	68.000
458.000	48.000
459.000	54.000
460.000	49.000
461.000	56.000
462.000	40.000
463.000	46.000
464.000	65.000
465.000	40.000
466.000	50.000
467.000	75.000
468.000	87.000
469.000	74.000
470.000	67.000
471.000	77.000
472.000	106.000
473.000	95.000
474.000	68.000
475.000	73.000
476.000	93.000
477.000	76.000
478.000	76.000
479.000	74.000
480.000	56.000
481.000	57.000
482.000	64.000
483.000	51.000
484.000	66.000
485.000	52.000
486.000	67.000
487.000	62.000
488.000	69.000
489.000	61.000
490.000	58.000
491.000	46.000
492.000	84.000
493.000	63.000
494.000	59.000
495.000	63.000
496.000	69.000
497.000	92.000
498.000	71.000
499.000	79.000
500.000	71.000
501.000	70.000
502.000	52.000
503.000	62.000
504.000	75.000
505.000	73.000
506.000	66.000
507.000	70.000
508.000	63.000
509.000	59.000
510.000	95.000
511.000	69.000
512.000	64.000
513.000	80.000
514.000	71.000
515.000	66.000
516.000	73.000
517.000	96.000
518.000	76.000
519.000	87.000
520.000	97.000
521.000	86.000
522.000	83.000
523.000	106.000
524.000	89.000
525.000	90.000
526.000	84.000
527.000	73.000
528.000	98.000
529.000	92.000
530.000	97.000
531.000	101.000
532.000	91.000
533.000	76.000
534.000	80.000
535.000	82.000
536.000	78.000
537.000	88.000
538.000	77.000
539.000	99.000
540.000	98.000
541.000	90.000
542.000	78.000
543.000	104.000
544.000	102.000
545.000	89.000
546.000	88.000
547.000	109.000
548.000	94.000
549.000	91.000
550.000	120.000
551.000	111.000
552.000	99.000
553.000	89.000
554.000	104.000
555.000	97.000
556.000	98.000
557.000	98.000
558.000	87.000
559.000	91.000
560.000	111.000
561.000	103.000
562.000	98.000
563.000	104.000
564.000	100.000
565.000	101.000
566.000	105.000
567.000	100.000
568.000	112.000
569.000	116.000
570.000	94.000
571.000	115.000
572.000	104.000
573.000	108.000
574.000	119.000
575.000	97.000
576.000	124.000
577.000	109.000
578.000	102.000
579.000	106.000
580.000	101.000
581.000	112.000
582.000	104.000
583.000	138.000
584.000	100.000
585.000	136.000
586.000	105.000
587.000	131.000
588.000	142.000
589.000	118.000
590.000	134.000
591.000	122.000
592.000	112.000
593.000	108.000
594.000	131.000
595.000	115.000
596.000	131.000
597.000	149.000
598.000	129.000
599.000	115.000
600.000	121.000
601.000	107.000
602.000	121.000
603.000	133.000
604.000	151.000
605.000	130.000
606.000	117.000
607.000	144.000
608.000	155.000
609.000	141.000
610.000	131.000
611.000	145.000
612.000	130.000
613.000	137.000
614.000	130.000
615.000	134.000
616.000	141.000
617.000	171.000
618.000	148.000
619.000	147.000
620.000	160.000
621.000	141.000
622.000	138.000
623.000	140.000
624.000	137.000
625.000	139.000
626.000	147.000
627.000	150.000
628.000	135.000
629.000	134.000
630.000	139.000
631.000	150.000
632.000	177.000
633.000	142.000
634.000	150.000
635.000	158.000
636.000	152.000
637.000	154.000
638.000	142.000
639.000	150.000
640.000	154.000
641.000	152.000
642.000	147.000
643.000	164.000
644.000	148.000
645.000	178.000
646.000	173.000
647.000	166.000
648.000	142.000
649.000	184.000
650.000	159.000
651.000	179.000
652.000	176.000
653.000	175.000
654.000	166.000
655.000	177.000
656.000	163.000
657.000	173.000
658.000	173.000
659.000	139.000
660.000	182.000
661.000	177.000
662.000	179.000
663.000	184.000
664.000	166.000
665.000	160.000
666.000	173.000
667.000	182.000
668.000	146.000
669.000	189.000
670.000	155.000
671.000	177.000
672.000	143.000
673.000	169.000
674.000	191.000
675.000	194.000
676.000	166.000
677.000	183.000
678.000	183.000
679.000	194.000
680.000	198.000
681.000	157.000
682.000	189.000
683.000	190.000
684.000	162.000
685.000	180.000
686.000	182.000
687.000	192.000
688.000	187.000
689.000	166.000
690.000	180.000
691.000	177.000
692.000	194.000
693.000	163.000
694.000	193.000
695.000	186.000
696.000	177.000
697.000	199.000
698.000	174.000
699.000	163.000
700.000	182.000
701.000	188.000
702.000	189.000
703.000	195.000
704.000	184.000
705.000	208.000
706.000	182.000
707.000	180.000
708.000	189.000
709.000	193.000
710.000	174.000
711.000	170.000
712.000	185.000
713.000	210.000
714.000	200.000
715.000	195.000
716.000	178.000
717.000	185.000
718.000	203.000
719.000	210.000
720.000	195.000
721.000	192.000
722.000	178.000
723.000	191.000
724.000	193.000
725.000	205.000
726.000	206.000
727.000	224.000
728.000	221.000
729.000	179.000
730.000	207.000
731.000	208.000
732.000	195.000
733.000	213.000
734.000	217.000
735.000	198.000
736.000	198.000
737.000	220.000
738.000	207.000
739.000	187.000
740.000	224.000
741.000	199.000
742.000	215.000
743.000	201.000
744.000	187.000
745.000	188.000
746.000	199.000
747.000	189.000
748.000	209.000
749.000	227.000
750.000	200.000
751.000	222.000
752.000	213.000
753.000	210.000
754.000	206.000
755.000	216.000
756.000	205.000
757.000	211.000
758.000	227.000
759.000	215.000
760.000	215.000
761.000	209.000
762.000	204.000
763.000	230.000
764.000	212.000
765.000	223.000
766.000	203.000
767.000	214.000
768.000	223.000
769.000	259.000
770.000	222.000
771.000	222.000
772.000	251.000
773.000	202.000
774.000	222.000
775.000	219.000
776.000	206.000
777.000	217.000
778.000	216.000
779.000	217.000
780.000	222.000
781.000	210.000
782.000	191.000
783.000	223.000
784.000	214.000
785.000	214.000
786.000	236.000
787.000	231.000
788.000	230.000
789.000	219.000
790.000	232.000
791.000	243.000
792.000	194.000
793.000	230.000
794.000	216.000
795.000	255.000
796.000	233.000
797.000	223.000
798.000	210.000
799.000	222.000
800.000	257.000
801.000	228.000
802.000	224.000
803.000	201.000
804.000	221.000
805.000	235.000
806.000	207.000
807.000	244.000
808.000	223.000
809.000	253.000
810.000	225.000
811.000	238.000
812.000	237.000
813.000	240.000
814.000	228.000
815.000	229.000
816.000	236.000
817.000	257.000
818.000	230.000
819.000	260.000
820.000	254.000
821.000	234.000
822.000	271.000
823.000	269.000
824.000	228.000
825.000	233.000
826.000	231.000
827.000	220.000
828.000	236.000
829.000	254.000
830.000	262.000
831.000	233.000
832.000	221.000
833.000	218.000
834.000	251.000
835.000	246.000
836.000	251.000
837.000	247.000
838.000	236.000
839.000	256.000
840.000	233.000
841.000	280.000
842.000	272.000
843.000	260.000
844.000	290.000
845.000	278.000
846.000	263.000
847.000	248.000
848.000	262.000
849.000	270.000
850.000	253.000
851.000	271.000
852.000	306.000
853.000	272.000
854.000	295.000
855.000	279.000
856.000	277.000
857.000	279.000
858.000	316.000
859.000	301.000
860.000	271.000
861.000	292.000
862.000	286.000
863.000	295.000
864.000	314.000
865.000	331.000
866.000	365.000
867.000	339.000
868.000	323.000
869.000	315.000
870.000	367.000
871.000	379.000
872.000	351.000
873.000	360.000
874.000	362.000
875.000	406.000
876.000	416.000
877.000	427.000
878.000	482.000
879.000	456.000
880.000	469.000
881.000	523.000
882.000	523.000
883.000	626.000
884.000	621.000
885.000	639.000
886.000	677.000
887.000	765.000
888.000	811.000
889.000	846.000
890.000	844.000
891.000	894.000
892.000	962.000
893.000	960.000
894.000	1040.000
895.000	1105.000
896.000	1144.000
897.000	1166.000
898.000	1221.000
899.000	1191.000
900.000	1204.000
901.000	1225.000
902.000	1168.000
903.000	1218.000
904.000	1107.000
905.000	1138.000
906.000	1132.000
907.000	1094.000
908.000	1013.000
909.000	1022.000
910.000	932.000
911.000	903.000
912.000	855.000
913.000	794.000
914.000	686.000
915.000	732.000
916.000	660.000
917.000	622.000
918.000	607.000
919.000	542.000
920.000	532.000
921.000	491.000
922.000	458.000
923.000	461.000
924.000	425.000
925.000	393.000
926.000	387.000
927.000	370.000
928.000	349.000
929.000	326.000
930.000	364.000
931.000	306.000
932.000	296.000
933.000	301.000
934.000	318.000
935.000	309.000
936.000	283.000
937.000	273.000
938.000	287.000
939.000	315.000
940.000	283.000
941.000	349.000
942.000	351.000
943.000	327.000
944.000	402.000
945.000	432.000
946.000	486.000
947.000	490.000
948.000	497.000
949.000	574.000
950.000	622.000
951.000	658.000
952.000	691.000
953.000	669.000
954.000	693.000
955.000	667.000
956.000	658.000
957.000	628.000
958.000	509.000
959.000	519.000
960.000	448.000
961.000	437.000
962.000	338.000
963.000	347.000
964.000	296.000
965.000	316.000
966.000	260.000
967.000	233.000
968.000	244.000
969.000	228.000
970.000	205.000
971.000	192.000
972.000	249.000
973.000	240.000
974.000	217.000
975.000	234.000
976.000	214.000
977.000	215.000
978.000	224.000
979.000	257.000
980.000	256.000
981.000	220.000
982.000	257.000
983.000	244.000
984.000	270.000
985.000	262.000
986.000	257.000
987.000	271.000
988.000	279.000
989.000	276.000
990.000	298.000
991.000	316.000
992.000	301.000
993.000	342.000
994.000	324.000
995.000	328.000
996.000	306.000
997.000	341.000
998.000	338.000
999.000	348.000
1000.000	365.000
1001.000	363.000
1002.000	371.000
1003.000	347.000
1004.000	365.000
1005.000	342.000
1006.000	349.000
1007.000	368.000
1008.000	344.000
1009.000	335.000
1010.000	360.000
1011.000	343.000
1012.000	319.000
1013.000	322.000
1014.000	288.000
1015.000	294.000
1016.000	293.000
1017.000	278.000
1018.000	277.000
1019.000	252.000
1020.000	237.000
1021.000	229.000
1022.000	230.000
1023.000	223.000
1024.000	235.000
