Date:	8/19/2008		Time:	9:47 AM		Version no:	0.00		Project name:	55		Sample name:	222		Section name:	section		Position	762.039995	mm	E0	0.000000	keV	E1	1.000000	keV/channel	sample surface	7.800035	cm	Tube anode:	Mo		Tube voltage:	30	kV	Tube current:	50	mA	gain	20		std. database			resultfile	result		matrix element	11		sample thickness	1.000000		air passage	0.560000	cm	comments	not in position		peaking_time	3.000000	m-sec	trigger_threshold	1229.166667	V	mca_bin_width	22.090000	no:	number_mca_channels	1024.000000	no:	gap_time	0.400000	m-sec	trigger_peaking_time	0.150000	m-sec	GAINDAC	9455		HIGHGAIN	1		TAURC	0		RCTAU	53		RCTAUFRAC	32768		livetime	9.720100	seconds	runtime	10.000503	seconds	input_count_rate	27.167725	cps	output_count_rate	20.935047	cps	triggers	264073	seconds	events_in_run	209361	seconds	channel	content		1.000	0.000
2.000	0.000
3.000	0.000
4.000	0.000
5.000	0.000
6.000	0.000
7.000	0.000
8.000	0.000
9.000	0.000
10.000	0.000
11.000	0.000
12.000	0.000
13.000	0.000
14.000	0.000
15.000	0.000
16.000	0.000
17.000	0.000
18.000	0.000
19.000	0.000
20.000	0.000
21.000	0.000
22.000	0.000
23.000	0.000
24.000	0.000
25.000	0.000
26.000	0.000
27.000	0.000
28.000	0.000
29.000	0.000
30.000	0.000
31.000	0.000
32.000	0.000
33.000	0.000
34.000	1.000
35.000	0.000
36.000	0.000
37.000	2.000
38.000	2.000
39.000	4.000
40.000	1.000
41.000	4.000
42.000	2.000
43.000	3.000
44.000	6.000
45.000	8.000
46.000	5.000
47.000	2.000
48.000	8.000
49.000	8.000
50.000	6.000
51.000	9.000
52.000	12.000
53.000	11.000
54.000	10.000
55.000	6.000
56.000	10.000
57.000	3.000
58.000	11.000
59.000	9.000
60.000	8.000
61.000	8.000
62.000	14.000
63.000	9.000
64.000	16.000
65.000	8.000
66.000	13.000
67.000	10.000
68.000	7.000
69.000	12.000
70.000	7.000
71.000	12.000
72.000	6.000
73.000	17.000
74.000	12.000
75.000	8.000
76.000	11.000
77.000	8.000
78.000	13.000
79.000	11.000
80.000	8.000
81.000	9.000
82.000	8.000
83.000	4.000
84.000	5.000
85.000	8.000
86.000	5.000
87.000	5.000
88.000	3.000
89.000	5.000
90.000	7.000
91.000	6.000
92.000	10.000
93.000	7.000
94.000	10.000
95.000	8.000
96.000	6.000
97.000	12.000
98.000	11.000
99.000	6.000
100.000	6.000
101.000	7.000
102.000	5.000
103.000	10.000
104.000	10.000
105.000	7.000
106.000	7.000
107.000	8.000
108.000	9.000
109.000	5.000
110.000	7.000
111.000	6.000
112.000	3.000
113.000	10.000
114.000	4.000
115.000	5.000
116.000	8.000
117.000	4.000
118.000	1.000
119.000	1.000
120.000	5.000
121.000	7.000
122.000	10.000
123.000	10.000
124.000	8.000
125.000	10.000
126.000	7.000
127.000	8.000
128.000	7.000
129.000	6.000
130.000	5.000
131.000	8.000
132.000	2.000
133.000	8.000
134.000	8.000
135.000	7.000
136.000	2.000
137.000	7.000
138.000	4.000
139.000	6.000
140.000	0.000
141.000	4.000
142.000	4.000
143.000	9.000
144.000	6.000
145.000	3.000
146.000	5.000
147.000	7.000
148.000	3.000
149.000	3.000
150.000	5.000
151.000	2.000
152.000	6.000
153.000	3.000
154.000	2.000
155.000	4.000
156.000	4.000
157.000	3.000
158.000	4.000
159.000	6.000
160.000	12.000
161.000	6.000
162.000	7.000
163.000	9.000
164.000	13.000
165.000	11.000
166.000	5.000
167.000	5.000
168.000	4.000
169.000	2.000
170.000	10.000
171.000	5.000
172.000	3.000
173.000	3.000
174.000	3.000
175.000	9.000
176.000	4.000
177.000	8.000
178.000	4.000
179.000	4.000
180.000	13.000
181.000	11.000
182.000	13.000
183.000	10.000
184.000	5.000
185.000	5.000
186.000	3.000
187.000	2.000
188.000	4.000
189.000	3.000
190.000	2.000
191.000	5.000
192.000	6.000
193.000	6.000
194.000	4.000
195.000	5.000
196.000	3.000
197.000	6.000
198.000	20.000
199.000	14.000
200.000	24.000
201.000	38.000
202.000	39.000
203.000	45.000
204.000	28.000
205.000	22.000
206.000	17.000
207.000	15.000
208.000	7.000
209.000	3.000
210.000	2.000
211.000	4.000
212.000	5.000
213.000	3.000
214.000	6.000
215.000	6.000
216.000	3.000
217.000	8.000
218.000	5.000
219.000	6.000
220.000	7.000
221.000	12.000
222.000	7.000
223.000	5.000
224.000	3.000
225.000	4.000
226.000	1.000
227.000	4.000
228.000	1.000
229.000	4.000
230.000	3.000
231.000	4.000
232.000	2.000
233.000	0.000
234.000	5.000
235.000	4.000
236.000	4.000
237.000	3.000
238.000	0.000
239.000	3.000
240.000	5.000
241.000	3.000
242.000	7.000
243.000	8.000
244.000	10.000
245.000	14.000
246.000	12.000
247.000	7.000
248.000	5.000
249.000	9.000
250.000	8.000
251.000	11.000
252.000	7.000
253.000	4.000
254.000	8.000
255.000	14.000
256.000	7.000
257.000	10.000
258.000	8.000
259.000	7.000
260.000	7.000
261.000	6.000
262.000	5.000
263.000	2.000
264.000	5.000
265.000	6.000
266.000	7.000
267.000	7.000
268.000	5.000
269.000	8.000
270.000	14.000
271.000	5.000
272.000	10.000
273.000	4.000
274.000	11.000
275.000	3.000
276.000	4.000
277.000	5.000
278.000	6.000
279.000	9.000
280.000	3.000
281.000	9.000
282.000	8.000
283.000	6.000
284.000	4.000
285.000	9.000
286.000	3.000
287.000	4.000
288.000	7.000
289.000	9.000
290.000	8.000
291.000	4.000
292.000	8.000
293.000	8.000
294.000	8.000
295.000	10.000
296.000	8.000
297.000	7.000
298.000	7.000
299.000	4.000
300.000	10.000
301.000	5.000
302.000	6.000
303.000	9.000
304.000	8.000
305.000	7.000
306.000	8.000
307.000	7.000
308.000	4.000
309.000	10.000
310.000	5.000
311.000	6.000
312.000	8.000
313.000	10.000
314.000	12.000
315.000	12.000
316.000	12.000
317.000	18.000
318.000	19.000
319.000	33.000
320.000	36.000
321.000	47.000
322.000	52.000
323.000	46.000
324.000	70.000
325.000	58.000
326.000	44.000
327.000	39.000
328.000	21.000
329.000	21.000
330.000	15.000
331.000	11.000
332.000	17.000
333.000	11.000
334.000	10.000
335.000	9.000
336.000	16.000
337.000	15.000
338.000	12.000
339.000	23.000
340.000	24.000
341.000	26.000
342.000	46.000
343.000	97.000
344.000	159.000
345.000	229.000
346.000	377.000
347.000	531.000
348.000	662.000
349.000	813.000
350.000	846.000
351.000	813.000
352.000	755.000
353.000	691.000
354.000	552.000
355.000	451.000
356.000	253.000
357.000	206.000
358.000	107.000
359.000	69.000
360.000	39.000
361.000	29.000
362.000	26.000
363.000	23.000
364.000	11.000
365.000	22.000
366.000	10.000
367.000	19.000
368.000	23.000
369.000	20.000
370.000	20.000
371.000	11.000
372.000	22.000
373.000	17.000
374.000	22.000
375.000	26.000
376.000	24.000
377.000	21.000
378.000	34.000
379.000	45.000
380.000	54.000
381.000	76.000
382.000	91.000
383.000	125.000
384.000	145.000
385.000	155.000
386.000	181.000
387.000	178.000
388.000	156.000
389.000	142.000
390.000	109.000
391.000	95.000
392.000	68.000
393.000	43.000
394.000	29.000
395.000	29.000
396.000	31.000
397.000	23.000
398.000	22.000
399.000	27.000
400.000	26.000
401.000	19.000
402.000	19.000
403.000	14.000
404.000	23.000
405.000	17.000
406.000	24.000
407.000	33.000
408.000	19.000
409.000	35.000
410.000	23.000
411.000	25.000
412.000	29.000
413.000	30.000
414.000	27.000
415.000	26.000
416.000	31.000
417.000	23.000
418.000	22.000
419.000	28.000
420.000	32.000
421.000	18.000
422.000	30.000
423.000	30.000
424.000	26.000
425.000	29.000
426.000	25.000
427.000	33.000
428.000	25.000
429.000	28.000
430.000	24.000
431.000	25.000
432.000	33.000
433.000	45.000
434.000	27.000
435.000	36.000
436.000	37.000
437.000	30.000
438.000	34.000
439.000	36.000
440.000	38.000
441.000	40.000
442.000	40.000
443.000	46.000
444.000	45.000
445.000	50.000
446.000	37.000
447.000	50.000
448.000	34.000
449.000	50.000
450.000	49.000
451.000	49.000
452.000	53.000
453.000	48.000
454.000	41.000
455.000	42.000
456.000	47.000
457.000	44.000
458.000	52.000
459.000	36.000
460.000	54.000
461.000	46.000
462.000	41.000
463.000	48.000
464.000	33.000
465.000	47.000
466.000	50.000
467.000	38.000
468.000	46.000
469.000	57.000
470.000	68.000
471.000	46.000
472.000	55.000
473.000	60.000
474.000	45.000
475.000	62.000
476.000	46.000
477.000	52.000
478.000	55.000
479.000	52.000
480.000	55.000
481.000	54.000
482.000	44.000
483.000	54.000
484.000	54.000
485.000	67.000
486.000	50.000
487.000	66.000
488.000	52.000
489.000	52.000
490.000	51.000
491.000	62.000
492.000	47.000
493.000	45.000
494.000	48.000
495.000	57.000
496.000	44.000
497.000	58.000
498.000	64.000
499.000	47.000
500.000	67.000
501.000	68.000
502.000	70.000
503.000	73.000
504.000	74.000
505.000	75.000
506.000	63.000
507.000	78.000
508.000	63.000
509.000	69.000
510.000	86.000
511.000	71.000
512.000	69.000
513.000	71.000
514.000	68.000
515.000	76.000
516.000	78.000
517.000	75.000
518.000	60.000
519.000	77.000
520.000	86.000
521.000	89.000
522.000	72.000
523.000	99.000
524.000	86.000
525.000	89.000
526.000	91.000
527.000	89.000
528.000	88.000
529.000	86.000
530.000	98.000
531.000	85.000
532.000	86.000
533.000	101.000
534.000	98.000
535.000	82.000
536.000	90.000
537.000	87.000
538.000	95.000
539.000	94.000
540.000	78.000
541.000	106.000
542.000	82.000
543.000	95.000
544.000	101.000
545.000	84.000
546.000	91.000
547.000	96.000
548.000	99.000
549.000	93.000
550.000	85.000
551.000	93.000
552.000	85.000
553.000	109.000
554.000	97.000
555.000	114.000
556.000	94.000
557.000	95.000
558.000	99.000
559.000	97.000
560.000	84.000
561.000	96.000
562.000	101.000
563.000	104.000
564.000	98.000
565.000	97.000
566.000	118.000
567.000	90.000
568.000	106.000
569.000	106.000
570.000	120.000
571.000	116.000
572.000	95.000
573.000	120.000
574.000	119.000
575.000	114.000
576.000	116.000
577.000	128.000
578.000	109.000
579.000	128.000
580.000	109.000
581.000	116.000
582.000	139.000
583.000	132.000
584.000	131.000
585.000	134.000
586.000	117.000
587.000	129.000
588.000	126.000
589.000	119.000
590.000	108.000
591.000	125.000
592.000	130.000
593.000	138.000
594.000	133.000
595.000	129.000
596.000	135.000
597.000	138.000
598.000	130.000
599.000	134.000
600.000	105.000
601.000	145.000
602.000	132.000
603.000	152.000
604.000	155.000
605.000	154.000
606.000	145.000
607.000	146.000
608.000	154.000
609.000	152.000
610.000	129.000
611.000	131.000
612.000	140.000
613.000	164.000
614.000	136.000
615.000	134.000
616.000	136.000
617.000	134.000
618.000	153.000
619.000	150.000
620.000	150.000
621.000	152.000
622.000	148.000
623.000	147.000
624.000	158.000
625.000	158.000
626.000	163.000
627.000	157.000
628.000	145.000
629.000	156.000
630.000	179.000
631.000	160.000
632.000	151.000
633.000	158.000
634.000	155.000
635.000	169.000
636.000	145.000
637.000	156.000
638.000	158.000
639.000	167.000
640.000	165.000
641.000	175.000
642.000	167.000
643.000	165.000
644.000	166.000
645.000	151.000
646.000	166.000
647.000	182.000
648.000	190.000
649.000	178.000
650.000	177.000
651.000	166.000
652.000	181.000
653.000	202.000
654.000	206.000
655.000	195.000
656.000	179.000
657.000	177.000
658.000	192.000
659.000	189.000
660.000	192.000
661.000	176.000
662.000	200.000
663.000	157.000
664.000	161.000
665.000	181.000
666.000	191.000
667.000	177.000
668.000	185.000
669.000	185.000
670.000	209.000
671.000	195.000
672.000	167.000
673.000	171.000
674.000	184.000
675.000	178.000
676.000	186.000
677.000	182.000
678.000	186.000
679.000	156.000
680.000	204.000
681.000	179.000
682.000	185.000
683.000	180.000
684.000	202.000
685.000	198.000
686.000	195.000
687.000	199.000
688.000	224.000
689.000	190.000
690.000	200.000
691.000	211.000
692.000	215.000
693.000	196.000
694.000	209.000
695.000	213.000
696.000	206.000
697.000	211.000
698.000	206.000
699.000	206.000
700.000	236.000
701.000	200.000
702.000	208.000
703.000	214.000
704.000	227.000
705.000	235.000
706.000	212.000
707.000	216.000
708.000	225.000
709.000	239.000
710.000	198.000
711.000	180.000
712.000	220.000
713.000	221.000
714.000	208.000
715.000	183.000
716.000	217.000
717.000	217.000
718.000	234.000
719.000	217.000
720.000	256.000
721.000	236.000
722.000	207.000
723.000	226.000
724.000	231.000
725.000	228.000
726.000	218.000
727.000	223.000
728.000	265.000
729.000	241.000
730.000	246.000
731.000	233.000
732.000	236.000
733.000	236.000
734.000	205.000
735.000	219.000
736.000	222.000
737.000	234.000
738.000	224.000
739.000	247.000
740.000	245.000
741.000	227.000
742.000	252.000
743.000	211.000
744.000	252.000
745.000	223.000
746.000	245.000
747.000	228.000
748.000	239.000
749.000	229.000
750.000	261.000
751.000	221.000
752.000	256.000
753.000	222.000
754.000	247.000
755.000	257.000
756.000	240.000
757.000	243.000
758.000	220.000
759.000	225.000
760.000	227.000
761.000	246.000
762.000	257.000
763.000	267.000
764.000	249.000
765.000	250.000
766.000	282.000
767.000	271.000
768.000	248.000
769.000	290.000
770.000	295.000
771.000	288.000
772.000	330.000
773.000	280.000
774.000	313.000
775.000	304.000
776.000	312.000
777.000	284.000
778.000	306.000
779.000	294.000
780.000	282.000
781.000	283.000
782.000	264.000
783.000	281.000
784.000	282.000
785.000	255.000
786.000	239.000
787.000	284.000
788.000	255.000
789.000	272.000
790.000	264.000
791.000	228.000
792.000	267.000
793.000	242.000
794.000	257.000
795.000	227.000
796.000	243.000
797.000	268.000
798.000	259.000
799.000	271.000
800.000	235.000
801.000	245.000
802.000	274.000
803.000	251.000
804.000	270.000
805.000	262.000
806.000	266.000
807.000	260.000
808.000	258.000
809.000	256.000
810.000	252.000
811.000	240.000
812.000	258.000
813.000	248.000
814.000	262.000
815.000	274.000
816.000	285.000
817.000	285.000
818.000	268.000
819.000	273.000
820.000	274.000
821.000	289.000
822.000	272.000
823.000	251.000
824.000	285.000
825.000	271.000
826.000	281.000
827.000	253.000
828.000	257.000
829.000	277.000
830.000	278.000
831.000	282.000
832.000	292.000
833.000	261.000
834.000	256.000
835.000	248.000
836.000	292.000
837.000	261.000
838.000	301.000
839.000	254.000
840.000	308.000
841.000	299.000
842.000	291.000
843.000	324.000
844.000	313.000
845.000	312.000
846.000	330.000
847.000	332.000
848.000	305.000
849.000	303.000
850.000	334.000
851.000	326.000
852.000	331.000
853.000	309.000
854.000	304.000
855.000	323.000
856.000	339.000
857.000	338.000
858.000	355.000
859.000	349.000
860.000	356.000
861.000	350.000
862.000	360.000
863.000	328.000
864.000	387.000
865.000	369.000
866.000	393.000
867.000	383.000
868.000	364.000
869.000	442.000
870.000	416.000
871.000	475.000
872.000	486.000
873.000	444.000
874.000	435.000
875.000	456.000
876.000	491.000
877.000	514.000
878.000	585.000
879.000	617.000
880.000	590.000
881.000	603.000
882.000	701.000
883.000	692.000
884.000	793.000
885.000	803.000
886.000	841.000
887.000	895.000
888.000	914.000
889.000	975.000
890.000	1073.000
891.000	1116.000
892.000	1152.000
893.000	1175.000
894.000	1230.000
895.000	1264.000
896.000	1352.000
897.000	1331.000
898.000	1388.000
899.000	1304.000
900.000	1332.000
901.000	1365.000
902.000	1356.000
903.000	1393.000
904.000	1288.000
905.000	1272.000
906.000	1196.000
907.000	1196.000
908.000	1199.000
909.000	1148.000
910.000	1071.000
911.000	1018.000
912.000	1010.000
913.000	909.000
914.000	871.000
915.000	815.000
916.000	790.000
917.000	710.000
918.000	676.000
919.000	625.000
920.000	608.000
921.000	608.000
922.000	546.000
923.000	490.000
924.000	479.000
925.000	468.000
926.000	413.000
927.000	423.000
928.000	412.000
929.000	431.000
930.000	384.000
931.000	348.000
932.000	338.000
933.000	355.000
934.000	348.000
935.000	339.000
936.000	323.000
937.000	366.000
938.000	331.000
939.000	322.000
940.000	396.000
941.000	355.000
942.000	398.000
943.000	430.000
944.000	424.000
945.000	471.000
946.000	537.000
947.000	567.000
948.000	627.000
949.000	667.000
950.000	694.000
951.000	692.000
952.000	750.000
953.000	747.000
954.000	710.000
955.000	723.000
956.000	686.000
957.000	626.000
958.000	629.000
959.000	552.000
960.000	502.000
961.000	442.000
962.000	413.000
963.000	406.000
964.000	360.000
965.000	290.000
966.000	303.000
967.000	277.000
968.000	283.000
969.000	272.000
970.000	270.000
971.000	241.000
972.000	283.000
973.000	258.000
974.000	276.000
975.000	280.000
976.000	277.000
977.000	278.000
978.000	272.000
979.000	271.000
980.000	300.000
981.000	275.000
982.000	282.000
983.000	307.000
984.000	284.000
985.000	296.000
986.000	318.000
987.000	319.000
988.000	295.000
989.000	322.000
990.000	350.000
991.000	335.000
992.000	349.000
993.000	347.000
994.000	355.000
995.000	379.000
996.000	371.000
997.000	379.000
998.000	378.000
999.000	379.000
1000.000	385.000
1001.000	420.000
1002.000	409.000
1003.000	417.000
1004.000	433.000
1005.000	392.000
1006.000	388.000
1007.000	375.000
1008.000	393.000
1009.000	416.000
1010.000	423.000
1011.000	378.000
1012.000	368.000
1013.000	336.000
1014.000	374.000
1015.000	349.000
1016.000	345.000
1017.000	330.000
1018.000	305.000
1019.000	329.000
1020.000	316.000
1021.000	271.000
1022.000	267.000
1023.000	274.000
1024.000	263.000
