Date:	8/19/2008		Time:	8:39 AM		Version no:	0.00		Project name:	55		Sample name:	222		Section name:	section		Position	44.039995	mm	E0	0.000000	keV	E1	1.000000	keV/channel	sample surface	7.592942	cm	Tube anode:	Mo		Tube voltage:	30	kV	Tube current:	50	mA	gain	20		std. database			resultfile	result		matrix element	11		sample thickness	1.000000		air passage	0.560000	cm	comments	not in position		peaking_time	3.000000	m-sec	trigger_threshold	1229.166667	V	mca_bin_width	22.090000	no:	number_mca_channels	1024.000000	no:	gap_time	0.400000	m-sec	trigger_peaking_time	0.150000	m-sec	GAINDAC	9455		HIGHGAIN	1		TAURC	0		RCTAU	53		RCTAUFRAC	32768		livetime	9.678478	seconds	runtime	10.000503	seconds	input_count_rate	30.446108	cps	output_count_rate	22.850350	cps	triggers	294672	seconds	events_in_run	228515	seconds	channel	content		1.000	0.000
2.000	0.000
3.000	0.000
4.000	0.000
5.000	0.000
6.000	0.000
7.000	0.000
8.000	0.000
9.000	0.000
10.000	0.000
11.000	0.000
12.000	0.000
13.000	0.000
14.000	0.000
15.000	0.000
16.000	0.000
17.000	0.000
18.000	0.000
19.000	0.000
20.000	0.000
21.000	0.000
22.000	0.000
23.000	0.000
24.000	0.000
25.000	0.000
26.000	0.000
27.000	0.000
28.000	0.000
29.000	0.000
30.000	0.000
31.000	0.000
32.000	1.000
33.000	0.000
34.000	0.000
35.000	0.000
36.000	2.000
37.000	0.000
38.000	2.000
39.000	1.000
40.000	3.000
41.000	7.000
42.000	7.000
43.000	6.000
44.000	2.000
45.000	6.000
46.000	9.000
47.000	7.000
48.000	7.000
49.000	7.000
50.000	6.000
51.000	2.000
52.000	13.000
53.000	6.000
54.000	6.000
55.000	13.000
56.000	7.000
57.000	14.000
58.000	15.000
59.000	7.000
60.000	10.000
61.000	11.000
62.000	15.000
63.000	13.000
64.000	9.000
65.000	11.000
66.000	9.000
67.000	7.000
68.000	12.000
69.000	11.000
70.000	15.000
71.000	9.000
72.000	11.000
73.000	12.000
74.000	12.000
75.000	6.000
76.000	6.000
77.000	6.000
78.000	9.000
79.000	9.000
80.000	6.000
81.000	9.000
82.000	15.000
83.000	4.000
84.000	6.000
85.000	9.000
86.000	5.000
87.000	5.000
88.000	11.000
89.000	9.000
90.000	13.000
91.000	8.000
92.000	11.000
93.000	8.000
94.000	16.000
95.000	7.000
96.000	10.000
97.000	13.000
98.000	7.000
99.000	4.000
100.000	6.000
101.000	10.000
102.000	7.000
103.000	9.000
104.000	7.000
105.000	9.000
106.000	5.000
107.000	6.000
108.000	8.000
109.000	13.000
110.000	9.000
111.000	5.000
112.000	11.000
113.000	6.000
114.000	8.000
115.000	9.000
116.000	4.000
117.000	7.000
118.000	7.000
119.000	3.000
120.000	8.000
121.000	2.000
122.000	10.000
123.000	5.000
124.000	7.000
125.000	9.000
126.000	3.000
127.000	7.000
128.000	10.000
129.000	10.000
130.000	13.000
131.000	12.000
132.000	7.000
133.000	6.000
134.000	8.000
135.000	4.000
136.000	3.000
137.000	7.000
138.000	10.000
139.000	5.000
140.000	6.000
141.000	6.000
142.000	9.000
143.000	7.000
144.000	5.000
145.000	2.000
146.000	5.000
147.000	5.000
148.000	6.000
149.000	6.000
150.000	4.000
151.000	6.000
152.000	2.000
153.000	5.000
154.000	2.000
155.000	7.000
156.000	5.000
157.000	7.000
158.000	5.000
159.000	5.000
160.000	7.000
161.000	7.000
162.000	9.000
163.000	7.000
164.000	8.000
165.000	6.000
166.000	8.000
167.000	6.000
168.000	10.000
169.000	7.000
170.000	4.000
171.000	5.000
172.000	3.000
173.000	4.000
174.000	3.000
175.000	5.000
176.000	6.000
177.000	4.000
178.000	6.000
179.000	12.000
180.000	12.000
181.000	11.000
182.000	11.000
183.000	17.000
184.000	16.000
185.000	5.000
186.000	3.000
187.000	3.000
188.000	10.000
189.000	3.000
190.000	9.000
191.000	5.000
192.000	4.000
193.000	5.000
194.000	2.000
195.000	4.000
196.000	6.000
197.000	7.000
198.000	10.000
199.000	18.000
200.000	18.000
201.000	28.000
202.000	35.000
203.000	30.000
204.000	27.000
205.000	28.000
206.000	17.000
207.000	9.000
208.000	12.000
209.000	5.000
210.000	2.000
211.000	7.000
212.000	4.000
213.000	5.000
214.000	2.000
215.000	3.000
216.000	7.000
217.000	5.000
218.000	1.000
219.000	7.000
220.000	9.000
221.000	7.000
222.000	7.000
223.000	10.000
224.000	3.000
225.000	6.000
226.000	3.000
227.000	4.000
228.000	5.000
229.000	4.000
230.000	8.000
231.000	5.000
232.000	6.000
233.000	1.000
234.000	4.000
235.000	6.000
236.000	3.000
237.000	10.000
238.000	4.000
239.000	3.000
240.000	2.000
241.000	4.000
242.000	4.000
243.000	6.000
244.000	7.000
245.000	10.000
246.000	8.000
247.000	11.000
248.000	16.000
249.000	14.000
250.000	7.000
251.000	13.000
252.000	7.000
253.000	8.000
254.000	10.000
255.000	8.000
256.000	6.000
257.000	5.000
258.000	11.000
259.000	8.000
260.000	6.000
261.000	9.000
262.000	6.000
263.000	6.000
264.000	7.000
265.000	5.000
266.000	6.000
267.000	6.000
268.000	3.000
269.000	4.000
270.000	8.000
271.000	7.000
272.000	1.000
273.000	6.000
274.000	7.000
275.000	2.000
276.000	9.000
277.000	9.000
278.000	6.000
279.000	5.000
280.000	5.000
281.000	6.000
282.000	9.000
283.000	8.000
284.000	3.000
285.000	5.000
286.000	5.000
287.000	7.000
288.000	4.000
289.000	4.000
290.000	9.000
291.000	4.000
292.000	15.000
293.000	8.000
294.000	11.000
295.000	7.000
296.000	11.000
297.000	12.000
298.000	9.000
299.000	16.000
300.000	8.000
301.000	8.000
302.000	5.000
303.000	6.000
304.000	13.000
305.000	8.000
306.000	8.000
307.000	5.000
308.000	8.000
309.000	10.000
310.000	13.000
311.000	8.000
312.000	4.000
313.000	5.000
314.000	9.000
315.000	13.000
316.000	13.000
317.000	19.000
318.000	25.000
319.000	22.000
320.000	42.000
321.000	47.000
322.000	49.000
323.000	71.000
324.000	56.000
325.000	47.000
326.000	43.000
327.000	29.000
328.000	26.000
329.000	20.000
330.000	16.000
331.000	11.000
332.000	10.000
333.000	10.000
334.000	12.000
335.000	15.000
336.000	14.000
337.000	11.000
338.000	23.000
339.000	13.000
340.000	24.000
341.000	47.000
342.000	47.000
343.000	100.000
344.000	154.000
345.000	253.000
346.000	340.000
347.000	496.000
348.000	633.000
349.000	751.000
350.000	816.000
351.000	820.000
352.000	773.000
353.000	650.000
354.000	540.000
355.000	404.000
356.000	291.000
357.000	180.000
358.000	116.000
359.000	74.000
360.000	48.000
361.000	18.000
362.000	26.000
363.000	17.000
364.000	24.000
365.000	17.000
366.000	19.000
367.000	16.000
368.000	17.000
369.000	20.000
370.000	19.000
371.000	20.000
372.000	19.000
373.000	20.000
374.000	19.000
375.000	20.000
376.000	20.000
377.000	29.000
378.000	31.000
379.000	46.000
380.000	60.000
381.000	60.000
382.000	96.000
383.000	124.000
384.000	148.000
385.000	141.000
386.000	158.000
387.000	147.000
388.000	131.000
389.000	141.000
390.000	114.000
391.000	83.000
392.000	58.000
393.000	58.000
394.000	49.000
395.000	30.000
396.000	27.000
397.000	23.000
398.000	17.000
399.000	13.000
400.000	26.000
401.000	24.000
402.000	19.000
403.000	22.000
404.000	25.000
405.000	25.000
406.000	19.000
407.000	21.000
408.000	29.000
409.000	30.000
410.000	38.000
411.000	34.000
412.000	28.000
413.000	31.000
414.000	37.000
415.000	25.000
416.000	26.000
417.000	25.000
418.000	21.000
419.000	31.000
420.000	33.000
421.000	30.000
422.000	33.000
423.000	32.000
424.000	35.000
425.000	37.000
426.000	32.000
427.000	32.000
428.000	39.000
429.000	28.000
430.000	24.000
431.000	36.000
432.000	31.000
433.000	44.000
434.000	45.000
435.000	35.000
436.000	34.000
437.000	39.000
438.000	32.000
439.000	40.000
440.000	45.000
441.000	44.000
442.000	40.000
443.000	41.000
444.000	47.000
445.000	48.000
446.000	48.000
447.000	46.000
448.000	33.000
449.000	32.000
450.000	46.000
451.000	36.000
452.000	28.000
453.000	42.000
454.000	56.000
455.000	55.000
456.000	66.000
457.000	46.000
458.000	47.000
459.000	63.000
460.000	63.000
461.000	38.000
462.000	49.000
463.000	64.000
464.000	61.000
465.000	44.000
466.000	48.000
467.000	55.000
468.000	47.000
469.000	74.000
470.000	60.000
471.000	53.000
472.000	71.000
473.000	65.000
474.000	51.000
475.000	53.000
476.000	52.000
477.000	69.000
478.000	65.000
479.000	54.000
480.000	57.000
481.000	65.000
482.000	50.000
483.000	47.000
484.000	65.000
485.000	66.000
486.000	72.000
487.000	58.000
488.000	54.000
489.000	72.000
490.000	64.000
491.000	52.000
492.000	72.000
493.000	72.000
494.000	57.000
495.000	74.000
496.000	75.000
497.000	65.000
498.000	66.000
499.000	69.000
500.000	59.000
501.000	79.000
502.000	75.000
503.000	69.000
504.000	73.000
505.000	66.000
506.000	66.000
507.000	70.000
508.000	73.000
509.000	88.000
510.000	89.000
511.000	85.000
512.000	94.000
513.000	65.000
514.000	82.000
515.000	69.000
516.000	77.000
517.000	88.000
518.000	77.000
519.000	77.000
520.000	91.000
521.000	86.000
522.000	79.000
523.000	88.000
524.000	89.000
525.000	96.000
526.000	88.000
527.000	96.000
528.000	89.000
529.000	106.000
530.000	94.000
531.000	100.000
532.000	98.000
533.000	92.000
534.000	101.000
535.000	101.000
536.000	129.000
537.000	92.000
538.000	119.000
539.000	96.000
540.000	89.000
541.000	113.000
542.000	110.000
543.000	95.000
544.000	99.000
545.000	119.000
546.000	117.000
547.000	105.000
548.000	112.000
549.000	95.000
550.000	105.000
551.000	112.000
552.000	104.000
553.000	117.000
554.000	113.000
555.000	118.000
556.000	99.000
557.000	105.000
558.000	101.000
559.000	119.000
560.000	131.000
561.000	107.000
562.000	106.000
563.000	110.000
564.000	128.000
565.000	112.000
566.000	99.000
567.000	121.000
568.000	113.000
569.000	117.000
570.000	137.000
571.000	128.000
572.000	118.000
573.000	127.000
574.000	111.000
575.000	124.000
576.000	133.000
577.000	114.000
578.000	131.000
579.000	139.000
580.000	113.000
581.000	126.000
582.000	124.000
583.000	138.000
584.000	146.000
585.000	128.000
586.000	120.000
587.000	125.000
588.000	137.000
589.000	151.000
590.000	130.000
591.000	136.000
592.000	144.000
593.000	159.000
594.000	151.000
595.000	135.000
596.000	139.000
597.000	152.000
598.000	142.000
599.000	152.000
600.000	136.000
601.000	142.000
602.000	178.000
603.000	173.000
604.000	170.000
605.000	140.000
606.000	140.000
607.000	125.000
608.000	136.000
609.000	170.000
610.000	151.000
611.000	153.000
612.000	175.000
613.000	160.000
614.000	130.000
615.000	171.000
616.000	187.000
617.000	161.000
618.000	163.000
619.000	167.000
620.000	170.000
621.000	152.000
622.000	169.000
623.000	173.000
624.000	192.000
625.000	189.000
626.000	169.000
627.000	181.000
628.000	180.000
629.000	178.000
630.000	152.000
631.000	162.000
632.000	159.000
633.000	180.000
634.000	185.000
635.000	174.000
636.000	191.000
637.000	167.000
638.000	183.000
639.000	186.000
640.000	203.000
641.000	170.000
642.000	163.000
643.000	186.000
644.000	184.000
645.000	200.000
646.000	200.000
647.000	192.000
648.000	229.000
649.000	201.000
650.000	183.000
651.000	218.000
652.000	242.000
653.000	205.000
654.000	191.000
655.000	162.000
656.000	215.000
657.000	205.000
658.000	249.000
659.000	173.000
660.000	192.000
661.000	197.000
662.000	191.000
663.000	212.000
664.000	204.000
665.000	196.000
666.000	183.000
667.000	192.000
668.000	232.000
669.000	208.000
670.000	200.000
671.000	211.000
672.000	207.000
673.000	218.000
674.000	214.000
675.000	222.000
676.000	206.000
677.000	217.000
678.000	217.000
679.000	219.000
680.000	227.000
681.000	225.000
682.000	205.000
683.000	213.000
684.000	208.000
685.000	210.000
686.000	234.000
687.000	254.000
688.000	189.000
689.000	226.000
690.000	252.000
691.000	226.000
692.000	226.000
693.000	221.000
694.000	209.000
695.000	242.000
696.000	236.000
697.000	208.000
698.000	212.000
699.000	249.000
700.000	238.000
701.000	239.000
702.000	212.000
703.000	229.000
704.000	232.000
705.000	259.000
706.000	236.000
707.000	215.000
708.000	238.000
709.000	271.000
710.000	250.000
711.000	255.000
712.000	258.000
713.000	228.000
714.000	236.000
715.000	230.000
716.000	260.000
717.000	232.000
718.000	249.000
719.000	267.000
720.000	242.000
721.000	239.000
722.000	234.000
723.000	245.000
724.000	257.000
725.000	258.000
726.000	245.000
727.000	225.000
728.000	231.000
729.000	280.000
730.000	242.000
731.000	271.000
732.000	269.000
733.000	258.000
734.000	270.000
735.000	253.000
736.000	256.000
737.000	252.000
738.000	236.000
739.000	259.000
740.000	220.000
741.000	269.000
742.000	263.000
743.000	221.000
744.000	270.000
745.000	235.000
746.000	261.000
747.000	276.000
748.000	243.000
749.000	285.000
750.000	257.000
751.000	246.000
752.000	278.000
753.000	288.000
754.000	280.000
755.000	260.000
756.000	244.000
757.000	284.000
758.000	270.000
759.000	270.000
760.000	292.000
761.000	268.000
762.000	283.000
763.000	273.000
764.000	290.000
765.000	298.000
766.000	286.000
767.000	293.000
768.000	292.000
769.000	313.000
770.000	300.000
771.000	322.000
772.000	300.000
773.000	320.000
774.000	295.000
775.000	305.000
776.000	305.000
777.000	306.000
778.000	313.000
779.000	295.000
780.000	269.000
781.000	300.000
782.000	278.000
783.000	284.000
784.000	288.000
785.000	278.000
786.000	289.000
787.000	252.000
788.000	288.000
789.000	290.000
790.000	281.000
791.000	273.000
792.000	297.000
793.000	300.000
794.000	300.000
795.000	317.000
796.000	300.000
797.000	287.000
798.000	312.000
799.000	283.000
800.000	273.000
801.000	255.000
802.000	297.000
803.000	268.000
804.000	303.000
805.000	312.000
806.000	317.000
807.000	322.000
808.000	320.000
809.000	271.000
810.000	330.000
811.000	308.000
812.000	291.000
813.000	311.000
814.000	289.000
815.000	330.000
816.000	290.000
817.000	286.000
818.000	306.000
819.000	313.000
820.000	307.000
821.000	324.000
822.000	332.000
823.000	334.000
824.000	327.000
825.000	297.000
826.000	282.000
827.000	312.000
828.000	309.000
829.000	297.000
830.000	339.000
831.000	320.000
832.000	327.000
833.000	341.000
834.000	319.000
835.000	327.000
836.000	316.000
837.000	327.000
838.000	325.000
839.000	300.000
840.000	373.000
841.000	344.000
842.000	314.000
843.000	357.000
844.000	322.000
845.000	353.000
846.000	357.000
847.000	372.000
848.000	304.000
849.000	320.000
850.000	342.000
851.000	350.000
852.000	330.000
853.000	331.000
854.000	346.000
855.000	376.000
856.000	363.000
857.000	371.000
858.000	378.000
859.000	381.000
860.000	373.000
861.000	408.000
862.000	377.000
863.000	435.000
864.000	394.000
865.000	401.000
866.000	383.000
867.000	417.000
868.000	478.000
869.000	462.000
870.000	460.000
871.000	471.000
872.000	479.000
873.000	488.000
874.000	485.000
875.000	522.000
876.000	561.000
877.000	570.000
878.000	616.000
879.000	613.000
880.000	618.000
881.000	674.000
882.000	722.000
883.000	787.000
884.000	797.000
885.000	876.000
886.000	962.000
887.000	1024.000
888.000	1031.000
889.000	1110.000
890.000	1119.000
891.000	1258.000
892.000	1260.000
893.000	1326.000
894.000	1417.000
895.000	1369.000
896.000	1496.000
897.000	1460.000
898.000	1456.000
899.000	1494.000
900.000	1543.000
901.000	1537.000
902.000	1511.000
903.000	1490.000
904.000	1518.000
905.000	1486.000
906.000	1406.000
907.000	1389.000
908.000	1239.000
909.000	1252.000
910.000	1172.000
911.000	1139.000
912.000	1051.000
913.000	1005.000
914.000	928.000
915.000	916.000
916.000	857.000
917.000	794.000
918.000	738.000
919.000	719.000
920.000	661.000
921.000	650.000
922.000	579.000
923.000	590.000
924.000	525.000
925.000	514.000
926.000	475.000
927.000	440.000
928.000	453.000
929.000	413.000
930.000	413.000
931.000	422.000
932.000	372.000
933.000	389.000
934.000	404.000
935.000	329.000
936.000	358.000
937.000	390.000
938.000	380.000
939.000	373.000
940.000	401.000
941.000	384.000
942.000	431.000
943.000	453.000
944.000	465.000
945.000	516.000
946.000	537.000
947.000	618.000
948.000	655.000
949.000	712.000
950.000	729.000
951.000	779.000
952.000	825.000
953.000	848.000
954.000	795.000
955.000	833.000
956.000	768.000
957.000	670.000
958.000	629.000
959.000	603.000
960.000	575.000
961.000	502.000
962.000	443.000
963.000	407.000
964.000	381.000
965.000	361.000
966.000	346.000
967.000	322.000
968.000	267.000
969.000	292.000
970.000	283.000
971.000	265.000
972.000	283.000
973.000	330.000
974.000	310.000
975.000	295.000
976.000	305.000
977.000	283.000
978.000	325.000
979.000	301.000
980.000	340.000
981.000	301.000
982.000	317.000
983.000	325.000
984.000	334.000
985.000	328.000
986.000	338.000
987.000	314.000
988.000	357.000
989.000	372.000
990.000	363.000
991.000	403.000
992.000	406.000
993.000	367.000
994.000	465.000
995.000	384.000
996.000	403.000
997.000	441.000
998.000	413.000
999.000	445.000
1000.000	476.000
1001.000	448.000
1002.000	423.000
1003.000	452.000
1004.000	444.000
1005.000	460.000
1006.000	451.000
1007.000	427.000
1008.000	453.000
1009.000	465.000
1010.000	414.000
1011.000	407.000
1012.000	448.000
1013.000	407.000
1014.000	376.000
1015.000	407.000
1016.000	386.000
1017.000	375.000
1018.000	360.000
1019.000	324.000
1020.000	301.000
1021.000	292.000
1022.000	310.000
1023.000	303.000
1024.000	297.000
