Date:	8/19/2008		Time:	8:58 AM		Version no:	0.00		Project name:	55		Sample name:	222		Section name:	section		Position	240.039995	mm	E0	0.000000	keV	E1	1.000000	keV/channel	sample surface	7.516004	cm	Tube anode:	Mo		Tube voltage:	30	kV	Tube current:	50	mA	gain	20		std. database			resultfile	result		matrix element	11		sample thickness	1.000000		air passage	0.560000	cm	comments	not in position		peaking_time	3.000000	m-sec	trigger_threshold	1229.166667	V	mca_bin_width	22.090000	no:	number_mca_channels	1024.000000	no:	gap_time	0.400000	m-sec	trigger_peaking_time	0.150000	m-sec	GAINDAC	9455		HIGHGAIN	1		TAURC	0		RCTAU	53		RCTAUFRAC	32768		livetime	9.773658	seconds	runtime	10.000502	seconds	input_count_rate	22.873013	cps	output_count_rate	18.219686	cps	triggers	223553	seconds	events_in_run	182206	seconds	channel	content		1.000	0.000
2.000	0.000
3.000	0.000
4.000	0.000
5.000	0.000
6.000	0.000
7.000	0.000
8.000	0.000
9.000	0.000
10.000	0.000
11.000	0.000
12.000	0.000
13.000	0.000
14.000	0.000
15.000	0.000
16.000	0.000
17.000	0.000
18.000	0.000
19.000	0.000
20.000	0.000
21.000	0.000
22.000	0.000
23.000	0.000
24.000	0.000
25.000	0.000
26.000	0.000
27.000	0.000
28.000	0.000
29.000	0.000
30.000	0.000
31.000	1.000
32.000	1.000
33.000	1.000
34.000	1.000
35.000	0.000
36.000	0.000
37.000	1.000
38.000	2.000
39.000	2.000
40.000	6.000
41.000	4.000
42.000	8.000
43.000	6.000
44.000	6.000
45.000	3.000
46.000	8.000
47.000	9.000
48.000	8.000
49.000	4.000
50.000	5.000
51.000	9.000
52.000	8.000
53.000	5.000
54.000	3.000
55.000	7.000
56.000	8.000
57.000	11.000
58.000	8.000
59.000	9.000
60.000	11.000
61.000	8.000
62.000	8.000
63.000	9.000
64.000	5.000
65.000	5.000
66.000	12.000
67.000	5.000
68.000	6.000
69.000	15.000
70.000	8.000
71.000	14.000
72.000	12.000
73.000	10.000
74.000	15.000
75.000	6.000
76.000	8.000
77.000	10.000
78.000	7.000
79.000	6.000
80.000	4.000
81.000	5.000
82.000	8.000
83.000	4.000
84.000	7.000
85.000	6.000
86.000	7.000
87.000	4.000
88.000	6.000
89.000	4.000
90.000	5.000
91.000	6.000
92.000	6.000
93.000	3.000
94.000	8.000
95.000	10.000
96.000	6.000
97.000	6.000
98.000	8.000
99.000	7.000
100.000	6.000
101.000	10.000
102.000	8.000
103.000	9.000
104.000	6.000
105.000	7.000
106.000	4.000
107.000	5.000
108.000	9.000
109.000	4.000
110.000	7.000
111.000	5.000
112.000	1.000
113.000	2.000
114.000	1.000
115.000	5.000
116.000	9.000
117.000	7.000
118.000	2.000
119.000	6.000
120.000	3.000
121.000	5.000
122.000	5.000
123.000	7.000
124.000	6.000
125.000	11.000
126.000	7.000
127.000	7.000
128.000	8.000
129.000	9.000
130.000	6.000
131.000	4.000
132.000	4.000
133.000	6.000
134.000	7.000
135.000	7.000
136.000	3.000
137.000	2.000
138.000	0.000
139.000	3.000
140.000	1.000
141.000	2.000
142.000	2.000
143.000	7.000
144.000	3.000
145.000	5.000
146.000	2.000
147.000	2.000
148.000	2.000
149.000	3.000
150.000	2.000
151.000	5.000
152.000	1.000
153.000	2.000
154.000	4.000
155.000	2.000
156.000	8.000
157.000	6.000
158.000	3.000
159.000	5.000
160.000	8.000
161.000	9.000
162.000	5.000
163.000	10.000
164.000	7.000
165.000	4.000
166.000	7.000
167.000	7.000
168.000	3.000
169.000	3.000
170.000	4.000
171.000	3.000
172.000	3.000
173.000	11.000
174.000	4.000
175.000	5.000
176.000	5.000
177.000	5.000
178.000	7.000
179.000	3.000
180.000	2.000
181.000	5.000
182.000	3.000
183.000	6.000
184.000	6.000
185.000	3.000
186.000	3.000
187.000	2.000
188.000	4.000
189.000	5.000
190.000	7.000
191.000	4.000
192.000	3.000
193.000	6.000
194.000	3.000
195.000	2.000
196.000	6.000
197.000	9.000
198.000	10.000
199.000	18.000
200.000	14.000
201.000	25.000
202.000	23.000
203.000	22.000
204.000	24.000
205.000	21.000
206.000	17.000
207.000	12.000
208.000	6.000
209.000	4.000
210.000	3.000
211.000	2.000
212.000	4.000
213.000	2.000
214.000	1.000
215.000	2.000
216.000	0.000
217.000	7.000
218.000	3.000
219.000	2.000
220.000	6.000
221.000	5.000
222.000	8.000
223.000	7.000
224.000	5.000
225.000	4.000
226.000	4.000
227.000	4.000
228.000	2.000
229.000	2.000
230.000	2.000
231.000	3.000
232.000	1.000
233.000	4.000
234.000	3.000
235.000	4.000
236.000	2.000
237.000	4.000
238.000	3.000
239.000	4.000
240.000	2.000
241.000	3.000
242.000	4.000
243.000	2.000
244.000	5.000
245.000	8.000
246.000	7.000
247.000	8.000
248.000	15.000
249.000	10.000
250.000	12.000
251.000	9.000
252.000	8.000
253.000	6.000
254.000	6.000
255.000	6.000
256.000	6.000
257.000	7.000
258.000	7.000
259.000	3.000
260.000	5.000
261.000	5.000
262.000	4.000
263.000	4.000
264.000	6.000
265.000	5.000
266.000	3.000
267.000	4.000
268.000	6.000
269.000	5.000
270.000	2.000
271.000	6.000
272.000	2.000
273.000	5.000
274.000	5.000
275.000	4.000
276.000	4.000
277.000	5.000
278.000	2.000
279.000	4.000
280.000	2.000
281.000	7.000
282.000	4.000
283.000	3.000
284.000	3.000
285.000	5.000
286.000	5.000
287.000	1.000
288.000	4.000
289.000	4.000
290.000	6.000
291.000	5.000
292.000	9.000
293.000	7.000
294.000	8.000
295.000	5.000
296.000	7.000
297.000	6.000
298.000	7.000
299.000	3.000
300.000	6.000
301.000	9.000
302.000	5.000
303.000	7.000
304.000	4.000
305.000	9.000
306.000	3.000
307.000	11.000
308.000	4.000
309.000	8.000
310.000	9.000
311.000	12.000
312.000	7.000
313.000	6.000
314.000	7.000
315.000	7.000
316.000	12.000
317.000	12.000
318.000	20.000
319.000	23.000
320.000	34.000
321.000	25.000
322.000	37.000
323.000	42.000
324.000	43.000
325.000	37.000
326.000	32.000
327.000	25.000
328.000	20.000
329.000	12.000
330.000	16.000
331.000	10.000
332.000	2.000
333.000	7.000
334.000	10.000
335.000	10.000
336.000	11.000
337.000	7.000
338.000	10.000
339.000	17.000
340.000	22.000
341.000	18.000
342.000	45.000
343.000	84.000
344.000	120.000
345.000	160.000
346.000	290.000
347.000	430.000
348.000	504.000
349.000	628.000
350.000	638.000
351.000	625.000
352.000	603.000
353.000	545.000
354.000	421.000
355.000	308.000
356.000	211.000
357.000	120.000
358.000	92.000
359.000	56.000
360.000	48.000
361.000	21.000
362.000	23.000
363.000	17.000
364.000	16.000
365.000	11.000
366.000	12.000
367.000	11.000
368.000	14.000
369.000	13.000
370.000	20.000
371.000	14.000
372.000	19.000
373.000	19.000
374.000	10.000
375.000	19.000
376.000	17.000
377.000	34.000
378.000	21.000
379.000	27.000
380.000	40.000
381.000	53.000
382.000	74.000
383.000	95.000
384.000	91.000
385.000	125.000
386.000	106.000
387.000	118.000
388.000	86.000
389.000	111.000
390.000	83.000
391.000	50.000
392.000	54.000
393.000	44.000
394.000	34.000
395.000	22.000
396.000	25.000
397.000	19.000
398.000	14.000
399.000	18.000
400.000	18.000
401.000	12.000
402.000	14.000
403.000	19.000
404.000	19.000
405.000	26.000
406.000	13.000
407.000	17.000
408.000	19.000
409.000	20.000
410.000	23.000
411.000	22.000
412.000	18.000
413.000	25.000
414.000	22.000
415.000	22.000
416.000	30.000
417.000	23.000
418.000	27.000
419.000	10.000
420.000	20.000
421.000	18.000
422.000	24.000
423.000	30.000
424.000	32.000
425.000	24.000
426.000	25.000
427.000	21.000
428.000	22.000
429.000	19.000
430.000	20.000
431.000	19.000
432.000	13.000
433.000	25.000
434.000	19.000
435.000	23.000
436.000	33.000
437.000	32.000
438.000	26.000
439.000	34.000
440.000	30.000
441.000	42.000
442.000	26.000
443.000	33.000
444.000	28.000
445.000	30.000
446.000	35.000
447.000	35.000
448.000	33.000
449.000	34.000
450.000	30.000
451.000	35.000
452.000	36.000
453.000	32.000
454.000	30.000
455.000	34.000
456.000	44.000
457.000	42.000
458.000	35.000
459.000	31.000
460.000	35.000
461.000	35.000
462.000	27.000
463.000	35.000
464.000	25.000
465.000	36.000
466.000	30.000
467.000	37.000
468.000	32.000
469.000	39.000
470.000	38.000
471.000	53.000
472.000	35.000
473.000	38.000
474.000	45.000
475.000	44.000
476.000	44.000
477.000	43.000
478.000	49.000
479.000	46.000
480.000	30.000
481.000	40.000
482.000	47.000
483.000	40.000
484.000	48.000
485.000	48.000
486.000	33.000
487.000	51.000
488.000	39.000
489.000	28.000
490.000	44.000
491.000	37.000
492.000	42.000
493.000	36.000
494.000	47.000
495.000	49.000
496.000	37.000
497.000	48.000
498.000	54.000
499.000	58.000
500.000	43.000
501.000	40.000
502.000	53.000
503.000	63.000
504.000	46.000
505.000	39.000
506.000	51.000
507.000	55.000
508.000	45.000
509.000	62.000
510.000	53.000
511.000	57.000
512.000	46.000
513.000	51.000
514.000	57.000
515.000	68.000
516.000	56.000
517.000	68.000
518.000	50.000
519.000	56.000
520.000	57.000
521.000	64.000
522.000	63.000
523.000	58.000
524.000	56.000
525.000	59.000
526.000	68.000
527.000	69.000
528.000	74.000
529.000	56.000
530.000	75.000
531.000	51.000
532.000	65.000
533.000	67.000
534.000	75.000
535.000	62.000
536.000	69.000
537.000	74.000
538.000	56.000
539.000	59.000
540.000	64.000
541.000	67.000
542.000	70.000
543.000	66.000
544.000	69.000
545.000	76.000
546.000	64.000
547.000	80.000
548.000	65.000
549.000	80.000
550.000	78.000
551.000	77.000
552.000	83.000
553.000	65.000
554.000	59.000
555.000	86.000
556.000	82.000
557.000	80.000
558.000	86.000
559.000	94.000
560.000	87.000
561.000	86.000
562.000	79.000
563.000	91.000
564.000	80.000
565.000	95.000
566.000	68.000
567.000	88.000
568.000	83.000
569.000	75.000
570.000	86.000
571.000	87.000
572.000	78.000
573.000	98.000
574.000	97.000
575.000	115.000
576.000	88.000
577.000	88.000
578.000	108.000
579.000	87.000
580.000	103.000
581.000	81.000
582.000	111.000
583.000	91.000
584.000	75.000
585.000	99.000
586.000	97.000
587.000	97.000
588.000	112.000
589.000	93.000
590.000	92.000
591.000	88.000
592.000	99.000
593.000	116.000
594.000	124.000
595.000	116.000
596.000	119.000
597.000	110.000
598.000	98.000
599.000	116.000
600.000	89.000
601.000	114.000
602.000	107.000
603.000	104.000
604.000	108.000
605.000	127.000
606.000	126.000
607.000	126.000
608.000	112.000
609.000	121.000
610.000	92.000
611.000	107.000
612.000	121.000
613.000	124.000
614.000	111.000
615.000	105.000
616.000	113.000
617.000	106.000
618.000	134.000
619.000	131.000
620.000	129.000
621.000	132.000
622.000	120.000
623.000	131.000
624.000	113.000
625.000	130.000
626.000	125.000
627.000	105.000
628.000	120.000
629.000	123.000
630.000	121.000
631.000	123.000
632.000	106.000
633.000	108.000
634.000	123.000
635.000	158.000
636.000	120.000
637.000	124.000
638.000	135.000
639.000	109.000
640.000	135.000
641.000	121.000
642.000	134.000
643.000	158.000
644.000	137.000
645.000	127.000
646.000	131.000
647.000	155.000
648.000	150.000
649.000	135.000
650.000	144.000
651.000	136.000
652.000	157.000
653.000	142.000
654.000	124.000
655.000	161.000
656.000	160.000
657.000	184.000
658.000	148.000
659.000	111.000
660.000	154.000
661.000	161.000
662.000	145.000
663.000	130.000
664.000	153.000
665.000	132.000
666.000	141.000
667.000	150.000
668.000	131.000
669.000	154.000
670.000	149.000
671.000	163.000
672.000	156.000
673.000	134.000
674.000	161.000
675.000	164.000
676.000	166.000
677.000	155.000
678.000	144.000
679.000	136.000
680.000	180.000
681.000	178.000
682.000	164.000
683.000	167.000
684.000	152.000
685.000	160.000
686.000	166.000
687.000	142.000
688.000	155.000
689.000	158.000
690.000	157.000
691.000	189.000
692.000	167.000
693.000	166.000
694.000	163.000
695.000	171.000
696.000	182.000
697.000	149.000
698.000	166.000
699.000	193.000
700.000	181.000
701.000	173.000
702.000	168.000
703.000	197.000
704.000	164.000
705.000	183.000
706.000	182.000
707.000	160.000
708.000	206.000
709.000	179.000
710.000	172.000
711.000	189.000
712.000	193.000
713.000	198.000
714.000	196.000
715.000	196.000
716.000	169.000
717.000	209.000
718.000	189.000
719.000	190.000
720.000	177.000
721.000	180.000
722.000	201.000
723.000	200.000
724.000	205.000
725.000	192.000
726.000	194.000
727.000	211.000
728.000	230.000
729.000	224.000
730.000	198.000
731.000	217.000
732.000	203.000
733.000	229.000
734.000	159.000
735.000	171.000
736.000	210.000
737.000	190.000
738.000	214.000
739.000	197.000
740.000	201.000
741.000	195.000
742.000	205.000
743.000	174.000
744.000	202.000
745.000	200.000
746.000	212.000
747.000	189.000
748.000	179.000
749.000	227.000
750.000	205.000
751.000	218.000
752.000	211.000
753.000	205.000
754.000	194.000
755.000	201.000
756.000	210.000
757.000	214.000
758.000	216.000
759.000	196.000
760.000	204.000
761.000	211.000
762.000	214.000
763.000	223.000
764.000	208.000
765.000	227.000
766.000	246.000
767.000	228.000
768.000	204.000
769.000	221.000
770.000	216.000
771.000	242.000
772.000	233.000
773.000	224.000
774.000	234.000
775.000	266.000
776.000	254.000
777.000	211.000
778.000	252.000
779.000	240.000
780.000	219.000
781.000	225.000
782.000	200.000
783.000	215.000
784.000	222.000
785.000	248.000
786.000	210.000
787.000	233.000
788.000	206.000
789.000	221.000
790.000	228.000
791.000	232.000
792.000	218.000
793.000	248.000
794.000	236.000
795.000	239.000
796.000	242.000
797.000	209.000
798.000	240.000
799.000	237.000
800.000	254.000
801.000	238.000
802.000	236.000
803.000	207.000
804.000	252.000
805.000	222.000
806.000	222.000
807.000	214.000
808.000	230.000
809.000	241.000
810.000	230.000
811.000	243.000
812.000	250.000
813.000	254.000
814.000	242.000
815.000	232.000
816.000	263.000
817.000	244.000
818.000	267.000
819.000	237.000
820.000	218.000
821.000	282.000
822.000	249.000
823.000	265.000
824.000	257.000
825.000	259.000
826.000	271.000
827.000	232.000
828.000	258.000
829.000	255.000
830.000	240.000
831.000	238.000
832.000	253.000
833.000	257.000
834.000	257.000
835.000	257.000
836.000	255.000
837.000	258.000
838.000	267.000
839.000	262.000
840.000	264.000
841.000	284.000
842.000	291.000
843.000	286.000
844.000	287.000
845.000	246.000
846.000	244.000
847.000	297.000
848.000	267.000
849.000	296.000
850.000	300.000
851.000	338.000
852.000	274.000
853.000	297.000
854.000	309.000
855.000	320.000
856.000	282.000
857.000	291.000
858.000	332.000
859.000	300.000
860.000	347.000
861.000	337.000
862.000	334.000
863.000	312.000
864.000	332.000
865.000	346.000
866.000	380.000
867.000	360.000
868.000	353.000
869.000	385.000
870.000	371.000
871.000	383.000
872.000	395.000
873.000	436.000
874.000	427.000
875.000	476.000
876.000	456.000
877.000	467.000
878.000	504.000
879.000	527.000
880.000	581.000
881.000	584.000
882.000	632.000
883.000	706.000
884.000	722.000
885.000	762.000
886.000	853.000
887.000	916.000
888.000	904.000
889.000	945.000
890.000	996.000
891.000	1028.000
892.000	1099.000
893.000	1101.000
894.000	1181.000
895.000	1223.000
896.000	1206.000
897.000	1276.000
898.000	1235.000
899.000	1265.000
900.000	1211.000
901.000	1205.000
902.000	1267.000
903.000	1187.000
904.000	1195.000
905.000	1138.000
906.000	1075.000
907.000	1073.000
908.000	1090.000
909.000	986.000
910.000	904.000
911.000	939.000
912.000	823.000
913.000	777.000
914.000	772.000
915.000	737.000
916.000	613.000
917.000	639.000
918.000	600.000
919.000	527.000
920.000	539.000
921.000	540.000
922.000	485.000
923.000	460.000
924.000	408.000
925.000	389.000
926.000	394.000
927.000	351.000
928.000	365.000
929.000	350.000
930.000	351.000
931.000	343.000
932.000	317.000
933.000	333.000
934.000	301.000
935.000	328.000
936.000	306.000
937.000	303.000
938.000	288.000
939.000	315.000
940.000	309.000
941.000	325.000
942.000	349.000
943.000	368.000
944.000	395.000
945.000	396.000
946.000	490.000
947.000	490.000
948.000	551.000
949.000	596.000
950.000	608.000
951.000	594.000
952.000	668.000
953.000	724.000
954.000	671.000
955.000	648.000
956.000	634.000
957.000	602.000
958.000	540.000
959.000	508.000
960.000	430.000
961.000	438.000
962.000	346.000
963.000	340.000
964.000	337.000
965.000	304.000
966.000	270.000
967.000	260.000
968.000	270.000
969.000	274.000
970.000	239.000
971.000	257.000
972.000	254.000
973.000	266.000
974.000	249.000
975.000	236.000
976.000	224.000
977.000	237.000
978.000	248.000
979.000	250.000
980.000	242.000
981.000	280.000
982.000	245.000
983.000	269.000
984.000	257.000
985.000	259.000
986.000	297.000
987.000	297.000
988.000	305.000
989.000	333.000
990.000	306.000
991.000	325.000
992.000	321.000
993.000	326.000
994.000	342.000
995.000	366.000
996.000	354.000
997.000	373.000
998.000	353.000
999.000	330.000
1000.000	393.000
1001.000	382.000
1002.000	359.000
1003.000	388.000
1004.000	358.000
1005.000	381.000
1006.000	391.000
1007.000	368.000
1008.000	360.000
1009.000	308.000
1010.000	368.000
1011.000	337.000
1012.000	360.000
1013.000	311.000
1014.000	317.000
1015.000	338.000
1016.000	293.000
1017.000	266.000
1018.000	270.000
1019.000	243.000
1020.000	277.000
1021.000	223.000
1022.000	248.000
1023.000	238.000
1024.000	239.000
