Date:	8/19/2008		Time:	9:57 AM		Version no:	0.00		Project name:	55		Sample name:	222		Section name:	section		Position	872.039995	mm	E0	0.000000	keV	E1	1.000000	keV/channel	sample surface	7.793149	cm	Tube anode:	Mo		Tube voltage:	30	kV	Tube current:	50	mA	gain	20		std. database			resultfile	result		matrix element	11		sample thickness	1.000000		air passage	0.560000	cm	comments	not in position		peaking_time	3.000000	m-sec	trigger_threshold	1229.166667	V	mca_bin_width	22.090000	no:	number_mca_channels	1024.000000	no:	gap_time	0.400000	m-sec	trigger_peaking_time	0.150000	m-sec	GAINDAC	9455		HIGHGAIN	1		TAURC	0		RCTAU	53		RCTAUFRAC	32768		livetime	9.667250	seconds	runtime	10.000502	seconds	input_count_rate	31.151259	cps	output_count_rate	23.167638	cps	triggers	301147	seconds	events_in_run	231688	seconds	channel	content		1.000	0.000
2.000	0.000
3.000	0.000
4.000	0.000
5.000	0.000
6.000	0.000
7.000	0.000
8.000	0.000
9.000	0.000
10.000	0.000
11.000	0.000
12.000	0.000
13.000	0.000
14.000	0.000
15.000	0.000
16.000	0.000
17.000	0.000
18.000	0.000
19.000	0.000
20.000	0.000
21.000	0.000
22.000	0.000
23.000	0.000
24.000	0.000
25.000	0.000
26.000	0.000
27.000	0.000
28.000	0.000
29.000	0.000
30.000	0.000
31.000	0.000
32.000	0.000
33.000	2.000
34.000	3.000
35.000	5.000
36.000	0.000
37.000	2.000
38.000	1.000
39.000	5.000
40.000	3.000
41.000	3.000
42.000	4.000
43.000	2.000
44.000	6.000
45.000	4.000
46.000	5.000
47.000	6.000
48.000	9.000
49.000	9.000
50.000	6.000
51.000	4.000
52.000	6.000
53.000	6.000
54.000	16.000
55.000	10.000
56.000	10.000
57.000	7.000
58.000	11.000
59.000	7.000
60.000	7.000
61.000	16.000
62.000	10.000
63.000	11.000
64.000	8.000
65.000	11.000
66.000	13.000
67.000	12.000
68.000	14.000
69.000	9.000
70.000	9.000
71.000	13.000
72.000	12.000
73.000	13.000
74.000	6.000
75.000	10.000
76.000	7.000
77.000	12.000
78.000	7.000
79.000	6.000
80.000	5.000
81.000	6.000
82.000	14.000
83.000	9.000
84.000	9.000
85.000	6.000
86.000	14.000
87.000	12.000
88.000	6.000
89.000	5.000
90.000	10.000
91.000	6.000
92.000	11.000
93.000	12.000
94.000	10.000
95.000	5.000
96.000	3.000
97.000	7.000
98.000	10.000
99.000	10.000
100.000	5.000
101.000	6.000
102.000	11.000
103.000	8.000
104.000	6.000
105.000	8.000
106.000	6.000
107.000	12.000
108.000	5.000
109.000	10.000
110.000	3.000
111.000	4.000
112.000	11.000
113.000	4.000
114.000	2.000
115.000	4.000
116.000	2.000
117.000	8.000
118.000	7.000
119.000	4.000
120.000	6.000
121.000	8.000
122.000	14.000
123.000	9.000
124.000	8.000
125.000	8.000
126.000	5.000
127.000	8.000
128.000	7.000
129.000	12.000
130.000	6.000
131.000	9.000
132.000	6.000
133.000	8.000
134.000	5.000
135.000	5.000
136.000	4.000
137.000	8.000
138.000	7.000
139.000	5.000
140.000	4.000
141.000	5.000
142.000	6.000
143.000	7.000
144.000	6.000
145.000	5.000
146.000	3.000
147.000	2.000
148.000	9.000
149.000	2.000
150.000	6.000
151.000	5.000
152.000	6.000
153.000	2.000
154.000	0.000
155.000	2.000
156.000	7.000
157.000	5.000
158.000	4.000
159.000	10.000
160.000	5.000
161.000	8.000
162.000	9.000
163.000	11.000
164.000	7.000
165.000	6.000
166.000	5.000
167.000	6.000
168.000	5.000
169.000	6.000
170.000	6.000
171.000	3.000
172.000	5.000
173.000	6.000
174.000	3.000
175.000	3.000
176.000	6.000
177.000	11.000
178.000	7.000
179.000	14.000
180.000	5.000
181.000	12.000
182.000	4.000
183.000	10.000
184.000	5.000
185.000	6.000
186.000	6.000
187.000	9.000
188.000	4.000
189.000	3.000
190.000	3.000
191.000	3.000
192.000	2.000
193.000	4.000
194.000	0.000
195.000	2.000
196.000	5.000
197.000	10.000
198.000	15.000
199.000	22.000
200.000	27.000
201.000	26.000
202.000	41.000
203.000	36.000
204.000	20.000
205.000	18.000
206.000	14.000
207.000	14.000
208.000	6.000
209.000	8.000
210.000	4.000
211.000	4.000
212.000	4.000
213.000	5.000
214.000	1.000
215.000	7.000
216.000	4.000
217.000	4.000
218.000	4.000
219.000	7.000
220.000	5.000
221.000	9.000
222.000	9.000
223.000	9.000
224.000	6.000
225.000	3.000
226.000	2.000
227.000	1.000
228.000	3.000
229.000	1.000
230.000	5.000
231.000	5.000
232.000	1.000
233.000	2.000
234.000	2.000
235.000	2.000
236.000	3.000
237.000	6.000
238.000	1.000
239.000	5.000
240.000	2.000
241.000	6.000
242.000	14.000
243.000	9.000
244.000	10.000
245.000	10.000
246.000	14.000
247.000	13.000
248.000	19.000
249.000	13.000
250.000	15.000
251.000	15.000
252.000	15.000
253.000	5.000
254.000	12.000
255.000	6.000
256.000	7.000
257.000	4.000
258.000	10.000
259.000	8.000
260.000	3.000
261.000	8.000
262.000	7.000
263.000	9.000
264.000	6.000
265.000	4.000
266.000	3.000
267.000	5.000
268.000	5.000
269.000	5.000
270.000	8.000
271.000	11.000
272.000	10.000
273.000	7.000
274.000	4.000
275.000	6.000
276.000	8.000
277.000	3.000
278.000	7.000
279.000	6.000
280.000	5.000
281.000	7.000
282.000	12.000
283.000	6.000
284.000	9.000
285.000	8.000
286.000	6.000
287.000	10.000
288.000	7.000
289.000	8.000
290.000	0.000
291.000	8.000
292.000	7.000
293.000	10.000
294.000	6.000
295.000	10.000
296.000	10.000
297.000	8.000
298.000	11.000
299.000	10.000
300.000	6.000
301.000	6.000
302.000	7.000
303.000	4.000
304.000	10.000
305.000	5.000
306.000	5.000
307.000	8.000
308.000	3.000
309.000	10.000
310.000	7.000
311.000	9.000
312.000	8.000
313.000	10.000
314.000	8.000
315.000	7.000
316.000	17.000
317.000	17.000
318.000	20.000
319.000	40.000
320.000	43.000
321.000	54.000
322.000	53.000
323.000	55.000
324.000	39.000
325.000	48.000
326.000	49.000
327.000	31.000
328.000	29.000
329.000	17.000
330.000	26.000
331.000	13.000
332.000	11.000
333.000	3.000
334.000	16.000
335.000	9.000
336.000	16.000
337.000	19.000
338.000	21.000
339.000	23.000
340.000	34.000
341.000	27.000
342.000	64.000
343.000	101.000
344.000	158.000
345.000	299.000
346.000	386.000
347.000	572.000
348.000	721.000
349.000	876.000
350.000	922.000
351.000	921.000
352.000	880.000
353.000	763.000
354.000	588.000
355.000	447.000
356.000	279.000
357.000	215.000
358.000	123.000
359.000	69.000
360.000	48.000
361.000	30.000
362.000	22.000
363.000	25.000
364.000	15.000
365.000	18.000
366.000	21.000
367.000	19.000
368.000	14.000
369.000	20.000
370.000	25.000
371.000	16.000
372.000	19.000
373.000	20.000
374.000	28.000
375.000	25.000
376.000	27.000
377.000	25.000
378.000	35.000
379.000	47.000
380.000	46.000
381.000	77.000
382.000	102.000
383.000	127.000
384.000	155.000
385.000	172.000
386.000	184.000
387.000	177.000
388.000	160.000
389.000	135.000
390.000	120.000
391.000	94.000
392.000	66.000
393.000	48.000
394.000	39.000
395.000	37.000
396.000	29.000
397.000	32.000
398.000	30.000
399.000	28.000
400.000	27.000
401.000	37.000
402.000	20.000
403.000	25.000
404.000	21.000
405.000	26.000
406.000	27.000
407.000	27.000
408.000	26.000
409.000	23.000
410.000	27.000
411.000	30.000
412.000	24.000
413.000	32.000
414.000	31.000
415.000	36.000
416.000	27.000
417.000	35.000
418.000	32.000
419.000	25.000
420.000	33.000
421.000	27.000
422.000	36.000
423.000	36.000
424.000	28.000
425.000	35.000
426.000	29.000
427.000	21.000
428.000	30.000
429.000	35.000
430.000	36.000
431.000	33.000
432.000	46.000
433.000	36.000
434.000	44.000
435.000	23.000
436.000	42.000
437.000	41.000
438.000	43.000
439.000	45.000
440.000	43.000
441.000	44.000
442.000	54.000
443.000	47.000
444.000	52.000
445.000	44.000
446.000	45.000
447.000	51.000
448.000	56.000
449.000	48.000
450.000	55.000
451.000	51.000
452.000	51.000
453.000	55.000
454.000	47.000
455.000	63.000
456.000	54.000
457.000	42.000
458.000	53.000
459.000	46.000
460.000	49.000
461.000	45.000
462.000	62.000
463.000	51.000
464.000	49.000
465.000	48.000
466.000	52.000
467.000	64.000
468.000	54.000
469.000	44.000
470.000	59.000
471.000	52.000
472.000	53.000
473.000	57.000
474.000	60.000
475.000	68.000
476.000	54.000
477.000	63.000
478.000	57.000
479.000	63.000
480.000	54.000
481.000	63.000
482.000	68.000
483.000	46.000
484.000	72.000
485.000	61.000
486.000	58.000
487.000	65.000
488.000	64.000
489.000	52.000
490.000	49.000
491.000	63.000
492.000	47.000
493.000	74.000
494.000	49.000
495.000	60.000
496.000	66.000
497.000	66.000
498.000	80.000
499.000	66.000
500.000	58.000
501.000	78.000
502.000	70.000
503.000	80.000
504.000	73.000
505.000	78.000
506.000	71.000
507.000	79.000
508.000	89.000
509.000	80.000
510.000	87.000
511.000	76.000
512.000	92.000
513.000	94.000
514.000	90.000
515.000	97.000
516.000	99.000
517.000	87.000
518.000	89.000
519.000	82.000
520.000	95.000
521.000	71.000
522.000	78.000
523.000	117.000
524.000	94.000
525.000	89.000
526.000	95.000
527.000	85.000
528.000	110.000
529.000	110.000
530.000	116.000
531.000	117.000
532.000	111.000
533.000	103.000
534.000	105.000
535.000	95.000
536.000	128.000
537.000	104.000
538.000	91.000
539.000	95.000
540.000	95.000
541.000	104.000
542.000	110.000
543.000	109.000
544.000	103.000
545.000	112.000
546.000	105.000
547.000	125.000
548.000	111.000
549.000	115.000
550.000	114.000
551.000	119.000
552.000	110.000
553.000	117.000
554.000	122.000
555.000	116.000
556.000	113.000
557.000	145.000
558.000	103.000
559.000	116.000
560.000	98.000
561.000	130.000
562.000	145.000
563.000	120.000
564.000	129.000
565.000	121.000
566.000	124.000
567.000	121.000
568.000	142.000
569.000	135.000
570.000	129.000
571.000	129.000
572.000	132.000
573.000	111.000
574.000	125.000
575.000	128.000
576.000	126.000
577.000	127.000
578.000	117.000
579.000	127.000
580.000	120.000
581.000	126.000
582.000	127.000
583.000	146.000
584.000	144.000
585.000	135.000
586.000	138.000
587.000	114.000
588.000	133.000
589.000	158.000
590.000	136.000
591.000	127.000
592.000	139.000
593.000	145.000
594.000	135.000
595.000	155.000
596.000	128.000
597.000	156.000
598.000	162.000
599.000	172.000
600.000	141.000
601.000	147.000
602.000	164.000
603.000	139.000
604.000	146.000
605.000	141.000
606.000	132.000
607.000	165.000
608.000	171.000
609.000	174.000
610.000	162.000
611.000	152.000
612.000	151.000
613.000	156.000
614.000	145.000
615.000	165.000
616.000	144.000
617.000	161.000
618.000	190.000
619.000	161.000
620.000	148.000
621.000	173.000
622.000	160.000
623.000	191.000
624.000	168.000
625.000	157.000
626.000	180.000
627.000	176.000
628.000	170.000
629.000	168.000
630.000	160.000
631.000	186.000
632.000	193.000
633.000	184.000
634.000	191.000
635.000	191.000
636.000	172.000
637.000	188.000
638.000	200.000
639.000	179.000
640.000	188.000
641.000	174.000
642.000	183.000
643.000	208.000
644.000	218.000
645.000	212.000
646.000	173.000
647.000	210.000
648.000	198.000
649.000	193.000
650.000	193.000
651.000	211.000
652.000	205.000
653.000	226.000
654.000	217.000
655.000	202.000
656.000	192.000
657.000	201.000
658.000	198.000
659.000	200.000
660.000	189.000
661.000	218.000
662.000	199.000
663.000	195.000
664.000	224.000
665.000	219.000
666.000	209.000
667.000	199.000
668.000	207.000
669.000	224.000
670.000	272.000
671.000	193.000
672.000	209.000
673.000	202.000
674.000	209.000
675.000	206.000
676.000	211.000
677.000	206.000
678.000	199.000
679.000	219.000
680.000	207.000
681.000	231.000
682.000	204.000
683.000	261.000
684.000	244.000
685.000	237.000
686.000	241.000
687.000	225.000
688.000	221.000
689.000	225.000
690.000	228.000
691.000	201.000
692.000	239.000
693.000	235.000
694.000	243.000
695.000	222.000
696.000	242.000
697.000	217.000
698.000	220.000
699.000	236.000
700.000	247.000
701.000	229.000
702.000	200.000
703.000	251.000
704.000	244.000
705.000	256.000
706.000	219.000
707.000	251.000
708.000	229.000
709.000	245.000
710.000	230.000
711.000	243.000
712.000	240.000
713.000	255.000
714.000	251.000
715.000	263.000
716.000	248.000
717.000	269.000
718.000	254.000
719.000	243.000
720.000	249.000
721.000	237.000
722.000	237.000
723.000	267.000
724.000	256.000
725.000	243.000
726.000	253.000
727.000	254.000
728.000	245.000
729.000	275.000
730.000	257.000
731.000	305.000
732.000	264.000
733.000	266.000
734.000	270.000
735.000	266.000
736.000	243.000
737.000	258.000
738.000	257.000
739.000	274.000
740.000	283.000
741.000	280.000
742.000	294.000
743.000	263.000
744.000	254.000
745.000	294.000
746.000	285.000
747.000	238.000
748.000	262.000
749.000	241.000
750.000	230.000
751.000	261.000
752.000	281.000
753.000	241.000
754.000	245.000
755.000	281.000
756.000	267.000
757.000	243.000
758.000	278.000
759.000	284.000
760.000	246.000
761.000	267.000
762.000	289.000
763.000	243.000
764.000	313.000
765.000	273.000
766.000	267.000
767.000	314.000
768.000	287.000
769.000	309.000
770.000	273.000
771.000	325.000
772.000	307.000
773.000	287.000
774.000	288.000
775.000	323.000
776.000	308.000
777.000	306.000
778.000	312.000
779.000	311.000
780.000	289.000
781.000	301.000
782.000	294.000
783.000	278.000
784.000	280.000
785.000	282.000
786.000	297.000
787.000	313.000
788.000	296.000
789.000	281.000
790.000	306.000
791.000	276.000
792.000	284.000
793.000	292.000
794.000	268.000
795.000	285.000
796.000	297.000
797.000	297.000
798.000	288.000
799.000	320.000
800.000	305.000
801.000	263.000
802.000	316.000
803.000	293.000
804.000	280.000
805.000	284.000
806.000	285.000
807.000	293.000
808.000	302.000
809.000	294.000
810.000	291.000
811.000	336.000
812.000	304.000
813.000	308.000
814.000	305.000
815.000	282.000
816.000	325.000
817.000	298.000
818.000	328.000
819.000	324.000
820.000	315.000
821.000	288.000
822.000	315.000
823.000	305.000
824.000	335.000
825.000	329.000
826.000	321.000
827.000	302.000
828.000	279.000
829.000	310.000
830.000	313.000
831.000	315.000
832.000	330.000
833.000	311.000
834.000	325.000
835.000	301.000
836.000	325.000
837.000	333.000
838.000	314.000
839.000	286.000
840.000	340.000
841.000	353.000
842.000	325.000
843.000	338.000
844.000	332.000
845.000	366.000
846.000	354.000
847.000	350.000
848.000	349.000
849.000	330.000
850.000	362.000
851.000	331.000
852.000	369.000
853.000	365.000
854.000	341.000
855.000	346.000
856.000	399.000
857.000	366.000
858.000	355.000
859.000	392.000
860.000	435.000
861.000	415.000
862.000	404.000
863.000	419.000
864.000	422.000
865.000	436.000
866.000	408.000
867.000	485.000
868.000	470.000
869.000	477.000
870.000	431.000
871.000	451.000
872.000	436.000
873.000	495.000
874.000	541.000
875.000	552.000
876.000	501.000
877.000	570.000
878.000	618.000
879.000	599.000
880.000	662.000
881.000	723.000
882.000	733.000
883.000	752.000
884.000	814.000
885.000	862.000
886.000	919.000
887.000	993.000
888.000	1051.000
889.000	1172.000
890.000	1190.000
891.000	1145.000
892.000	1272.000
893.000	1297.000
894.000	1382.000
895.000	1435.000
896.000	1465.000
897.000	1530.000
898.000	1481.000
899.000	1563.000
900.000	1632.000
901.000	1573.000
902.000	1561.000
903.000	1509.000
904.000	1472.000
905.000	1408.000
906.000	1397.000
907.000	1307.000
908.000	1311.000
909.000	1270.000
910.000	1222.000
911.000	1194.000
912.000	1082.000
913.000	1094.000
914.000	938.000
915.000	906.000
916.000	785.000
917.000	833.000
918.000	728.000
919.000	748.000
920.000	665.000
921.000	556.000
922.000	559.000
923.000	603.000
924.000	547.000
925.000	520.000
926.000	478.000
927.000	487.000
928.000	430.000
929.000	442.000
930.000	439.000
931.000	414.000
932.000	362.000
933.000	377.000
934.000	389.000
935.000	380.000
936.000	360.000
937.000	370.000
938.000	359.000
939.000	363.000
940.000	387.000
941.000	391.000
942.000	448.000
943.000	421.000
944.000	457.000
945.000	492.000
946.000	564.000
947.000	603.000
948.000	681.000
949.000	748.000
950.000	736.000
951.000	775.000
952.000	832.000
953.000	859.000
954.000	851.000
955.000	847.000
956.000	743.000
957.000	746.000
958.000	715.000
959.000	643.000
960.000	539.000
961.000	472.000
962.000	450.000
963.000	401.000
964.000	363.000
965.000	368.000
966.000	320.000
967.000	305.000
968.000	296.000
969.000	284.000
970.000	318.000
971.000	302.000
972.000	295.000
973.000	256.000
974.000	266.000
975.000	297.000
976.000	292.000
977.000	326.000
978.000	305.000
979.000	313.000
980.000	306.000
981.000	330.000
982.000	304.000
983.000	348.000
984.000	301.000
985.000	342.000
986.000	357.000
987.000	357.000
988.000	359.000
989.000	351.000
990.000	333.000
991.000	362.000
992.000	376.000
993.000	409.000
994.000	403.000
995.000	367.000
996.000	443.000
997.000	429.000
998.000	460.000
999.000	467.000
1000.000	462.000
1001.000	408.000
1002.000	441.000
1003.000	451.000
1004.000	452.000
1005.000	427.000
1006.000	433.000
1007.000	445.000
1008.000	432.000
1009.000	420.000
1010.000	429.000
1011.000	424.000
1012.000	447.000
1013.000	419.000
1014.000	381.000
1015.000	371.000
1016.000	335.000
1017.000	344.000
1018.000	384.000
1019.000	349.000
1020.000	283.000
1021.000	280.000
1022.000	278.000
1023.000	284.000
1024.000	275.000
