Date:	8/19/2008		Time:	9:51 AM		Version no:	0.00		Project name:	55		Sample name:	222		Section name:	section		Position	804.039995	mm	E0	0.000000	keV	E1	1.000000	keV/channel	sample surface	7.785286	cm	Tube anode:	Mo		Tube voltage:	30	kV	Tube current:	50	mA	gain	20		std. database			resultfile	result		matrix element	11		sample thickness	1.000000		air passage	0.560000	cm	comments	not in position		peaking_time	3.000000	m-sec	trigger_threshold	1229.166667	V	mca_bin_width	22.090000	no:	number_mca_channels	1024.000000	no:	gap_time	0.400000	m-sec	trigger_peaking_time	0.150000	m-sec	GAINDAC	9455		HIGHGAIN	1		TAURC	0		RCTAU	53		RCTAUFRAC	32768		livetime	9.738142	seconds	runtime	10.000502	seconds	input_count_rate	25.760459	cps	output_count_rate	20.051894	cps	triggers	250859	seconds	events_in_run	200529	seconds	channel	content		1.000	0.000
2.000	0.000
3.000	0.000
4.000	0.000
5.000	0.000
6.000	0.000
7.000	0.000
8.000	0.000
9.000	0.000
10.000	0.000
11.000	0.000
12.000	0.000
13.000	0.000
14.000	0.000
15.000	0.000
16.000	0.000
17.000	0.000
18.000	0.000
19.000	0.000
20.000	0.000
21.000	0.000
22.000	0.000
23.000	0.000
24.000	0.000
25.000	0.000
26.000	0.000
27.000	0.000
28.000	0.000
29.000	0.000
30.000	0.000
31.000	0.000
32.000	1.000
33.000	0.000
34.000	1.000
35.000	0.000
36.000	0.000
37.000	3.000
38.000	3.000
39.000	2.000
40.000	2.000
41.000	3.000
42.000	6.000
43.000	6.000
44.000	1.000
45.000	3.000
46.000	5.000
47.000	5.000
48.000	7.000
49.000	1.000
50.000	17.000
51.000	8.000
52.000	8.000
53.000	6.000
54.000	9.000
55.000	10.000
56.000	7.000
57.000	9.000
58.000	10.000
59.000	7.000
60.000	10.000
61.000	12.000
62.000	3.000
63.000	6.000
64.000	12.000
65.000	8.000
66.000	9.000
67.000	11.000
68.000	8.000
69.000	8.000
70.000	9.000
71.000	7.000
72.000	11.000
73.000	8.000
74.000	8.000
75.000	9.000
76.000	8.000
77.000	8.000
78.000	7.000
79.000	5.000
80.000	10.000
81.000	7.000
82.000	11.000
83.000	8.000
84.000	6.000
85.000	6.000
86.000	8.000
87.000	7.000
88.000	6.000
89.000	5.000
90.000	13.000
91.000	9.000
92.000	7.000
93.000	8.000
94.000	5.000
95.000	9.000
96.000	9.000
97.000	11.000
98.000	4.000
99.000	11.000
100.000	1.000
101.000	5.000
102.000	3.000
103.000	9.000
104.000	9.000
105.000	4.000
106.000	12.000
107.000	5.000
108.000	7.000
109.000	3.000
110.000	4.000
111.000	7.000
112.000	9.000
113.000	6.000
114.000	10.000
115.000	3.000
116.000	8.000
117.000	2.000
118.000	8.000
119.000	2.000
120.000	6.000
121.000	5.000
122.000	4.000
123.000	7.000
124.000	4.000
125.000	8.000
126.000	13.000
127.000	11.000
128.000	11.000
129.000	8.000
130.000	6.000
131.000	9.000
132.000	11.000
133.000	9.000
134.000	11.000
135.000	7.000
136.000	9.000
137.000	10.000
138.000	1.000
139.000	7.000
140.000	4.000
141.000	4.000
142.000	4.000
143.000	1.000
144.000	6.000
145.000	5.000
146.000	6.000
147.000	6.000
148.000	8.000
149.000	4.000
150.000	3.000
151.000	5.000
152.000	5.000
153.000	6.000
154.000	4.000
155.000	8.000
156.000	6.000
157.000	5.000
158.000	6.000
159.000	5.000
160.000	8.000
161.000	11.000
162.000	10.000
163.000	9.000
164.000	12.000
165.000	12.000
166.000	11.000
167.000	10.000
168.000	5.000
169.000	1.000
170.000	4.000
171.000	4.000
172.000	6.000
173.000	8.000
174.000	5.000
175.000	3.000
176.000	5.000
177.000	3.000
178.000	8.000
179.000	7.000
180.000	9.000
181.000	13.000
182.000	15.000
183.000	10.000
184.000	10.000
185.000	4.000
186.000	4.000
187.000	8.000
188.000	0.000
189.000	5.000
190.000	2.000
191.000	6.000
192.000	4.000
193.000	0.000
194.000	4.000
195.000	10.000
196.000	6.000
197.000	11.000
198.000	15.000
199.000	15.000
200.000	31.000
201.000	44.000
202.000	34.000
203.000	38.000
204.000	33.000
205.000	36.000
206.000	28.000
207.000	11.000
208.000	7.000
209.000	5.000
210.000	3.000
211.000	3.000
212.000	3.000
213.000	4.000
214.000	6.000
215.000	5.000
216.000	5.000
217.000	7.000
218.000	5.000
219.000	11.000
220.000	12.000
221.000	5.000
222.000	6.000
223.000	6.000
224.000	6.000
225.000	0.000
226.000	6.000
227.000	4.000
228.000	0.000
229.000	2.000
230.000	1.000
231.000	3.000
232.000	3.000
233.000	1.000
234.000	4.000
235.000	1.000
236.000	0.000
237.000	3.000
238.000	5.000
239.000	3.000
240.000	3.000
241.000	3.000
242.000	7.000
243.000	6.000
244.000	12.000
245.000	7.000
246.000	16.000
247.000	13.000
248.000	15.000
249.000	18.000
250.000	15.000
251.000	11.000
252.000	3.000
253.000	5.000
254.000	7.000
255.000	7.000
256.000	9.000
257.000	8.000
258.000	5.000
259.000	10.000
260.000	9.000
261.000	2.000
262.000	7.000
263.000	6.000
264.000	10.000
265.000	5.000
266.000	8.000
267.000	5.000
268.000	7.000
269.000	7.000
270.000	3.000
271.000	11.000
272.000	8.000
273.000	2.000
274.000	4.000
275.000	6.000
276.000	6.000
277.000	6.000
278.000	4.000
279.000	5.000
280.000	4.000
281.000	6.000
282.000	9.000
283.000	8.000
284.000	9.000
285.000	5.000
286.000	5.000
287.000	7.000
288.000	8.000
289.000	3.000
290.000	6.000
291.000	3.000
292.000	10.000
293.000	6.000
294.000	5.000
295.000	5.000
296.000	9.000
297.000	8.000
298.000	3.000
299.000	6.000
300.000	4.000
301.000	5.000
302.000	6.000
303.000	7.000
304.000	6.000
305.000	8.000
306.000	8.000
307.000	9.000
308.000	8.000
309.000	10.000
310.000	4.000
311.000	7.000
312.000	8.000
313.000	4.000
314.000	12.000
315.000	12.000
316.000	12.000
317.000	11.000
318.000	24.000
319.000	35.000
320.000	33.000
321.000	42.000
322.000	43.000
323.000	49.000
324.000	64.000
325.000	51.000
326.000	39.000
327.000	33.000
328.000	35.000
329.000	30.000
330.000	13.000
331.000	11.000
332.000	11.000
333.000	13.000
334.000	10.000
335.000	12.000
336.000	9.000
337.000	9.000
338.000	11.000
339.000	21.000
340.000	20.000
341.000	30.000
342.000	57.000
343.000	87.000
344.000	124.000
345.000	205.000
346.000	312.000
347.000	496.000
348.000	553.000
349.000	706.000
350.000	762.000
351.000	732.000
352.000	672.000
353.000	618.000
354.000	494.000
355.000	367.000
356.000	225.000
357.000	155.000
358.000	95.000
359.000	56.000
360.000	35.000
361.000	27.000
362.000	18.000
363.000	13.000
364.000	19.000
365.000	20.000
366.000	18.000
367.000	17.000
368.000	18.000
369.000	21.000
370.000	16.000
371.000	14.000
372.000	18.000
373.000	15.000
374.000	16.000
375.000	28.000
376.000	17.000
377.000	26.000
378.000	28.000
379.000	33.000
380.000	48.000
381.000	63.000
382.000	75.000
383.000	106.000
384.000	131.000
385.000	131.000
386.000	151.000
387.000	142.000
388.000	119.000
389.000	114.000
390.000	115.000
391.000	59.000
392.000	58.000
393.000	39.000
394.000	35.000
395.000	31.000
396.000	24.000
397.000	21.000
398.000	19.000
399.000	21.000
400.000	19.000
401.000	18.000
402.000	25.000
403.000	26.000
404.000	21.000
405.000	19.000
406.000	29.000
407.000	22.000
408.000	32.000
409.000	26.000
410.000	26.000
411.000	32.000
412.000	17.000
413.000	27.000
414.000	25.000
415.000	24.000
416.000	28.000
417.000	34.000
418.000	33.000
419.000	36.000
420.000	18.000
421.000	30.000
422.000	32.000
423.000	28.000
424.000	24.000
425.000	38.000
426.000	33.000
427.000	22.000
428.000	26.000
429.000	26.000
430.000	29.000
431.000	28.000
432.000	25.000
433.000	28.000
434.000	30.000
435.000	29.000
436.000	33.000
437.000	36.000
438.000	36.000
439.000	31.000
440.000	33.000
441.000	34.000
442.000	47.000
443.000	36.000
444.000	36.000
445.000	34.000
446.000	44.000
447.000	26.000
448.000	41.000
449.000	33.000
450.000	41.000
451.000	38.000
452.000	36.000
453.000	47.000
454.000	41.000
455.000	43.000
456.000	52.000
457.000	52.000
458.000	45.000
459.000	48.000
460.000	42.000
461.000	39.000
462.000	50.000
463.000	47.000
464.000	37.000
465.000	55.000
466.000	54.000
467.000	42.000
468.000	48.000
469.000	42.000
470.000	45.000
471.000	53.000
472.000	53.000
473.000	54.000
474.000	56.000
475.000	44.000
476.000	39.000
477.000	50.000
478.000	44.000
479.000	41.000
480.000	39.000
481.000	46.000
482.000	53.000
483.000	48.000
484.000	36.000
485.000	61.000
486.000	49.000
487.000	47.000
488.000	65.000
489.000	58.000
490.000	47.000
491.000	62.000
492.000	49.000
493.000	66.000
494.000	53.000
495.000	49.000
496.000	64.000
497.000	57.000
498.000	51.000
499.000	64.000
500.000	65.000
501.000	56.000
502.000	61.000
503.000	56.000
504.000	78.000
505.000	71.000
506.000	58.000
507.000	61.000
508.000	63.000
509.000	60.000
510.000	67.000
511.000	70.000
512.000	76.000
513.000	71.000
514.000	77.000
515.000	56.000
516.000	69.000
517.000	80.000
518.000	65.000
519.000	65.000
520.000	102.000
521.000	65.000
522.000	74.000
523.000	69.000
524.000	72.000
525.000	82.000
526.000	76.000
527.000	88.000
528.000	70.000
529.000	85.000
530.000	81.000
531.000	73.000
532.000	92.000
533.000	67.000
534.000	87.000
535.000	78.000
536.000	73.000
537.000	84.000
538.000	85.000
539.000	73.000
540.000	81.000
541.000	87.000
542.000	97.000
543.000	91.000
544.000	84.000
545.000	83.000
546.000	84.000
547.000	90.000
548.000	79.000
549.000	107.000
550.000	90.000
551.000	93.000
552.000	91.000
553.000	99.000
554.000	91.000
555.000	103.000
556.000	88.000
557.000	97.000
558.000	107.000
559.000	79.000
560.000	103.000
561.000	96.000
562.000	96.000
563.000	94.000
564.000	87.000
565.000	99.000
566.000	91.000
567.000	95.000
568.000	99.000
569.000	100.000
570.000	104.000
571.000	102.000
572.000	82.000
573.000	111.000
574.000	95.000
575.000	108.000
576.000	127.000
577.000	96.000
578.000	110.000
579.000	132.000
580.000	110.000
581.000	114.000
582.000	113.000
583.000	112.000
584.000	118.000
585.000	118.000
586.000	107.000
587.000	103.000
588.000	116.000
589.000	123.000
590.000	116.000
591.000	121.000
592.000	122.000
593.000	114.000
594.000	116.000
595.000	146.000
596.000	117.000
597.000	130.000
598.000	105.000
599.000	134.000
600.000	111.000
601.000	138.000
602.000	120.000
603.000	119.000
604.000	113.000
605.000	110.000
606.000	132.000
607.000	130.000
608.000	146.000
609.000	123.000
610.000	121.000
611.000	106.000
612.000	149.000
613.000	140.000
614.000	153.000
615.000	116.000
616.000	126.000
617.000	146.000
618.000	145.000
619.000	123.000
620.000	150.000
621.000	133.000
622.000	163.000
623.000	135.000
624.000	131.000
625.000	149.000
626.000	122.000
627.000	124.000
628.000	160.000
629.000	148.000
630.000	155.000
631.000	157.000
632.000	171.000
633.000	147.000
634.000	147.000
635.000	136.000
636.000	156.000
637.000	140.000
638.000	170.000
639.000	149.000
640.000	145.000
641.000	158.000
642.000	165.000
643.000	146.000
644.000	181.000
645.000	168.000
646.000	169.000
647.000	150.000
648.000	177.000
649.000	192.000
650.000	172.000
651.000	139.000
652.000	166.000
653.000	183.000
654.000	169.000
655.000	149.000
656.000	176.000
657.000	186.000
658.000	182.000
659.000	148.000
660.000	186.000
661.000	180.000
662.000	161.000
663.000	163.000
664.000	174.000
665.000	170.000
666.000	152.000
667.000	171.000
668.000	168.000
669.000	194.000
670.000	185.000
671.000	175.000
672.000	186.000
673.000	174.000
674.000	186.000
675.000	182.000
676.000	161.000
677.000	197.000
678.000	168.000
679.000	156.000
680.000	193.000
681.000	191.000
682.000	182.000
683.000	168.000
684.000	216.000
685.000	190.000
686.000	203.000
687.000	192.000
688.000	176.000
689.000	193.000
690.000	196.000
691.000	208.000
692.000	176.000
693.000	212.000
694.000	182.000
695.000	191.000
696.000	222.000
697.000	198.000
698.000	193.000
699.000	206.000
700.000	202.000
701.000	165.000
702.000	186.000
703.000	213.000
704.000	199.000
705.000	198.000
706.000	181.000
707.000	207.000
708.000	202.000
709.000	179.000
710.000	204.000
711.000	209.000
712.000	208.000
713.000	209.000
714.000	208.000
715.000	205.000
716.000	227.000
717.000	189.000
718.000	214.000
719.000	254.000
720.000	220.000
721.000	236.000
722.000	231.000
723.000	204.000
724.000	220.000
725.000	227.000
726.000	219.000
727.000	227.000
728.000	219.000
729.000	234.000
730.000	229.000
731.000	211.000
732.000	218.000
733.000	224.000
734.000	233.000
735.000	242.000
736.000	222.000
737.000	228.000
738.000	229.000
739.000	231.000
740.000	215.000
741.000	210.000
742.000	200.000
743.000	229.000
744.000	209.000
745.000	226.000
746.000	207.000
747.000	216.000
748.000	224.000
749.000	232.000
750.000	242.000
751.000	223.000
752.000	241.000
753.000	204.000
754.000	237.000
755.000	217.000
756.000	249.000
757.000	236.000
758.000	227.000
759.000	209.000
760.000	247.000
761.000	243.000
762.000	257.000
763.000	233.000
764.000	259.000
765.000	233.000
766.000	269.000
767.000	247.000
768.000	255.000
769.000	277.000
770.000	265.000
771.000	292.000
772.000	287.000
773.000	297.000
774.000	288.000
775.000	313.000
776.000	296.000
777.000	285.000
778.000	296.000
779.000	255.000
780.000	263.000
781.000	259.000
782.000	235.000
783.000	248.000
784.000	247.000
785.000	248.000
786.000	257.000
787.000	259.000
788.000	222.000
789.000	251.000
790.000	241.000
791.000	246.000
792.000	251.000
793.000	237.000
794.000	245.000
795.000	236.000
796.000	252.000
797.000	235.000
798.000	238.000
799.000	244.000
800.000	231.000
801.000	236.000
802.000	239.000
803.000	268.000
804.000	234.000
805.000	255.000
806.000	283.000
807.000	266.000
808.000	269.000
809.000	274.000
810.000	234.000
811.000	250.000
812.000	246.000
813.000	256.000
814.000	267.000
815.000	263.000
816.000	262.000
817.000	265.000
818.000	253.000
819.000	272.000
820.000	281.000
821.000	278.000
822.000	242.000
823.000	277.000
824.000	283.000
825.000	279.000
826.000	291.000
827.000	272.000
828.000	283.000
829.000	282.000
830.000	278.000
831.000	298.000
832.000	308.000
833.000	291.000
834.000	291.000
835.000	273.000
836.000	263.000
837.000	286.000
838.000	287.000
839.000	308.000
840.000	267.000
841.000	287.000
842.000	268.000
843.000	264.000
844.000	252.000
845.000	311.000
846.000	276.000
847.000	287.000
848.000	285.000
849.000	317.000
850.000	291.000
851.000	281.000
852.000	300.000
853.000	313.000
854.000	318.000
855.000	315.000
856.000	311.000
857.000	336.000
858.000	336.000
859.000	321.000
860.000	374.000
861.000	332.000
862.000	366.000
863.000	359.000
864.000	337.000
865.000	392.000
866.000	340.000
867.000	385.000
868.000	403.000
869.000	388.000
870.000	358.000
871.000	401.000
872.000	431.000
873.000	462.000
874.000	398.000
875.000	471.000
876.000	433.000
877.000	515.000
878.000	519.000
879.000	578.000
880.000	594.000
881.000	613.000
882.000	638.000
883.000	629.000
884.000	668.000
885.000	789.000
886.000	803.000
887.000	825.000
888.000	899.000
889.000	969.000
890.000	979.000
891.000	1106.000
892.000	1109.000
893.000	1135.000
894.000	1202.000
895.000	1222.000
896.000	1284.000
897.000	1286.000
898.000	1327.000
899.000	1299.000
900.000	1284.000
901.000	1363.000
902.000	1271.000
903.000	1361.000
904.000	1240.000
905.000	1284.000
906.000	1212.000
907.000	1178.000
908.000	1120.000
909.000	1131.000
910.000	1056.000
911.000	973.000
912.000	898.000
913.000	865.000
914.000	792.000
915.000	748.000
916.000	716.000
917.000	725.000
918.000	699.000
919.000	616.000
920.000	578.000
921.000	530.000
922.000	530.000
923.000	512.000
924.000	486.000
925.000	435.000
926.000	410.000
927.000	438.000
928.000	350.000
929.000	359.000
930.000	365.000
931.000	345.000
932.000	364.000
933.000	311.000
934.000	323.000
935.000	328.000
936.000	350.000
937.000	326.000
938.000	348.000
939.000	300.000
940.000	333.000
941.000	363.000
942.000	370.000
943.000	412.000
944.000	458.000
945.000	439.000
946.000	467.000
947.000	571.000
948.000	572.000
949.000	660.000
950.000	694.000
951.000	697.000
952.000	709.000
953.000	755.000
954.000	702.000
955.000	727.000
956.000	671.000
957.000	653.000
958.000	618.000
959.000	582.000
960.000	498.000
961.000	472.000
962.000	398.000
963.000	396.000
964.000	349.000
965.000	315.000
966.000	297.000
967.000	266.000
968.000	267.000
969.000	266.000
970.000	250.000
971.000	241.000
972.000	237.000
973.000	274.000
974.000	259.000
975.000	239.000
976.000	297.000
977.000	215.000
978.000	282.000
979.000	248.000
980.000	264.000
981.000	280.000
982.000	244.000
983.000	275.000
984.000	300.000
985.000	294.000
986.000	290.000
987.000	310.000
988.000	312.000
989.000	358.000
990.000	334.000
991.000	343.000
992.000	361.000
993.000	366.000
994.000	369.000
995.000	401.000
996.000	409.000
997.000	382.000
998.000	389.000
999.000	345.000
1000.000	438.000
1001.000	415.000
1002.000	395.000
1003.000	407.000
1004.000	396.000
1005.000	382.000
1006.000	384.000
1007.000	419.000
1008.000	374.000
1009.000	376.000
1010.000	397.000
1011.000	387.000
1012.000	363.000
1013.000	355.000
1014.000	320.000
1015.000	353.000
1016.000	316.000
1017.000	317.000
1018.000	300.000
1019.000	305.000
1020.000	292.000
1021.000	243.000
1022.000	265.000
1023.000	236.000
1024.000	260.000
