Date:	8/19/2008		Time:	9:41 AM		Version no:	0.00		Project name:	55		Sample name:	222		Section name:	section		Position	702.039995	mm	E0	0.000000	keV	E1	1.000000	keV/channel	sample surface	7.587105	cm	Tube anode:	Mo		Tube voltage:	30	kV	Tube current:	50	mA	gain	20		std. database			resultfile	result		matrix element	11		sample thickness	1.000000		air passage	0.560000	cm	comments	not in position		peaking_time	3.000000	m-sec	trigger_threshold	1229.166667	V	mca_bin_width	22.090000	no:	number_mca_channels	1024.000000	no:	gap_time	0.400000	m-sec	trigger_peaking_time	0.150000	m-sec	GAINDAC	9455		HIGHGAIN	1		TAURC	0		RCTAU	53		RCTAUFRAC	32768		livetime	9.663092	seconds	runtime	10.000503	seconds	input_count_rate	31.261422	cps	output_count_rate	23.232031	cps	triggers	302082	seconds	events_in_run	232332	seconds	channel	content		1.000	0.000
2.000	0.000
3.000	0.000
4.000	0.000
5.000	0.000
6.000	0.000
7.000	0.000
8.000	0.000
9.000	0.000
10.000	0.000
11.000	0.000
12.000	0.000
13.000	0.000
14.000	0.000
15.000	0.000
16.000	0.000
17.000	0.000
18.000	0.000
19.000	0.000
20.000	0.000
21.000	0.000
22.000	0.000
23.000	0.000
24.000	0.000
25.000	0.000
26.000	0.000
27.000	0.000
28.000	0.000
29.000	0.000
30.000	0.000
31.000	0.000
32.000	1.000
33.000	0.000
34.000	1.000
35.000	0.000
36.000	1.000
37.000	3.000
38.000	2.000
39.000	3.000
40.000	1.000
41.000	3.000
42.000	4.000
43.000	7.000
44.000	4.000
45.000	5.000
46.000	6.000
47.000	6.000
48.000	11.000
49.000	5.000
50.000	9.000
51.000	6.000
52.000	7.000
53.000	7.000
54.000	10.000
55.000	4.000
56.000	7.000
57.000	9.000
58.000	12.000
59.000	10.000
60.000	13.000
61.000	11.000
62.000	11.000
63.000	8.000
64.000	13.000
65.000	9.000
66.000	10.000
67.000	12.000
68.000	8.000
69.000	9.000
70.000	8.000
71.000	6.000
72.000	8.000
73.000	8.000
74.000	2.000
75.000	6.000
76.000	16.000
77.000	10.000
78.000	8.000
79.000	10.000
80.000	9.000
81.000	12.000
82.000	6.000
83.000	5.000
84.000	9.000
85.000	10.000
86.000	9.000
87.000	11.000
88.000	4.000
89.000	5.000
90.000	10.000
91.000	6.000
92.000	5.000
93.000	12.000
94.000	8.000
95.000	7.000
96.000	10.000
97.000	13.000
98.000	7.000
99.000	5.000
100.000	6.000
101.000	10.000
102.000	6.000
103.000	6.000
104.000	10.000
105.000	7.000
106.000	9.000
107.000	7.000
108.000	8.000
109.000	7.000
110.000	7.000
111.000	6.000
112.000	10.000
113.000	6.000
114.000	5.000
115.000	9.000
116.000	5.000
117.000	9.000
118.000	15.000
119.000	9.000
120.000	4.000
121.000	6.000
122.000	13.000
123.000	13.000
124.000	4.000
125.000	10.000
126.000	13.000
127.000	6.000
128.000	8.000
129.000	11.000
130.000	9.000
131.000	5.000
132.000	12.000
133.000	6.000
134.000	7.000
135.000	7.000
136.000	4.000
137.000	5.000
138.000	4.000
139.000	2.000
140.000	4.000
141.000	6.000
142.000	5.000
143.000	6.000
144.000	5.000
145.000	4.000
146.000	8.000
147.000	3.000
148.000	2.000
149.000	3.000
150.000	5.000
151.000	1.000
152.000	3.000
153.000	3.000
154.000	5.000
155.000	4.000
156.000	3.000
157.000	3.000
158.000	3.000
159.000	4.000
160.000	8.000
161.000	11.000
162.000	4.000
163.000	9.000
164.000	7.000
165.000	10.000
166.000	14.000
167.000	5.000
168.000	7.000
169.000	4.000
170.000	2.000
171.000	6.000
172.000	6.000
173.000	1.000
174.000	5.000
175.000	6.000
176.000	5.000
177.000	4.000
178.000	8.000
179.000	9.000
180.000	9.000
181.000	12.000
182.000	15.000
183.000	11.000
184.000	7.000
185.000	6.000
186.000	7.000
187.000	4.000
188.000	3.000
189.000	2.000
190.000	7.000
191.000	3.000
192.000	3.000
193.000	1.000
194.000	4.000
195.000	5.000
196.000	6.000
197.000	6.000
198.000	13.000
199.000	24.000
200.000	23.000
201.000	21.000
202.000	33.000
203.000	33.000
204.000	41.000
205.000	33.000
206.000	21.000
207.000	14.000
208.000	10.000
209.000	9.000
210.000	5.000
211.000	3.000
212.000	3.000
213.000	5.000
214.000	3.000
215.000	3.000
216.000	1.000
217.000	7.000
218.000	4.000
219.000	9.000
220.000	9.000
221.000	12.000
222.000	4.000
223.000	7.000
224.000	4.000
225.000	2.000
226.000	4.000
227.000	6.000
228.000	3.000
229.000	4.000
230.000	6.000
231.000	3.000
232.000	4.000
233.000	4.000
234.000	4.000
235.000	7.000
236.000	5.000
237.000	6.000
238.000	5.000
239.000	6.000
240.000	7.000
241.000	5.000
242.000	5.000
243.000	5.000
244.000	5.000
245.000	11.000
246.000	19.000
247.000	8.000
248.000	12.000
249.000	10.000
250.000	10.000
251.000	12.000
252.000	7.000
253.000	6.000
254.000	7.000
255.000	8.000
256.000	4.000
257.000	8.000
258.000	11.000
259.000	4.000
260.000	12.000
261.000	3.000
262.000	10.000
263.000	7.000
264.000	2.000
265.000	1.000
266.000	2.000
267.000	4.000
268.000	4.000
269.000	5.000
270.000	12.000
271.000	8.000
272.000	8.000
273.000	8.000
274.000	13.000
275.000	5.000
276.000	4.000
277.000	9.000
278.000	5.000
279.000	8.000
280.000	6.000
281.000	2.000
282.000	1.000
283.000	4.000
284.000	8.000
285.000	11.000
286.000	7.000
287.000	8.000
288.000	7.000
289.000	3.000
290.000	10.000
291.000	11.000
292.000	8.000
293.000	4.000
294.000	8.000
295.000	7.000
296.000	9.000
297.000	9.000
298.000	4.000
299.000	14.000
300.000	9.000
301.000	8.000
302.000	12.000
303.000	9.000
304.000	2.000
305.000	6.000
306.000	6.000
307.000	9.000
308.000	5.000
309.000	6.000
310.000	10.000
311.000	15.000
312.000	8.000
313.000	17.000
314.000	6.000
315.000	10.000
316.000	17.000
317.000	21.000
318.000	21.000
319.000	40.000
320.000	51.000
321.000	49.000
322.000	48.000
323.000	51.000
324.000	58.000
325.000	59.000
326.000	52.000
327.000	35.000
328.000	28.000
329.000	28.000
330.000	21.000
331.000	13.000
332.000	19.000
333.000	15.000
334.000	13.000
335.000	11.000
336.000	11.000
337.000	11.000
338.000	15.000
339.000	15.000
340.000	24.000
341.000	40.000
342.000	61.000
343.000	110.000
344.000	176.000
345.000	271.000
346.000	354.000
347.000	490.000
348.000	638.000
349.000	750.000
350.000	850.000
351.000	868.000
352.000	757.000
353.000	694.000
354.000	532.000
355.000	415.000
356.000	289.000
357.000	188.000
358.000	113.000
359.000	70.000
360.000	42.000
361.000	31.000
362.000	19.000
363.000	15.000
364.000	15.000
365.000	19.000
366.000	21.000
367.000	25.000
368.000	16.000
369.000	14.000
370.000	17.000
371.000	23.000
372.000	22.000
373.000	20.000
374.000	22.000
375.000	22.000
376.000	26.000
377.000	18.000
378.000	38.000
379.000	51.000
380.000	50.000
381.000	59.000
382.000	86.000
383.000	111.000
384.000	121.000
385.000	158.000
386.000	164.000
387.000	157.000
388.000	140.000
389.000	126.000
390.000	122.000
391.000	88.000
392.000	53.000
393.000	41.000
394.000	31.000
395.000	23.000
396.000	29.000
397.000	31.000
398.000	23.000
399.000	24.000
400.000	23.000
401.000	26.000
402.000	15.000
403.000	18.000
404.000	21.000
405.000	27.000
406.000	24.000
407.000	22.000
408.000	20.000
409.000	26.000
410.000	23.000
411.000	20.000
412.000	21.000
413.000	23.000
414.000	27.000
415.000	15.000
416.000	33.000
417.000	23.000
418.000	33.000
419.000	31.000
420.000	22.000
421.000	22.000
422.000	24.000
423.000	16.000
424.000	41.000
425.000	31.000
426.000	37.000
427.000	28.000
428.000	44.000
429.000	29.000
430.000	31.000
431.000	24.000
432.000	32.000
433.000	30.000
434.000	30.000
435.000	36.000
436.000	38.000
437.000	45.000
438.000	32.000
439.000	35.000
440.000	31.000
441.000	43.000
442.000	43.000
443.000	50.000
444.000	33.000
445.000	36.000
446.000	38.000
447.000	33.000
448.000	54.000
449.000	37.000
450.000	44.000
451.000	41.000
452.000	51.000
453.000	41.000
454.000	49.000
455.000	53.000
456.000	47.000
457.000	47.000
458.000	39.000
459.000	54.000
460.000	39.000
461.000	35.000
462.000	42.000
463.000	48.000
464.000	41.000
465.000	45.000
466.000	43.000
467.000	66.000
468.000	46.000
469.000	35.000
470.000	55.000
471.000	60.000
472.000	51.000
473.000	31.000
474.000	51.000
475.000	63.000
476.000	54.000
477.000	57.000
478.000	55.000
479.000	49.000
480.000	49.000
481.000	51.000
482.000	54.000
483.000	53.000
484.000	54.000
485.000	55.000
486.000	52.000
487.000	47.000
488.000	49.000
489.000	61.000
490.000	54.000
491.000	54.000
492.000	62.000
493.000	49.000
494.000	64.000
495.000	60.000
496.000	61.000
497.000	60.000
498.000	53.000
499.000	60.000
500.000	61.000
501.000	62.000
502.000	76.000
503.000	67.000
504.000	70.000
505.000	68.000
506.000	63.000
507.000	67.000
508.000	81.000
509.000	72.000
510.000	76.000
511.000	56.000
512.000	85.000
513.000	74.000
514.000	74.000
515.000	65.000
516.000	73.000
517.000	81.000
518.000	73.000
519.000	93.000
520.000	69.000
521.000	72.000
522.000	88.000
523.000	70.000
524.000	86.000
525.000	86.000
526.000	84.000
527.000	82.000
528.000	94.000
529.000	104.000
530.000	91.000
531.000	90.000
532.000	90.000
533.000	92.000
534.000	93.000
535.000	75.000
536.000	104.000
537.000	95.000
538.000	103.000
539.000	113.000
540.000	96.000
541.000	91.000
542.000	97.000
543.000	100.000
544.000	91.000
545.000	114.000
546.000	98.000
547.000	88.000
548.000	95.000
549.000	107.000
550.000	99.000
551.000	99.000
552.000	92.000
553.000	114.000
554.000	101.000
555.000	92.000
556.000	108.000
557.000	117.000
558.000	99.000
559.000	108.000
560.000	109.000
561.000	112.000
562.000	104.000
563.000	128.000
564.000	123.000
565.000	108.000
566.000	114.000
567.000	121.000
568.000	111.000
569.000	138.000
570.000	125.000
571.000	121.000
572.000	124.000
573.000	138.000
574.000	110.000
575.000	141.000
576.000	137.000
577.000	129.000
578.000	116.000
579.000	150.000
580.000	128.000
581.000	114.000
582.000	149.000
583.000	105.000
584.000	117.000
585.000	114.000
586.000	137.000
587.000	142.000
588.000	129.000
589.000	153.000
590.000	138.000
591.000	147.000
592.000	124.000
593.000	133.000
594.000	140.000
595.000	134.000
596.000	135.000
597.000	142.000
598.000	141.000
599.000	131.000
600.000	134.000
601.000	143.000
602.000	160.000
603.000	128.000
604.000	158.000
605.000	164.000
606.000	150.000
607.000	165.000
608.000	145.000
609.000	152.000
610.000	159.000
611.000	129.000
612.000	144.000
613.000	168.000
614.000	149.000
615.000	152.000
616.000	160.000
617.000	143.000
618.000	165.000
619.000	162.000
620.000	160.000
621.000	160.000
622.000	172.000
623.000	169.000
624.000	164.000
625.000	155.000
626.000	181.000
627.000	175.000
628.000	167.000
629.000	168.000
630.000	193.000
631.000	192.000
632.000	156.000
633.000	179.000
634.000	182.000
635.000	199.000
636.000	166.000
637.000	199.000
638.000	155.000
639.000	183.000
640.000	173.000
641.000	193.000
642.000	205.000
643.000	172.000
644.000	202.000
645.000	188.000
646.000	196.000
647.000	159.000
648.000	201.000
649.000	209.000
650.000	214.000
651.000	210.000
652.000	203.000
653.000	210.000
654.000	187.000
655.000	249.000
656.000	199.000
657.000	196.000
658.000	221.000
659.000	198.000
660.000	188.000
661.000	191.000
662.000	198.000
663.000	197.000
664.000	213.000
665.000	197.000
666.000	197.000
667.000	176.000
668.000	214.000
669.000	218.000
670.000	187.000
671.000	212.000
672.000	226.000
673.000	205.000
674.000	217.000
675.000	197.000
676.000	227.000
677.000	242.000
678.000	228.000
679.000	196.000
680.000	218.000
681.000	202.000
682.000	219.000
683.000	199.000
684.000	229.000
685.000	236.000
686.000	225.000
687.000	231.000
688.000	235.000
689.000	227.000
690.000	224.000
691.000	221.000
692.000	245.000
693.000	209.000
694.000	248.000
695.000	237.000
696.000	195.000
697.000	240.000
698.000	245.000
699.000	239.000
700.000	219.000
701.000	248.000
702.000	238.000
703.000	248.000
704.000	227.000
705.000	246.000
706.000	233.000
707.000	212.000
708.000	229.000
709.000	240.000
710.000	218.000
711.000	234.000
712.000	235.000
713.000	244.000
714.000	245.000
715.000	233.000
716.000	272.000
717.000	248.000
718.000	273.000
719.000	260.000
720.000	245.000
721.000	274.000
722.000	247.000
723.000	242.000
724.000	236.000
725.000	235.000
726.000	262.000
727.000	250.000
728.000	256.000
729.000	269.000
730.000	262.000
731.000	265.000
732.000	259.000
733.000	251.000
734.000	226.000
735.000	251.000
736.000	268.000
737.000	237.000
738.000	258.000
739.000	279.000
740.000	286.000
741.000	281.000
742.000	250.000
743.000	262.000
744.000	265.000
745.000	257.000
746.000	275.000
747.000	248.000
748.000	297.000
749.000	280.000
750.000	256.000
751.000	269.000
752.000	254.000
753.000	297.000
754.000	294.000
755.000	292.000
756.000	277.000
757.000	285.000
758.000	274.000
759.000	251.000
760.000	273.000
761.000	237.000
762.000	279.000
763.000	306.000
764.000	302.000
765.000	281.000
766.000	316.000
767.000	273.000
768.000	280.000
769.000	309.000
770.000	293.000
771.000	331.000
772.000	330.000
773.000	322.000
774.000	296.000
775.000	307.000
776.000	296.000
777.000	282.000
778.000	310.000
779.000	286.000
780.000	303.000
781.000	338.000
782.000	296.000
783.000	254.000
784.000	264.000
785.000	295.000
786.000	289.000
787.000	289.000
788.000	303.000
789.000	289.000
790.000	324.000
791.000	285.000
792.000	269.000
793.000	292.000
794.000	293.000
795.000	307.000
796.000	299.000
797.000	302.000
798.000	280.000
799.000	275.000
800.000	280.000
801.000	297.000
802.000	282.000
803.000	268.000
804.000	289.000
805.000	301.000
806.000	297.000
807.000	343.000
808.000	316.000
809.000	312.000
810.000	304.000
811.000	319.000
812.000	282.000
813.000	316.000
814.000	307.000
815.000	330.000
816.000	281.000
817.000	304.000
818.000	314.000
819.000	274.000
820.000	332.000
821.000	335.000
822.000	335.000
823.000	313.000
824.000	325.000
825.000	294.000
826.000	338.000
827.000	311.000
828.000	328.000
829.000	308.000
830.000	357.000
831.000	335.000
832.000	322.000
833.000	333.000
834.000	315.000
835.000	292.000
836.000	326.000
837.000	343.000
838.000	366.000
839.000	329.000
840.000	290.000
841.000	354.000
842.000	340.000
843.000	290.000
844.000	335.000
845.000	339.000
846.000	365.000
847.000	362.000
848.000	352.000
849.000	379.000
850.000	363.000
851.000	362.000
852.000	359.000
853.000	364.000
854.000	360.000
855.000	371.000
856.000	370.000
857.000	382.000
858.000	379.000
859.000	390.000
860.000	400.000
861.000	413.000
862.000	391.000
863.000	387.000
864.000	462.000
865.000	436.000
866.000	450.000
867.000	440.000
868.000	430.000
869.000	464.000
870.000	446.000
871.000	442.000
872.000	490.000
873.000	505.000
874.000	529.000
875.000	524.000
876.000	555.000
877.000	595.000
878.000	609.000
879.000	651.000
880.000	654.000
881.000	747.000
882.000	713.000
883.000	826.000
884.000	828.000
885.000	808.000
886.000	890.000
887.000	1034.000
888.000	1064.000
889.000	1095.000
890.000	1151.000
891.000	1193.000
892.000	1314.000
893.000	1281.000
894.000	1328.000
895.000	1462.000
896.000	1483.000
897.000	1569.000
898.000	1557.000
899.000	1507.000
900.000	1553.000
901.000	1591.000
902.000	1565.000
903.000	1620.000
904.000	1583.000
905.000	1463.000
906.000	1413.000
907.000	1415.000
908.000	1361.000
909.000	1235.000
910.000	1232.000
911.000	1127.000
912.000	1132.000
913.000	1047.000
914.000	1049.000
915.000	903.000
916.000	922.000
917.000	798.000
918.000	790.000
919.000	707.000
920.000	748.000
921.000	661.000
922.000	599.000
923.000	576.000
924.000	564.000
925.000	544.000
926.000	539.000
927.000	504.000
928.000	470.000
929.000	432.000
930.000	447.000
931.000	382.000
932.000	415.000
933.000	397.000
934.000	384.000
935.000	395.000
936.000	335.000
937.000	376.000
938.000	383.000
939.000	350.000
940.000	430.000
941.000	410.000
942.000	447.000
943.000	460.000
944.000	461.000
945.000	530.000
946.000	556.000
947.000	643.000
948.000	681.000
949.000	677.000
950.000	768.000
951.000	807.000
952.000	831.000
953.000	866.000
954.000	854.000
955.000	801.000
956.000	747.000
957.000	729.000
958.000	714.000
959.000	640.000
960.000	555.000
961.000	477.000
962.000	470.000
963.000	429.000
964.000	393.000
965.000	372.000
966.000	346.000
967.000	299.000
968.000	331.000
969.000	310.000
970.000	312.000
971.000	306.000
972.000	296.000
973.000	321.000
974.000	306.000
975.000	288.000
976.000	305.000
977.000	314.000
978.000	323.000
979.000	339.000
980.000	317.000
981.000	319.000
982.000	349.000
983.000	348.000
984.000	353.000
985.000	358.000
986.000	325.000
987.000	330.000
988.000	381.000
989.000	362.000
990.000	373.000
991.000	439.000
992.000	421.000
993.000	403.000
994.000	426.000
995.000	450.000
996.000	428.000
997.000	427.000
998.000	421.000
999.000	467.000
1000.000	453.000
1001.000	444.000
1002.000	475.000
1003.000	435.000
1004.000	456.000
1005.000	451.000
1006.000	458.000
1007.000	473.000
1008.000	461.000
1009.000	445.000
1010.000	475.000
1011.000	438.000
1012.000	397.000
1013.000	411.000
1014.000	382.000
1015.000	387.000
1016.000	387.000
1017.000	378.000
1018.000	341.000
1019.000	360.000
1020.000	336.000
1021.000	305.000
1022.000	304.000
1023.000	291.000
1024.000	282.000
