Date:	8/19/2008		Time:	9:25 AM		Version no:	0.00		Project name:	55		Sample name:	222		Section name:	section		Position	532.039995	mm	E0	0.000000	keV	E1	1.000000	keV/channel	sample surface	7.691251	cm	Tube anode:	Mo		Tube voltage:	30	kV	Tube current:	50	mA	gain	20		std. database			resultfile	result		matrix element	11		sample thickness	1.000000		air passage	0.560000	cm	comments	not in position		peaking_time	3.000000	m-sec	trigger_threshold	1229.166667	V	mca_bin_width	22.090000	no:	number_mca_channels	1024.000000	no:	gap_time	0.400000	m-sec	trigger_peaking_time	0.150000	m-sec	GAINDAC	9455		HIGHGAIN	1		TAURC	0		RCTAU	53		RCTAUFRAC	32768		livetime	9.671886	seconds	runtime	10.000502	seconds	input_count_rate	30.662374	cps	output_count_rate	22.941247	cps	triggers	296563	seconds	events_in_run	229424	seconds	channel	content		1.000	0.000
2.000	0.000
3.000	0.000
4.000	0.000
5.000	0.000
6.000	0.000
7.000	0.000
8.000	0.000
9.000	0.000
10.000	0.000
11.000	0.000
12.000	0.000
13.000	0.000
14.000	0.000
15.000	0.000
16.000	0.000
17.000	0.000
18.000	0.000
19.000	0.000
20.000	0.000
21.000	0.000
22.000	0.000
23.000	0.000
24.000	0.000
25.000	0.000
26.000	0.000
27.000	0.000
28.000	0.000
29.000	0.000
30.000	0.000
31.000	0.000
32.000	1.000
33.000	0.000
34.000	1.000
35.000	2.000
36.000	1.000
37.000	1.000
38.000	0.000
39.000	4.000
40.000	5.000
41.000	2.000
42.000	4.000
43.000	3.000
44.000	7.000
45.000	4.000
46.000	6.000
47.000	11.000
48.000	4.000
49.000	11.000
50.000	8.000
51.000	11.000
52.000	9.000
53.000	8.000
54.000	7.000
55.000	6.000
56.000	6.000
57.000	8.000
58.000	11.000
59.000	11.000
60.000	12.000
61.000	10.000
62.000	9.000
63.000	15.000
64.000	6.000
65.000	8.000
66.000	11.000
67.000	13.000
68.000	13.000
69.000	9.000
70.000	7.000
71.000	4.000
72.000	9.000
73.000	15.000
74.000	4.000
75.000	7.000
76.000	7.000
77.000	10.000
78.000	5.000
79.000	11.000
80.000	9.000
81.000	7.000
82.000	10.000
83.000	8.000
84.000	7.000
85.000	19.000
86.000	9.000
87.000	11.000
88.000	8.000
89.000	7.000
90.000	6.000
91.000	13.000
92.000	3.000
93.000	6.000
94.000	12.000
95.000	3.000
96.000	8.000
97.000	11.000
98.000	8.000
99.000	5.000
100.000	9.000
101.000	10.000
102.000	16.000
103.000	7.000
104.000	17.000
105.000	6.000
106.000	12.000
107.000	7.000
108.000	3.000
109.000	7.000
110.000	6.000
111.000	7.000
112.000	5.000
113.000	10.000
114.000	11.000
115.000	5.000
116.000	9.000
117.000	5.000
118.000	9.000
119.000	4.000
120.000	9.000
121.000	8.000
122.000	5.000
123.000	6.000
124.000	6.000
125.000	8.000
126.000	7.000
127.000	19.000
128.000	11.000
129.000	11.000
130.000	9.000
131.000	7.000
132.000	4.000
133.000	10.000
134.000	8.000
135.000	7.000
136.000	9.000
137.000	10.000
138.000	5.000
139.000	6.000
140.000	3.000
141.000	3.000
142.000	1.000
143.000	0.000
144.000	7.000
145.000	7.000
146.000	4.000
147.000	8.000
148.000	7.000
149.000	3.000
150.000	2.000
151.000	6.000
152.000	5.000
153.000	5.000
154.000	7.000
155.000	2.000
156.000	2.000
157.000	4.000
158.000	6.000
159.000	9.000
160.000	5.000
161.000	9.000
162.000	11.000
163.000	7.000
164.000	12.000
165.000	9.000
166.000	14.000
167.000	7.000
168.000	6.000
169.000	4.000
170.000	2.000
171.000	7.000
172.000	6.000
173.000	5.000
174.000	4.000
175.000	6.000
176.000	7.000
177.000	9.000
178.000	7.000
179.000	8.000
180.000	5.000
181.000	10.000
182.000	10.000
183.000	10.000
184.000	9.000
185.000	7.000
186.000	3.000
187.000	3.000
188.000	4.000
189.000	2.000
190.000	4.000
191.000	4.000
192.000	3.000
193.000	4.000
194.000	4.000
195.000	12.000
196.000	8.000
197.000	10.000
198.000	12.000
199.000	20.000
200.000	30.000
201.000	28.000
202.000	34.000
203.000	34.000
204.000	39.000
205.000	26.000
206.000	21.000
207.000	19.000
208.000	8.000
209.000	4.000
210.000	5.000
211.000	3.000
212.000	5.000
213.000	2.000
214.000	5.000
215.000	4.000
216.000	12.000
217.000	3.000
218.000	8.000
219.000	6.000
220.000	16.000
221.000	10.000
222.000	10.000
223.000	7.000
224.000	7.000
225.000	7.000
226.000	2.000
227.000	8.000
228.000	3.000
229.000	1.000
230.000	3.000
231.000	6.000
232.000	6.000
233.000	7.000
234.000	3.000
235.000	3.000
236.000	3.000
237.000	3.000
238.000	3.000
239.000	2.000
240.000	6.000
241.000	3.000
242.000	7.000
243.000	9.000
244.000	6.000
245.000	8.000
246.000	9.000
247.000	11.000
248.000	10.000
249.000	4.000
250.000	6.000
251.000	7.000
252.000	12.000
253.000	10.000
254.000	7.000
255.000	3.000
256.000	6.000
257.000	9.000
258.000	3.000
259.000	5.000
260.000	8.000
261.000	6.000
262.000	1.000
263.000	2.000
264.000	7.000
265.000	7.000
266.000	5.000
267.000	9.000
268.000	6.000
269.000	2.000
270.000	5.000
271.000	6.000
272.000	6.000
273.000	6.000
274.000	3.000
275.000	6.000
276.000	8.000
277.000	4.000
278.000	6.000
279.000	4.000
280.000	4.000
281.000	4.000
282.000	10.000
283.000	5.000
284.000	10.000
285.000	5.000
286.000	3.000
287.000	5.000
288.000	9.000
289.000	12.000
290.000	7.000
291.000	11.000
292.000	7.000
293.000	15.000
294.000	17.000
295.000	7.000
296.000	13.000
297.000	9.000
298.000	17.000
299.000	10.000
300.000	7.000
301.000	6.000
302.000	9.000
303.000	3.000
304.000	6.000
305.000	3.000
306.000	8.000
307.000	5.000
308.000	9.000
309.000	13.000
310.000	7.000
311.000	6.000
312.000	9.000
313.000	10.000
314.000	10.000
315.000	8.000
316.000	19.000
317.000	24.000
318.000	26.000
319.000	30.000
320.000	44.000
321.000	55.000
322.000	70.000
323.000	67.000
324.000	72.000
325.000	59.000
326.000	55.000
327.000	41.000
328.000	24.000
329.000	24.000
330.000	19.000
331.000	17.000
332.000	7.000
333.000	12.000
334.000	15.000
335.000	10.000
336.000	12.000
337.000	14.000
338.000	10.000
339.000	16.000
340.000	26.000
341.000	34.000
342.000	68.000
343.000	99.000
344.000	155.000
345.000	223.000
346.000	369.000
347.000	512.000
348.000	618.000
349.000	762.000
350.000	840.000
351.000	845.000
352.000	769.000
353.000	643.000
354.000	525.000
355.000	408.000
356.000	281.000
357.000	174.000
358.000	102.000
359.000	86.000
360.000	44.000
361.000	27.000
362.000	13.000
363.000	15.000
364.000	18.000
365.000	25.000
366.000	19.000
367.000	17.000
368.000	25.000
369.000	22.000
370.000	24.000
371.000	13.000
372.000	23.000
373.000	24.000
374.000	20.000
375.000	15.000
376.000	26.000
377.000	32.000
378.000	29.000
379.000	32.000
380.000	45.000
381.000	50.000
382.000	84.000
383.000	90.000
384.000	134.000
385.000	146.000
386.000	135.000
387.000	152.000
388.000	138.000
389.000	148.000
390.000	119.000
391.000	90.000
392.000	66.000
393.000	42.000
394.000	35.000
395.000	27.000
396.000	26.000
397.000	17.000
398.000	19.000
399.000	20.000
400.000	23.000
401.000	25.000
402.000	26.000
403.000	28.000
404.000	26.000
405.000	16.000
406.000	20.000
407.000	36.000
408.000	20.000
409.000	19.000
410.000	34.000
411.000	21.000
412.000	29.000
413.000	29.000
414.000	23.000
415.000	27.000
416.000	22.000
417.000	20.000
418.000	24.000
419.000	27.000
420.000	29.000
421.000	30.000
422.000	31.000
423.000	26.000
424.000	19.000
425.000	24.000
426.000	17.000
427.000	23.000
428.000	26.000
429.000	25.000
430.000	30.000
431.000	25.000
432.000	40.000
433.000	40.000
434.000	29.000
435.000	37.000
436.000	47.000
437.000	34.000
438.000	48.000
439.000	39.000
440.000	37.000
441.000	44.000
442.000	44.000
443.000	43.000
444.000	39.000
445.000	28.000
446.000	33.000
447.000	52.000
448.000	48.000
449.000	32.000
450.000	43.000
451.000	41.000
452.000	38.000
453.000	57.000
454.000	39.000
455.000	41.000
456.000	42.000
457.000	51.000
458.000	41.000
459.000	54.000
460.000	49.000
461.000	42.000
462.000	47.000
463.000	35.000
464.000	50.000
465.000	48.000
466.000	57.000
467.000	53.000
468.000	60.000
469.000	49.000
470.000	60.000
471.000	65.000
472.000	52.000
473.000	61.000
474.000	67.000
475.000	64.000
476.000	48.000
477.000	58.000
478.000	45.000
479.000	50.000
480.000	51.000
481.000	63.000
482.000	53.000
483.000	53.000
484.000	57.000
485.000	44.000
486.000	59.000
487.000	56.000
488.000	53.000
489.000	54.000
490.000	72.000
491.000	59.000
492.000	57.000
493.000	59.000
494.000	66.000
495.000	63.000
496.000	58.000
497.000	65.000
498.000	68.000
499.000	61.000
500.000	59.000
501.000	76.000
502.000	52.000
503.000	67.000
504.000	74.000
505.000	84.000
506.000	62.000
507.000	83.000
508.000	91.000
509.000	86.000
510.000	87.000
511.000	65.000
512.000	86.000
513.000	64.000
514.000	91.000
515.000	76.000
516.000	83.000
517.000	84.000
518.000	76.000
519.000	82.000
520.000	70.000
521.000	86.000
522.000	91.000
523.000	80.000
524.000	93.000
525.000	99.000
526.000	77.000
527.000	85.000
528.000	106.000
529.000	81.000
530.000	84.000
531.000	82.000
532.000	100.000
533.000	86.000
534.000	93.000
535.000	90.000
536.000	91.000
537.000	86.000
538.000	84.000
539.000	84.000
540.000	100.000
541.000	87.000
542.000	117.000
543.000	100.000
544.000	97.000
545.000	94.000
546.000	107.000
547.000	113.000
548.000	106.000
549.000	94.000
550.000	92.000
551.000	92.000
552.000	90.000
553.000	93.000
554.000	117.000
555.000	87.000
556.000	93.000
557.000	113.000
558.000	128.000
559.000	94.000
560.000	105.000
561.000	117.000
562.000	108.000
563.000	99.000
564.000	105.000
565.000	104.000
566.000	113.000
567.000	113.000
568.000	121.000
569.000	114.000
570.000	125.000
571.000	117.000
572.000	121.000
573.000	112.000
574.000	137.000
575.000	139.000
576.000	110.000
577.000	123.000
578.000	132.000
579.000	143.000
580.000	132.000
581.000	133.000
582.000	119.000
583.000	137.000
584.000	107.000
585.000	134.000
586.000	136.000
587.000	121.000
588.000	126.000
589.000	149.000
590.000	122.000
591.000	142.000
592.000	139.000
593.000	135.000
594.000	141.000
595.000	140.000
596.000	162.000
597.000	142.000
598.000	135.000
599.000	145.000
600.000	152.000
601.000	137.000
602.000	154.000
603.000	143.000
604.000	145.000
605.000	165.000
606.000	160.000
607.000	153.000
608.000	165.000
609.000	156.000
610.000	158.000
611.000	158.000
612.000	171.000
613.000	136.000
614.000	137.000
615.000	155.000
616.000	187.000
617.000	130.000
618.000	171.000
619.000	161.000
620.000	170.000
621.000	141.000
622.000	178.000
623.000	160.000
624.000	164.000
625.000	168.000
626.000	161.000
627.000	178.000
628.000	172.000
629.000	182.000
630.000	155.000
631.000	170.000
632.000	175.000
633.000	181.000
634.000	150.000
635.000	177.000
636.000	167.000
637.000	174.000
638.000	158.000
639.000	175.000
640.000	178.000
641.000	166.000
642.000	182.000
643.000	175.000
644.000	195.000
645.000	166.000
646.000	224.000
647.000	202.000
648.000	192.000
649.000	191.000
650.000	189.000
651.000	214.000
652.000	184.000
653.000	192.000
654.000	215.000
655.000	207.000
656.000	226.000
657.000	182.000
658.000	214.000
659.000	202.000
660.000	199.000
661.000	202.000
662.000	188.000
663.000	194.000
664.000	205.000
665.000	181.000
666.000	195.000
667.000	217.000
668.000	203.000
669.000	191.000
670.000	199.000
671.000	205.000
672.000	209.000
673.000	201.000
674.000	194.000
675.000	208.000
676.000	182.000
677.000	196.000
678.000	223.000
679.000	194.000
680.000	214.000
681.000	205.000
682.000	226.000
683.000	197.000
684.000	198.000
685.000	197.000
686.000	204.000
687.000	227.000
688.000	228.000
689.000	206.000
690.000	198.000
691.000	232.000
692.000	237.000
693.000	225.000
694.000	217.000
695.000	241.000
696.000	216.000
697.000	209.000
698.000	222.000
699.000	231.000
700.000	244.000
701.000	240.000
702.000	221.000
703.000	243.000
704.000	212.000
705.000	202.000
706.000	250.000
707.000	225.000
708.000	239.000
709.000	255.000
710.000	254.000
711.000	234.000
712.000	249.000
713.000	220.000
714.000	242.000
715.000	239.000
716.000	244.000
717.000	229.000
718.000	244.000
719.000	255.000
720.000	261.000
721.000	203.000
722.000	205.000
723.000	263.000
724.000	245.000
725.000	273.000
726.000	271.000
727.000	271.000
728.000	245.000
729.000	260.000
730.000	285.000
731.000	250.000
732.000	280.000
733.000	279.000
734.000	246.000
735.000	269.000
736.000	259.000
737.000	244.000
738.000	254.000
739.000	259.000
740.000	261.000
741.000	247.000
742.000	253.000
743.000	276.000
744.000	255.000
745.000	264.000
746.000	238.000
747.000	245.000
748.000	262.000
749.000	265.000
750.000	265.000
751.000	259.000
752.000	221.000
753.000	279.000
754.000	249.000
755.000	260.000
756.000	296.000
757.000	252.000
758.000	276.000
759.000	270.000
760.000	298.000
761.000	282.000
762.000	291.000
763.000	277.000
764.000	277.000
765.000	239.000
766.000	291.000
767.000	292.000
768.000	306.000
769.000	295.000
770.000	263.000
771.000	277.000
772.000	285.000
773.000	288.000
774.000	291.000
775.000	268.000
776.000	304.000
777.000	300.000
778.000	306.000
779.000	296.000
780.000	277.000
781.000	296.000
782.000	306.000
783.000	300.000
784.000	275.000
785.000	269.000
786.000	282.000
787.000	266.000
788.000	313.000
789.000	288.000
790.000	307.000
791.000	255.000
792.000	292.000
793.000	281.000
794.000	294.000
795.000	281.000
796.000	314.000
797.000	310.000
798.000	275.000
799.000	296.000
800.000	299.000
801.000	266.000
802.000	316.000
803.000	276.000
804.000	290.000
805.000	318.000
806.000	284.000
807.000	288.000
808.000	297.000
809.000	303.000
810.000	253.000
811.000	299.000
812.000	292.000
813.000	294.000
814.000	281.000
815.000	298.000
816.000	302.000
817.000	302.000
818.000	314.000
819.000	297.000
820.000	300.000
821.000	326.000
822.000	317.000
823.000	329.000
824.000	300.000
825.000	339.000
826.000	303.000
827.000	303.000
828.000	347.000
829.000	294.000
830.000	306.000
831.000	325.000
832.000	347.000
833.000	354.000
834.000	300.000
835.000	316.000
836.000	302.000
837.000	301.000
838.000	311.000
839.000	323.000
840.000	318.000
841.000	359.000
842.000	331.000
843.000	343.000
844.000	345.000
845.000	323.000
846.000	324.000
847.000	355.000
848.000	326.000
849.000	372.000
850.000	335.000
851.000	396.000
852.000	342.000
853.000	339.000
854.000	352.000
855.000	351.000
856.000	359.000
857.000	390.000
858.000	378.000
859.000	344.000
860.000	363.000
861.000	387.000
862.000	395.000
863.000	387.000
864.000	394.000
865.000	425.000
866.000	448.000
867.000	421.000
868.000	434.000
869.000	443.000
870.000	416.000
871.000	492.000
872.000	490.000
873.000	493.000
874.000	497.000
875.000	554.000
876.000	541.000
877.000	581.000
878.000	574.000
879.000	649.000
880.000	622.000
881.000	679.000
882.000	709.000
883.000	812.000
884.000	883.000
885.000	840.000
886.000	902.000
887.000	976.000
888.000	1000.000
889.000	1006.000
890.000	1150.000
891.000	1192.000
892.000	1279.000
893.000	1293.000
894.000	1318.000
895.000	1428.000
896.000	1537.000
897.000	1464.000
898.000	1481.000
899.000	1538.000
900.000	1607.000
901.000	1622.000
902.000	1493.000
903.000	1501.000
904.000	1474.000
905.000	1423.000
906.000	1393.000
907.000	1360.000
908.000	1381.000
909.000	1281.000
910.000	1312.000
911.000	1198.000
912.000	1122.000
913.000	1052.000
914.000	1021.000
915.000	946.000
916.000	873.000
917.000	835.000
918.000	797.000
919.000	736.000
920.000	654.000
921.000	625.000
922.000	587.000
923.000	574.000
924.000	561.000
925.000	492.000
926.000	468.000
927.000	429.000
928.000	446.000
929.000	447.000
930.000	443.000
931.000	355.000
932.000	401.000
933.000	372.000
934.000	336.000
935.000	347.000
936.000	376.000
937.000	369.000
938.000	314.000
939.000	390.000
940.000	344.000
941.000	428.000
942.000	452.000
943.000	438.000
944.000	529.000
945.000	548.000
946.000	616.000
947.000	619.000
948.000	682.000
949.000	694.000
950.000	745.000
951.000	849.000
952.000	838.000
953.000	831.000
954.000	790.000
955.000	861.000
956.000	756.000
957.000	740.000
958.000	710.000
959.000	657.000
960.000	579.000
961.000	502.000
962.000	450.000
963.000	440.000
964.000	409.000
965.000	354.000
966.000	321.000
967.000	344.000
968.000	309.000
969.000	295.000
970.000	308.000
971.000	292.000
972.000	329.000
973.000	286.000
974.000	289.000
975.000	304.000
976.000	321.000
977.000	297.000
978.000	284.000
979.000	320.000
980.000	311.000
981.000	335.000
982.000	305.000
983.000	322.000
984.000	324.000
985.000	344.000
986.000	319.000
987.000	340.000
988.000	366.000
989.000	336.000
990.000	346.000
991.000	355.000
992.000	359.000
993.000	388.000
994.000	414.000
995.000	429.000
996.000	385.000
997.000	429.000
998.000	424.000
999.000	452.000
1000.000	436.000
1001.000	462.000
1002.000	441.000
1003.000	489.000
1004.000	458.000
1005.000	464.000
1006.000	438.000
1007.000	437.000
1008.000	457.000
1009.000	435.000
1010.000	483.000
1011.000	426.000
1012.000	404.000
1013.000	418.000
1014.000	398.000
1015.000	417.000
1016.000	355.000
1017.000	376.000
1018.000	327.000
1019.000	339.000
1020.000	357.000
1021.000	317.000
1022.000	293.000
1023.000	291.000
1024.000	246.000
