Date:	8/19/2008		Time:	9:32 AM		Version no:	0.00		Project name:	55		Sample name:	222		Section name:	section		Position	602.039995	mm	E0	0.000000	keV	E1	1.000000	keV/channel	sample surface	7.670876	cm	Tube anode:	Mo		Tube voltage:	30	kV	Tube current:	50	mA	gain	20		std. database			resultfile	result		matrix element	11		sample thickness	1.000000		air passage	0.560000	cm	comments	not in position		peaking_time	3.000000	m-sec	trigger_threshold	1229.166667	V	mca_bin_width	22.090000	no:	number_mca_channels	1024.000000	no:	gap_time	0.400000	m-sec	trigger_peaking_time	0.150000	m-sec	GAINDAC	9455		HIGHGAIN	1		TAURC	0		RCTAU	53		RCTAUFRAC	32768		livetime	9.689953	seconds	runtime	10.000517	seconds	input_count_rate	29.089615	cps	output_count_rate	22.001263	cps	triggers	281877	seconds	events_in_run	220024	seconds	channel	content		1.000	0.000
2.000	0.000
3.000	0.000
4.000	0.000
5.000	0.000
6.000	0.000
7.000	0.000
8.000	0.000
9.000	0.000
10.000	0.000
11.000	0.000
12.000	0.000
13.000	0.000
14.000	0.000
15.000	0.000
16.000	0.000
17.000	0.000
18.000	0.000
19.000	0.000
20.000	0.000
21.000	0.000
22.000	0.000
23.000	0.000
24.000	0.000
25.000	0.000
26.000	0.000
27.000	0.000
28.000	0.000
29.000	0.000
30.000	0.000
31.000	1.000
32.000	0.000
33.000	0.000
34.000	2.000
35.000	0.000
36.000	0.000
37.000	1.000
38.000	3.000
39.000	2.000
40.000	3.000
41.000	0.000
42.000	5.000
43.000	4.000
44.000	6.000
45.000	4.000
46.000	4.000
47.000	4.000
48.000	10.000
49.000	6.000
50.000	12.000
51.000	10.000
52.000	14.000
53.000	4.000
54.000	11.000
55.000	12.000
56.000	7.000
57.000	8.000
58.000	9.000
59.000	10.000
60.000	9.000
61.000	12.000
62.000	5.000
63.000	11.000
64.000	12.000
65.000	8.000
66.000	16.000
67.000	8.000
68.000	11.000
69.000	8.000
70.000	9.000
71.000	9.000
72.000	11.000
73.000	11.000
74.000	12.000
75.000	8.000
76.000	8.000
77.000	13.000
78.000	11.000
79.000	7.000
80.000	6.000
81.000	6.000
82.000	11.000
83.000	9.000
84.000	8.000
85.000	11.000
86.000	9.000
87.000	14.000
88.000	7.000
89.000	10.000
90.000	9.000
91.000	7.000
92.000	4.000
93.000	7.000
94.000	10.000
95.000	7.000
96.000	12.000
97.000	11.000
98.000	13.000
99.000	10.000
100.000	4.000
101.000	8.000
102.000	6.000
103.000	4.000
104.000	8.000
105.000	11.000
106.000	8.000
107.000	10.000
108.000	8.000
109.000	15.000
110.000	4.000
111.000	6.000
112.000	7.000
113.000	6.000
114.000	4.000
115.000	9.000
116.000	6.000
117.000	3.000
118.000	8.000
119.000	9.000
120.000	8.000
121.000	5.000
122.000	9.000
123.000	7.000
124.000	11.000
125.000	10.000
126.000	9.000
127.000	9.000
128.000	7.000
129.000	10.000
130.000	9.000
131.000	5.000
132.000	4.000
133.000	9.000
134.000	6.000
135.000	6.000
136.000	7.000
137.000	4.000
138.000	2.000
139.000	3.000
140.000	5.000
141.000	5.000
142.000	2.000
143.000	5.000
144.000	8.000
145.000	4.000
146.000	1.000
147.000	4.000
148.000	7.000
149.000	5.000
150.000	3.000
151.000	1.000
152.000	4.000
153.000	7.000
154.000	3.000
155.000	5.000
156.000	5.000
157.000	2.000
158.000	7.000
159.000	6.000
160.000	12.000
161.000	3.000
162.000	11.000
163.000	10.000
164.000	13.000
165.000	9.000
166.000	4.000
167.000	4.000
168.000	7.000
169.000	5.000
170.000	3.000
171.000	5.000
172.000	2.000
173.000	3.000
174.000	6.000
175.000	3.000
176.000	3.000
177.000	6.000
178.000	4.000
179.000	8.000
180.000	9.000
181.000	8.000
182.000	10.000
183.000	1.000
184.000	10.000
185.000	4.000
186.000	7.000
187.000	4.000
188.000	3.000
189.000	5.000
190.000	5.000
191.000	6.000
192.000	3.000
193.000	3.000
194.000	4.000
195.000	4.000
196.000	8.000
197.000	9.000
198.000	8.000
199.000	7.000
200.000	16.000
201.000	16.000
202.000	25.000
203.000	38.000
204.000	18.000
205.000	18.000
206.000	7.000
207.000	9.000
208.000	4.000
209.000	6.000
210.000	5.000
211.000	4.000
212.000	4.000
213.000	4.000
214.000	5.000
215.000	2.000
216.000	3.000
217.000	8.000
218.000	4.000
219.000	11.000
220.000	8.000
221.000	5.000
222.000	2.000
223.000	8.000
224.000	4.000
225.000	3.000
226.000	2.000
227.000	6.000
228.000	2.000
229.000	7.000
230.000	7.000
231.000	5.000
232.000	4.000
233.000	1.000
234.000	4.000
235.000	3.000
236.000	3.000
237.000	2.000
238.000	2.000
239.000	5.000
240.000	6.000
241.000	4.000
242.000	2.000
243.000	6.000
244.000	4.000
245.000	3.000
246.000	16.000
247.000	11.000
248.000	6.000
249.000	10.000
250.000	12.000
251.000	7.000
252.000	5.000
253.000	4.000
254.000	8.000
255.000	5.000
256.000	4.000
257.000	5.000
258.000	8.000
259.000	7.000
260.000	9.000
261.000	6.000
262.000	4.000
263.000	8.000
264.000	3.000
265.000	4.000
266.000	4.000
267.000	5.000
268.000	3.000
269.000	6.000
270.000	5.000
271.000	2.000
272.000	5.000
273.000	8.000
274.000	3.000
275.000	8.000
276.000	6.000
277.000	8.000
278.000	4.000
279.000	5.000
280.000	12.000
281.000	11.000
282.000	1.000
283.000	9.000
284.000	4.000
285.000	4.000
286.000	3.000
287.000	6.000
288.000	4.000
289.000	3.000
290.000	9.000
291.000	5.000
292.000	5.000
293.000	9.000
294.000	11.000
295.000	9.000
296.000	9.000
297.000	9.000
298.000	14.000
299.000	6.000
300.000	11.000
301.000	6.000
302.000	8.000
303.000	5.000
304.000	6.000
305.000	8.000
306.000	8.000
307.000	14.000
308.000	9.000
309.000	8.000
310.000	10.000
311.000	6.000
312.000	9.000
313.000	6.000
314.000	10.000
315.000	10.000
316.000	9.000
317.000	20.000
318.000	28.000
319.000	25.000
320.000	30.000
321.000	46.000
322.000	56.000
323.000	45.000
324.000	58.000
325.000	62.000
326.000	41.000
327.000	29.000
328.000	32.000
329.000	22.000
330.000	15.000
331.000	12.000
332.000	10.000
333.000	11.000
334.000	13.000
335.000	12.000
336.000	10.000
337.000	14.000
338.000	16.000
339.000	19.000
340.000	28.000
341.000	34.000
342.000	49.000
343.000	76.000
344.000	141.000
345.000	189.000
346.000	284.000
347.000	419.000
348.000	503.000
349.000	575.000
350.000	662.000
351.000	701.000
352.000	615.000
353.000	572.000
354.000	448.000
355.000	301.000
356.000	208.000
357.000	149.000
358.000	86.000
359.000	56.000
360.000	34.000
361.000	34.000
362.000	18.000
363.000	13.000
364.000	19.000
365.000	10.000
366.000	15.000
367.000	23.000
368.000	17.000
369.000	11.000
370.000	16.000
371.000	9.000
372.000	19.000
373.000	27.000
374.000	22.000
375.000	23.000
376.000	15.000
377.000	31.000
378.000	34.000
379.000	32.000
380.000	39.000
381.000	53.000
382.000	65.000
383.000	87.000
384.000	108.000
385.000	104.000
386.000	121.000
387.000	134.000
388.000	98.000
389.000	105.000
390.000	88.000
391.000	55.000
392.000	51.000
393.000	34.000
394.000	30.000
395.000	24.000
396.000	17.000
397.000	21.000
398.000	22.000
399.000	21.000
400.000	20.000
401.000	20.000
402.000	18.000
403.000	20.000
404.000	18.000
405.000	24.000
406.000	18.000
407.000	17.000
408.000	21.000
409.000	27.000
410.000	26.000
411.000	27.000
412.000	19.000
413.000	27.000
414.000	26.000
415.000	27.000
416.000	29.000
417.000	14.000
418.000	23.000
419.000	27.000
420.000	23.000
421.000	23.000
422.000	29.000
423.000	21.000
424.000	28.000
425.000	19.000
426.000	26.000
427.000	30.000
428.000	25.000
429.000	24.000
430.000	27.000
431.000	27.000
432.000	24.000
433.000	24.000
434.000	28.000
435.000	30.000
436.000	31.000
437.000	32.000
438.000	38.000
439.000	29.000
440.000	33.000
441.000	35.000
442.000	31.000
443.000	39.000
444.000	42.000
445.000	44.000
446.000	39.000
447.000	28.000
448.000	27.000
449.000	35.000
450.000	39.000
451.000	32.000
452.000	40.000
453.000	37.000
454.000	33.000
455.000	33.000
456.000	37.000
457.000	33.000
458.000	34.000
459.000	41.000
460.000	38.000
461.000	46.000
462.000	50.000
463.000	43.000
464.000	47.000
465.000	38.000
466.000	38.000
467.000	45.000
468.000	41.000
469.000	35.000
470.000	50.000
471.000	40.000
472.000	40.000
473.000	42.000
474.000	34.000
475.000	56.000
476.000	47.000
477.000	51.000
478.000	51.000
479.000	51.000
480.000	42.000
481.000	51.000
482.000	51.000
483.000	50.000
484.000	48.000
485.000	43.000
486.000	49.000
487.000	55.000
488.000	44.000
489.000	50.000
490.000	68.000
491.000	51.000
492.000	53.000
493.000	58.000
494.000	53.000
495.000	52.000
496.000	48.000
497.000	47.000
498.000	72.000
499.000	56.000
500.000	57.000
501.000	68.000
502.000	56.000
503.000	49.000
504.000	65.000
505.000	72.000
506.000	74.000
507.000	63.000
508.000	62.000
509.000	57.000
510.000	48.000
511.000	62.000
512.000	60.000
513.000	72.000
514.000	70.000
515.000	78.000
516.000	71.000
517.000	88.000
518.000	71.000
519.000	68.000
520.000	72.000
521.000	70.000
522.000	77.000
523.000	76.000
524.000	68.000
525.000	90.000
526.000	72.000
527.000	88.000
528.000	83.000
529.000	86.000
530.000	78.000
531.000	81.000
532.000	77.000
533.000	86.000
534.000	78.000
535.000	60.000
536.000	79.000
537.000	93.000
538.000	84.000
539.000	63.000
540.000	88.000
541.000	97.000
542.000	74.000
543.000	95.000
544.000	84.000
545.000	84.000
546.000	97.000
547.000	90.000
548.000	88.000
549.000	90.000
550.000	82.000
551.000	94.000
552.000	93.000
553.000	109.000
554.000	96.000
555.000	91.000
556.000	116.000
557.000	86.000
558.000	94.000
559.000	100.000
560.000	87.000
561.000	95.000
562.000	102.000
563.000	88.000
564.000	96.000
565.000	97.000
566.000	107.000
567.000	96.000
568.000	101.000
569.000	103.000
570.000	96.000
571.000	119.000
572.000	101.000
573.000	102.000
574.000	100.000
575.000	103.000
576.000	124.000
577.000	114.000
578.000	108.000
579.000	109.000
580.000	114.000
581.000	116.000
582.000	144.000
583.000	98.000
584.000	111.000
585.000	106.000
586.000	124.000
587.000	93.000
588.000	121.000
589.000	108.000
590.000	117.000
591.000	108.000
592.000	107.000
593.000	112.000
594.000	129.000
595.000	123.000
596.000	128.000
597.000	118.000
598.000	136.000
599.000	129.000
600.000	126.000
601.000	144.000
602.000	116.000
603.000	142.000
604.000	113.000
605.000	127.000
606.000	130.000
607.000	122.000
608.000	117.000
609.000	141.000
610.000	156.000
611.000	132.000
612.000	163.000
613.000	124.000
614.000	145.000
615.000	138.000
616.000	142.000
617.000	116.000
618.000	159.000
619.000	131.000
620.000	152.000
621.000	128.000
622.000	157.000
623.000	127.000
624.000	128.000
625.000	138.000
626.000	161.000
627.000	140.000
628.000	159.000
629.000	140.000
630.000	165.000
631.000	146.000
632.000	155.000
633.000	154.000
634.000	171.000
635.000	159.000
636.000	173.000
637.000	172.000
638.000	172.000
639.000	171.000
640.000	153.000
641.000	162.000
642.000	183.000
643.000	167.000
644.000	179.000
645.000	143.000
646.000	174.000
647.000	166.000
648.000	164.000
649.000	176.000
650.000	194.000
651.000	183.000
652.000	206.000
653.000	187.000
654.000	172.000
655.000	191.000
656.000	171.000
657.000	168.000
658.000	180.000
659.000	180.000
660.000	193.000
661.000	158.000
662.000	199.000
663.000	198.000
664.000	200.000
665.000	178.000
666.000	183.000
667.000	194.000
668.000	199.000
669.000	197.000
670.000	196.000
671.000	164.000
672.000	169.000
673.000	195.000
674.000	163.000
675.000	210.000
676.000	209.000
677.000	175.000
678.000	182.000
679.000	218.000
680.000	186.000
681.000	219.000
682.000	190.000
683.000	185.000
684.000	196.000
685.000	189.000
686.000	210.000
687.000	207.000
688.000	200.000
689.000	179.000
690.000	205.000
691.000	197.000
692.000	185.000
693.000	200.000
694.000	216.000
695.000	218.000
696.000	224.000
697.000	193.000
698.000	208.000
699.000	211.000
700.000	210.000
701.000	209.000
702.000	254.000
703.000	238.000
704.000	211.000
705.000	221.000
706.000	191.000
707.000	216.000
708.000	227.000
709.000	236.000
710.000	215.000
711.000	238.000
712.000	211.000
713.000	240.000
714.000	223.000
715.000	226.000
716.000	227.000
717.000	248.000
718.000	214.000
719.000	232.000
720.000	247.000
721.000	230.000
722.000	217.000
723.000	247.000
724.000	225.000
725.000	204.000
726.000	229.000
727.000	232.000
728.000	242.000
729.000	243.000
730.000	237.000
731.000	239.000
732.000	234.000
733.000	234.000
734.000	232.000
735.000	250.000
736.000	250.000
737.000	253.000
738.000	234.000
739.000	225.000
740.000	249.000
741.000	268.000
742.000	250.000
743.000	228.000
744.000	238.000
745.000	222.000
746.000	253.000
747.000	245.000
748.000	233.000
749.000	271.000
750.000	261.000
751.000	259.000
752.000	242.000
753.000	243.000
754.000	239.000
755.000	249.000
756.000	222.000
757.000	246.000
758.000	266.000
759.000	238.000
760.000	251.000
761.000	270.000
762.000	234.000
763.000	254.000
764.000	242.000
765.000	276.000
766.000	271.000
767.000	286.000
768.000	260.000
769.000	308.000
770.000	282.000
771.000	277.000
772.000	289.000
773.000	302.000
774.000	284.000
775.000	310.000
776.000	248.000
777.000	308.000
778.000	263.000
779.000	287.000
780.000	278.000
781.000	287.000
782.000	255.000
783.000	252.000
784.000	304.000
785.000	243.000
786.000	271.000
787.000	250.000
788.000	276.000
789.000	273.000
790.000	260.000
791.000	284.000
792.000	256.000
793.000	271.000
794.000	284.000
795.000	242.000
796.000	306.000
797.000	270.000
798.000	255.000
799.000	256.000
800.000	269.000
801.000	267.000
802.000	249.000
803.000	299.000
804.000	298.000
805.000	302.000
806.000	310.000
807.000	305.000
808.000	287.000
809.000	314.000
810.000	285.000
811.000	279.000
812.000	304.000
813.000	274.000
814.000	310.000
815.000	322.000
816.000	283.000
817.000	285.000
818.000	298.000
819.000	281.000
820.000	325.000
821.000	281.000
822.000	302.000
823.000	299.000
824.000	293.000
825.000	302.000
826.000	292.000
827.000	311.000
828.000	266.000
829.000	308.000
830.000	308.000
831.000	300.000
832.000	298.000
833.000	327.000
834.000	293.000
835.000	312.000
836.000	292.000
837.000	324.000
838.000	342.000
839.000	300.000
840.000	275.000
841.000	342.000
842.000	310.000
843.000	340.000
844.000	337.000
845.000	344.000
846.000	312.000
847.000	344.000
848.000	333.000
849.000	355.000
850.000	334.000
851.000	338.000
852.000	340.000
853.000	323.000
854.000	341.000
855.000	369.000
856.000	381.000
857.000	371.000
858.000	338.000
859.000	381.000
860.000	370.000
861.000	340.000
862.000	373.000
863.000	408.000
864.000	427.000
865.000	386.000
866.000	416.000
867.000	410.000
868.000	448.000
869.000	423.000
870.000	456.000
871.000	419.000
872.000	475.000
873.000	519.000
874.000	499.000
875.000	543.000
876.000	565.000
877.000	579.000
878.000	617.000
879.000	580.000
880.000	683.000
881.000	708.000
882.000	724.000
883.000	735.000
884.000	800.000
885.000	899.000
886.000	924.000
887.000	982.000
888.000	1024.000
889.000	1126.000
890.000	1186.000
891.000	1196.000
892.000	1223.000
893.000	1375.000
894.000	1398.000
895.000	1448.000
896.000	1441.000
897.000	1524.000
898.000	1447.000
899.000	1524.000
900.000	1519.000
901.000	1480.000
902.000	1510.000
903.000	1491.000
904.000	1427.000
905.000	1393.000
906.000	1374.000
907.000	1342.000
908.000	1311.000
909.000	1218.000
910.000	1209.000
911.000	1147.000
912.000	1030.000
913.000	1020.000
914.000	1023.000
915.000	829.000
916.000	842.000
917.000	803.000
918.000	775.000
919.000	730.000
920.000	671.000
921.000	607.000
922.000	609.000
923.000	538.000
924.000	578.000
925.000	514.000
926.000	500.000
927.000	460.000
928.000	441.000
929.000	424.000
930.000	426.000
931.000	414.000
932.000	394.000
933.000	354.000
934.000	379.000
935.000	392.000
936.000	356.000
937.000	349.000
938.000	359.000
939.000	344.000
940.000	377.000
941.000	382.000
942.000	412.000
943.000	476.000
944.000	498.000
945.000	539.000
946.000	587.000
947.000	624.000
948.000	669.000
949.000	716.000
950.000	762.000
951.000	783.000
952.000	792.000
953.000	802.000
954.000	851.000
955.000	861.000
956.000	744.000
957.000	725.000
958.000	671.000
959.000	659.000
960.000	580.000
961.000	502.000
962.000	472.000
963.000	428.000
964.000	388.000
965.000	352.000
966.000	352.000
967.000	312.000
968.000	327.000
969.000	300.000
970.000	297.000
971.000	263.000
972.000	315.000
973.000	283.000
974.000	271.000
975.000	315.000
976.000	288.000
977.000	305.000
978.000	304.000
979.000	306.000
980.000	298.000
981.000	304.000
982.000	321.000
983.000	303.000
984.000	331.000
985.000	331.000
986.000	331.000
987.000	309.000
988.000	348.000
989.000	408.000
990.000	383.000
991.000	370.000
992.000	378.000
993.000	416.000
994.000	403.000
995.000	418.000
996.000	429.000
997.000	403.000
998.000	417.000
999.000	459.000
1000.000	442.000
1001.000	481.000
1002.000	458.000
1003.000	467.000
1004.000	455.000
1005.000	451.000
1006.000	475.000
1007.000	422.000
1008.000	433.000
1009.000	404.000
1010.000	428.000
1011.000	427.000
1012.000	444.000
1013.000	408.000
1014.000	400.000
1015.000	381.000
1016.000	376.000
1017.000	382.000
1018.000	365.000
1019.000	312.000
1020.000	331.000
1021.000	339.000
1022.000	286.000
1023.000	265.000
1024.000	248.000
