Date:	8/19/2008		Time:	8:36 AM		Version no:	0.00		Project name:	55		Sample name:	222		Section name:	section		Position	14.039995	mm	E0	0.000000	keV	E1	1.000000	keV/channel	sample surface	7.676221	cm	Tube anode:	Mo		Tube voltage:	30	kV	Tube current:	50	mA	gain	20		std. database			resultfile	result		matrix element	11		sample thickness	1.000000		air passage	0.560000	cm	comments	not in position		peaking_time	3.000000	m-sec	trigger_threshold	1229.166667	V	mca_bin_width	22.090000	no:	number_mca_channels	1024.000000	no:	gap_time	0.400000	m-sec	trigger_peaking_time	0.150000	m-sec	GAINDAC	9455		HIGHGAIN	1		TAURC	0		RCTAU	53		RCTAUFRAC	32768		livetime	9.644112	seconds	runtime	10.000502	seconds	input_count_rate	32.637116	cps	output_count_rate	23.959496	cps	triggers	314756	seconds	events_in_run	239607	seconds	channel	content		1.000	0.000
2.000	0.000
3.000	0.000
4.000	0.000
5.000	0.000
6.000	0.000
7.000	0.000
8.000	0.000
9.000	0.000
10.000	0.000
11.000	0.000
12.000	0.000
13.000	0.000
14.000	0.000
15.000	0.000
16.000	0.000
17.000	0.000
18.000	0.000
19.000	0.000
20.000	0.000
21.000	0.000
22.000	0.000
23.000	0.000
24.000	0.000
25.000	0.000
26.000	0.000
27.000	0.000
28.000	0.000
29.000	0.000
30.000	0.000
31.000	0.000
32.000	1.000
33.000	0.000
34.000	1.000
35.000	0.000
36.000	1.000
37.000	1.000
38.000	0.000
39.000	0.000
40.000	4.000
41.000	3.000
42.000	3.000
43.000	2.000
44.000	5.000
45.000	4.000
46.000	3.000
47.000	12.000
48.000	9.000
49.000	10.000
50.000	8.000
51.000	9.000
52.000	11.000
53.000	14.000
54.000	10.000
55.000	14.000
56.000	6.000
57.000	12.000
58.000	7.000
59.000	13.000
60.000	11.000
61.000	13.000
62.000	11.000
63.000	7.000
64.000	16.000
65.000	13.000
66.000	9.000
67.000	14.000
68.000	5.000
69.000	11.000
70.000	13.000
71.000	10.000
72.000	13.000
73.000	13.000
74.000	8.000
75.000	4.000
76.000	8.000
77.000	7.000
78.000	10.000
79.000	9.000
80.000	12.000
81.000	10.000
82.000	6.000
83.000	8.000
84.000	6.000
85.000	7.000
86.000	6.000
87.000	9.000
88.000	10.000
89.000	11.000
90.000	10.000
91.000	6.000
92.000	9.000
93.000	9.000
94.000	11.000
95.000	7.000
96.000	14.000
97.000	9.000
98.000	7.000
99.000	4.000
100.000	9.000
101.000	10.000
102.000	6.000
103.000	1.000
104.000	5.000
105.000	5.000
106.000	7.000
107.000	4.000
108.000	10.000
109.000	8.000
110.000	4.000
111.000	6.000
112.000	5.000
113.000	5.000
114.000	5.000
115.000	11.000
116.000	9.000
117.000	6.000
118.000	12.000
119.000	5.000
120.000	6.000
121.000	6.000
122.000	5.000
123.000	8.000
124.000	12.000
125.000	12.000
126.000	13.000
127.000	9.000
128.000	11.000
129.000	6.000
130.000	7.000
131.000	9.000
132.000	8.000
133.000	10.000
134.000	11.000
135.000	1.000
136.000	5.000
137.000	11.000
138.000	3.000
139.000	7.000
140.000	4.000
141.000	8.000
142.000	5.000
143.000	6.000
144.000	4.000
145.000	3.000
146.000	4.000
147.000	4.000
148.000	4.000
149.000	2.000
150.000	0.000
151.000	5.000
152.000	9.000
153.000	3.000
154.000	5.000
155.000	4.000
156.000	5.000
157.000	5.000
158.000	8.000
159.000	3.000
160.000	10.000
161.000	4.000
162.000	5.000
163.000	7.000
164.000	5.000
165.000	7.000
166.000	4.000
167.000	6.000
168.000	2.000
169.000	5.000
170.000	2.000
171.000	6.000
172.000	6.000
173.000	4.000
174.000	7.000
175.000	1.000
176.000	6.000
177.000	5.000
178.000	4.000
179.000	9.000
180.000	4.000
181.000	11.000
182.000	10.000
183.000	7.000
184.000	15.000
185.000	7.000
186.000	6.000
187.000	4.000
188.000	5.000
189.000	5.000
190.000	7.000
191.000	3.000
192.000	3.000
193.000	4.000
194.000	5.000
195.000	3.000
196.000	3.000
197.000	8.000
198.000	13.000
199.000	15.000
200.000	31.000
201.000	27.000
202.000	23.000
203.000	30.000
204.000	21.000
205.000	20.000
206.000	20.000
207.000	15.000
208.000	8.000
209.000	4.000
210.000	2.000
211.000	2.000
212.000	4.000
213.000	4.000
214.000	4.000
215.000	3.000
216.000	7.000
217.000	4.000
218.000	10.000
219.000	6.000
220.000	8.000
221.000	6.000
222.000	8.000
223.000	4.000
224.000	5.000
225.000	7.000
226.000	8.000
227.000	5.000
228.000	6.000
229.000	2.000
230.000	4.000
231.000	5.000
232.000	3.000
233.000	1.000
234.000	2.000
235.000	6.000
236.000	4.000
237.000	1.000
238.000	6.000
239.000	5.000
240.000	4.000
241.000	7.000
242.000	10.000
243.000	4.000
244.000	7.000
245.000	7.000
246.000	9.000
247.000	10.000
248.000	12.000
249.000	4.000
250.000	13.000
251.000	13.000
252.000	13.000
253.000	10.000
254.000	5.000
255.000	8.000
256.000	7.000
257.000	4.000
258.000	8.000
259.000	4.000
260.000	4.000
261.000	4.000
262.000	10.000
263.000	9.000
264.000	5.000
265.000	4.000
266.000	3.000
267.000	9.000
268.000	3.000
269.000	7.000
270.000	5.000
271.000	6.000
272.000	8.000
273.000	1.000
274.000	1.000
275.000	13.000
276.000	5.000
277.000	4.000
278.000	4.000
279.000	6.000
280.000	2.000
281.000	4.000
282.000	5.000
283.000	7.000
284.000	5.000
285.000	9.000
286.000	3.000
287.000	6.000
288.000	7.000
289.000	13.000
290.000	6.000
291.000	11.000
292.000	11.000
293.000	8.000
294.000	4.000
295.000	5.000
296.000	9.000
297.000	5.000
298.000	9.000
299.000	8.000
300.000	6.000
301.000	7.000
302.000	5.000
303.000	5.000
304.000	10.000
305.000	9.000
306.000	4.000
307.000	5.000
308.000	6.000
309.000	6.000
310.000	3.000
311.000	8.000
312.000	8.000
313.000	10.000
314.000	10.000
315.000	6.000
316.000	15.000
317.000	19.000
318.000	19.000
319.000	20.000
320.000	36.000
321.000	32.000
322.000	39.000
323.000	49.000
324.000	38.000
325.000	37.000
326.000	32.000
327.000	29.000
328.000	22.000
329.000	16.000
330.000	15.000
331.000	11.000
332.000	13.000
333.000	11.000
334.000	9.000
335.000	10.000
336.000	14.000
337.000	16.000
338.000	18.000
339.000	18.000
340.000	26.000
341.000	30.000
342.000	56.000
343.000	90.000
344.000	158.000
345.000	220.000
346.000	331.000
347.000	471.000
348.000	614.000
349.000	653.000
350.000	726.000
351.000	723.000
352.000	717.000
353.000	563.000
354.000	480.000
355.000	305.000
356.000	237.000
357.000	173.000
358.000	105.000
359.000	61.000
360.000	40.000
361.000	35.000
362.000	20.000
363.000	13.000
364.000	22.000
365.000	11.000
366.000	11.000
367.000	25.000
368.000	13.000
369.000	19.000
370.000	13.000
371.000	11.000
372.000	18.000
373.000	22.000
374.000	20.000
375.000	20.000
376.000	27.000
377.000	27.000
378.000	31.000
379.000	43.000
380.000	63.000
381.000	74.000
382.000	78.000
383.000	99.000
384.000	106.000
385.000	130.000
386.000	136.000
387.000	145.000
388.000	149.000
389.000	98.000
390.000	92.000
391.000	77.000
392.000	64.000
393.000	37.000
394.000	27.000
395.000	30.000
396.000	22.000
397.000	18.000
398.000	26.000
399.000	32.000
400.000	26.000
401.000	15.000
402.000	19.000
403.000	15.000
404.000	19.000
405.000	27.000
406.000	30.000
407.000	20.000
408.000	25.000
409.000	28.000
410.000	29.000
411.000	29.000
412.000	21.000
413.000	26.000
414.000	27.000
415.000	28.000
416.000	24.000
417.000	27.000
418.000	33.000
419.000	32.000
420.000	27.000
421.000	25.000
422.000	30.000
423.000	29.000
424.000	32.000
425.000	29.000
426.000	24.000
427.000	26.000
428.000	33.000
429.000	33.000
430.000	40.000
431.000	45.000
432.000	41.000
433.000	45.000
434.000	30.000
435.000	40.000
436.000	45.000
437.000	38.000
438.000	30.000
439.000	46.000
440.000	45.000
441.000	38.000
442.000	45.000
443.000	30.000
444.000	34.000
445.000	56.000
446.000	41.000
447.000	48.000
448.000	39.000
449.000	43.000
450.000	53.000
451.000	41.000
452.000	49.000
453.000	44.000
454.000	55.000
455.000	32.000
456.000	47.000
457.000	52.000
458.000	62.000
459.000	45.000
460.000	40.000
461.000	39.000
462.000	56.000
463.000	54.000
464.000	57.000
465.000	35.000
466.000	49.000
467.000	61.000
468.000	56.000
469.000	48.000
470.000	61.000
471.000	55.000
472.000	58.000
473.000	60.000
474.000	58.000
475.000	62.000
476.000	46.000
477.000	62.000
478.000	62.000
479.000	46.000
480.000	59.000
481.000	54.000
482.000	41.000
483.000	55.000
484.000	49.000
485.000	56.000
486.000	70.000
487.000	56.000
488.000	50.000
489.000	68.000
490.000	50.000
491.000	63.000
492.000	75.000
493.000	82.000
494.000	51.000
495.000	74.000
496.000	75.000
497.000	73.000
498.000	78.000
499.000	60.000
500.000	77.000
501.000	74.000
502.000	75.000
503.000	60.000
504.000	82.000
505.000	82.000
506.000	65.000
507.000	73.000
508.000	60.000
509.000	73.000
510.000	81.000
511.000	89.000
512.000	78.000
513.000	92.000
514.000	81.000
515.000	81.000
516.000	83.000
517.000	79.000
518.000	89.000
519.000	85.000
520.000	82.000
521.000	88.000
522.000	92.000
523.000	103.000
524.000	85.000
525.000	101.000
526.000	106.000
527.000	100.000
528.000	90.000
529.000	102.000
530.000	97.000
531.000	93.000
532.000	95.000
533.000	107.000
534.000	101.000
535.000	91.000
536.000	98.000
537.000	91.000
538.000	97.000
539.000	108.000
540.000	104.000
541.000	94.000
542.000	107.000
543.000	111.000
544.000	105.000
545.000	96.000
546.000	100.000
547.000	121.000
548.000	114.000
549.000	102.000
550.000	114.000
551.000	85.000
552.000	112.000
553.000	117.000
554.000	111.000
555.000	119.000
556.000	121.000
557.000	113.000
558.000	121.000
559.000	121.000
560.000	122.000
561.000	114.000
562.000	113.000
563.000	124.000
564.000	129.000
565.000	140.000
566.000	134.000
567.000	127.000
568.000	136.000
569.000	126.000
570.000	115.000
571.000	134.000
572.000	140.000
573.000	109.000
574.000	139.000
575.000	159.000
576.000	135.000
577.000	110.000
578.000	155.000
579.000	132.000
580.000	139.000
581.000	130.000
582.000	130.000
583.000	127.000
584.000	149.000
585.000	141.000
586.000	150.000
587.000	146.000
588.000	185.000
589.000	129.000
590.000	122.000
591.000	137.000
592.000	160.000
593.000	138.000
594.000	162.000
595.000	134.000
596.000	153.000
597.000	134.000
598.000	146.000
599.000	136.000
600.000	169.000
601.000	132.000
602.000	168.000
603.000	154.000
604.000	131.000
605.000	153.000
606.000	122.000
607.000	143.000
608.000	157.000
609.000	145.000
610.000	175.000
611.000	174.000
612.000	146.000
613.000	124.000
614.000	167.000
615.000	153.000
616.000	170.000
617.000	185.000
618.000	168.000
619.000	163.000
620.000	177.000
621.000	169.000
622.000	152.000
623.000	173.000
624.000	174.000
625.000	163.000
626.000	173.000
627.000	195.000
628.000	208.000
629.000	164.000
630.000	181.000
631.000	183.000
632.000	179.000
633.000	193.000
634.000	176.000
635.000	173.000
636.000	208.000
637.000	170.000
638.000	189.000
639.000	163.000
640.000	211.000
641.000	189.000
642.000	198.000
643.000	217.000
644.000	216.000
645.000	197.000
646.000	200.000
647.000	200.000
648.000	191.000
649.000	217.000
650.000	212.000
651.000	224.000
652.000	193.000
653.000	187.000
654.000	211.000
655.000	212.000
656.000	208.000
657.000	194.000
658.000	190.000
659.000	205.000
660.000	197.000
661.000	240.000
662.000	246.000
663.000	216.000
664.000	217.000
665.000	233.000
666.000	198.000
667.000	215.000
668.000	197.000
669.000	221.000
670.000	227.000
671.000	240.000
672.000	210.000
673.000	242.000
674.000	233.000
675.000	248.000
676.000	211.000
677.000	230.000
678.000	187.000
679.000	237.000
680.000	204.000
681.000	253.000
682.000	221.000
683.000	229.000
684.000	228.000
685.000	246.000
686.000	225.000
687.000	228.000
688.000	240.000
689.000	238.000
690.000	221.000
691.000	224.000
692.000	202.000
693.000	255.000
694.000	258.000
695.000	229.000
696.000	247.000
697.000	222.000
698.000	246.000
699.000	267.000
700.000	242.000
701.000	258.000
702.000	244.000
703.000	236.000
704.000	249.000
705.000	263.000
706.000	251.000
707.000	266.000
708.000	231.000
709.000	255.000
710.000	256.000
711.000	271.000
712.000	254.000
713.000	245.000
714.000	247.000
715.000	283.000
716.000	238.000
717.000	263.000
718.000	241.000
719.000	243.000
720.000	271.000
721.000	261.000
722.000	287.000
723.000	270.000
724.000	299.000
725.000	296.000
726.000	241.000
727.000	292.000
728.000	268.000
729.000	307.000
730.000	301.000
731.000	329.000
732.000	291.000
733.000	259.000
734.000	286.000
735.000	283.000
736.000	269.000
737.000	267.000
738.000	284.000
739.000	255.000
740.000	274.000
741.000	288.000
742.000	262.000
743.000	263.000
744.000	306.000
745.000	276.000
746.000	245.000
747.000	290.000
748.000	280.000
749.000	286.000
750.000	266.000
751.000	274.000
752.000	296.000
753.000	290.000
754.000	306.000
755.000	265.000
756.000	298.000
757.000	297.000
758.000	292.000
759.000	295.000
760.000	310.000
761.000	313.000
762.000	283.000
763.000	329.000
764.000	272.000
765.000	287.000
766.000	272.000
767.000	315.000
768.000	322.000
769.000	290.000
770.000	313.000
771.000	352.000
772.000	311.000
773.000	308.000
774.000	314.000
775.000	325.000
776.000	304.000
777.000	318.000
778.000	316.000
779.000	329.000
780.000	302.000
781.000	306.000
782.000	280.000
783.000	310.000
784.000	309.000
785.000	271.000
786.000	317.000
787.000	298.000
788.000	304.000
789.000	307.000
790.000	308.000
791.000	305.000
792.000	289.000
793.000	318.000
794.000	322.000
795.000	274.000
796.000	327.000
797.000	324.000
798.000	306.000
799.000	323.000
800.000	321.000
801.000	337.000
802.000	306.000
803.000	302.000
804.000	332.000
805.000	329.000
806.000	286.000
807.000	282.000
808.000	300.000
809.000	273.000
810.000	354.000
811.000	342.000
812.000	312.000
813.000	340.000
814.000	309.000
815.000	298.000
816.000	325.000
817.000	308.000
818.000	343.000
819.000	338.000
820.000	357.000
821.000	311.000
822.000	315.000
823.000	301.000
824.000	350.000
825.000	373.000
826.000	307.000
827.000	336.000
828.000	352.000
829.000	343.000
830.000	318.000
831.000	312.000
832.000	310.000
833.000	357.000
834.000	347.000
835.000	356.000
836.000	322.000
837.000	319.000
838.000	336.000
839.000	324.000
840.000	378.000
841.000	341.000
842.000	376.000
843.000	353.000
844.000	345.000
845.000	374.000
846.000	367.000
847.000	353.000
848.000	365.000
849.000	373.000
850.000	364.000
851.000	379.000
852.000	379.000
853.000	388.000
854.000	396.000
855.000	376.000
856.000	354.000
857.000	409.000
858.000	426.000
859.000	404.000
860.000	422.000
861.000	444.000
862.000	412.000
863.000	430.000
864.000	409.000
865.000	410.000
866.000	440.000
867.000	463.000
868.000	447.000
869.000	538.000
870.000	502.000
871.000	477.000
872.000	486.000
873.000	483.000
874.000	539.000
875.000	555.000
876.000	553.000
877.000	584.000
878.000	616.000
879.000	686.000
880.000	695.000
881.000	773.000
882.000	767.000
883.000	848.000
884.000	817.000
885.000	954.000
886.000	940.000
887.000	1108.000
888.000	1064.000
889.000	1182.000
890.000	1225.000
891.000	1262.000
892.000	1360.000
893.000	1312.000
894.000	1431.000
895.000	1539.000
896.000	1577.000
897.000	1650.000
898.000	1611.000
899.000	1645.000
900.000	1660.000
901.000	1646.000
902.000	1580.000
903.000	1617.000
904.000	1590.000
905.000	1520.000
906.000	1574.000
907.000	1445.000
908.000	1389.000
909.000	1361.000
910.000	1237.000
911.000	1222.000
912.000	1158.000
913.000	1104.000
914.000	1053.000
915.000	918.000
916.000	894.000
917.000	859.000
918.000	810.000
919.000	764.000
920.000	722.000
921.000	698.000
922.000	652.000
923.000	596.000
924.000	556.000
925.000	541.000
926.000	514.000
927.000	484.000
928.000	496.000
929.000	488.000
930.000	450.000
931.000	397.000
932.000	402.000
933.000	365.000
934.000	387.000
935.000	373.000
936.000	389.000
937.000	382.000
938.000	394.000
939.000	427.000
940.000	440.000
941.000	443.000
942.000	465.000
943.000	502.000
944.000	511.000
945.000	567.000
946.000	606.000
947.000	651.000
948.000	681.000
949.000	738.000
950.000	771.000
951.000	823.000
952.000	854.000
953.000	870.000
954.000	871.000
955.000	862.000
956.000	806.000
957.000	724.000
958.000	699.000
959.000	627.000
960.000	607.000
961.000	541.000
962.000	498.000
963.000	436.000
964.000	426.000
965.000	393.000
966.000	327.000
967.000	382.000
968.000	318.000
969.000	314.000
970.000	290.000
971.000	338.000
972.000	301.000
973.000	279.000
974.000	331.000
975.000	293.000
976.000	304.000
977.000	313.000
978.000	326.000
979.000	333.000
980.000	338.000
981.000	349.000
982.000	334.000
983.000	342.000
984.000	349.000
985.000	395.000
986.000	361.000
987.000	359.000
988.000	351.000
989.000	405.000
990.000	392.000
991.000	365.000
992.000	412.000
993.000	394.000
994.000	403.000
995.000	455.000
996.000	429.000
997.000	420.000
998.000	468.000
999.000	490.000
1000.000	475.000
1001.000	450.000
1002.000	463.000
1003.000	461.000
1004.000	479.000
1005.000	473.000
1006.000	474.000
1007.000	467.000
1008.000	486.000
1009.000	449.000
1010.000	455.000
1011.000	442.000
1012.000	421.000
1013.000	461.000
1014.000	421.000
1015.000	393.000
1016.000	391.000
1017.000	365.000
1018.000	339.000
1019.000	344.000
1020.000	302.000
1021.000	316.000
1022.000	326.000
1023.000	279.000
1024.000	298.000
