Date:	8/19/2008		Time:	8:42 AM		Version no:	0.00		Project name:	55		Sample name:	222		Section name:	section		Position	70.039995	mm	E0	0.000000	keV	E1	1.000000	keV/channel	sample surface	7.577636	cm	Tube anode:	Mo		Tube voltage:	30	kV	Tube current:	50	mA	gain	20		std. database			resultfile	result		matrix element	11		sample thickness	1.000000		air passage	0.560000	cm	comments	not in position		peaking_time	3.000000	m-sec	trigger_threshold	1229.166667	V	mca_bin_width	22.090000	no:	number_mca_channels	1024.000000	no:	gap_time	0.400000	m-sec	trigger_peaking_time	0.150000	m-sec	GAINDAC	9455		HIGHGAIN	1		TAURC	0		RCTAU	53		RCTAUFRAC	32768		livetime	9.672419	seconds	runtime	10.000502	seconds	input_count_rate	30.841715	cps	output_count_rate	23.055844	cps	triggers	298314	seconds	events_in_run	230570	seconds	channel	content		1.000	0.000
2.000	0.000
3.000	0.000
4.000	0.000
5.000	0.000
6.000	0.000
7.000	0.000
8.000	0.000
9.000	0.000
10.000	0.000
11.000	0.000
12.000	0.000
13.000	0.000
14.000	0.000
15.000	0.000
16.000	0.000
17.000	0.000
18.000	0.000
19.000	0.000
20.000	0.000
21.000	0.000
22.000	0.000
23.000	0.000
24.000	0.000
25.000	0.000
26.000	0.000
27.000	0.000
28.000	0.000
29.000	0.000
30.000	0.000
31.000	1.000
32.000	0.000
33.000	0.000
34.000	0.000
35.000	1.000
36.000	2.000
37.000	2.000
38.000	0.000
39.000	3.000
40.000	2.000
41.000	6.000
42.000	0.000
43.000	5.000
44.000	3.000
45.000	1.000
46.000	6.000
47.000	9.000
48.000	4.000
49.000	5.000
50.000	12.000
51.000	10.000
52.000	10.000
53.000	13.000
54.000	16.000
55.000	13.000
56.000	7.000
57.000	13.000
58.000	12.000
59.000	14.000
60.000	11.000
61.000	8.000
62.000	9.000
63.000	14.000
64.000	12.000
65.000	3.000
66.000	9.000
67.000	13.000
68.000	15.000
69.000	11.000
70.000	11.000
71.000	8.000
72.000	6.000
73.000	10.000
74.000	12.000
75.000	10.000
76.000	7.000
77.000	5.000
78.000	15.000
79.000	12.000
80.000	7.000
81.000	4.000
82.000	9.000
83.000	5.000
84.000	7.000
85.000	10.000
86.000	8.000
87.000	10.000
88.000	11.000
89.000	6.000
90.000	8.000
91.000	5.000
92.000	8.000
93.000	9.000
94.000	10.000
95.000	12.000
96.000	8.000
97.000	9.000
98.000	6.000
99.000	7.000
100.000	5.000
101.000	3.000
102.000	11.000
103.000	9.000
104.000	8.000
105.000	5.000
106.000	5.000
107.000	10.000
108.000	8.000
109.000	8.000
110.000	9.000
111.000	11.000
112.000	3.000
113.000	5.000
114.000	6.000
115.000	7.000
116.000	13.000
117.000	11.000
118.000	6.000
119.000	5.000
120.000	10.000
121.000	9.000
122.000	6.000
123.000	7.000
124.000	4.000
125.000	9.000
126.000	10.000
127.000	8.000
128.000	7.000
129.000	4.000
130.000	13.000
131.000	11.000
132.000	7.000
133.000	5.000
134.000	5.000
135.000	7.000
136.000	5.000
137.000	5.000
138.000	4.000
139.000	8.000
140.000	10.000
141.000	6.000
142.000	5.000
143.000	9.000
144.000	4.000
145.000	6.000
146.000	5.000
147.000	2.000
148.000	3.000
149.000	6.000
150.000	2.000
151.000	6.000
152.000	2.000
153.000	2.000
154.000	5.000
155.000	9.000
156.000	4.000
157.000	5.000
158.000	4.000
159.000	8.000
160.000	11.000
161.000	12.000
162.000	10.000
163.000	11.000
164.000	4.000
165.000	6.000
166.000	10.000
167.000	10.000
168.000	1.000
169.000	4.000
170.000	3.000
171.000	5.000
172.000	2.000
173.000	4.000
174.000	3.000
175.000	1.000
176.000	4.000
177.000	6.000
178.000	6.000
179.000	6.000
180.000	11.000
181.000	10.000
182.000	8.000
183.000	11.000
184.000	8.000
185.000	9.000
186.000	1.000
187.000	9.000
188.000	3.000
189.000	4.000
190.000	5.000
191.000	8.000
192.000	5.000
193.000	6.000
194.000	4.000
195.000	5.000
196.000	6.000
197.000	12.000
198.000	12.000
199.000	13.000
200.000	22.000
201.000	22.000
202.000	27.000
203.000	20.000
204.000	6.000
205.000	22.000
206.000	18.000
207.000	14.000
208.000	7.000
209.000	3.000
210.000	5.000
211.000	5.000
212.000	6.000
213.000	4.000
214.000	0.000
215.000	4.000
216.000	2.000
217.000	6.000
218.000	8.000
219.000	9.000
220.000	10.000
221.000	5.000
222.000	9.000
223.000	11.000
224.000	4.000
225.000	4.000
226.000	4.000
227.000	5.000
228.000	3.000
229.000	0.000
230.000	4.000
231.000	7.000
232.000	3.000
233.000	3.000
234.000	3.000
235.000	6.000
236.000	4.000
237.000	4.000
238.000	6.000
239.000	3.000
240.000	9.000
241.000	3.000
242.000	2.000
243.000	8.000
244.000	6.000
245.000	10.000
246.000	4.000
247.000	10.000
248.000	10.000
249.000	8.000
250.000	7.000
251.000	6.000
252.000	11.000
253.000	2.000
254.000	11.000
255.000	10.000
256.000	4.000
257.000	4.000
258.000	6.000
259.000	9.000
260.000	3.000
261.000	6.000
262.000	4.000
263.000	5.000
264.000	10.000
265.000	2.000
266.000	6.000
267.000	7.000
268.000	6.000
269.000	4.000
270.000	3.000
271.000	6.000
272.000	10.000
273.000	9.000
274.000	5.000
275.000	5.000
276.000	8.000
277.000	4.000
278.000	5.000
279.000	6.000
280.000	4.000
281.000	6.000
282.000	4.000
283.000	7.000
284.000	7.000
285.000	12.000
286.000	3.000
287.000	6.000
288.000	8.000
289.000	6.000
290.000	10.000
291.000	8.000
292.000	4.000
293.000	4.000
294.000	7.000
295.000	3.000
296.000	9.000
297.000	4.000
298.000	7.000
299.000	6.000
300.000	11.000
301.000	6.000
302.000	8.000
303.000	12.000
304.000	6.000
305.000	6.000
306.000	5.000
307.000	10.000
308.000	6.000
309.000	6.000
310.000	3.000
311.000	10.000
312.000	4.000
313.000	8.000
314.000	7.000
315.000	9.000
316.000	13.000
317.000	16.000
318.000	16.000
319.000	23.000
320.000	29.000
321.000	38.000
322.000	45.000
323.000	57.000
324.000	55.000
325.000	42.000
326.000	41.000
327.000	25.000
328.000	29.000
329.000	22.000
330.000	21.000
331.000	16.000
332.000	11.000
333.000	9.000
334.000	9.000
335.000	15.000
336.000	11.000
337.000	15.000
338.000	16.000
339.000	25.000
340.000	35.000
341.000	24.000
342.000	51.000
343.000	86.000
344.000	137.000
345.000	225.000
346.000	321.000
347.000	445.000
348.000	567.000
349.000	686.000
350.000	755.000
351.000	819.000
352.000	736.000
353.000	627.000
354.000	468.000
355.000	337.000
356.000	262.000
357.000	158.000
358.000	97.000
359.000	60.000
360.000	43.000
361.000	25.000
362.000	28.000
363.000	18.000
364.000	28.000
365.000	28.000
366.000	16.000
367.000	19.000
368.000	20.000
369.000	32.000
370.000	28.000
371.000	21.000
372.000	19.000
373.000	20.000
374.000	20.000
375.000	25.000
376.000	32.000
377.000	29.000
378.000	43.000
379.000	33.000
380.000	60.000
381.000	80.000
382.000	88.000
383.000	103.000
384.000	122.000
385.000	146.000
386.000	160.000
387.000	119.000
388.000	132.000
389.000	126.000
390.000	98.000
391.000	76.000
392.000	33.000
393.000	47.000
394.000	32.000
395.000	30.000
396.000	22.000
397.000	24.000
398.000	11.000
399.000	27.000
400.000	24.000
401.000	29.000
402.000	27.000
403.000	22.000
404.000	20.000
405.000	31.000
406.000	32.000
407.000	29.000
408.000	30.000
409.000	24.000
410.000	27.000
411.000	19.000
412.000	33.000
413.000	27.000
414.000	35.000
415.000	22.000
416.000	28.000
417.000	28.000
418.000	34.000
419.000	32.000
420.000	37.000
421.000	22.000
422.000	43.000
423.000	30.000
424.000	41.000
425.000	33.000
426.000	44.000
427.000	34.000
428.000	37.000
429.000	21.000
430.000	23.000
431.000	35.000
432.000	35.000
433.000	40.000
434.000	34.000
435.000	38.000
436.000	42.000
437.000	45.000
438.000	42.000
439.000	36.000
440.000	42.000
441.000	36.000
442.000	47.000
443.000	40.000
444.000	39.000
445.000	39.000
446.000	33.000
447.000	50.000
448.000	42.000
449.000	51.000
450.000	39.000
451.000	56.000
452.000	34.000
453.000	39.000
454.000	49.000
455.000	49.000
456.000	55.000
457.000	63.000
458.000	62.000
459.000	51.000
460.000	42.000
461.000	49.000
462.000	49.000
463.000	38.000
464.000	50.000
465.000	47.000
466.000	53.000
467.000	40.000
468.000	45.000
469.000	56.000
470.000	56.000
471.000	67.000
472.000	52.000
473.000	56.000
474.000	72.000
475.000	55.000
476.000	43.000
477.000	63.000
478.000	65.000
479.000	56.000
480.000	64.000
481.000	55.000
482.000	77.000
483.000	64.000
484.000	47.000
485.000	57.000
486.000	62.000
487.000	61.000
488.000	60.000
489.000	53.000
490.000	69.000
491.000	61.000
492.000	62.000
493.000	85.000
494.000	65.000
495.000	68.000
496.000	71.000
497.000	69.000
498.000	61.000
499.000	54.000
500.000	71.000
501.000	58.000
502.000	55.000
503.000	66.000
504.000	81.000
505.000	77.000
506.000	63.000
507.000	105.000
508.000	74.000
509.000	78.000
510.000	79.000
511.000	76.000
512.000	81.000
513.000	92.000
514.000	75.000
515.000	91.000
516.000	85.000
517.000	76.000
518.000	79.000
519.000	95.000
520.000	90.000
521.000	81.000
522.000	113.000
523.000	88.000
524.000	84.000
525.000	92.000
526.000	89.000
527.000	74.000
528.000	97.000
529.000	80.000
530.000	101.000
531.000	87.000
532.000	80.000
533.000	104.000
534.000	106.000
535.000	78.000
536.000	92.000
537.000	117.000
538.000	105.000
539.000	86.000
540.000	107.000
541.000	121.000
542.000	111.000
543.000	94.000
544.000	110.000
545.000	111.000
546.000	106.000
547.000	104.000
548.000	117.000
549.000	106.000
550.000	116.000
551.000	104.000
552.000	113.000
553.000	118.000
554.000	119.000
555.000	117.000
556.000	112.000
557.000	125.000
558.000	94.000
559.000	108.000
560.000	122.000
561.000	130.000
562.000	128.000
563.000	126.000
564.000	126.000
565.000	122.000
566.000	122.000
567.000	112.000
568.000	131.000
569.000	128.000
570.000	124.000
571.000	119.000
572.000	129.000
573.000	165.000
574.000	137.000
575.000	144.000
576.000	135.000
577.000	132.000
578.000	117.000
579.000	143.000
580.000	143.000
581.000	138.000
582.000	115.000
583.000	130.000
584.000	135.000
585.000	143.000
586.000	137.000
587.000	134.000
588.000	144.000
589.000	133.000
590.000	133.000
591.000	166.000
592.000	153.000
593.000	148.000
594.000	129.000
595.000	156.000
596.000	122.000
597.000	144.000
598.000	160.000
599.000	147.000
600.000	148.000
601.000	139.000
602.000	154.000
603.000	161.000
604.000	170.000
605.000	149.000
606.000	151.000
607.000	162.000
608.000	154.000
609.000	168.000
610.000	142.000
611.000	161.000
612.000	155.000
613.000	180.000
614.000	171.000
615.000	171.000
616.000	153.000
617.000	161.000
618.000	188.000
619.000	179.000
620.000	163.000
621.000	174.000
622.000	163.000
623.000	195.000
624.000	179.000
625.000	183.000
626.000	182.000
627.000	164.000
628.000	158.000
629.000	169.000
630.000	182.000
631.000	157.000
632.000	168.000
633.000	175.000
634.000	181.000
635.000	176.000
636.000	190.000
637.000	164.000
638.000	192.000
639.000	202.000
640.000	160.000
641.000	188.000
642.000	171.000
643.000	163.000
644.000	183.000
645.000	201.000
646.000	195.000
647.000	203.000
648.000	202.000
649.000	196.000
650.000	218.000
651.000	213.000
652.000	190.000
653.000	193.000
654.000	220.000
655.000	198.000
656.000	210.000
657.000	218.000
658.000	219.000
659.000	186.000
660.000	210.000
661.000	215.000
662.000	201.000
663.000	201.000
664.000	207.000
665.000	187.000
666.000	198.000
667.000	220.000
668.000	201.000
669.000	207.000
670.000	216.000
671.000	235.000
672.000	224.000
673.000	216.000
674.000	244.000
675.000	228.000
676.000	201.000
677.000	241.000
678.000	238.000
679.000	223.000
680.000	207.000
681.000	213.000
682.000	217.000
683.000	216.000
684.000	226.000
685.000	233.000
686.000	200.000
687.000	213.000
688.000	210.000
689.000	228.000
690.000	221.000
691.000	225.000
692.000	242.000
693.000	237.000
694.000	247.000
695.000	238.000
696.000	209.000
697.000	243.000
698.000	229.000
699.000	229.000
700.000	252.000
701.000	246.000
702.000	216.000
703.000	228.000
704.000	231.000
705.000	229.000
706.000	231.000
707.000	227.000
708.000	237.000
709.000	240.000
710.000	260.000
711.000	233.000
712.000	263.000
713.000	232.000
714.000	253.000
715.000	235.000
716.000	268.000
717.000	260.000
718.000	259.000
719.000	224.000
720.000	275.000
721.000	245.000
722.000	272.000
723.000	246.000
724.000	295.000
725.000	296.000
726.000	247.000
727.000	247.000
728.000	249.000
729.000	255.000
730.000	263.000
731.000	255.000
732.000	253.000
733.000	243.000
734.000	254.000
735.000	295.000
736.000	298.000
737.000	280.000
738.000	251.000
739.000	253.000
740.000	265.000
741.000	252.000
742.000	277.000
743.000	274.000
744.000	268.000
745.000	270.000
746.000	267.000
747.000	262.000
748.000	265.000
749.000	281.000
750.000	272.000
751.000	295.000
752.000	250.000
753.000	270.000
754.000	275.000
755.000	308.000
756.000	278.000
757.000	294.000
758.000	277.000
759.000	255.000
760.000	245.000
761.000	258.000
762.000	274.000
763.000	296.000
764.000	276.000
765.000	253.000
766.000	267.000
767.000	276.000
768.000	275.000
769.000	311.000
770.000	295.000
771.000	253.000
772.000	296.000
773.000	310.000
774.000	318.000
775.000	310.000
776.000	329.000
777.000	329.000
778.000	287.000
779.000	274.000
780.000	265.000
781.000	296.000
782.000	269.000
783.000	298.000
784.000	282.000
785.000	251.000
786.000	294.000
787.000	279.000
788.000	278.000
789.000	278.000
790.000	286.000
791.000	293.000
792.000	267.000
793.000	286.000
794.000	264.000
795.000	285.000
796.000	278.000
797.000	277.000
798.000	289.000
799.000	294.000
800.000	287.000
801.000	303.000
802.000	297.000
803.000	252.000
804.000	298.000
805.000	333.000
806.000	288.000
807.000	278.000
808.000	331.000
809.000	278.000
810.000	315.000
811.000	295.000
812.000	314.000
813.000	303.000
814.000	287.000
815.000	306.000
816.000	275.000
817.000	304.000
818.000	310.000
819.000	318.000
820.000	327.000
821.000	310.000
822.000	297.000
823.000	335.000
824.000	325.000
825.000	303.000
826.000	309.000
827.000	323.000
828.000	288.000
829.000	354.000
830.000	298.000
831.000	305.000
832.000	335.000
833.000	315.000
834.000	316.000
835.000	344.000
836.000	316.000
837.000	295.000
838.000	351.000
839.000	343.000
840.000	322.000
841.000	335.000
842.000	297.000
843.000	332.000
844.000	337.000
845.000	351.000
846.000	349.000
847.000	371.000
848.000	344.000
849.000	359.000
850.000	391.000
851.000	354.000
852.000	361.000
853.000	364.000
854.000	370.000
855.000	389.000
856.000	351.000
857.000	389.000
858.000	354.000
859.000	388.000
860.000	426.000
861.000	421.000
862.000	356.000
863.000	396.000
864.000	392.000
865.000	387.000
866.000	413.000
867.000	444.000
868.000	464.000
869.000	438.000
870.000	482.000
871.000	479.000
872.000	483.000
873.000	543.000
874.000	508.000
875.000	540.000
876.000	503.000
877.000	580.000
878.000	613.000
879.000	641.000
880.000	678.000
881.000	682.000
882.000	736.000
883.000	785.000
884.000	828.000
885.000	893.000
886.000	952.000
887.000	988.000
888.000	1028.000
889.000	1122.000
890.000	1152.000
891.000	1226.000
892.000	1264.000
893.000	1343.000
894.000	1299.000
895.000	1467.000
896.000	1492.000
897.000	1497.000
898.000	1512.000
899.000	1527.000
900.000	1496.000
901.000	1551.000
902.000	1469.000
903.000	1564.000
904.000	1452.000
905.000	1457.000
906.000	1421.000
907.000	1358.000
908.000	1326.000
909.000	1256.000
910.000	1257.000
911.000	1134.000
912.000	1100.000
913.000	1004.000
914.000	936.000
915.000	954.000
916.000	857.000
917.000	798.000
918.000	774.000
919.000	738.000
920.000	691.000
921.000	652.000
922.000	587.000
923.000	586.000
924.000	504.000
925.000	526.000
926.000	447.000
927.000	488.000
928.000	458.000
929.000	454.000
930.000	427.000
931.000	413.000
932.000	395.000
933.000	435.000
934.000	392.000
935.000	336.000
936.000	343.000
937.000	396.000
938.000	363.000
939.000	380.000
940.000	411.000
941.000	393.000
942.000	421.000
943.000	460.000
944.000	469.000
945.000	532.000
946.000	568.000
947.000	651.000
948.000	645.000
949.000	680.000
950.000	825.000
951.000	802.000
952.000	792.000
953.000	766.000
954.000	858.000
955.000	780.000
956.000	810.000
957.000	733.000
958.000	700.000
959.000	620.000
960.000	586.000
961.000	506.000
962.000	488.000
963.000	428.000
964.000	370.000
965.000	360.000
966.000	335.000
967.000	345.000
968.000	315.000
969.000	302.000
970.000	260.000
971.000	272.000
972.000	316.000
973.000	286.000
974.000	269.000
975.000	297.000
976.000	306.000
977.000	308.000
978.000	303.000
979.000	295.000
980.000	317.000
981.000	338.000
982.000	326.000
983.000	353.000
984.000	349.000
985.000	361.000
986.000	370.000
987.000	333.000
988.000	346.000
989.000	416.000
990.000	360.000
991.000	390.000
992.000	397.000
993.000	394.000
994.000	401.000
995.000	389.000
996.000	420.000
997.000	435.000
998.000	416.000
999.000	467.000
1000.000	476.000
1001.000	461.000
1002.000	446.000
1003.000	385.000
1004.000	448.000
1005.000	452.000
1006.000	464.000
1007.000	469.000
1008.000	435.000
1009.000	438.000
1010.000	425.000
1011.000	449.000
1012.000	425.000
1013.000	399.000
1014.000	436.000
1015.000	363.000
1016.000	375.000
1017.000	347.000
1018.000	369.000
1019.000	319.000
1020.000	317.000
1021.000	304.000
1022.000	327.000
1023.000	298.000
1024.000	286.000
