Date:	8/19/2008		Time:	9:03 AM		Version no:	0.00		Project name:	55		Sample name:	222		Section name:	section		Position	292.039995	mm	E0	0.000000	keV	E1	1.000000	keV/channel	sample surface	7.594857	cm	Tube anode:	Mo		Tube voltage:	30	kV	Tube current:	50	mA	gain	20		std. database			resultfile	result		matrix element	11		sample thickness	1.000000		air passage	0.560000	cm	comments	not in position		peaking_time	3.000000	m-sec	trigger_threshold	1229.166667	V	mca_bin_width	22.090000	no:	number_mca_channels	1024.000000	no:	gap_time	0.400000	m-sec	trigger_peaking_time	0.150000	m-sec	GAINDAC	9455		HIGHGAIN	1		TAURC	0		RCTAU	53		RCTAUFRAC	32768		livetime	9.677828	seconds	runtime	10.000503	seconds	input_count_rate	29.930373	cps	output_count_rate	22.520567	cps	triggers	289661	seconds	events_in_run	225217	seconds	channel	content		1.000	0.000
2.000	0.000
3.000	0.000
4.000	0.000
5.000	0.000
6.000	0.000
7.000	0.000
8.000	0.000
9.000	0.000
10.000	0.000
11.000	0.000
12.000	0.000
13.000	0.000
14.000	0.000
15.000	0.000
16.000	0.000
17.000	0.000
18.000	0.000
19.000	0.000
20.000	0.000
21.000	0.000
22.000	0.000
23.000	0.000
24.000	0.000
25.000	0.000
26.000	0.000
27.000	0.000
28.000	0.000
29.000	0.000
30.000	0.000
31.000	2.000
32.000	0.000
33.000	0.000
34.000	1.000
35.000	1.000
36.000	1.000
37.000	2.000
38.000	0.000
39.000	1.000
40.000	2.000
41.000	6.000
42.000	6.000
43.000	6.000
44.000	4.000
45.000	10.000
46.000	10.000
47.000	3.000
48.000	12.000
49.000	7.000
50.000	11.000
51.000	7.000
52.000	9.000
53.000	11.000
54.000	5.000
55.000	10.000
56.000	11.000
57.000	3.000
58.000	4.000
59.000	11.000
60.000	13.000
61.000	11.000
62.000	14.000
63.000	11.000
64.000	14.000
65.000	11.000
66.000	10.000
67.000	8.000
68.000	11.000
69.000	13.000
70.000	8.000
71.000	15.000
72.000	5.000
73.000	11.000
74.000	8.000
75.000	11.000
76.000	11.000
77.000	6.000
78.000	11.000
79.000	4.000
80.000	15.000
81.000	5.000
82.000	11.000
83.000	9.000
84.000	4.000
85.000	7.000
86.000	9.000
87.000	3.000
88.000	10.000
89.000	8.000
90.000	11.000
91.000	13.000
92.000	9.000
93.000	11.000
94.000	7.000
95.000	6.000
96.000	9.000
97.000	8.000
98.000	11.000
99.000	3.000
100.000	6.000
101.000	8.000
102.000	11.000
103.000	1.000
104.000	3.000
105.000	11.000
106.000	5.000
107.000	13.000
108.000	10.000
109.000	2.000
110.000	8.000
111.000	13.000
112.000	9.000
113.000	5.000
114.000	15.000
115.000	7.000
116.000	7.000
117.000	5.000
118.000	6.000
119.000	6.000
120.000	6.000
121.000	10.000
122.000	4.000
123.000	6.000
124.000	11.000
125.000	3.000
126.000	12.000
127.000	12.000
128.000	9.000
129.000	8.000
130.000	7.000
131.000	14.000
132.000	1.000
133.000	7.000
134.000	8.000
135.000	5.000
136.000	8.000
137.000	6.000
138.000	5.000
139.000	5.000
140.000	3.000
141.000	4.000
142.000	6.000
143.000	3.000
144.000	5.000
145.000	4.000
146.000	3.000
147.000	4.000
148.000	6.000
149.000	4.000
150.000	4.000
151.000	4.000
152.000	3.000
153.000	6.000
154.000	5.000
155.000	5.000
156.000	7.000
157.000	6.000
158.000	8.000
159.000	9.000
160.000	7.000
161.000	5.000
162.000	8.000
163.000	10.000
164.000	10.000
165.000	2.000
166.000	5.000
167.000	6.000
168.000	4.000
169.000	5.000
170.000	2.000
171.000	2.000
172.000	4.000
173.000	10.000
174.000	4.000
175.000	4.000
176.000	3.000
177.000	3.000
178.000	3.000
179.000	6.000
180.000	7.000
181.000	8.000
182.000	6.000
183.000	7.000
184.000	6.000
185.000	5.000
186.000	2.000
187.000	6.000
188.000	2.000
189.000	3.000
190.000	1.000
191.000	0.000
192.000	5.000
193.000	2.000
194.000	7.000
195.000	8.000
196.000	6.000
197.000	8.000
198.000	7.000
199.000	12.000
200.000	13.000
201.000	19.000
202.000	20.000
203.000	18.000
204.000	22.000
205.000	12.000
206.000	10.000
207.000	9.000
208.000	2.000
209.000	6.000
210.000	3.000
211.000	0.000
212.000	1.000
213.000	3.000
214.000	3.000
215.000	3.000
216.000	4.000
217.000	7.000
218.000	2.000
219.000	6.000
220.000	11.000
221.000	3.000
222.000	5.000
223.000	2.000
224.000	7.000
225.000	3.000
226.000	1.000
227.000	4.000
228.000	0.000
229.000	2.000
230.000	4.000
231.000	5.000
232.000	2.000
233.000	4.000
234.000	4.000
235.000	6.000
236.000	1.000
237.000	4.000
238.000	2.000
239.000	2.000
240.000	2.000
241.000	4.000
242.000	4.000
243.000	2.000
244.000	11.000
245.000	9.000
246.000	12.000
247.000	7.000
248.000	12.000
249.000	8.000
250.000	4.000
251.000	10.000
252.000	6.000
253.000	7.000
254.000	10.000
255.000	7.000
256.000	2.000
257.000	5.000
258.000	4.000
259.000	4.000
260.000	6.000
261.000	4.000
262.000	6.000
263.000	9.000
264.000	6.000
265.000	3.000
266.000	3.000
267.000	2.000
268.000	0.000
269.000	5.000
270.000	8.000
271.000	7.000
272.000	6.000
273.000	3.000
274.000	8.000
275.000	4.000
276.000	9.000
277.000	4.000
278.000	6.000
279.000	5.000
280.000	4.000
281.000	5.000
282.000	2.000
283.000	8.000
284.000	4.000
285.000	4.000
286.000	7.000
287.000	9.000
288.000	4.000
289.000	11.000
290.000	4.000
291.000	9.000
292.000	5.000
293.000	10.000
294.000	9.000
295.000	4.000
296.000	9.000
297.000	12.000
298.000	7.000
299.000	5.000
300.000	7.000
301.000	5.000
302.000	2.000
303.000	7.000
304.000	5.000
305.000	7.000
306.000	10.000
307.000	3.000
308.000	6.000
309.000	7.000
310.000	7.000
311.000	9.000
312.000	5.000
313.000	14.000
314.000	10.000
315.000	11.000
316.000	15.000
317.000	19.000
318.000	23.000
319.000	20.000
320.000	26.000
321.000	37.000
322.000	55.000
323.000	42.000
324.000	32.000
325.000	33.000
326.000	34.000
327.000	21.000
328.000	31.000
329.000	14.000
330.000	17.000
331.000	12.000
332.000	15.000
333.000	9.000
334.000	9.000
335.000	5.000
336.000	9.000
337.000	15.000
338.000	14.000
339.000	9.000
340.000	16.000
341.000	23.000
342.000	38.000
343.000	68.000
344.000	103.000
345.000	180.000
346.000	192.000
347.000	315.000
348.000	386.000
349.000	456.000
350.000	553.000
351.000	511.000
352.000	519.000
353.000	398.000
354.000	351.000
355.000	259.000
356.000	182.000
357.000	114.000
358.000	79.000
359.000	61.000
360.000	33.000
361.000	21.000
362.000	25.000
363.000	16.000
364.000	16.000
365.000	13.000
366.000	18.000
367.000	13.000
368.000	18.000
369.000	12.000
370.000	11.000
371.000	13.000
372.000	9.000
373.000	18.000
374.000	31.000
375.000	14.000
376.000	19.000
377.000	24.000
378.000	29.000
379.000	36.000
380.000	38.000
381.000	52.000
382.000	45.000
383.000	63.000
384.000	104.000
385.000	101.000
386.000	103.000
387.000	116.000
388.000	90.000
389.000	85.000
390.000	68.000
391.000	61.000
392.000	48.000
393.000	30.000
394.000	32.000
395.000	24.000
396.000	20.000
397.000	11.000
398.000	21.000
399.000	16.000
400.000	14.000
401.000	22.000
402.000	22.000
403.000	24.000
404.000	17.000
405.000	31.000
406.000	26.000
407.000	19.000
408.000	25.000
409.000	15.000
410.000	18.000
411.000	28.000
412.000	25.000
413.000	25.000
414.000	34.000
415.000	21.000
416.000	26.000
417.000	21.000
418.000	21.000
419.000	27.000
420.000	21.000
421.000	14.000
422.000	20.000
423.000	21.000
424.000	32.000
425.000	20.000
426.000	27.000
427.000	23.000
428.000	22.000
429.000	33.000
430.000	34.000
431.000	26.000
432.000	24.000
433.000	29.000
434.000	30.000
435.000	29.000
436.000	26.000
437.000	41.000
438.000	37.000
439.000	28.000
440.000	37.000
441.000	34.000
442.000	44.000
443.000	44.000
444.000	39.000
445.000	39.000
446.000	35.000
447.000	28.000
448.000	44.000
449.000	39.000
450.000	43.000
451.000	34.000
452.000	40.000
453.000	39.000
454.000	44.000
455.000	43.000
456.000	48.000
457.000	48.000
458.000	39.000
459.000	44.000
460.000	33.000
461.000	41.000
462.000	42.000
463.000	51.000
464.000	46.000
465.000	55.000
466.000	33.000
467.000	42.000
468.000	37.000
469.000	47.000
470.000	54.000
471.000	41.000
472.000	46.000
473.000	48.000
474.000	52.000
475.000	60.000
476.000	37.000
477.000	53.000
478.000	54.000
479.000	52.000
480.000	52.000
481.000	44.000
482.000	45.000
483.000	53.000
484.000	59.000
485.000	46.000
486.000	56.000
487.000	46.000
488.000	59.000
489.000	58.000
490.000	45.000
491.000	65.000
492.000	58.000
493.000	62.000
494.000	67.000
495.000	60.000
496.000	78.000
497.000	66.000
498.000	63.000
499.000	54.000
500.000	60.000
501.000	65.000
502.000	72.000
503.000	68.000
504.000	79.000
505.000	63.000
506.000	69.000
507.000	64.000
508.000	81.000
509.000	63.000
510.000	77.000
511.000	65.000
512.000	66.000
513.000	74.000
514.000	74.000
515.000	81.000
516.000	80.000
517.000	71.000
518.000	73.000
519.000	66.000
520.000	84.000
521.000	92.000
522.000	87.000
523.000	89.000
524.000	68.000
525.000	86.000
526.000	73.000
527.000	80.000
528.000	82.000
529.000	77.000
530.000	81.000
531.000	70.000
532.000	79.000
533.000	88.000
534.000	82.000
535.000	95.000
536.000	87.000
537.000	85.000
538.000	80.000
539.000	85.000
540.000	97.000
541.000	83.000
542.000	78.000
543.000	101.000
544.000	81.000
545.000	91.000
546.000	90.000
547.000	88.000
548.000	103.000
549.000	93.000
550.000	105.000
551.000	96.000
552.000	95.000
553.000	94.000
554.000	106.000
555.000	106.000
556.000	91.000
557.000	96.000
558.000	124.000
559.000	96.000
560.000	97.000
561.000	102.000
562.000	113.000
563.000	96.000
564.000	126.000
565.000	112.000
566.000	104.000
567.000	100.000
568.000	106.000
569.000	109.000
570.000	117.000
571.000	118.000
572.000	114.000
573.000	126.000
574.000	125.000
575.000	114.000
576.000	121.000
577.000	109.000
578.000	122.000
579.000	122.000
580.000	107.000
581.000	146.000
582.000	122.000
583.000	116.000
584.000	108.000
585.000	122.000
586.000	101.000
587.000	127.000
588.000	143.000
589.000	125.000
590.000	107.000
591.000	126.000
592.000	115.000
593.000	119.000
594.000	139.000
595.000	162.000
596.000	128.000
597.000	128.000
598.000	137.000
599.000	130.000
600.000	149.000
601.000	118.000
602.000	117.000
603.000	122.000
604.000	158.000
605.000	126.000
606.000	123.000
607.000	130.000
608.000	146.000
609.000	167.000
610.000	142.000
611.000	148.000
612.000	143.000
613.000	151.000
614.000	138.000
615.000	147.000
616.000	134.000
617.000	154.000
618.000	154.000
619.000	161.000
620.000	141.000
621.000	126.000
622.000	145.000
623.000	157.000
624.000	145.000
625.000	167.000
626.000	175.000
627.000	148.000
628.000	149.000
629.000	162.000
630.000	175.000
631.000	147.000
632.000	161.000
633.000	165.000
634.000	176.000
635.000	173.000
636.000	159.000
637.000	169.000
638.000	169.000
639.000	206.000
640.000	157.000
641.000	160.000
642.000	191.000
643.000	137.000
644.000	192.000
645.000	186.000
646.000	185.000
647.000	187.000
648.000	181.000
649.000	172.000
650.000	190.000
651.000	211.000
652.000	183.000
653.000	176.000
654.000	190.000
655.000	215.000
656.000	195.000
657.000	192.000
658.000	179.000
659.000	182.000
660.000	186.000
661.000	191.000
662.000	180.000
663.000	175.000
664.000	201.000
665.000	173.000
666.000	178.000
667.000	187.000
668.000	192.000
669.000	211.000
670.000	188.000
671.000	201.000
672.000	212.000
673.000	178.000
674.000	228.000
675.000	200.000
676.000	187.000
677.000	209.000
678.000	181.000
679.000	199.000
680.000	195.000
681.000	234.000
682.000	214.000
683.000	207.000
684.000	206.000
685.000	217.000
686.000	232.000
687.000	217.000
688.000	214.000
689.000	203.000
690.000	206.000
691.000	229.000
692.000	198.000
693.000	227.000
694.000	235.000
695.000	214.000
696.000	208.000
697.000	239.000
698.000	220.000
699.000	229.000
700.000	221.000
701.000	250.000
702.000	217.000
703.000	222.000
704.000	242.000
705.000	208.000
706.000	224.000
707.000	245.000
708.000	235.000
709.000	240.000
710.000	228.000
711.000	249.000
712.000	215.000
713.000	257.000
714.000	231.000
715.000	268.000
716.000	235.000
717.000	216.000
718.000	239.000
719.000	241.000
720.000	251.000
721.000	237.000
722.000	220.000
723.000	255.000
724.000	228.000
725.000	260.000
726.000	229.000
727.000	254.000
728.000	268.000
729.000	243.000
730.000	245.000
731.000	248.000
732.000	255.000
733.000	233.000
734.000	251.000
735.000	259.000
736.000	252.000
737.000	236.000
738.000	260.000
739.000	263.000
740.000	267.000
741.000	244.000
742.000	258.000
743.000	236.000
744.000	254.000
745.000	267.000
746.000	271.000
747.000	254.000
748.000	283.000
749.000	258.000
750.000	251.000
751.000	235.000
752.000	254.000
753.000	272.000
754.000	281.000
755.000	247.000
756.000	278.000
757.000	257.000
758.000	280.000
759.000	277.000
760.000	251.000
761.000	240.000
762.000	271.000
763.000	249.000
764.000	279.000
765.000	273.000
766.000	255.000
767.000	272.000
768.000	265.000
769.000	271.000
770.000	281.000
771.000	275.000
772.000	327.000
773.000	265.000
774.000	290.000
775.000	300.000
776.000	275.000
777.000	307.000
778.000	279.000
779.000	307.000
780.000	293.000
781.000	273.000
782.000	288.000
783.000	276.000
784.000	270.000
785.000	282.000
786.000	313.000
787.000	268.000
788.000	274.000
789.000	270.000
790.000	297.000
791.000	298.000
792.000	296.000
793.000	273.000
794.000	301.000
795.000	292.000
796.000	293.000
797.000	323.000
798.000	288.000
799.000	311.000
800.000	293.000
801.000	291.000
802.000	301.000
803.000	296.000
804.000	278.000
805.000	296.000
806.000	289.000
807.000	296.000
808.000	306.000
809.000	306.000
810.000	312.000
811.000	301.000
812.000	299.000
813.000	309.000
814.000	286.000
815.000	268.000
816.000	329.000
817.000	293.000
818.000	315.000
819.000	311.000
820.000	297.000
821.000	312.000
822.000	285.000
823.000	306.000
824.000	306.000
825.000	286.000
826.000	284.000
827.000	312.000
828.000	305.000
829.000	312.000
830.000	300.000
831.000	320.000
832.000	330.000
833.000	325.000
834.000	340.000
835.000	329.000
836.000	336.000
837.000	332.000
838.000	311.000
839.000	318.000
840.000	324.000
841.000	344.000
842.000	319.000
843.000	314.000
844.000	344.000
845.000	335.000
846.000	361.000
847.000	358.000
848.000	360.000
849.000	330.000
850.000	337.000
851.000	342.000
852.000	362.000
853.000	354.000
854.000	389.000
855.000	388.000
856.000	333.000
857.000	398.000
858.000	374.000
859.000	396.000
860.000	365.000
861.000	403.000
862.000	411.000
863.000	392.000
864.000	403.000
865.000	409.000
866.000	416.000
867.000	408.000
868.000	435.000
869.000	466.000
870.000	429.000
871.000	498.000
872.000	448.000
873.000	475.000
874.000	519.000
875.000	568.000
876.000	560.000
877.000	559.000
878.000	573.000
879.000	647.000
880.000	670.000
881.000	734.000
882.000	683.000
883.000	790.000
884.000	839.000
885.000	919.000
886.000	1001.000
887.000	1046.000
888.000	1084.000
889.000	1097.000
890.000	1167.000
891.000	1238.000
892.000	1293.000
893.000	1361.000
894.000	1408.000
895.000	1469.000
896.000	1556.000
897.000	1556.000
898.000	1479.000
899.000	1550.000
900.000	1534.000
901.000	1536.000
902.000	1558.000
903.000	1570.000
904.000	1583.000
905.000	1536.000
906.000	1419.000
907.000	1422.000
908.000	1316.000
909.000	1300.000
910.000	1196.000
911.000	1239.000
912.000	1113.000
913.000	1046.000
914.000	1039.000
915.000	938.000
916.000	922.000
917.000	772.000
918.000	793.000
919.000	767.000
920.000	702.000
921.000	655.000
922.000	667.000
923.000	559.000
924.000	503.000
925.000	506.000
926.000	488.000
927.000	435.000
928.000	439.000
929.000	444.000
930.000	421.000
931.000	401.000
932.000	452.000
933.000	368.000
934.000	377.000
935.000	373.000
936.000	412.000
937.000	341.000
938.000	373.000
939.000	414.000
940.000	392.000
941.000	365.000
942.000	403.000
943.000	491.000
944.000	510.000
945.000	558.000
946.000	550.000
947.000	602.000
948.000	669.000
949.000	719.000
950.000	755.000
951.000	862.000
952.000	882.000
953.000	875.000
954.000	903.000
955.000	787.000
956.000	777.000
957.000	704.000
958.000	667.000
959.000	656.000
960.000	613.000
961.000	545.000
962.000	481.000
963.000	442.000
964.000	402.000
965.000	384.000
966.000	341.000
967.000	319.000
968.000	309.000
969.000	330.000
970.000	274.000
971.000	340.000
972.000	320.000
973.000	303.000
974.000	297.000
975.000	310.000
976.000	285.000
977.000	286.000
978.000	339.000
979.000	296.000
980.000	310.000
981.000	308.000
982.000	329.000
983.000	310.000
984.000	360.000
985.000	343.000
986.000	324.000
987.000	341.000
988.000	374.000
989.000	382.000
990.000	387.000
991.000	379.000
992.000	373.000
993.000	395.000
994.000	394.000
995.000	459.000
996.000	428.000
997.000	436.000
998.000	432.000
999.000	447.000
1000.000	440.000
1001.000	476.000
1002.000	446.000
1003.000	476.000
1004.000	462.000
1005.000	436.000
1006.000	456.000
1007.000	471.000
1008.000	427.000
1009.000	429.000
1010.000	440.000
1011.000	402.000
1012.000	451.000
1013.000	444.000
1014.000	389.000
1015.000	366.000
1016.000	406.000
1017.000	374.000
1018.000	324.000
1019.000	345.000
1020.000	339.000
1021.000	333.000
1022.000	296.000
1023.000	303.000
1024.000	282.000
