Date:	8/19/2008		Time:	9:47 AM		Version no:	0.00		Project name:	55		Sample name:	222		Section name:	section		Position	764.039995	mm	E0	0.000000	keV	E1	1.000000	keV/channel	sample surface	7.819079	cm	Tube anode:	Mo		Tube voltage:	30	kV	Tube current:	50	mA	gain	20		std. database			resultfile	result		matrix element	11		sample thickness	1.000000		air passage	0.560000	cm	comments	not in position		peaking_time	3.000000	m-sec	trigger_threshold	1229.166667	V	mca_bin_width	22.090000	no:	number_mca_channels	1024.000000	no:	gap_time	0.400000	m-sec	trigger_peaking_time	0.150000	m-sec	GAINDAC	9455		HIGHGAIN	1		TAURC	0		RCTAU	53		RCTAUFRAC	32768		livetime	9.704245	seconds	runtime	10.000502	seconds	input_count_rate	28.506700	cps	output_count_rate	21.687310	cps	triggers	276636	seconds	events_in_run	216884	seconds	channel	content		1.000	0.000
2.000	0.000
3.000	0.000
4.000	0.000
5.000	0.000
6.000	0.000
7.000	0.000
8.000	0.000
9.000	0.000
10.000	0.000
11.000	0.000
12.000	0.000
13.000	0.000
14.000	0.000
15.000	0.000
16.000	0.000
17.000	0.000
18.000	0.000
19.000	0.000
20.000	0.000
21.000	0.000
22.000	0.000
23.000	0.000
24.000	0.000
25.000	0.000
26.000	0.000
27.000	0.000
28.000	0.000
29.000	0.000
30.000	0.000
31.000	0.000
32.000	0.000
33.000	0.000
34.000	0.000
35.000	1.000
36.000	0.000
37.000	0.000
38.000	0.000
39.000	5.000
40.000	3.000
41.000	1.000
42.000	4.000
43.000	3.000
44.000	4.000
45.000	9.000
46.000	8.000
47.000	8.000
48.000	6.000
49.000	5.000
50.000	10.000
51.000	11.000
52.000	12.000
53.000	9.000
54.000	5.000
55.000	5.000
56.000	10.000
57.000	7.000
58.000	10.000
59.000	9.000
60.000	10.000
61.000	7.000
62.000	7.000
63.000	5.000
64.000	12.000
65.000	4.000
66.000	10.000
67.000	9.000
68.000	14.000
69.000	7.000
70.000	11.000
71.000	6.000
72.000	10.000
73.000	13.000
74.000	11.000
75.000	9.000
76.000	17.000
77.000	11.000
78.000	12.000
79.000	11.000
80.000	13.000
81.000	7.000
82.000	10.000
83.000	9.000
84.000	6.000
85.000	16.000
86.000	5.000
87.000	5.000
88.000	15.000
89.000	8.000
90.000	3.000
91.000	2.000
92.000	12.000
93.000	12.000
94.000	11.000
95.000	10.000
96.000	10.000
97.000	6.000
98.000	11.000
99.000	8.000
100.000	6.000
101.000	5.000
102.000	4.000
103.000	5.000
104.000	5.000
105.000	5.000
106.000	9.000
107.000	10.000
108.000	8.000
109.000	6.000
110.000	11.000
111.000	6.000
112.000	11.000
113.000	9.000
114.000	6.000
115.000	1.000
116.000	7.000
117.000	8.000
118.000	9.000
119.000	9.000
120.000	7.000
121.000	6.000
122.000	5.000
123.000	7.000
124.000	7.000
125.000	9.000
126.000	6.000
127.000	5.000
128.000	6.000
129.000	8.000
130.000	12.000
131.000	7.000
132.000	10.000
133.000	12.000
134.000	8.000
135.000	5.000
136.000	5.000
137.000	11.000
138.000	8.000
139.000	3.000
140.000	6.000
141.000	5.000
142.000	4.000
143.000	8.000
144.000	5.000
145.000	3.000
146.000	5.000
147.000	2.000
148.000	4.000
149.000	4.000
150.000	5.000
151.000	6.000
152.000	6.000
153.000	8.000
154.000	4.000
155.000	4.000
156.000	4.000
157.000	3.000
158.000	8.000
159.000	6.000
160.000	7.000
161.000	10.000
162.000	13.000
163.000	9.000
164.000	1.000
165.000	6.000
166.000	8.000
167.000	10.000
168.000	4.000
169.000	4.000
170.000	3.000
171.000	4.000
172.000	1.000
173.000	6.000
174.000	6.000
175.000	3.000
176.000	5.000
177.000	6.000
178.000	4.000
179.000	8.000
180.000	5.000
181.000	10.000
182.000	12.000
183.000	12.000
184.000	7.000
185.000	11.000
186.000	5.000
187.000	3.000
188.000	8.000
189.000	7.000
190.000	1.000
191.000	1.000
192.000	3.000
193.000	4.000
194.000	1.000
195.000	9.000
196.000	2.000
197.000	15.000
198.000	11.000
199.000	23.000
200.000	41.000
201.000	29.000
202.000	46.000
203.000	32.000
204.000	40.000
205.000	31.000
206.000	26.000
207.000	23.000
208.000	13.000
209.000	8.000
210.000	9.000
211.000	3.000
212.000	3.000
213.000	3.000
214.000	11.000
215.000	7.000
216.000	6.000
217.000	7.000
218.000	10.000
219.000	3.000
220.000	10.000
221.000	7.000
222.000	12.000
223.000	9.000
224.000	9.000
225.000	7.000
226.000	6.000
227.000	4.000
228.000	5.000
229.000	4.000
230.000	2.000
231.000	3.000
232.000	1.000
233.000	3.000
234.000	2.000
235.000	1.000
236.000	5.000
237.000	2.000
238.000	4.000
239.000	0.000
240.000	6.000
241.000	6.000
242.000	2.000
243.000	5.000
244.000	6.000
245.000	16.000
246.000	11.000
247.000	11.000
248.000	19.000
249.000	4.000
250.000	11.000
251.000	10.000
252.000	13.000
253.000	10.000
254.000	6.000
255.000	9.000
256.000	9.000
257.000	9.000
258.000	8.000
259.000	7.000
260.000	5.000
261.000	4.000
262.000	5.000
263.000	4.000
264.000	4.000
265.000	8.000
266.000	4.000
267.000	5.000
268.000	7.000
269.000	10.000
270.000	7.000
271.000	11.000
272.000	7.000
273.000	5.000
274.000	8.000
275.000	5.000
276.000	8.000
277.000	9.000
278.000	4.000
279.000	6.000
280.000	3.000
281.000	4.000
282.000	7.000
283.000	10.000
284.000	8.000
285.000	9.000
286.000	7.000
287.000	10.000
288.000	4.000
289.000	7.000
290.000	7.000
291.000	8.000
292.000	6.000
293.000	5.000
294.000	5.000
295.000	10.000
296.000	4.000
297.000	9.000
298.000	15.000
299.000	13.000
300.000	8.000
301.000	7.000
302.000	9.000
303.000	8.000
304.000	8.000
305.000	7.000
306.000	10.000
307.000	3.000
308.000	11.000
309.000	11.000
310.000	6.000
311.000	12.000
312.000	9.000
313.000	8.000
314.000	10.000
315.000	11.000
316.000	19.000
317.000	19.000
318.000	30.000
319.000	24.000
320.000	48.000
321.000	54.000
322.000	59.000
323.000	53.000
324.000	57.000
325.000	49.000
326.000	49.000
327.000	32.000
328.000	26.000
329.000	32.000
330.000	24.000
331.000	12.000
332.000	21.000
333.000	9.000
334.000	12.000
335.000	14.000
336.000	18.000
337.000	8.000
338.000	14.000
339.000	25.000
340.000	21.000
341.000	37.000
342.000	57.000
343.000	93.000
344.000	157.000
345.000	269.000
346.000	450.000
347.000	560.000
348.000	715.000
349.000	842.000
350.000	964.000
351.000	978.000
352.000	885.000
353.000	753.000
354.000	611.000
355.000	470.000
356.000	264.000
357.000	195.000
358.000	127.000
359.000	89.000
360.000	49.000
361.000	36.000
362.000	20.000
363.000	19.000
364.000	31.000
365.000	21.000
366.000	20.000
367.000	19.000
368.000	11.000
369.000	16.000
370.000	17.000
371.000	24.000
372.000	18.000
373.000	18.000
374.000	21.000
375.000	31.000
376.000	31.000
377.000	19.000
378.000	37.000
379.000	41.000
380.000	63.000
381.000	83.000
382.000	96.000
383.000	129.000
384.000	136.000
385.000	161.000
386.000	189.000
387.000	183.000
388.000	158.000
389.000	136.000
390.000	138.000
391.000	96.000
392.000	73.000
393.000	55.000
394.000	30.000
395.000	33.000
396.000	32.000
397.000	20.000
398.000	21.000
399.000	21.000
400.000	27.000
401.000	28.000
402.000	25.000
403.000	33.000
404.000	19.000
405.000	15.000
406.000	37.000
407.000	29.000
408.000	20.000
409.000	26.000
410.000	18.000
411.000	30.000
412.000	20.000
413.000	33.000
414.000	25.000
415.000	31.000
416.000	25.000
417.000	28.000
418.000	20.000
419.000	24.000
420.000	30.000
421.000	36.000
422.000	28.000
423.000	26.000
424.000	39.000
425.000	26.000
426.000	29.000
427.000	27.000
428.000	36.000
429.000	34.000
430.000	39.000
431.000	34.000
432.000	26.000
433.000	29.000
434.000	40.000
435.000	41.000
436.000	47.000
437.000	43.000
438.000	41.000
439.000	43.000
440.000	38.000
441.000	45.000
442.000	51.000
443.000	33.000
444.000	38.000
445.000	40.000
446.000	37.000
447.000	46.000
448.000	29.000
449.000	35.000
450.000	53.000
451.000	37.000
452.000	51.000
453.000	63.000
454.000	58.000
455.000	55.000
456.000	48.000
457.000	66.000
458.000	47.000
459.000	54.000
460.000	63.000
461.000	56.000
462.000	50.000
463.000	47.000
464.000	54.000
465.000	52.000
466.000	59.000
467.000	43.000
468.000	56.000
469.000	63.000
470.000	55.000
471.000	56.000
472.000	55.000
473.000	56.000
474.000	64.000
475.000	66.000
476.000	64.000
477.000	43.000
478.000	50.000
479.000	45.000
480.000	53.000
481.000	48.000
482.000	46.000
483.000	60.000
484.000	56.000
485.000	47.000
486.000	76.000
487.000	54.000
488.000	51.000
489.000	73.000
490.000	58.000
491.000	53.000
492.000	59.000
493.000	72.000
494.000	59.000
495.000	68.000
496.000	70.000
497.000	70.000
498.000	63.000
499.000	73.000
500.000	71.000
501.000	76.000
502.000	86.000
503.000	77.000
504.000	70.000
505.000	78.000
506.000	77.000
507.000	67.000
508.000	70.000
509.000	92.000
510.000	74.000
511.000	82.000
512.000	92.000
513.000	69.000
514.000	78.000
515.000	74.000
516.000	83.000
517.000	83.000
518.000	80.000
519.000	77.000
520.000	85.000
521.000	81.000
522.000	86.000
523.000	88.000
524.000	79.000
525.000	96.000
526.000	88.000
527.000	115.000
528.000	78.000
529.000	90.000
530.000	104.000
531.000	92.000
532.000	98.000
533.000	111.000
534.000	109.000
535.000	105.000
536.000	85.000
537.000	90.000
538.000	101.000
539.000	91.000
540.000	91.000
541.000	94.000
542.000	99.000
543.000	109.000
544.000	80.000
545.000	98.000
546.000	86.000
547.000	77.000
548.000	97.000
549.000	94.000
550.000	106.000
551.000	106.000
552.000	110.000
553.000	93.000
554.000	86.000
555.000	101.000
556.000	107.000
557.000	91.000
558.000	102.000
559.000	113.000
560.000	116.000
561.000	107.000
562.000	126.000
563.000	106.000
564.000	125.000
565.000	86.000
566.000	110.000
567.000	112.000
568.000	134.000
569.000	106.000
570.000	125.000
571.000	127.000
572.000	103.000
573.000	114.000
574.000	122.000
575.000	122.000
576.000	124.000
577.000	117.000
578.000	115.000
579.000	108.000
580.000	118.000
581.000	137.000
582.000	106.000
583.000	128.000
584.000	115.000
585.000	129.000
586.000	135.000
587.000	127.000
588.000	134.000
589.000	121.000
590.000	143.000
591.000	130.000
592.000	142.000
593.000	148.000
594.000	153.000
595.000	143.000
596.000	133.000
597.000	113.000
598.000	123.000
599.000	125.000
600.000	135.000
601.000	152.000
602.000	150.000
603.000	148.000
604.000	121.000
605.000	137.000
606.000	160.000
607.000	147.000
608.000	151.000
609.000	160.000
610.000	154.000
611.000	150.000
612.000	160.000
613.000	154.000
614.000	139.000
615.000	158.000
616.000	160.000
617.000	132.000
618.000	164.000
619.000	135.000
620.000	150.000
621.000	157.000
622.000	189.000
623.000	140.000
624.000	167.000
625.000	161.000
626.000	174.000
627.000	160.000
628.000	155.000
629.000	159.000
630.000	170.000
631.000	157.000
632.000	162.000
633.000	182.000
634.000	189.000
635.000	170.000
636.000	170.000
637.000	161.000
638.000	174.000
639.000	159.000
640.000	145.000
641.000	194.000
642.000	164.000
643.000	164.000
644.000	194.000
645.000	178.000
646.000	166.000
647.000	185.000
648.000	181.000
649.000	202.000
650.000	180.000
651.000	196.000
652.000	197.000
653.000	186.000
654.000	179.000
655.000	194.000
656.000	194.000
657.000	196.000
658.000	178.000
659.000	202.000
660.000	189.000
661.000	176.000
662.000	184.000
663.000	191.000
664.000	175.000
665.000	193.000
666.000	198.000
667.000	194.000
668.000	209.000
669.000	191.000
670.000	213.000
671.000	198.000
672.000	193.000
673.000	204.000
674.000	197.000
675.000	206.000
676.000	171.000
677.000	217.000
678.000	200.000
679.000	193.000
680.000	190.000
681.000	192.000
682.000	201.000
683.000	206.000
684.000	213.000
685.000	222.000
686.000	223.000
687.000	233.000
688.000	192.000
689.000	222.000
690.000	231.000
691.000	210.000
692.000	196.000
693.000	189.000
694.000	199.000
695.000	249.000
696.000	229.000
697.000	245.000
698.000	214.000
699.000	207.000
700.000	224.000
701.000	208.000
702.000	206.000
703.000	226.000
704.000	215.000
705.000	206.000
706.000	194.000
707.000	223.000
708.000	224.000
709.000	203.000
710.000	246.000
711.000	228.000
712.000	194.000
713.000	221.000
714.000	226.000
715.000	204.000
716.000	207.000
717.000	217.000
718.000	208.000
719.000	231.000
720.000	233.000
721.000	246.000
722.000	254.000
723.000	231.000
724.000	234.000
725.000	238.000
726.000	244.000
727.000	238.000
728.000	216.000
729.000	227.000
730.000	256.000
731.000	219.000
732.000	198.000
733.000	235.000
734.000	233.000
735.000	252.000
736.000	269.000
737.000	271.000
738.000	251.000
739.000	248.000
740.000	265.000
741.000	247.000
742.000	265.000
743.000	273.000
744.000	220.000
745.000	225.000
746.000	244.000
747.000	250.000
748.000	220.000
749.000	238.000
750.000	261.000
751.000	233.000
752.000	240.000
753.000	245.000
754.000	266.000
755.000	246.000
756.000	263.000
757.000	275.000
758.000	267.000
759.000	262.000
760.000	261.000
761.000	241.000
762.000	252.000
763.000	248.000
764.000	287.000
765.000	273.000
766.000	268.000
767.000	270.000
768.000	283.000
769.000	284.000
770.000	306.000
771.000	300.000
772.000	293.000
773.000	310.000
774.000	320.000
775.000	278.000
776.000	317.000
777.000	317.000
778.000	334.000
779.000	313.000
780.000	261.000
781.000	292.000
782.000	242.000
783.000	259.000
784.000	268.000
785.000	272.000
786.000	255.000
787.000	253.000
788.000	253.000
789.000	253.000
790.000	276.000
791.000	240.000
792.000	275.000
793.000	281.000
794.000	297.000
795.000	266.000
796.000	262.000
797.000	264.000
798.000	277.000
799.000	240.000
800.000	272.000
801.000	266.000
802.000	274.000
803.000	282.000
804.000	240.000
805.000	250.000
806.000	273.000
807.000	301.000
808.000	282.000
809.000	270.000
810.000	285.000
811.000	294.000
812.000	278.000
813.000	286.000
814.000	266.000
815.000	296.000
816.000	275.000
817.000	277.000
818.000	274.000
819.000	320.000
820.000	306.000
821.000	273.000
822.000	303.000
823.000	294.000
824.000	264.000
825.000	286.000
826.000	265.000
827.000	291.000
828.000	306.000
829.000	278.000
830.000	263.000
831.000	261.000
832.000	311.000
833.000	297.000
834.000	311.000
835.000	277.000
836.000	294.000
837.000	297.000
838.000	318.000
839.000	321.000
840.000	316.000
841.000	283.000
842.000	293.000
843.000	288.000
844.000	315.000
845.000	303.000
846.000	300.000
847.000	299.000
848.000	357.000
849.000	304.000
850.000	318.000
851.000	322.000
852.000	320.000
853.000	313.000
854.000	311.000
855.000	317.000
856.000	357.000
857.000	318.000
858.000	360.000
859.000	361.000
860.000	365.000
861.000	384.000
862.000	374.000
863.000	371.000
864.000	330.000
865.000	389.000
866.000	409.000
867.000	373.000
868.000	387.000
869.000	408.000
870.000	442.000
871.000	467.000
872.000	417.000
873.000	443.000
874.000	499.000
875.000	476.000
876.000	513.000
877.000	492.000
878.000	567.000
879.000	577.000
880.000	592.000
881.000	590.000
882.000	701.000
883.000	738.000
884.000	785.000
885.000	791.000
886.000	823.000
887.000	934.000
888.000	986.000
889.000	1010.000
890.000	1061.000
891.000	1116.000
892.000	1177.000
893.000	1288.000
894.000	1304.000
895.000	1322.000
896.000	1348.000
897.000	1401.000
898.000	1371.000
899.000	1418.000
900.000	1449.000
901.000	1444.000
902.000	1406.000
903.000	1322.000
904.000	1359.000
905.000	1381.000
906.000	1292.000
907.000	1271.000
908.000	1248.000
909.000	1188.000
910.000	1085.000
911.000	1046.000
912.000	1006.000
913.000	985.000
914.000	817.000
915.000	849.000
916.000	775.000
917.000	755.000
918.000	699.000
919.000	664.000
920.000	655.000
921.000	571.000
922.000	524.000
923.000	490.000
924.000	491.000
925.000	486.000
926.000	433.000
927.000	467.000
928.000	437.000
929.000	405.000
930.000	373.000
931.000	385.000
932.000	339.000
933.000	376.000
934.000	338.000
935.000	323.000
936.000	362.000
937.000	331.000
938.000	343.000
939.000	347.000
940.000	337.000
941.000	374.000
942.000	432.000
943.000	441.000
944.000	485.000
945.000	508.000
946.000	512.000
947.000	568.000
948.000	641.000
949.000	651.000
950.000	720.000
951.000	728.000
952.000	755.000
953.000	788.000
954.000	768.000
955.000	772.000
956.000	723.000
957.000	658.000
958.000	644.000
959.000	593.000
960.000	541.000
961.000	481.000
962.000	449.000
963.000	371.000
964.000	336.000
965.000	347.000
966.000	326.000
967.000	282.000
968.000	303.000
969.000	289.000
970.000	306.000
971.000	286.000
972.000	266.000
973.000	277.000
974.000	331.000
975.000	285.000
976.000	272.000
977.000	278.000
978.000	312.000
979.000	278.000
980.000	290.000
981.000	272.000
982.000	302.000
983.000	291.000
984.000	302.000
985.000	319.000
986.000	298.000
987.000	318.000
988.000	307.000
989.000	317.000
990.000	337.000
991.000	355.000
992.000	375.000
993.000	362.000
994.000	354.000
995.000	402.000
996.000	349.000
997.000	440.000
998.000	411.000
999.000	373.000
1000.000	415.000
1001.000	431.000
1002.000	425.000
1003.000	420.000
1004.000	406.000
1005.000	423.000
1006.000	400.000
1007.000	445.000
1008.000	408.000
1009.000	401.000
1010.000	381.000
1011.000	355.000
1012.000	411.000
1013.000	344.000
1014.000	369.000
1015.000	345.000
1016.000	355.000
1017.000	321.000
1018.000	318.000
1019.000	310.000
1020.000	336.000
1021.000	283.000
1022.000	291.000
1023.000	285.000
1024.000	284.000
