Date:	8/19/2008		Time:	8:53 AM		Version no:	0.00		Project name:	55		Sample name:	222		Section name:	section		Position	196.039995	mm	E0	0.000000	keV	E1	1.000000	keV/channel	sample surface	7.652356	cm	Tube anode:	Mo		Tube voltage:	30	kV	Tube current:	50	mA	gain	20		std. database			resultfile	result		matrix element	11		sample thickness	1.000000		air passage	0.560000	cm	comments	not in position		peaking_time	3.000000	m-sec	trigger_threshold	1229.166667	V	mca_bin_width	22.090000	no:	number_mca_channels	1024.000000	no:	gap_time	0.400000	m-sec	trigger_peaking_time	0.150000	m-sec	GAINDAC	9455		HIGHGAIN	1		TAURC	0		RCTAU	53		RCTAUFRAC	32768		livetime	9.684392	seconds	runtime	10.000502	seconds	input_count_rate	30.009938	cps	output_count_rate	22.612066	cps	triggers	290628	seconds	events_in_run	226132	seconds	channel	content		1.000	0.000
2.000	0.000
3.000	0.000
4.000	0.000
5.000	0.000
6.000	0.000
7.000	0.000
8.000	0.000
9.000	0.000
10.000	0.000
11.000	0.000
12.000	0.000
13.000	0.000
14.000	0.000
15.000	0.000
16.000	0.000
17.000	0.000
18.000	0.000
19.000	0.000
20.000	0.000
21.000	0.000
22.000	0.000
23.000	0.000
24.000	0.000
25.000	0.000
26.000	0.000
27.000	0.000
28.000	0.000
29.000	0.000
30.000	0.000
31.000	0.000
32.000	1.000
33.000	0.000
34.000	1.000
35.000	1.000
36.000	1.000
37.000	0.000
38.000	0.000
39.000	3.000
40.000	2.000
41.000	2.000
42.000	3.000
43.000	5.000
44.000	5.000
45.000	4.000
46.000	9.000
47.000	5.000
48.000	7.000
49.000	10.000
50.000	10.000
51.000	11.000
52.000	10.000
53.000	11.000
54.000	14.000
55.000	11.000
56.000	10.000
57.000	6.000
58.000	11.000
59.000	11.000
60.000	9.000
61.000	12.000
62.000	12.000
63.000	10.000
64.000	7.000
65.000	9.000
66.000	14.000
67.000	14.000
68.000	11.000
69.000	7.000
70.000	11.000
71.000	11.000
72.000	11.000
73.000	8.000
74.000	10.000
75.000	9.000
76.000	5.000
77.000	8.000
78.000	9.000
79.000	7.000
80.000	9.000
81.000	4.000
82.000	12.000
83.000	12.000
84.000	16.000
85.000	9.000
86.000	5.000
87.000	9.000
88.000	10.000
89.000	4.000
90.000	6.000
91.000	3.000
92.000	8.000
93.000	9.000
94.000	7.000
95.000	6.000
96.000	9.000
97.000	6.000
98.000	8.000
99.000	7.000
100.000	5.000
101.000	7.000
102.000	8.000
103.000	11.000
104.000	7.000
105.000	7.000
106.000	6.000
107.000	5.000
108.000	10.000
109.000	7.000
110.000	9.000
111.000	6.000
112.000	6.000
113.000	8.000
114.000	5.000
115.000	9.000
116.000	7.000
117.000	6.000
118.000	8.000
119.000	9.000
120.000	5.000
121.000	6.000
122.000	3.000
123.000	8.000
124.000	16.000
125.000	7.000
126.000	16.000
127.000	12.000
128.000	9.000
129.000	7.000
130.000	12.000
131.000	6.000
132.000	9.000
133.000	6.000
134.000	8.000
135.000	5.000
136.000	6.000
137.000	4.000
138.000	3.000
139.000	3.000
140.000	6.000
141.000	8.000
142.000	2.000
143.000	4.000
144.000	4.000
145.000	4.000
146.000	4.000
147.000	1.000
148.000	4.000
149.000	4.000
150.000	5.000
151.000	2.000
152.000	6.000
153.000	8.000
154.000	3.000
155.000	3.000
156.000	3.000
157.000	8.000
158.000	6.000
159.000	8.000
160.000	3.000
161.000	10.000
162.000	8.000
163.000	12.000
164.000	9.000
165.000	3.000
166.000	3.000
167.000	4.000
168.000	7.000
169.000	3.000
170.000	6.000
171.000	0.000
172.000	4.000
173.000	3.000
174.000	4.000
175.000	6.000
176.000	6.000
177.000	3.000
178.000	7.000
179.000	7.000
180.000	9.000
181.000	8.000
182.000	6.000
183.000	5.000
184.000	10.000
185.000	6.000
186.000	7.000
187.000	5.000
188.000	2.000
189.000	6.000
190.000	6.000
191.000	7.000
192.000	6.000
193.000	2.000
194.000	8.000
195.000	6.000
196.000	5.000
197.000	10.000
198.000	9.000
199.000	8.000
200.000	14.000
201.000	28.000
202.000	28.000
203.000	26.000
204.000	23.000
205.000	24.000
206.000	15.000
207.000	10.000
208.000	8.000
209.000	8.000
210.000	5.000
211.000	4.000
212.000	7.000
213.000	5.000
214.000	1.000
215.000	7.000
216.000	1.000
217.000	5.000
218.000	3.000
219.000	8.000
220.000	14.000
221.000	9.000
222.000	7.000
223.000	3.000
224.000	6.000
225.000	3.000
226.000	3.000
227.000	1.000
228.000	5.000
229.000	6.000
230.000	4.000
231.000	1.000
232.000	4.000
233.000	2.000
234.000	3.000
235.000	3.000
236.000	4.000
237.000	3.000
238.000	2.000
239.000	5.000
240.000	6.000
241.000	5.000
242.000	4.000
243.000	6.000
244.000	9.000
245.000	8.000
246.000	10.000
247.000	6.000
248.000	12.000
249.000	16.000
250.000	5.000
251.000	6.000
252.000	6.000
253.000	9.000
254.000	4.000
255.000	6.000
256.000	9.000
257.000	9.000
258.000	7.000
259.000	3.000
260.000	6.000
261.000	12.000
262.000	6.000
263.000	1.000
264.000	7.000
265.000	6.000
266.000	6.000
267.000	4.000
268.000	9.000
269.000	3.000
270.000	2.000
271.000	3.000
272.000	2.000
273.000	8.000
274.000	4.000
275.000	2.000
276.000	6.000
277.000	8.000
278.000	2.000
279.000	4.000
280.000	6.000
281.000	11.000
282.000	5.000
283.000	2.000
284.000	6.000
285.000	2.000
286.000	7.000
287.000	6.000
288.000	9.000
289.000	13.000
290.000	7.000
291.000	8.000
292.000	4.000
293.000	6.000
294.000	7.000
295.000	8.000
296.000	11.000
297.000	10.000
298.000	12.000
299.000	10.000
300.000	11.000
301.000	10.000
302.000	6.000
303.000	3.000
304.000	6.000
305.000	12.000
306.000	10.000
307.000	4.000
308.000	6.000
309.000	6.000
310.000	7.000
311.000	8.000
312.000	6.000
313.000	9.000
314.000	4.000
315.000	14.000
316.000	10.000
317.000	11.000
318.000	21.000
319.000	27.000
320.000	48.000
321.000	44.000
322.000	57.000
323.000	52.000
324.000	47.000
325.000	48.000
326.000	43.000
327.000	28.000
328.000	29.000
329.000	22.000
330.000	17.000
331.000	15.000
332.000	10.000
333.000	10.000
334.000	6.000
335.000	8.000
336.000	15.000
337.000	14.000
338.000	15.000
339.000	30.000
340.000	26.000
341.000	27.000
342.000	38.000
343.000	84.000
344.000	157.000
345.000	244.000
346.000	369.000
347.000	438.000
348.000	593.000
349.000	729.000
350.000	771.000
351.000	768.000
352.000	813.000
353.000	631.000
354.000	498.000
355.000	416.000
356.000	258.000
357.000	177.000
358.000	109.000
359.000	59.000
360.000	45.000
361.000	42.000
362.000	21.000
363.000	16.000
364.000	21.000
365.000	19.000
366.000	24.000
367.000	10.000
368.000	21.000
369.000	21.000
370.000	20.000
371.000	18.000
372.000	15.000
373.000	16.000
374.000	17.000
375.000	23.000
376.000	34.000
377.000	28.000
378.000	32.000
379.000	37.000
380.000	52.000
381.000	65.000
382.000	84.000
383.000	102.000
384.000	115.000
385.000	151.000
386.000	138.000
387.000	161.000
388.000	145.000
389.000	113.000
390.000	103.000
391.000	91.000
392.000	60.000
393.000	45.000
394.000	40.000
395.000	33.000
396.000	24.000
397.000	26.000
398.000	24.000
399.000	20.000
400.000	30.000
401.000	27.000
402.000	23.000
403.000	22.000
404.000	21.000
405.000	23.000
406.000	27.000
407.000	25.000
408.000	25.000
409.000	22.000
410.000	31.000
411.000	27.000
412.000	21.000
413.000	26.000
414.000	32.000
415.000	33.000
416.000	30.000
417.000	27.000
418.000	22.000
419.000	36.000
420.000	43.000
421.000	26.000
422.000	29.000
423.000	37.000
424.000	29.000
425.000	46.000
426.000	30.000
427.000	32.000
428.000	33.000
429.000	31.000
430.000	34.000
431.000	33.000
432.000	24.000
433.000	41.000
434.000	29.000
435.000	29.000
436.000	33.000
437.000	36.000
438.000	33.000
439.000	32.000
440.000	28.000
441.000	45.000
442.000	41.000
443.000	48.000
444.000	47.000
445.000	50.000
446.000	41.000
447.000	33.000
448.000	50.000
449.000	52.000
450.000	45.000
451.000	45.000
452.000	46.000
453.000	40.000
454.000	49.000
455.000	46.000
456.000	41.000
457.000	46.000
458.000	49.000
459.000	48.000
460.000	56.000
461.000	46.000
462.000	54.000
463.000	50.000
464.000	45.000
465.000	39.000
466.000	49.000
467.000	61.000
468.000	49.000
469.000	48.000
470.000	49.000
471.000	43.000
472.000	50.000
473.000	61.000
474.000	45.000
475.000	57.000
476.000	61.000
477.000	60.000
478.000	50.000
479.000	53.000
480.000	57.000
481.000	52.000
482.000	57.000
483.000	54.000
484.000	45.000
485.000	55.000
486.000	49.000
487.000	44.000
488.000	67.000
489.000	50.000
490.000	61.000
491.000	62.000
492.000	73.000
493.000	64.000
494.000	71.000
495.000	79.000
496.000	81.000
497.000	65.000
498.000	55.000
499.000	62.000
500.000	65.000
501.000	60.000
502.000	56.000
503.000	70.000
504.000	60.000
505.000	64.000
506.000	66.000
507.000	81.000
508.000	88.000
509.000	69.000
510.000	82.000
511.000	82.000
512.000	84.000
513.000	82.000
514.000	84.000
515.000	86.000
516.000	81.000
517.000	85.000
518.000	67.000
519.000	95.000
520.000	83.000
521.000	79.000
522.000	73.000
523.000	73.000
524.000	75.000
525.000	88.000
526.000	99.000
527.000	92.000
528.000	82.000
529.000	96.000
530.000	100.000
531.000	99.000
532.000	89.000
533.000	101.000
534.000	97.000
535.000	106.000
536.000	88.000
537.000	97.000
538.000	86.000
539.000	92.000
540.000	107.000
541.000	96.000
542.000	86.000
543.000	97.000
544.000	91.000
545.000	84.000
546.000	93.000
547.000	105.000
548.000	94.000
549.000	79.000
550.000	95.000
551.000	109.000
552.000	86.000
553.000	100.000
554.000	101.000
555.000	95.000
556.000	93.000
557.000	130.000
558.000	84.000
559.000	105.000
560.000	114.000
561.000	109.000
562.000	99.000
563.000	100.000
564.000	104.000
565.000	107.000
566.000	112.000
567.000	103.000
568.000	109.000
569.000	110.000
570.000	118.000
571.000	115.000
572.000	115.000
573.000	90.000
574.000	128.000
575.000	120.000
576.000	122.000
577.000	147.000
578.000	123.000
579.000	128.000
580.000	123.000
581.000	126.000
582.000	152.000
583.000	117.000
584.000	129.000
585.000	136.000
586.000	140.000
587.000	117.000
588.000	137.000
589.000	124.000
590.000	109.000
591.000	138.000
592.000	150.000
593.000	138.000
594.000	133.000
595.000	133.000
596.000	130.000
597.000	132.000
598.000	163.000
599.000	122.000
600.000	152.000
601.000	137.000
602.000	134.000
603.000	133.000
604.000	149.000
605.000	148.000
606.000	144.000
607.000	148.000
608.000	162.000
609.000	137.000
610.000	132.000
611.000	130.000
612.000	154.000
613.000	159.000
614.000	145.000
615.000	147.000
616.000	131.000
617.000	170.000
618.000	167.000
619.000	151.000
620.000	129.000
621.000	152.000
622.000	148.000
623.000	167.000
624.000	158.000
625.000	171.000
626.000	159.000
627.000	177.000
628.000	182.000
629.000	156.000
630.000	150.000
631.000	151.000
632.000	173.000
633.000	193.000
634.000	183.000
635.000	177.000
636.000	159.000
637.000	154.000
638.000	193.000
639.000	185.000
640.000	185.000
641.000	163.000
642.000	180.000
643.000	164.000
644.000	176.000
645.000	197.000
646.000	213.000
647.000	172.000
648.000	211.000
649.000	183.000
650.000	192.000
651.000	211.000
652.000	171.000
653.000	214.000
654.000	216.000
655.000	182.000
656.000	201.000
657.000	193.000
658.000	176.000
659.000	205.000
660.000	206.000
661.000	178.000
662.000	217.000
663.000	208.000
664.000	183.000
665.000	185.000
666.000	186.000
667.000	191.000
668.000	186.000
669.000	163.000
670.000	196.000
671.000	205.000
672.000	211.000
673.000	201.000
674.000	221.000
675.000	211.000
676.000	224.000
677.000	212.000
678.000	208.000
679.000	224.000
680.000	225.000
681.000	223.000
682.000	217.000
683.000	224.000
684.000	238.000
685.000	205.000
686.000	206.000
687.000	230.000
688.000	215.000
689.000	209.000
690.000	197.000
691.000	230.000
692.000	236.000
693.000	215.000
694.000	201.000
695.000	235.000
696.000	208.000
697.000	210.000
698.000	224.000
699.000	219.000
700.000	241.000
701.000	228.000
702.000	205.000
703.000	233.000
704.000	234.000
705.000	227.000
706.000	237.000
707.000	215.000
708.000	214.000
709.000	236.000
710.000	209.000
711.000	239.000
712.000	221.000
713.000	211.000
714.000	226.000
715.000	261.000
716.000	240.000
717.000	256.000
718.000	282.000
719.000	232.000
720.000	239.000
721.000	260.000
722.000	218.000
723.000	235.000
724.000	243.000
725.000	253.000
726.000	242.000
727.000	228.000
728.000	273.000
729.000	255.000
730.000	268.000
731.000	248.000
732.000	256.000
733.000	245.000
734.000	228.000
735.000	271.000
736.000	227.000
737.000	264.000
738.000	281.000
739.000	240.000
740.000	255.000
741.000	269.000
742.000	273.000
743.000	284.000
744.000	291.000
745.000	252.000
746.000	276.000
747.000	256.000
748.000	234.000
749.000	253.000
750.000	264.000
751.000	259.000
752.000	254.000
753.000	286.000
754.000	252.000
755.000	284.000
756.000	275.000
757.000	252.000
758.000	273.000
759.000	255.000
760.000	278.000
761.000	292.000
762.000	280.000
763.000	284.000
764.000	262.000
765.000	288.000
766.000	255.000
767.000	279.000
768.000	281.000
769.000	300.000
770.000	284.000
771.000	298.000
772.000	290.000
773.000	270.000
774.000	297.000
775.000	304.000
776.000	297.000
777.000	274.000
778.000	273.000
779.000	312.000
780.000	271.000
781.000	271.000
782.000	269.000
783.000	273.000
784.000	288.000
785.000	303.000
786.000	266.000
787.000	304.000
788.000	295.000
789.000	272.000
790.000	261.000
791.000	290.000
792.000	310.000
793.000	288.000
794.000	284.000
795.000	283.000
796.000	267.000
797.000	314.000
798.000	307.000
799.000	294.000
800.000	291.000
801.000	292.000
802.000	277.000
803.000	305.000
804.000	292.000
805.000	320.000
806.000	301.000
807.000	278.000
808.000	294.000
809.000	306.000
810.000	322.000
811.000	287.000
812.000	311.000
813.000	284.000
814.000	289.000
815.000	298.000
816.000	273.000
817.000	313.000
818.000	330.000
819.000	287.000
820.000	280.000
821.000	329.000
822.000	320.000
823.000	328.000
824.000	324.000
825.000	287.000
826.000	304.000
827.000	313.000
828.000	282.000
829.000	313.000
830.000	276.000
831.000	316.000
832.000	280.000
833.000	331.000
834.000	313.000
835.000	319.000
836.000	310.000
837.000	316.000
838.000	323.000
839.000	338.000
840.000	326.000
841.000	375.000
842.000	320.000
843.000	316.000
844.000	331.000
845.000	325.000
846.000	338.000
847.000	333.000
848.000	320.000
849.000	328.000
850.000	357.000
851.000	350.000
852.000	360.000
853.000	340.000
854.000	340.000
855.000	361.000
856.000	396.000
857.000	371.000
858.000	378.000
859.000	411.000
860.000	399.000
861.000	346.000
862.000	401.000
863.000	395.000
864.000	427.000
865.000	419.000
866.000	423.000
867.000	440.000
868.000	443.000
869.000	455.000
870.000	440.000
871.000	494.000
872.000	478.000
873.000	505.000
874.000	492.000
875.000	523.000
876.000	558.000
877.000	603.000
878.000	675.000
879.000	614.000
880.000	668.000
881.000	736.000
882.000	790.000
883.000	806.000
884.000	816.000
885.000	879.000
886.000	966.000
887.000	984.000
888.000	1023.000
889.000	1093.000
890.000	1183.000
891.000	1291.000
892.000	1317.000
893.000	1367.000
894.000	1382.000
895.000	1457.000
896.000	1450.000
897.000	1478.000
898.000	1629.000
899.000	1572.000
900.000	1571.000
901.000	1537.000
902.000	1473.000
903.000	1544.000
904.000	1513.000
905.000	1460.000
906.000	1383.000
907.000	1359.000
908.000	1306.000
909.000	1258.000
910.000	1260.000
911.000	1164.000
912.000	1117.000
913.000	1057.000
914.000	986.000
915.000	911.000
916.000	851.000
917.000	783.000
918.000	816.000
919.000	672.000
920.000	671.000
921.000	627.000
922.000	596.000
923.000	539.000
924.000	543.000
925.000	484.000
926.000	504.000
927.000	497.000
928.000	413.000
929.000	402.000
930.000	400.000
931.000	396.000
932.000	394.000
933.000	388.000
934.000	361.000
935.000	393.000
936.000	335.000
937.000	382.000
938.000	366.000
939.000	347.000
940.000	344.000
941.000	393.000
942.000	433.000
943.000	458.000
944.000	492.000
945.000	523.000
946.000	540.000
947.000	605.000
948.000	625.000
949.000	674.000
950.000	782.000
951.000	800.000
952.000	795.000
953.000	787.000
954.000	842.000
955.000	802.000
956.000	701.000
957.000	764.000
958.000	658.000
959.000	601.000
960.000	548.000
961.000	469.000
962.000	452.000
963.000	390.000
964.000	390.000
965.000	345.000
966.000	340.000
967.000	303.000
968.000	325.000
969.000	294.000
970.000	300.000
971.000	283.000
972.000	292.000
973.000	295.000
974.000	285.000
975.000	293.000
976.000	320.000
977.000	318.000
978.000	269.000
979.000	314.000
980.000	313.000
981.000	281.000
982.000	291.000
983.000	345.000
984.000	322.000
985.000	297.000
986.000	352.000
987.000	357.000
988.000	319.000
989.000	362.000
990.000	385.000
991.000	371.000
992.000	381.000
993.000	382.000
994.000	412.000
995.000	396.000
996.000	424.000
997.000	403.000
998.000	438.000
999.000	401.000
1000.000	425.000
1001.000	423.000
1002.000	460.000
1003.000	424.000
1004.000	445.000
1005.000	471.000
1006.000	445.000
1007.000	425.000
1008.000	405.000
1009.000	455.000
1010.000	445.000
1011.000	425.000
1012.000	421.000
1013.000	381.000
1014.000	368.000
1015.000	379.000
1016.000	422.000
1017.000	330.000
1018.000	376.000
1019.000	323.000
1020.000	328.000
1021.000	319.000
1022.000	306.000
1023.000	289.000
1024.000	277.000
