Date:	8/19/2008		Time:	9:23 AM		Version no:	0.00		Project name:	55		Sample name:	222		Section name:	section		Position	504.039995	mm	E0	0.000000	keV	E1	1.000000	keV/channel	sample surface	7.676918	cm	Tube anode:	Mo		Tube voltage:	30	kV	Tube current:	50	mA	gain	20		std. database			resultfile	result		matrix element	11		sample thickness	1.000000		air passage	0.560000	cm	comments	not in position		peaking_time	3.000000	m-sec	trigger_threshold	1229.166667	V	mca_bin_width	22.090000	no:	number_mca_channels	1024.000000	no:	gap_time	0.400000	m-sec	trigger_peaking_time	0.150000	m-sec	GAINDAC	9455		HIGHGAIN	1		TAURC	0		RCTAU	53		RCTAUFRAC	32768		livetime	9.642431	seconds	runtime	10.000503	seconds	input_count_rate	33.153257	cps	output_count_rate	24.349775	cps	triggers	319678	seconds	events_in_run	243510	seconds	channel	content		1.000	0.000
2.000	0.000
3.000	0.000
4.000	0.000
5.000	0.000
6.000	0.000
7.000	0.000
8.000	0.000
9.000	0.000
10.000	0.000
11.000	0.000
12.000	0.000
13.000	0.000
14.000	0.000
15.000	0.000
16.000	0.000
17.000	0.000
18.000	0.000
19.000	0.000
20.000	0.000
21.000	0.000
22.000	0.000
23.000	0.000
24.000	0.000
25.000	0.000
26.000	0.000
27.000	0.000
28.000	0.000
29.000	0.000
30.000	0.000
31.000	0.000
32.000	1.000
33.000	1.000
34.000	1.000
35.000	2.000
36.000	1.000
37.000	3.000
38.000	1.000
39.000	0.000
40.000	2.000
41.000	3.000
42.000	2.000
43.000	6.000
44.000	8.000
45.000	5.000
46.000	7.000
47.000	10.000
48.000	12.000
49.000	6.000
50.000	9.000
51.000	10.000
52.000	9.000
53.000	11.000
54.000	11.000
55.000	7.000
56.000	11.000
57.000	10.000
58.000	14.000
59.000	13.000
60.000	20.000
61.000	7.000
62.000	8.000
63.000	10.000
64.000	10.000
65.000	8.000
66.000	9.000
67.000	8.000
68.000	16.000
69.000	18.000
70.000	12.000
71.000	8.000
72.000	7.000
73.000	8.000
74.000	16.000
75.000	13.000
76.000	10.000
77.000	9.000
78.000	6.000
79.000	9.000
80.000	16.000
81.000	6.000
82.000	10.000
83.000	4.000
84.000	9.000
85.000	12.000
86.000	7.000
87.000	12.000
88.000	9.000
89.000	8.000
90.000	8.000
91.000	4.000
92.000	6.000
93.000	8.000
94.000	11.000
95.000	9.000
96.000	8.000
97.000	5.000
98.000	10.000
99.000	4.000
100.000	9.000
101.000	8.000
102.000	3.000
103.000	4.000
104.000	8.000
105.000	11.000
106.000	9.000
107.000	9.000
108.000	8.000
109.000	13.000
110.000	7.000
111.000	11.000
112.000	9.000
113.000	9.000
114.000	3.000
115.000	7.000
116.000	11.000
117.000	3.000
118.000	5.000
119.000	5.000
120.000	8.000
121.000	8.000
122.000	6.000
123.000	7.000
124.000	12.000
125.000	6.000
126.000	9.000
127.000	10.000
128.000	13.000
129.000	16.000
130.000	12.000
131.000	11.000
132.000	5.000
133.000	5.000
134.000	10.000
135.000	11.000
136.000	9.000
137.000	9.000
138.000	4.000
139.000	3.000
140.000	2.000
141.000	6.000
142.000	2.000
143.000	4.000
144.000	8.000
145.000	4.000
146.000	11.000
147.000	2.000
148.000	5.000
149.000	6.000
150.000	4.000
151.000	3.000
152.000	7.000
153.000	4.000
154.000	5.000
155.000	2.000
156.000	4.000
157.000	4.000
158.000	6.000
159.000	8.000
160.000	8.000
161.000	7.000
162.000	4.000
163.000	10.000
164.000	15.000
165.000	4.000
166.000	14.000
167.000	2.000
168.000	3.000
169.000	3.000
170.000	1.000
171.000	2.000
172.000	1.000
173.000	7.000
174.000	1.000
175.000	2.000
176.000	2.000
177.000	5.000
178.000	8.000
179.000	5.000
180.000	12.000
181.000	15.000
182.000	10.000
183.000	9.000
184.000	4.000
185.000	2.000
186.000	5.000
187.000	3.000
188.000	6.000
189.000	1.000
190.000	1.000
191.000	5.000
192.000	3.000
193.000	3.000
194.000	2.000
195.000	4.000
196.000	7.000
197.000	9.000
198.000	14.000
199.000	19.000
200.000	27.000
201.000	16.000
202.000	26.000
203.000	35.000
204.000	27.000
205.000	30.000
206.000	20.000
207.000	19.000
208.000	11.000
209.000	4.000
210.000	5.000
211.000	5.000
212.000	4.000
213.000	2.000
214.000	3.000
215.000	7.000
216.000	12.000
217.000	7.000
218.000	6.000
219.000	8.000
220.000	4.000
221.000	5.000
222.000	8.000
223.000	6.000
224.000	8.000
225.000	4.000
226.000	4.000
227.000	9.000
228.000	7.000
229.000	0.000
230.000	2.000
231.000	3.000
232.000	4.000
233.000	2.000
234.000	3.000
235.000	3.000
236.000	3.000
237.000	7.000
238.000	5.000
239.000	6.000
240.000	3.000
241.000	5.000
242.000	10.000
243.000	3.000
244.000	8.000
245.000	12.000
246.000	15.000
247.000	12.000
248.000	11.000
249.000	15.000
250.000	11.000
251.000	7.000
252.000	6.000
253.000	14.000
254.000	12.000
255.000	11.000
256.000	6.000
257.000	7.000
258.000	13.000
259.000	3.000
260.000	7.000
261.000	6.000
262.000	3.000
263.000	3.000
264.000	9.000
265.000	7.000
266.000	10.000
267.000	7.000
268.000	9.000
269.000	5.000
270.000	7.000
271.000	7.000
272.000	4.000
273.000	5.000
274.000	10.000
275.000	2.000
276.000	9.000
277.000	5.000
278.000	9.000
279.000	3.000
280.000	10.000
281.000	4.000
282.000	6.000
283.000	8.000
284.000	12.000
285.000	5.000
286.000	6.000
287.000	6.000
288.000	11.000
289.000	2.000
290.000	5.000
291.000	9.000
292.000	10.000
293.000	11.000
294.000	11.000
295.000	6.000
296.000	6.000
297.000	12.000
298.000	5.000
299.000	14.000
300.000	8.000
301.000	11.000
302.000	10.000
303.000	8.000
304.000	5.000
305.000	8.000
306.000	9.000
307.000	9.000
308.000	9.000
309.000	14.000
310.000	7.000
311.000	12.000
312.000	10.000
313.000	12.000
314.000	12.000
315.000	10.000
316.000	11.000
317.000	27.000
318.000	19.000
319.000	34.000
320.000	56.000
321.000	52.000
322.000	61.000
323.000	54.000
324.000	60.000
325.000	63.000
326.000	53.000
327.000	36.000
328.000	41.000
329.000	28.000
330.000	14.000
331.000	9.000
332.000	7.000
333.000	10.000
334.000	12.000
335.000	14.000
336.000	12.000
337.000	11.000
338.000	16.000
339.000	16.000
340.000	21.000
341.000	33.000
342.000	57.000
343.000	106.000
344.000	198.000
345.000	272.000
346.000	400.000
347.000	595.000
348.000	720.000
349.000	849.000
350.000	940.000
351.000	978.000
352.000	927.000
353.000	778.000
354.000	613.000
355.000	447.000
356.000	319.000
357.000	184.000
358.000	140.000
359.000	67.000
360.000	48.000
361.000	31.000
362.000	19.000
363.000	23.000
364.000	14.000
365.000	25.000
366.000	18.000
367.000	18.000
368.000	22.000
369.000	15.000
370.000	20.000
371.000	27.000
372.000	28.000
373.000	23.000
374.000	28.000
375.000	23.000
376.000	32.000
377.000	33.000
378.000	44.000
379.000	60.000
380.000	59.000
381.000	80.000
382.000	129.000
383.000	126.000
384.000	136.000
385.000	177.000
386.000	197.000
387.000	168.000
388.000	158.000
389.000	165.000
390.000	113.000
391.000	100.000
392.000	77.000
393.000	65.000
394.000	27.000
395.000	31.000
396.000	28.000
397.000	24.000
398.000	33.000
399.000	26.000
400.000	28.000
401.000	33.000
402.000	29.000
403.000	33.000
404.000	24.000
405.000	29.000
406.000	43.000
407.000	32.000
408.000	25.000
409.000	33.000
410.000	34.000
411.000	32.000
412.000	34.000
413.000	30.000
414.000	47.000
415.000	40.000
416.000	36.000
417.000	47.000
418.000	26.000
419.000	26.000
420.000	18.000
421.000	40.000
422.000	34.000
423.000	42.000
424.000	36.000
425.000	31.000
426.000	32.000
427.000	38.000
428.000	33.000
429.000	41.000
430.000	29.000
431.000	31.000
432.000	41.000
433.000	33.000
434.000	40.000
435.000	40.000
436.000	44.000
437.000	43.000
438.000	43.000
439.000	63.000
440.000	40.000
441.000	47.000
442.000	45.000
443.000	53.000
444.000	41.000
445.000	45.000
446.000	47.000
447.000	45.000
448.000	46.000
449.000	53.000
450.000	38.000
451.000	46.000
452.000	57.000
453.000	44.000
454.000	57.000
455.000	43.000
456.000	45.000
457.000	49.000
458.000	52.000
459.000	56.000
460.000	48.000
461.000	55.000
462.000	67.000
463.000	57.000
464.000	49.000
465.000	56.000
466.000	67.000
467.000	64.000
468.000	67.000
469.000	51.000
470.000	67.000
471.000	52.000
472.000	66.000
473.000	61.000
474.000	60.000
475.000	64.000
476.000	63.000
477.000	65.000
478.000	61.000
479.000	77.000
480.000	64.000
481.000	61.000
482.000	71.000
483.000	75.000
484.000	62.000
485.000	79.000
486.000	59.000
487.000	63.000
488.000	66.000
489.000	64.000
490.000	62.000
491.000	75.000
492.000	87.000
493.000	56.000
494.000	69.000
495.000	69.000
496.000	62.000
497.000	82.000
498.000	92.000
499.000	65.000
500.000	82.000
501.000	68.000
502.000	92.000
503.000	65.000
504.000	78.000
505.000	72.000
506.000	93.000
507.000	85.000
508.000	94.000
509.000	89.000
510.000	87.000
511.000	79.000
512.000	87.000
513.000	96.000
514.000	80.000
515.000	91.000
516.000	93.000
517.000	84.000
518.000	91.000
519.000	81.000
520.000	88.000
521.000	90.000
522.000	93.000
523.000	102.000
524.000	90.000
525.000	106.000
526.000	109.000
527.000	98.000
528.000	114.000
529.000	98.000
530.000	95.000
531.000	100.000
532.000	88.000
533.000	120.000
534.000	92.000
535.000	110.000
536.000	112.000
537.000	117.000
538.000	115.000
539.000	108.000
540.000	106.000
541.000	98.000
542.000	99.000
543.000	111.000
544.000	104.000
545.000	110.000
546.000	116.000
547.000	112.000
548.000	128.000
549.000	124.000
550.000	118.000
551.000	114.000
552.000	100.000
553.000	138.000
554.000	131.000
555.000	123.000
556.000	108.000
557.000	124.000
558.000	131.000
559.000	99.000
560.000	115.000
561.000	123.000
562.000	120.000
563.000	116.000
564.000	130.000
565.000	116.000
566.000	140.000
567.000	126.000
568.000	132.000
569.000	132.000
570.000	139.000
571.000	135.000
572.000	153.000
573.000	137.000
574.000	159.000
575.000	117.000
576.000	125.000
577.000	140.000
578.000	128.000
579.000	159.000
580.000	131.000
581.000	174.000
582.000	150.000
583.000	158.000
584.000	157.000
585.000	138.000
586.000	136.000
587.000	158.000
588.000	139.000
589.000	149.000
590.000	142.000
591.000	154.000
592.000	147.000
593.000	163.000
594.000	156.000
595.000	164.000
596.000	151.000
597.000	144.000
598.000	162.000
599.000	132.000
600.000	149.000
601.000	149.000
602.000	143.000
603.000	165.000
604.000	158.000
605.000	164.000
606.000	155.000
607.000	174.000
608.000	177.000
609.000	159.000
610.000	159.000
611.000	181.000
612.000	182.000
613.000	192.000
614.000	177.000
615.000	175.000
616.000	163.000
617.000	174.000
618.000	187.000
619.000	162.000
620.000	163.000
621.000	161.000
622.000	209.000
623.000	176.000
624.000	182.000
625.000	183.000
626.000	218.000
627.000	186.000
628.000	180.000
629.000	177.000
630.000	211.000
631.000	184.000
632.000	188.000
633.000	192.000
634.000	199.000
635.000	174.000
636.000	195.000
637.000	206.000
638.000	196.000
639.000	196.000
640.000	208.000
641.000	216.000
642.000	174.000
643.000	196.000
644.000	209.000
645.000	190.000
646.000	231.000
647.000	200.000
648.000	228.000
649.000	215.000
650.000	188.000
651.000	239.000
652.000	237.000
653.000	216.000
654.000	196.000
655.000	201.000
656.000	229.000
657.000	215.000
658.000	192.000
659.000	240.000
660.000	246.000
661.000	221.000
662.000	245.000
663.000	211.000
664.000	210.000
665.000	223.000
666.000	193.000
667.000	223.000
668.000	204.000
669.000	219.000
670.000	227.000
671.000	222.000
672.000	248.000
673.000	231.000
674.000	222.000
675.000	224.000
676.000	240.000
677.000	208.000
678.000	247.000
679.000	225.000
680.000	244.000
681.000	219.000
682.000	245.000
683.000	234.000
684.000	226.000
685.000	247.000
686.000	255.000
687.000	235.000
688.000	229.000
689.000	247.000
690.000	261.000
691.000	251.000
692.000	239.000
693.000	220.000
694.000	274.000
695.000	231.000
696.000	270.000
697.000	252.000
698.000	212.000
699.000	262.000
700.000	233.000
701.000	247.000
702.000	245.000
703.000	225.000
704.000	276.000
705.000	244.000
706.000	233.000
707.000	265.000
708.000	249.000
709.000	224.000
710.000	256.000
711.000	257.000
712.000	240.000
713.000	252.000
714.000	234.000
715.000	229.000
716.000	241.000
717.000	267.000
718.000	281.000
719.000	234.000
720.000	278.000
721.000	271.000
722.000	282.000
723.000	286.000
724.000	262.000
725.000	266.000
726.000	265.000
727.000	305.000
728.000	265.000
729.000	284.000
730.000	271.000
731.000	289.000
732.000	273.000
733.000	274.000
734.000	284.000
735.000	273.000
736.000	312.000
737.000	305.000
738.000	309.000
739.000	309.000
740.000	252.000
741.000	255.000
742.000	283.000
743.000	306.000
744.000	273.000
745.000	247.000
746.000	283.000
747.000	239.000
748.000	283.000
749.000	290.000
750.000	296.000
751.000	282.000
752.000	267.000
753.000	302.000
754.000	273.000
755.000	296.000
756.000	297.000
757.000	290.000
758.000	293.000
759.000	295.000
760.000	305.000
761.000	269.000
762.000	295.000
763.000	306.000
764.000	284.000
765.000	297.000
766.000	291.000
767.000	278.000
768.000	340.000
769.000	294.000
770.000	300.000
771.000	359.000
772.000	281.000
773.000	329.000
774.000	334.000
775.000	327.000
776.000	298.000
777.000	335.000
778.000	312.000
779.000	298.000
780.000	301.000
781.000	331.000
782.000	269.000
783.000	304.000
784.000	310.000
785.000	309.000
786.000	335.000
787.000	304.000
788.000	304.000
789.000	280.000
790.000	278.000
791.000	273.000
792.000	339.000
793.000	295.000
794.000	326.000
795.000	312.000
796.000	315.000
797.000	308.000
798.000	304.000
799.000	325.000
800.000	323.000
801.000	313.000
802.000	350.000
803.000	304.000
804.000	308.000
805.000	318.000
806.000	302.000
807.000	312.000
808.000	294.000
809.000	297.000
810.000	305.000
811.000	321.000
812.000	311.000
813.000	303.000
814.000	338.000
815.000	343.000
816.000	324.000
817.000	301.000
818.000	291.000
819.000	360.000
820.000	292.000
821.000	352.000
822.000	332.000
823.000	316.000
824.000	334.000
825.000	360.000
826.000	325.000
827.000	342.000
828.000	348.000
829.000	341.000
830.000	332.000
831.000	339.000
832.000	305.000
833.000	332.000
834.000	335.000
835.000	329.000
836.000	350.000
837.000	363.000
838.000	342.000
839.000	330.000
840.000	350.000
841.000	321.000
842.000	338.000
843.000	345.000
844.000	321.000
845.000	347.000
846.000	360.000
847.000	361.000
848.000	358.000
849.000	328.000
850.000	361.000
851.000	378.000
852.000	362.000
853.000	364.000
854.000	366.000
855.000	386.000
856.000	379.000
857.000	355.000
858.000	404.000
859.000	391.000
860.000	441.000
861.000	404.000
862.000	397.000
863.000	419.000
864.000	441.000
865.000	418.000
866.000	467.000
867.000	472.000
868.000	445.000
869.000	481.000
870.000	468.000
871.000	519.000
872.000	513.000
873.000	487.000
874.000	519.000
875.000	542.000
876.000	538.000
877.000	606.000
878.000	595.000
879.000	642.000
880.000	680.000
881.000	714.000
882.000	756.000
883.000	810.000
884.000	840.000
885.000	892.000
886.000	966.000
887.000	1011.000
888.000	991.000
889.000	1130.000
890.000	1213.000
891.000	1261.000
892.000	1295.000
893.000	1460.000
894.000	1492.000
895.000	1482.000
896.000	1518.000
897.000	1572.000
898.000	1610.000
899.000	1653.000
900.000	1647.000
901.000	1658.000
902.000	1626.000
903.000	1641.000
904.000	1568.000
905.000	1473.000
906.000	1490.000
907.000	1472.000
908.000	1402.000
909.000	1313.000
910.000	1276.000
911.000	1223.000
912.000	1192.000
913.000	1123.000
914.000	1056.000
915.000	985.000
916.000	909.000
917.000	904.000
918.000	814.000
919.000	782.000
920.000	675.000
921.000	695.000
922.000	641.000
923.000	624.000
924.000	652.000
925.000	559.000
926.000	525.000
927.000	496.000
928.000	494.000
929.000	477.000
930.000	419.000
931.000	431.000
932.000	409.000
933.000	387.000
934.000	412.000
935.000	373.000
936.000	391.000
937.000	367.000
938.000	372.000
939.000	411.000
940.000	409.000
941.000	421.000
942.000	460.000
943.000	503.000
944.000	560.000
945.000	534.000
946.000	587.000
947.000	615.000
948.000	670.000
949.000	690.000
950.000	777.000
951.000	844.000
952.000	826.000
953.000	801.000
954.000	862.000
955.000	848.000
956.000	856.000
957.000	753.000
958.000	684.000
959.000	661.000
960.000	620.000
961.000	547.000
962.000	505.000
963.000	428.000
964.000	348.000
965.000	387.000
966.000	364.000
967.000	309.000
968.000	355.000
969.000	301.000
970.000	308.000
971.000	306.000
972.000	302.000
973.000	316.000
974.000	278.000
975.000	309.000
976.000	311.000
977.000	340.000
978.000	314.000
979.000	325.000
980.000	329.000
981.000	335.000
982.000	350.000
983.000	329.000
984.000	353.000
985.000	362.000
986.000	336.000
987.000	348.000
988.000	349.000
989.000	363.000
990.000	386.000
991.000	396.000
992.000	392.000
993.000	412.000
994.000	439.000
995.000	456.000
996.000	421.000
997.000	479.000
998.000	436.000
999.000	457.000
1000.000	458.000
1001.000	471.000
1002.000	456.000
1003.000	458.000
1004.000	487.000
1005.000	472.000
1006.000	407.000
1007.000	436.000
1008.000	493.000
1009.000	471.000
1010.000	481.000
1011.000	430.000
1012.000	436.000
1013.000	432.000
1014.000	410.000
1015.000	401.000
1016.000	393.000
1017.000	356.000
1018.000	349.000
1019.000	360.000
1020.000	335.000
1021.000	348.000
1022.000	304.000
1023.000	304.000
1024.000	283.000
