Date:	8/19/2008		Time:	9:43 AM		Version no:	0.00		Project name:	55		Sample name:	222		Section name:	section		Position	726.039995	mm	E0	0.000000	keV	E1	1.000000	keV/channel	sample surface	7.549524	cm	Tube anode:	Mo		Tube voltage:	30	kV	Tube current:	50	mA	gain	20		std. database			resultfile	result		matrix element	11		sample thickness	1.000000		air passage	0.560000	cm	comments	not in position		peaking_time	3.000000	m-sec	trigger_threshold	1229.166667	V	mca_bin_width	22.090000	no:	number_mca_channels	1024.000000	no:	gap_time	0.400000	m-sec	trigger_peaking_time	0.150000	m-sec	GAINDAC	9455		HIGHGAIN	1		TAURC	0		RCTAU	53		RCTAUFRAC	32768		livetime	9.671356	seconds	runtime	10.000502	seconds	input_count_rate	30.485280	cps	output_count_rate	22.807354	cps	triggers	294834	seconds	events_in_run	228085	seconds	channel	content		1.000	0.000
2.000	0.000
3.000	0.000
4.000	0.000
5.000	0.000
6.000	0.000
7.000	0.000
8.000	0.000
9.000	0.000
10.000	0.000
11.000	0.000
12.000	0.000
13.000	0.000
14.000	0.000
15.000	0.000
16.000	0.000
17.000	0.000
18.000	0.000
19.000	0.000
20.000	0.000
21.000	0.000
22.000	0.000
23.000	0.000
24.000	0.000
25.000	0.000
26.000	0.000
27.000	0.000
28.000	0.000
29.000	0.000
30.000	0.000
31.000	0.000
32.000	0.000
33.000	2.000
34.000	0.000
35.000	1.000
36.000	1.000
37.000	0.000
38.000	3.000
39.000	0.000
40.000	2.000
41.000	4.000
42.000	4.000
43.000	2.000
44.000	3.000
45.000	5.000
46.000	6.000
47.000	5.000
48.000	4.000
49.000	7.000
50.000	11.000
51.000	12.000
52.000	7.000
53.000	7.000
54.000	8.000
55.000	8.000
56.000	17.000
57.000	12.000
58.000	11.000
59.000	4.000
60.000	14.000
61.000	7.000
62.000	4.000
63.000	10.000
64.000	11.000
65.000	9.000
66.000	14.000
67.000	15.000
68.000	9.000
69.000	12.000
70.000	8.000
71.000	12.000
72.000	11.000
73.000	12.000
74.000	9.000
75.000	10.000
76.000	4.000
77.000	8.000
78.000	14.000
79.000	6.000
80.000	8.000
81.000	11.000
82.000	10.000
83.000	11.000
84.000	12.000
85.000	9.000
86.000	12.000
87.000	10.000
88.000	10.000
89.000	4.000
90.000	11.000
91.000	5.000
92.000	8.000
93.000	6.000
94.000	5.000
95.000	10.000
96.000	15.000
97.000	8.000
98.000	13.000
99.000	12.000
100.000	9.000
101.000	11.000
102.000	7.000
103.000	5.000
104.000	13.000
105.000	11.000
106.000	9.000
107.000	15.000
108.000	12.000
109.000	8.000
110.000	9.000
111.000	11.000
112.000	6.000
113.000	9.000
114.000	9.000
115.000	5.000
116.000	7.000
117.000	4.000
118.000	8.000
119.000	7.000
120.000	12.000
121.000	9.000
122.000	3.000
123.000	9.000
124.000	7.000
125.000	11.000
126.000	5.000
127.000	14.000
128.000	7.000
129.000	5.000
130.000	14.000
131.000	11.000
132.000	10.000
133.000	8.000
134.000	11.000
135.000	5.000
136.000	6.000
137.000	6.000
138.000	6.000
139.000	5.000
140.000	4.000
141.000	10.000
142.000	5.000
143.000	5.000
144.000	9.000
145.000	4.000
146.000	10.000
147.000	8.000
148.000	5.000
149.000	5.000
150.000	8.000
151.000	3.000
152.000	5.000
153.000	5.000
154.000	3.000
155.000	5.000
156.000	6.000
157.000	4.000
158.000	7.000
159.000	7.000
160.000	7.000
161.000	7.000
162.000	10.000
163.000	10.000
164.000	18.000
165.000	7.000
166.000	3.000
167.000	7.000
168.000	3.000
169.000	5.000
170.000	4.000
171.000	3.000
172.000	4.000
173.000	5.000
174.000	4.000
175.000	5.000
176.000	8.000
177.000	4.000
178.000	6.000
179.000	3.000
180.000	9.000
181.000	6.000
182.000	10.000
183.000	12.000
184.000	11.000
185.000	11.000
186.000	3.000
187.000	3.000
188.000	3.000
189.000	4.000
190.000	8.000
191.000	3.000
192.000	5.000
193.000	2.000
194.000	6.000
195.000	5.000
196.000	9.000
197.000	8.000
198.000	15.000
199.000	15.000
200.000	20.000
201.000	36.000
202.000	25.000
203.000	32.000
204.000	31.000
205.000	17.000
206.000	18.000
207.000	9.000
208.000	11.000
209.000	9.000
210.000	2.000
211.000	5.000
212.000	1.000
213.000	4.000
214.000	5.000
215.000	8.000
216.000	0.000
217.000	11.000
218.000	7.000
219.000	10.000
220.000	10.000
221.000	4.000
222.000	5.000
223.000	8.000
224.000	2.000
225.000	7.000
226.000	5.000
227.000	1.000
228.000	5.000
229.000	7.000
230.000	3.000
231.000	4.000
232.000	3.000
233.000	2.000
234.000	7.000
235.000	2.000
236.000	7.000
237.000	4.000
238.000	4.000
239.000	3.000
240.000	8.000
241.000	4.000
242.000	5.000
243.000	6.000
244.000	11.000
245.000	9.000
246.000	8.000
247.000	10.000
248.000	12.000
249.000	12.000
250.000	12.000
251.000	9.000
252.000	7.000
253.000	4.000
254.000	7.000
255.000	10.000
256.000	6.000
257.000	2.000
258.000	7.000
259.000	5.000
260.000	2.000
261.000	2.000
262.000	5.000
263.000	7.000
264.000	7.000
265.000	3.000
266.000	7.000
267.000	8.000
268.000	8.000
269.000	6.000
270.000	5.000
271.000	11.000
272.000	8.000
273.000	8.000
274.000	6.000
275.000	5.000
276.000	9.000
277.000	7.000
278.000	3.000
279.000	6.000
280.000	3.000
281.000	9.000
282.000	10.000
283.000	8.000
284.000	8.000
285.000	7.000
286.000	5.000
287.000	5.000
288.000	8.000
289.000	7.000
290.000	15.000
291.000	5.000
292.000	4.000
293.000	11.000
294.000	9.000
295.000	10.000
296.000	7.000
297.000	6.000
298.000	9.000
299.000	6.000
300.000	10.000
301.000	8.000
302.000	7.000
303.000	5.000
304.000	5.000
305.000	8.000
306.000	6.000
307.000	10.000
308.000	7.000
309.000	5.000
310.000	7.000
311.000	8.000
312.000	10.000
313.000	11.000
314.000	6.000
315.000	12.000
316.000	18.000
317.000	16.000
318.000	26.000
319.000	35.000
320.000	50.000
321.000	50.000
322.000	52.000
323.000	49.000
324.000	58.000
325.000	53.000
326.000	50.000
327.000	25.000
328.000	25.000
329.000	19.000
330.000	17.000
331.000	14.000
332.000	7.000
333.000	17.000
334.000	6.000
335.000	10.000
336.000	6.000
337.000	13.000
338.000	11.000
339.000	14.000
340.000	17.000
341.000	33.000
342.000	36.000
343.000	68.000
344.000	109.000
345.000	160.000
346.000	234.000
347.000	359.000
348.000	438.000
349.000	511.000
350.000	560.000
351.000	574.000
352.000	501.000
353.000	415.000
354.000	335.000
355.000	280.000
356.000	184.000
357.000	130.000
358.000	84.000
359.000	42.000
360.000	26.000
361.000	29.000
362.000	19.000
363.000	18.000
364.000	15.000
365.000	9.000
366.000	26.000
367.000	14.000
368.000	14.000
369.000	16.000
370.000	17.000
371.000	15.000
372.000	21.000
373.000	20.000
374.000	13.000
375.000	18.000
376.000	16.000
377.000	23.000
378.000	15.000
379.000	29.000
380.000	43.000
381.000	44.000
382.000	67.000
383.000	85.000
384.000	87.000
385.000	86.000
386.000	116.000
387.000	105.000
388.000	107.000
389.000	94.000
390.000	81.000
391.000	48.000
392.000	46.000
393.000	45.000
394.000	24.000
395.000	29.000
396.000	21.000
397.000	26.000
398.000	27.000
399.000	17.000
400.000	17.000
401.000	33.000
402.000	25.000
403.000	27.000
404.000	22.000
405.000	27.000
406.000	31.000
407.000	19.000
408.000	21.000
409.000	25.000
410.000	23.000
411.000	23.000
412.000	27.000
413.000	33.000
414.000	24.000
415.000	20.000
416.000	43.000
417.000	24.000
418.000	30.000
419.000	32.000
420.000	20.000
421.000	23.000
422.000	27.000
423.000	27.000
424.000	22.000
425.000	23.000
426.000	28.000
427.000	22.000
428.000	31.000
429.000	35.000
430.000	21.000
431.000	33.000
432.000	27.000
433.000	21.000
434.000	29.000
435.000	29.000
436.000	34.000
437.000	37.000
438.000	36.000
439.000	44.000
440.000	32.000
441.000	40.000
442.000	32.000
443.000	40.000
444.000	38.000
445.000	34.000
446.000	56.000
447.000	35.000
448.000	33.000
449.000	42.000
450.000	45.000
451.000	45.000
452.000	46.000
453.000	38.000
454.000	36.000
455.000	40.000
456.000	42.000
457.000	37.000
458.000	49.000
459.000	33.000
460.000	57.000
461.000	41.000
462.000	36.000
463.000	35.000
464.000	49.000
465.000	46.000
466.000	46.000
467.000	48.000
468.000	43.000
469.000	41.000
470.000	63.000
471.000	43.000
472.000	58.000
473.000	41.000
474.000	57.000
475.000	53.000
476.000	41.000
477.000	39.000
478.000	55.000
479.000	55.000
480.000	46.000
481.000	48.000
482.000	44.000
483.000	58.000
484.000	48.000
485.000	49.000
486.000	53.000
487.000	57.000
488.000	49.000
489.000	38.000
490.000	53.000
491.000	53.000
492.000	45.000
493.000	48.000
494.000	60.000
495.000	64.000
496.000	71.000
497.000	59.000
498.000	69.000
499.000	65.000
500.000	62.000
501.000	79.000
502.000	65.000
503.000	49.000
504.000	73.000
505.000	58.000
506.000	59.000
507.000	65.000
508.000	66.000
509.000	65.000
510.000	62.000
511.000	74.000
512.000	57.000
513.000	69.000
514.000	76.000
515.000	53.000
516.000	71.000
517.000	65.000
518.000	72.000
519.000	82.000
520.000	79.000
521.000	88.000
522.000	76.000
523.000	85.000
524.000	93.000
525.000	91.000
526.000	76.000
527.000	82.000
528.000	73.000
529.000	88.000
530.000	84.000
531.000	95.000
532.000	86.000
533.000	89.000
534.000	95.000
535.000	101.000
536.000	78.000
537.000	101.000
538.000	72.000
539.000	102.000
540.000	81.000
541.000	91.000
542.000	121.000
543.000	87.000
544.000	89.000
545.000	92.000
546.000	99.000
547.000	102.000
548.000	114.000
549.000	80.000
550.000	101.000
551.000	105.000
552.000	94.000
553.000	104.000
554.000	102.000
555.000	116.000
556.000	114.000
557.000	93.000
558.000	108.000
559.000	91.000
560.000	91.000
561.000	88.000
562.000	100.000
563.000	96.000
564.000	101.000
565.000	107.000
566.000	99.000
567.000	116.000
568.000	86.000
569.000	110.000
570.000	106.000
571.000	99.000
572.000	111.000
573.000	105.000
574.000	120.000
575.000	114.000
576.000	125.000
577.000	142.000
578.000	134.000
579.000	123.000
580.000	127.000
581.000	132.000
582.000	129.000
583.000	106.000
584.000	125.000
585.000	118.000
586.000	136.000
587.000	136.000
588.000	141.000
589.000	131.000
590.000	126.000
591.000	133.000
592.000	105.000
593.000	140.000
594.000	131.000
595.000	124.000
596.000	128.000
597.000	124.000
598.000	126.000
599.000	128.000
600.000	140.000
601.000	134.000
602.000	122.000
603.000	146.000
604.000	126.000
605.000	130.000
606.000	121.000
607.000	162.000
608.000	146.000
609.000	139.000
610.000	137.000
611.000	160.000
612.000	118.000
613.000	135.000
614.000	147.000
615.000	135.000
616.000	144.000
617.000	142.000
618.000	171.000
619.000	154.000
620.000	142.000
621.000	156.000
622.000	143.000
623.000	156.000
624.000	174.000
625.000	168.000
626.000	168.000
627.000	174.000
628.000	173.000
629.000	151.000
630.000	170.000
631.000	154.000
632.000	186.000
633.000	168.000
634.000	176.000
635.000	138.000
636.000	160.000
637.000	168.000
638.000	149.000
639.000	185.000
640.000	155.000
641.000	179.000
642.000	165.000
643.000	210.000
644.000	201.000
645.000	180.000
646.000	194.000
647.000	184.000
648.000	195.000
649.000	186.000
650.000	182.000
651.000	188.000
652.000	170.000
653.000	181.000
654.000	173.000
655.000	191.000
656.000	195.000
657.000	204.000
658.000	202.000
659.000	183.000
660.000	199.000
661.000	191.000
662.000	187.000
663.000	188.000
664.000	185.000
665.000	180.000
666.000	213.000
667.000	202.000
668.000	182.000
669.000	195.000
670.000	178.000
671.000	182.000
672.000	205.000
673.000	206.000
674.000	232.000
675.000	210.000
676.000	198.000
677.000	218.000
678.000	205.000
679.000	200.000
680.000	197.000
681.000	228.000
682.000	199.000
683.000	231.000
684.000	215.000
685.000	209.000
686.000	193.000
687.000	198.000
688.000	243.000
689.000	220.000
690.000	228.000
691.000	226.000
692.000	213.000
693.000	232.000
694.000	226.000
695.000	236.000
696.000	222.000
697.000	215.000
698.000	222.000
699.000	226.000
700.000	212.000
701.000	247.000
702.000	222.000
703.000	238.000
704.000	242.000
705.000	246.000
706.000	227.000
707.000	260.000
708.000	247.000
709.000	257.000
710.000	237.000
711.000	246.000
712.000	233.000
713.000	242.000
714.000	230.000
715.000	213.000
716.000	262.000
717.000	216.000
718.000	228.000
719.000	250.000
720.000	250.000
721.000	250.000
722.000	238.000
723.000	235.000
724.000	273.000
725.000	249.000
726.000	263.000
727.000	269.000
728.000	249.000
729.000	233.000
730.000	245.000
731.000	257.000
732.000	287.000
733.000	247.000
734.000	253.000
735.000	249.000
736.000	267.000
737.000	254.000
738.000	242.000
739.000	226.000
740.000	246.000
741.000	291.000
742.000	257.000
743.000	255.000
744.000	273.000
745.000	241.000
746.000	252.000
747.000	259.000
748.000	268.000
749.000	232.000
750.000	273.000
751.000	242.000
752.000	256.000
753.000	272.000
754.000	279.000
755.000	238.000
756.000	252.000
757.000	282.000
758.000	268.000
759.000	292.000
760.000	288.000
761.000	277.000
762.000	278.000
763.000	289.000
764.000	245.000
765.000	277.000
766.000	289.000
767.000	286.000
768.000	294.000
769.000	301.000
770.000	278.000
771.000	319.000
772.000	319.000
773.000	330.000
774.000	326.000
775.000	335.000
776.000	319.000
777.000	257.000
778.000	302.000
779.000	303.000
780.000	293.000
781.000	289.000
782.000	286.000
783.000	315.000
784.000	259.000
785.000	255.000
786.000	296.000
787.000	262.000
788.000	301.000
789.000	314.000
790.000	251.000
791.000	314.000
792.000	287.000
793.000	288.000
794.000	309.000
795.000	309.000
796.000	279.000
797.000	285.000
798.000	294.000
799.000	286.000
800.000	303.000
801.000	279.000
802.000	316.000
803.000	294.000
804.000	302.000
805.000	285.000
806.000	298.000
807.000	308.000
808.000	284.000
809.000	309.000
810.000	300.000
811.000	291.000
812.000	284.000
813.000	345.000
814.000	303.000
815.000	277.000
816.000	310.000
817.000	279.000
818.000	297.000
819.000	331.000
820.000	272.000
821.000	318.000
822.000	333.000
823.000	318.000
824.000	319.000
825.000	321.000
826.000	297.000
827.000	335.000
828.000	298.000
829.000	333.000
830.000	294.000
831.000	324.000
832.000	343.000
833.000	332.000
834.000	320.000
835.000	292.000
836.000	328.000
837.000	315.000
838.000	356.000
839.000	380.000
840.000	343.000
841.000	351.000
842.000	329.000
843.000	353.000
844.000	360.000
845.000	343.000
846.000	367.000
847.000	330.000
848.000	385.000
849.000	343.000
850.000	342.000
851.000	362.000
852.000	331.000
853.000	363.000
854.000	358.000
855.000	396.000
856.000	346.000
857.000	362.000
858.000	395.000
859.000	396.000
860.000	357.000
861.000	409.000
862.000	424.000
863.000	377.000
864.000	400.000
865.000	377.000
866.000	432.000
867.000	437.000
868.000	400.000
869.000	475.000
870.000	462.000
871.000	458.000
872.000	504.000
873.000	563.000
874.000	542.000
875.000	551.000
876.000	520.000
877.000	574.000
878.000	607.000
879.000	656.000
880.000	637.000
881.000	676.000
882.000	767.000
883.000	771.000
884.000	835.000
885.000	895.000
886.000	937.000
887.000	1017.000
888.000	1073.000
889.000	1102.000
890.000	1211.000
891.000	1273.000
892.000	1296.000
893.000	1385.000
894.000	1437.000
895.000	1505.000
896.000	1507.000
897.000	1588.000
898.000	1540.000
899.000	1589.000
900.000	1543.000
901.000	1625.000
902.000	1538.000
903.000	1626.000
904.000	1531.000
905.000	1454.000
906.000	1495.000
907.000	1424.000
908.000	1354.000
909.000	1302.000
910.000	1320.000
911.000	1209.000
912.000	1089.000
913.000	1023.000
914.000	936.000
915.000	947.000
916.000	891.000
917.000	823.000
918.000	805.000
919.000	749.000
920.000	686.000
921.000	672.000
922.000	630.000
923.000	550.000
924.000	555.000
925.000	547.000
926.000	519.000
927.000	506.000
928.000	468.000
929.000	472.000
930.000	426.000
931.000	404.000
932.000	410.000
933.000	383.000
934.000	422.000
935.000	371.000
936.000	431.000
937.000	383.000
938.000	361.000
939.000	407.000
940.000	397.000
941.000	407.000
942.000	447.000
943.000	465.000
944.000	507.000
945.000	555.000
946.000	605.000
947.000	616.000
948.000	702.000
949.000	720.000
950.000	834.000
951.000	775.000
952.000	884.000
953.000	856.000
954.000	833.000
955.000	798.000
956.000	771.000
957.000	729.000
958.000	730.000
959.000	637.000
960.000	561.000
961.000	552.000
962.000	475.000
963.000	392.000
964.000	368.000
965.000	374.000
966.000	353.000
967.000	336.000
968.000	315.000
969.000	300.000
970.000	309.000
971.000	325.000
972.000	315.000
973.000	300.000
974.000	308.000
975.000	330.000
976.000	307.000
977.000	314.000
978.000	320.000
979.000	319.000
980.000	294.000
981.000	344.000
982.000	344.000
983.000	341.000
984.000	322.000
985.000	308.000
986.000	335.000
987.000	368.000
988.000	374.000
989.000	408.000
990.000	374.000
991.000	364.000
992.000	413.000
993.000	456.000
994.000	420.000
995.000	446.000
996.000	451.000
997.000	435.000
998.000	435.000
999.000	424.000
1000.000	453.000
1001.000	463.000
1002.000	483.000
1003.000	495.000
1004.000	469.000
1005.000	462.000
1006.000	444.000
1007.000	457.000
1008.000	456.000
1009.000	429.000
1010.000	435.000
1011.000	423.000
1012.000	466.000
1013.000	387.000
1014.000	439.000
1015.000	380.000
1016.000	348.000
1017.000	366.000
1018.000	347.000
1019.000	369.000
1020.000	341.000
1021.000	337.000
1022.000	299.000
1023.000	297.000
1024.000	264.000
