Date:	8/19/2008		Time:	10:01 AM		Version no:	0.00		Project name:	55		Sample name:	222		Section name:	section		Position	914.039995	mm	E0	0.000000	keV	E1	1.000000	keV/channel	sample surface	7.792258	cm	Tube anode:	Mo		Tube voltage:	30	kV	Tube current:	50	mA	gain	20		std. database			resultfile	result		matrix element	11		sample thickness	1.000000		air passage	0.560000	cm	comments	in position		peaking_time	3.000000	m-sec	trigger_threshold	1229.166667	V	mca_bin_width	22.090000	no:	number_mca_channels	1024.000000	no:	gap_time	0.400000	m-sec	trigger_peaking_time	0.150000	m-sec	GAINDAC	9455		HIGHGAIN	1		TAURC	0		RCTAU	53		RCTAUFRAC	32768		livetime	9.706179	seconds	runtime	10.000503	seconds	input_count_rate	28.287135	cps	output_count_rate	21.536916	cps	triggers	274560	seconds	events_in_run	215380	seconds	channel	content		1.000	0.000
2.000	0.000
3.000	0.000
4.000	0.000
5.000	0.000
6.000	0.000
7.000	0.000
8.000	0.000
9.000	0.000
10.000	0.000
11.000	0.000
12.000	0.000
13.000	0.000
14.000	0.000
15.000	0.000
16.000	0.000
17.000	0.000
18.000	0.000
19.000	0.000
20.000	0.000
21.000	0.000
22.000	0.000
23.000	0.000
24.000	0.000
25.000	0.000
26.000	0.000
27.000	0.000
28.000	0.000
29.000	0.000
30.000	0.000
31.000	0.000
32.000	1.000
33.000	1.000
34.000	0.000
35.000	0.000
36.000	1.000
37.000	1.000
38.000	2.000
39.000	5.000
40.000	2.000
41.000	1.000
42.000	6.000
43.000	5.000
44.000	5.000
45.000	9.000
46.000	8.000
47.000	9.000
48.000	9.000
49.000	5.000
50.000	3.000
51.000	4.000
52.000	8.000
53.000	12.000
54.000	10.000
55.000	10.000
56.000	7.000
57.000	10.000
58.000	11.000
59.000	5.000
60.000	7.000
61.000	11.000
62.000	12.000
63.000	14.000
64.000	12.000
65.000	14.000
66.000	12.000
67.000	6.000
68.000	6.000
69.000	9.000
70.000	8.000
71.000	11.000
72.000	9.000
73.000	9.000
74.000	6.000
75.000	5.000
76.000	7.000
77.000	11.000
78.000	5.000
79.000	11.000
80.000	9.000
81.000	8.000
82.000	13.000
83.000	8.000
84.000	9.000
85.000	8.000
86.000	10.000
87.000	3.000
88.000	8.000
89.000	7.000
90.000	3.000
91.000	8.000
92.000	4.000
93.000	8.000
94.000	11.000
95.000	8.000
96.000	14.000
97.000	7.000
98.000	8.000
99.000	6.000
100.000	4.000
101.000	9.000
102.000	6.000
103.000	7.000
104.000	3.000
105.000	6.000
106.000	6.000
107.000	9.000
108.000	6.000
109.000	3.000
110.000	6.000
111.000	7.000
112.000	1.000
113.000	7.000
114.000	5.000
115.000	7.000
116.000	7.000
117.000	8.000
118.000	6.000
119.000	8.000
120.000	5.000
121.000	6.000
122.000	7.000
123.000	9.000
124.000	6.000
125.000	8.000
126.000	12.000
127.000	18.000
128.000	15.000
129.000	6.000
130.000	3.000
131.000	5.000
132.000	3.000
133.000	6.000
134.000	8.000
135.000	7.000
136.000	6.000
137.000	9.000
138.000	2.000
139.000	5.000
140.000	8.000
141.000	3.000
142.000	4.000
143.000	4.000
144.000	2.000
145.000	4.000
146.000	4.000
147.000	5.000
148.000	3.000
149.000	5.000
150.000	6.000
151.000	7.000
152.000	6.000
153.000	2.000
154.000	4.000
155.000	4.000
156.000	4.000
157.000	6.000
158.000	5.000
159.000	10.000
160.000	8.000
161.000	15.000
162.000	10.000
163.000	9.000
164.000	7.000
165.000	11.000
166.000	7.000
167.000	4.000
168.000	3.000
169.000	5.000
170.000	4.000
171.000	2.000
172.000	3.000
173.000	4.000
174.000	3.000
175.000	10.000
176.000	6.000
177.000	8.000
178.000	5.000
179.000	14.000
180.000	11.000
181.000	15.000
182.000	18.000
183.000	11.000
184.000	11.000
185.000	9.000
186.000	2.000
187.000	2.000
188.000	0.000
189.000	5.000
190.000	4.000
191.000	6.000
192.000	6.000
193.000	6.000
194.000	2.000
195.000	2.000
196.000	6.000
197.000	7.000
198.000	13.000
199.000	25.000
200.000	19.000
201.000	21.000
202.000	37.000
203.000	31.000
204.000	16.000
205.000	20.000
206.000	18.000
207.000	14.000
208.000	8.000
209.000	7.000
210.000	6.000
211.000	4.000
212.000	2.000
213.000	4.000
214.000	3.000
215.000	3.000
216.000	5.000
217.000	6.000
218.000	6.000
219.000	7.000
220.000	4.000
221.000	6.000
222.000	6.000
223.000	10.000
224.000	6.000
225.000	6.000
226.000	4.000
227.000	2.000
228.000	2.000
229.000	3.000
230.000	3.000
231.000	3.000
232.000	3.000
233.000	3.000
234.000	5.000
235.000	2.000
236.000	1.000
237.000	1.000
238.000	2.000
239.000	3.000
240.000	8.000
241.000	8.000
242.000	4.000
243.000	7.000
244.000	9.000
245.000	15.000
246.000	13.000
247.000	19.000
248.000	9.000
249.000	11.000
250.000	17.000
251.000	7.000
252.000	6.000
253.000	8.000
254.000	12.000
255.000	4.000
256.000	8.000
257.000	7.000
258.000	6.000
259.000	5.000
260.000	2.000
261.000	4.000
262.000	7.000
263.000	5.000
264.000	5.000
265.000	3.000
266.000	11.000
267.000	5.000
268.000	2.000
269.000	9.000
270.000	10.000
271.000	7.000
272.000	6.000
273.000	4.000
274.000	6.000
275.000	3.000
276.000	12.000
277.000	2.000
278.000	5.000
279.000	7.000
280.000	9.000
281.000	4.000
282.000	1.000
283.000	4.000
284.000	6.000
285.000	8.000
286.000	4.000
287.000	6.000
288.000	8.000
289.000	8.000
290.000	4.000
291.000	3.000
292.000	10.000
293.000	8.000
294.000	6.000
295.000	12.000
296.000	10.000
297.000	8.000
298.000	10.000
299.000	15.000
300.000	8.000
301.000	8.000
302.000	12.000
303.000	5.000
304.000	7.000
305.000	7.000
306.000	8.000
307.000	5.000
308.000	10.000
309.000	6.000
310.000	6.000
311.000	6.000
312.000	10.000
313.000	12.000
314.000	4.000
315.000	8.000
316.000	12.000
317.000	14.000
318.000	21.000
319.000	31.000
320.000	31.000
321.000	31.000
322.000	45.000
323.000	38.000
324.000	54.000
325.000	43.000
326.000	29.000
327.000	32.000
328.000	19.000
329.000	17.000
330.000	14.000
331.000	11.000
332.000	8.000
333.000	14.000
334.000	15.000
335.000	14.000
336.000	16.000
337.000	14.000
338.000	15.000
339.000	23.000
340.000	25.000
341.000	46.000
342.000	67.000
343.000	119.000
344.000	195.000
345.000	279.000
346.000	412.000
347.000	608.000
348.000	723.000
349.000	857.000
350.000	914.000
351.000	943.000
352.000	901.000
353.000	798.000
354.000	591.000
355.000	420.000
356.000	300.000
357.000	190.000
358.000	119.000
359.000	91.000
360.000	51.000
361.000	28.000
362.000	37.000
363.000	14.000
364.000	19.000
365.000	13.000
366.000	16.000
367.000	25.000
368.000	24.000
369.000	16.000
370.000	18.000
371.000	22.000
372.000	22.000
373.000	18.000
374.000	21.000
375.000	25.000
376.000	29.000
377.000	30.000
378.000	22.000
379.000	41.000
380.000	61.000
381.000	78.000
382.000	98.000
383.000	145.000
384.000	148.000
385.000	184.000
386.000	180.000
387.000	152.000
388.000	153.000
389.000	163.000
390.000	122.000
391.000	97.000
392.000	76.000
393.000	43.000
394.000	40.000
395.000	25.000
396.000	37.000
397.000	33.000
398.000	16.000
399.000	14.000
400.000	23.000
401.000	34.000
402.000	29.000
403.000	31.000
404.000	25.000
405.000	22.000
406.000	21.000
407.000	26.000
408.000	23.000
409.000	23.000
410.000	27.000
411.000	40.000
412.000	30.000
413.000	29.000
414.000	38.000
415.000	27.000
416.000	26.000
417.000	28.000
418.000	26.000
419.000	34.000
420.000	28.000
421.000	24.000
422.000	29.000
423.000	24.000
424.000	30.000
425.000	31.000
426.000	19.000
427.000	35.000
428.000	38.000
429.000	33.000
430.000	28.000
431.000	40.000
432.000	34.000
433.000	40.000
434.000	20.000
435.000	36.000
436.000	44.000
437.000	44.000
438.000	30.000
439.000	34.000
440.000	35.000
441.000	47.000
442.000	37.000
443.000	43.000
444.000	45.000
445.000	41.000
446.000	37.000
447.000	46.000
448.000	48.000
449.000	57.000
450.000	47.000
451.000	43.000
452.000	42.000
453.000	39.000
454.000	41.000
455.000	38.000
456.000	54.000
457.000	39.000
458.000	37.000
459.000	57.000
460.000	52.000
461.000	50.000
462.000	50.000
463.000	52.000
464.000	29.000
465.000	45.000
466.000	54.000
467.000	48.000
468.000	47.000
469.000	64.000
470.000	50.000
471.000	56.000
472.000	45.000
473.000	64.000
474.000	62.000
475.000	53.000
476.000	52.000
477.000	57.000
478.000	55.000
479.000	41.000
480.000	67.000
481.000	54.000
482.000	61.000
483.000	64.000
484.000	58.000
485.000	57.000
486.000	57.000
487.000	60.000
488.000	62.000
489.000	65.000
490.000	60.000
491.000	72.000
492.000	60.000
493.000	68.000
494.000	65.000
495.000	69.000
496.000	59.000
497.000	69.000
498.000	59.000
499.000	71.000
500.000	66.000
501.000	72.000
502.000	66.000
503.000	76.000
504.000	68.000
505.000	71.000
506.000	83.000
507.000	62.000
508.000	59.000
509.000	55.000
510.000	74.000
511.000	74.000
512.000	75.000
513.000	73.000
514.000	88.000
515.000	88.000
516.000	91.000
517.000	71.000
518.000	75.000
519.000	85.000
520.000	81.000
521.000	88.000
522.000	83.000
523.000	89.000
524.000	78.000
525.000	95.000
526.000	83.000
527.000	86.000
528.000	107.000
529.000	102.000
530.000	110.000
531.000	94.000
532.000	97.000
533.000	104.000
534.000	84.000
535.000	98.000
536.000	106.000
537.000	90.000
538.000	86.000
539.000	99.000
540.000	95.000
541.000	82.000
542.000	96.000
543.000	103.000
544.000	91.000
545.000	87.000
546.000	99.000
547.000	99.000
548.000	122.000
549.000	77.000
550.000	100.000
551.000	96.000
552.000	123.000
553.000	101.000
554.000	118.000
555.000	112.000
556.000	86.000
557.000	90.000
558.000	113.000
559.000	111.000
560.000	107.000
561.000	113.000
562.000	115.000
563.000	120.000
564.000	98.000
565.000	123.000
566.000	98.000
567.000	129.000
568.000	126.000
569.000	106.000
570.000	110.000
571.000	121.000
572.000	126.000
573.000	109.000
574.000	106.000
575.000	110.000
576.000	118.000
577.000	109.000
578.000	113.000
579.000	129.000
580.000	114.000
581.000	119.000
582.000	115.000
583.000	127.000
584.000	107.000
585.000	122.000
586.000	138.000
587.000	129.000
588.000	139.000
589.000	129.000
590.000	120.000
591.000	134.000
592.000	145.000
593.000	127.000
594.000	133.000
595.000	158.000
596.000	133.000
597.000	134.000
598.000	115.000
599.000	135.000
600.000	148.000
601.000	142.000
602.000	128.000
603.000	150.000
604.000	137.000
605.000	133.000
606.000	138.000
607.000	138.000
608.000	152.000
609.000	151.000
610.000	150.000
611.000	156.000
612.000	141.000
613.000	155.000
614.000	156.000
615.000	167.000
616.000	147.000
617.000	159.000
618.000	149.000
619.000	188.000
620.000	178.000
621.000	171.000
622.000	168.000
623.000	147.000
624.000	171.000
625.000	162.000
626.000	168.000
627.000	174.000
628.000	179.000
629.000	184.000
630.000	154.000
631.000	176.000
632.000	166.000
633.000	166.000
634.000	158.000
635.000	165.000
636.000	184.000
637.000	163.000
638.000	170.000
639.000	159.000
640.000	182.000
641.000	203.000
642.000	174.000
643.000	169.000
644.000	180.000
645.000	177.000
646.000	171.000
647.000	179.000
648.000	184.000
649.000	209.000
650.000	166.000
651.000	197.000
652.000	213.000
653.000	192.000
654.000	191.000
655.000	181.000
656.000	203.000
657.000	179.000
658.000	207.000
659.000	195.000
660.000	201.000
661.000	202.000
662.000	198.000
663.000	173.000
664.000	170.000
665.000	184.000
666.000	189.000
667.000	189.000
668.000	205.000
669.000	212.000
670.000	180.000
671.000	203.000
672.000	190.000
673.000	199.000
674.000	217.000
675.000	204.000
676.000	192.000
677.000	176.000
678.000	193.000
679.000	218.000
680.000	211.000
681.000	209.000
682.000	219.000
683.000	216.000
684.000	234.000
685.000	182.000
686.000	204.000
687.000	195.000
688.000	200.000
689.000	216.000
690.000	184.000
691.000	197.000
692.000	211.000
693.000	198.000
694.000	214.000
695.000	220.000
696.000	205.000
697.000	231.000
698.000	190.000
699.000	217.000
700.000	249.000
701.000	221.000
702.000	212.000
703.000	216.000
704.000	204.000
705.000	236.000
706.000	263.000
707.000	226.000
708.000	225.000
709.000	230.000
710.000	220.000
711.000	212.000
712.000	265.000
713.000	212.000
714.000	215.000
715.000	252.000
716.000	246.000
717.000	219.000
718.000	215.000
719.000	262.000
720.000	246.000
721.000	243.000
722.000	264.000
723.000	219.000
724.000	216.000
725.000	236.000
726.000	249.000
727.000	246.000
728.000	206.000
729.000	268.000
730.000	264.000
731.000	280.000
732.000	270.000
733.000	244.000
734.000	244.000
735.000	228.000
736.000	238.000
737.000	212.000
738.000	266.000
739.000	257.000
740.000	231.000
741.000	211.000
742.000	246.000
743.000	253.000
744.000	256.000
745.000	237.000
746.000	276.000
747.000	261.000
748.000	257.000
749.000	233.000
750.000	254.000
751.000	235.000
752.000	252.000
753.000	232.000
754.000	238.000
755.000	257.000
756.000	265.000
757.000	246.000
758.000	240.000
759.000	269.000
760.000	259.000
761.000	243.000
762.000	265.000
763.000	255.000
764.000	254.000
765.000	282.000
766.000	274.000
767.000	247.000
768.000	276.000
769.000	284.000
770.000	289.000
771.000	280.000
772.000	278.000
773.000	278.000
774.000	274.000
775.000	315.000
776.000	274.000
777.000	279.000
778.000	283.000
779.000	276.000
780.000	278.000
781.000	307.000
782.000	267.000
783.000	286.000
784.000	280.000
785.000	239.000
786.000	278.000
787.000	282.000
788.000	275.000
789.000	296.000
790.000	250.000
791.000	297.000
792.000	238.000
793.000	235.000
794.000	259.000
795.000	290.000
796.000	257.000
797.000	257.000
798.000	285.000
799.000	269.000
800.000	267.000
801.000	257.000
802.000	278.000
803.000	288.000
804.000	277.000
805.000	265.000
806.000	285.000
807.000	253.000
808.000	273.000
809.000	266.000
810.000	294.000
811.000	291.000
812.000	277.000
813.000	291.000
814.000	272.000
815.000	280.000
816.000	275.000
817.000	299.000
818.000	269.000
819.000	273.000
820.000	239.000
821.000	313.000
822.000	262.000
823.000	310.000
824.000	276.000
825.000	272.000
826.000	259.000
827.000	259.000
828.000	308.000
829.000	294.000
830.000	299.000
831.000	266.000
832.000	305.000
833.000	294.000
834.000	344.000
835.000	274.000
836.000	284.000
837.000	284.000
838.000	308.000
839.000	294.000
840.000	280.000
841.000	307.000
842.000	319.000
843.000	338.000
844.000	313.000
845.000	292.000
846.000	318.000
847.000	306.000
848.000	310.000
849.000	323.000
850.000	326.000
851.000	320.000
852.000	332.000
853.000	312.000
854.000	368.000
855.000	352.000
856.000	325.000
857.000	385.000
858.000	339.000
859.000	358.000
860.000	365.000
861.000	361.000
862.000	391.000
863.000	397.000
864.000	375.000
865.000	385.000
866.000	382.000
867.000	402.000
868.000	427.000
869.000	418.000
870.000	397.000
871.000	420.000
872.000	439.000
873.000	465.000
874.000	498.000
875.000	471.000
876.000	488.000
877.000	557.000
878.000	542.000
879.000	567.000
880.000	614.000
881.000	614.000
882.000	679.000
883.000	731.000
884.000	714.000
885.000	842.000
886.000	844.000
887.000	907.000
888.000	1019.000
889.000	1068.000
890.000	1029.000
891.000	1136.000
892.000	1199.000
893.000	1258.000
894.000	1212.000
895.000	1308.000
896.000	1333.000
897.000	1404.000
898.000	1341.000
899.000	1436.000
900.000	1405.000
901.000	1445.000
902.000	1402.000
903.000	1403.000
904.000	1379.000
905.000	1321.000
906.000	1270.000
907.000	1315.000
908.000	1233.000
909.000	1187.000
910.000	1048.000
911.000	1094.000
912.000	1010.000
913.000	1012.000
914.000	878.000
915.000	862.000
916.000	799.000
917.000	735.000
918.000	663.000
919.000	661.000
920.000	598.000
921.000	574.000
922.000	539.000
923.000	503.000
924.000	513.000
925.000	470.000
926.000	479.000
927.000	409.000
928.000	377.000
929.000	422.000
930.000	416.000
931.000	411.000
932.000	393.000
933.000	351.000
934.000	340.000
935.000	352.000
936.000	332.000
937.000	324.000
938.000	328.000
939.000	347.000
940.000	330.000
941.000	340.000
942.000	408.000
943.000	422.000
944.000	450.000
945.000	480.000
946.000	569.000
947.000	578.000
948.000	571.000
949.000	643.000
950.000	685.000
951.000	746.000
952.000	755.000
953.000	764.000
954.000	802.000
955.000	718.000
956.000	673.000
957.000	647.000
958.000	635.000
959.000	586.000
960.000	502.000
961.000	451.000
962.000	434.000
963.000	393.000
964.000	397.000
965.000	314.000
966.000	314.000
967.000	279.000
968.000	266.000
969.000	243.000
970.000	300.000
971.000	263.000
972.000	245.000
973.000	259.000
974.000	294.000
975.000	282.000
976.000	272.000
977.000	265.000
978.000	278.000
979.000	293.000
980.000	258.000
981.000	271.000
982.000	317.000
983.000	291.000
984.000	293.000
985.000	326.000
986.000	310.000
987.000	303.000
988.000	304.000
989.000	300.000
990.000	358.000
991.000	357.000
992.000	385.000
993.000	369.000
994.000	386.000
995.000	424.000
996.000	397.000
997.000	367.000
998.000	393.000
999.000	411.000
1000.000	432.000
1001.000	393.000
1002.000	413.000
1003.000	392.000
1004.000	384.000
1005.000	435.000
1006.000	423.000
1007.000	397.000
1008.000	400.000
1009.000	365.000
1010.000	375.000
1011.000	349.000
1012.000	400.000
1013.000	388.000
1014.000	351.000
1015.000	317.000
1016.000	326.000
1017.000	377.000
1018.000	299.000
1019.000	320.000
1020.000	292.000
1021.000	263.000
1022.000	291.000
1023.000	271.000
1024.000	218.000
