Date:	8/19/2008		Time:	9:34 AM		Version no:	0.00		Project name:	55		Sample name:	222		Section name:	section		Position	630.039995	mm	E0	0.000000	keV	E1	1.000000	keV/channel	sample surface	7.601758	cm	Tube anode:	Mo		Tube voltage:	30	kV	Tube current:	50	mA	gain	20		std. database			resultfile	result		matrix element	11		sample thickness	1.000000		air passage	0.560000	cm	comments	in position		peaking_time	3.000000	m-sec	trigger_threshold	1229.166667	V	mca_bin_width	22.090000	no:	number_mca_channels	1024.000000	no:	gap_time	0.400000	m-sec	trigger_peaking_time	0.150000	m-sec	GAINDAC	9455		HIGHGAIN	1		TAURC	0		RCTAU	53		RCTAUFRAC	32768		livetime	9.699234	seconds	runtime	10.000502	seconds	input_count_rate	28.259449	cps	output_count_rate	21.591517	cps	triggers	274095	seconds	events_in_run	215926	seconds	channel	content		1.000	0.000
2.000	0.000
3.000	0.000
4.000	0.000
5.000	0.000
6.000	0.000
7.000	0.000
8.000	0.000
9.000	0.000
10.000	0.000
11.000	0.000
12.000	0.000
13.000	0.000
14.000	0.000
15.000	0.000
16.000	0.000
17.000	0.000
18.000	0.000
19.000	0.000
20.000	0.000
21.000	0.000
22.000	0.000
23.000	0.000
24.000	0.000
25.000	0.000
26.000	0.000
27.000	0.000
28.000	0.000
29.000	0.000
30.000	0.000
31.000	0.000
32.000	1.000
33.000	0.000
34.000	1.000
35.000	1.000
36.000	2.000
37.000	2.000
38.000	5.000
39.000	2.000
40.000	0.000
41.000	6.000
42.000	7.000
43.000	4.000
44.000	8.000
45.000	5.000
46.000	11.000
47.000	2.000
48.000	11.000
49.000	9.000
50.000	9.000
51.000	5.000
52.000	6.000
53.000	9.000
54.000	9.000
55.000	5.000
56.000	8.000
57.000	7.000
58.000	11.000
59.000	6.000
60.000	8.000
61.000	15.000
62.000	13.000
63.000	10.000
64.000	9.000
65.000	12.000
66.000	11.000
67.000	11.000
68.000	14.000
69.000	14.000
70.000	13.000
71.000	5.000
72.000	10.000
73.000	8.000
74.000	10.000
75.000	10.000
76.000	14.000
77.000	8.000
78.000	8.000
79.000	1.000
80.000	6.000
81.000	8.000
82.000	11.000
83.000	15.000
84.000	8.000
85.000	7.000
86.000	9.000
87.000	6.000
88.000	2.000
89.000	11.000
90.000	9.000
91.000	9.000
92.000	3.000
93.000	6.000
94.000	10.000
95.000	10.000
96.000	3.000
97.000	9.000
98.000	8.000
99.000	4.000
100.000	15.000
101.000	6.000
102.000	9.000
103.000	12.000
104.000	12.000
105.000	10.000
106.000	8.000
107.000	17.000
108.000	4.000
109.000	9.000
110.000	9.000
111.000	7.000
112.000	9.000
113.000	8.000
114.000	4.000
115.000	8.000
116.000	5.000
117.000	9.000
118.000	10.000
119.000	8.000
120.000	7.000
121.000	8.000
122.000	6.000
123.000	8.000
124.000	5.000
125.000	13.000
126.000	8.000
127.000	9.000
128.000	14.000
129.000	8.000
130.000	7.000
131.000	12.000
132.000	1.000
133.000	5.000
134.000	10.000
135.000	10.000
136.000	3.000
137.000	6.000
138.000	7.000
139.000	4.000
140.000	5.000
141.000	3.000
142.000	4.000
143.000	5.000
144.000	0.000
145.000	3.000
146.000	6.000
147.000	6.000
148.000	7.000
149.000	5.000
150.000	3.000
151.000	1.000
152.000	7.000
153.000	2.000
154.000	4.000
155.000	6.000
156.000	3.000
157.000	6.000
158.000	6.000
159.000	6.000
160.000	11.000
161.000	13.000
162.000	5.000
163.000	8.000
164.000	13.000
165.000	9.000
166.000	9.000
167.000	4.000
168.000	5.000
169.000	7.000
170.000	7.000
171.000	7.000
172.000	5.000
173.000	5.000
174.000	5.000
175.000	6.000
176.000	7.000
177.000	12.000
178.000	4.000
179.000	9.000
180.000	4.000
181.000	7.000
182.000	2.000
183.000	4.000
184.000	5.000
185.000	4.000
186.000	3.000
187.000	1.000
188.000	2.000
189.000	1.000
190.000	4.000
191.000	4.000
192.000	3.000
193.000	3.000
194.000	4.000
195.000	4.000
196.000	7.000
197.000	13.000
198.000	15.000
199.000	5.000
200.000	18.000
201.000	25.000
202.000	23.000
203.000	26.000
204.000	23.000
205.000	18.000
206.000	19.000
207.000	14.000
208.000	8.000
209.000	7.000
210.000	5.000
211.000	3.000
212.000	7.000
213.000	5.000
214.000	2.000
215.000	4.000
216.000	7.000
217.000	5.000
218.000	3.000
219.000	11.000
220.000	4.000
221.000	6.000
222.000	5.000
223.000	7.000
224.000	4.000
225.000	6.000
226.000	1.000
227.000	2.000
228.000	3.000
229.000	4.000
230.000	6.000
231.000	5.000
232.000	3.000
233.000	2.000
234.000	5.000
235.000	2.000
236.000	4.000
237.000	2.000
238.000	2.000
239.000	4.000
240.000	4.000
241.000	5.000
242.000	2.000
243.000	3.000
244.000	5.000
245.000	5.000
246.000	7.000
247.000	7.000
248.000	12.000
249.000	7.000
250.000	9.000
251.000	12.000
252.000	8.000
253.000	5.000
254.000	5.000
255.000	5.000
256.000	7.000
257.000	5.000
258.000	3.000
259.000	4.000
260.000	4.000
261.000	5.000
262.000	1.000
263.000	5.000
264.000	7.000
265.000	2.000
266.000	1.000
267.000	8.000
268.000	7.000
269.000	7.000
270.000	8.000
271.000	8.000
272.000	5.000
273.000	8.000
274.000	5.000
275.000	5.000
276.000	6.000
277.000	4.000
278.000	5.000
279.000	6.000
280.000	8.000
281.000	4.000
282.000	6.000
283.000	10.000
284.000	6.000
285.000	8.000
286.000	9.000
287.000	3.000
288.000	8.000
289.000	13.000
290.000	6.000
291.000	2.000
292.000	7.000
293.000	11.000
294.000	7.000
295.000	6.000
296.000	7.000
297.000	11.000
298.000	7.000
299.000	6.000
300.000	13.000
301.000	8.000
302.000	11.000
303.000	6.000
304.000	8.000
305.000	10.000
306.000	10.000
307.000	5.000
308.000	7.000
309.000	6.000
310.000	5.000
311.000	2.000
312.000	6.000
313.000	13.000
314.000	6.000
315.000	4.000
316.000	12.000
317.000	13.000
318.000	27.000
319.000	33.000
320.000	36.000
321.000	49.000
322.000	56.000
323.000	42.000
324.000	54.000
325.000	42.000
326.000	29.000
327.000	31.000
328.000	33.000
329.000	15.000
330.000	16.000
331.000	12.000
332.000	11.000
333.000	9.000
334.000	11.000
335.000	15.000
336.000	13.000
337.000	12.000
338.000	14.000
339.000	19.000
340.000	19.000
341.000	32.000
342.000	42.000
343.000	61.000
344.000	97.000
345.000	162.000
346.000	242.000
347.000	372.000
348.000	434.000
349.000	514.000
350.000	569.000
351.000	596.000
352.000	500.000
353.000	479.000
354.000	353.000
355.000	313.000
356.000	189.000
357.000	133.000
358.000	80.000
359.000	63.000
360.000	34.000
361.000	17.000
362.000	20.000
363.000	10.000
364.000	13.000
365.000	11.000
366.000	16.000
367.000	21.000
368.000	7.000
369.000	14.000
370.000	15.000
371.000	21.000
372.000	16.000
373.000	10.000
374.000	18.000
375.000	23.000
376.000	22.000
377.000	23.000
378.000	21.000
379.000	28.000
380.000	32.000
381.000	54.000
382.000	65.000
383.000	77.000
384.000	92.000
385.000	96.000
386.000	120.000
387.000	103.000
388.000	111.000
389.000	95.000
390.000	79.000
391.000	69.000
392.000	47.000
393.000	31.000
394.000	33.000
395.000	14.000
396.000	26.000
397.000	19.000
398.000	22.000
399.000	17.000
400.000	15.000
401.000	17.000
402.000	14.000
403.000	9.000
404.000	25.000
405.000	12.000
406.000	17.000
407.000	21.000
408.000	23.000
409.000	14.000
410.000	22.000
411.000	26.000
412.000	23.000
413.000	27.000
414.000	24.000
415.000	20.000
416.000	21.000
417.000	19.000
418.000	30.000
419.000	20.000
420.000	22.000
421.000	21.000
422.000	24.000
423.000	28.000
424.000	21.000
425.000	28.000
426.000	21.000
427.000	28.000
428.000	31.000
429.000	24.000
430.000	24.000
431.000	26.000
432.000	25.000
433.000	27.000
434.000	22.000
435.000	24.000
436.000	39.000
437.000	27.000
438.000	29.000
439.000	29.000
440.000	35.000
441.000	31.000
442.000	39.000
443.000	28.000
444.000	34.000
445.000	42.000
446.000	27.000
447.000	29.000
448.000	34.000
449.000	49.000
450.000	36.000
451.000	30.000
452.000	42.000
453.000	34.000
454.000	41.000
455.000	40.000
456.000	48.000
457.000	37.000
458.000	32.000
459.000	51.000
460.000	38.000
461.000	46.000
462.000	37.000
463.000	51.000
464.000	34.000
465.000	37.000
466.000	37.000
467.000	46.000
468.000	40.000
469.000	34.000
470.000	48.000
471.000	47.000
472.000	49.000
473.000	53.000
474.000	52.000
475.000	46.000
476.000	47.000
477.000	39.000
478.000	43.000
479.000	42.000
480.000	45.000
481.000	56.000
482.000	52.000
483.000	52.000
484.000	45.000
485.000	45.000
486.000	48.000
487.000	41.000
488.000	57.000
489.000	57.000
490.000	37.000
491.000	65.000
492.000	46.000
493.000	50.000
494.000	41.000
495.000	45.000
496.000	63.000
497.000	44.000
498.000	51.000
499.000	54.000
500.000	46.000
501.000	49.000
502.000	73.000
503.000	59.000
504.000	74.000
505.000	62.000
506.000	63.000
507.000	68.000
508.000	70.000
509.000	58.000
510.000	57.000
511.000	53.000
512.000	58.000
513.000	64.000
514.000	56.000
515.000	67.000
516.000	62.000
517.000	64.000
518.000	79.000
519.000	93.000
520.000	70.000
521.000	72.000
522.000	64.000
523.000	71.000
524.000	77.000
525.000	72.000
526.000	62.000
527.000	85.000
528.000	89.000
529.000	92.000
530.000	71.000
531.000	87.000
532.000	76.000
533.000	76.000
534.000	56.000
535.000	88.000
536.000	69.000
537.000	79.000
538.000	81.000
539.000	73.000
540.000	86.000
541.000	88.000
542.000	75.000
543.000	84.000
544.000	85.000
545.000	89.000
546.000	88.000
547.000	83.000
548.000	86.000
549.000	94.000
550.000	79.000
551.000	89.000
552.000	88.000
553.000	92.000
554.000	89.000
555.000	75.000
556.000	99.000
557.000	99.000
558.000	85.000
559.000	81.000
560.000	108.000
561.000	96.000
562.000	90.000
563.000	90.000
564.000	88.000
565.000	108.000
566.000	111.000
567.000	85.000
568.000	95.000
569.000	93.000
570.000	88.000
571.000	101.000
572.000	104.000
573.000	110.000
574.000	90.000
575.000	101.000
576.000	122.000
577.000	103.000
578.000	133.000
579.000	115.000
580.000	107.000
581.000	112.000
582.000	109.000
583.000	115.000
584.000	93.000
585.000	115.000
586.000	88.000
587.000	122.000
588.000	123.000
589.000	104.000
590.000	123.000
591.000	104.000
592.000	100.000
593.000	122.000
594.000	119.000
595.000	109.000
596.000	124.000
597.000	122.000
598.000	122.000
599.000	119.000
600.000	120.000
601.000	126.000
602.000	105.000
603.000	144.000
604.000	125.000
605.000	138.000
606.000	120.000
607.000	122.000
608.000	135.000
609.000	120.000
610.000	134.000
611.000	128.000
612.000	141.000
613.000	135.000
614.000	135.000
615.000	128.000
616.000	131.000
617.000	137.000
618.000	141.000
619.000	145.000
620.000	161.000
621.000	129.000
622.000	168.000
623.000	140.000
624.000	153.000
625.000	140.000
626.000	148.000
627.000	160.000
628.000	146.000
629.000	169.000
630.000	159.000
631.000	145.000
632.000	159.000
633.000	157.000
634.000	163.000
635.000	165.000
636.000	153.000
637.000	162.000
638.000	176.000
639.000	161.000
640.000	180.000
641.000	152.000
642.000	150.000
643.000	157.000
644.000	169.000
645.000	157.000
646.000	190.000
647.000	159.000
648.000	176.000
649.000	165.000
650.000	183.000
651.000	202.000
652.000	175.000
653.000	197.000
654.000	183.000
655.000	172.000
656.000	178.000
657.000	159.000
658.000	191.000
659.000	186.000
660.000	198.000
661.000	187.000
662.000	176.000
663.000	164.000
664.000	174.000
665.000	167.000
666.000	175.000
667.000	189.000
668.000	167.000
669.000	203.000
670.000	175.000
671.000	186.000
672.000	203.000
673.000	185.000
674.000	168.000
675.000	170.000
676.000	204.000
677.000	180.000
678.000	189.000
679.000	200.000
680.000	209.000
681.000	183.000
682.000	183.000
683.000	203.000
684.000	185.000
685.000	225.000
686.000	186.000
687.000	184.000
688.000	184.000
689.000	212.000
690.000	201.000
691.000	208.000
692.000	215.000
693.000	198.000
694.000	232.000
695.000	212.000
696.000	188.000
697.000	214.000
698.000	195.000
699.000	198.000
700.000	212.000
701.000	219.000
702.000	196.000
703.000	211.000
704.000	237.000
705.000	220.000
706.000	232.000
707.000	191.000
708.000	201.000
709.000	216.000
710.000	247.000
711.000	209.000
712.000	213.000
713.000	204.000
714.000	246.000
715.000	228.000
716.000	210.000
717.000	210.000
718.000	230.000
719.000	229.000
720.000	241.000
721.000	215.000
722.000	226.000
723.000	239.000
724.000	228.000
725.000	230.000
726.000	217.000
727.000	259.000
728.000	244.000
729.000	268.000
730.000	221.000
731.000	244.000
732.000	205.000
733.000	240.000
734.000	195.000
735.000	244.000
736.000	217.000
737.000	230.000
738.000	251.000
739.000	230.000
740.000	273.000
741.000	242.000
742.000	253.000
743.000	242.000
744.000	236.000
745.000	249.000
746.000	211.000
747.000	260.000
748.000	269.000
749.000	219.000
750.000	226.000
751.000	232.000
752.000	242.000
753.000	242.000
754.000	226.000
755.000	227.000
756.000	256.000
757.000	249.000
758.000	254.000
759.000	265.000
760.000	267.000
761.000	262.000
762.000	232.000
763.000	295.000
764.000	262.000
765.000	281.000
766.000	253.000
767.000	274.000
768.000	289.000
769.000	255.000
770.000	271.000
771.000	263.000
772.000	279.000
773.000	304.000
774.000	290.000
775.000	262.000
776.000	305.000
777.000	266.000
778.000	282.000
779.000	277.000
780.000	247.000
781.000	230.000
782.000	287.000
783.000	267.000
784.000	268.000
785.000	280.000
786.000	277.000
787.000	278.000
788.000	253.000
789.000	288.000
790.000	253.000
791.000	296.000
792.000	279.000
793.000	278.000
794.000	296.000
795.000	256.000
796.000	305.000
797.000	269.000
798.000	294.000
799.000	305.000
800.000	317.000
801.000	269.000
802.000	289.000
803.000	265.000
804.000	247.000
805.000	248.000
806.000	280.000
807.000	296.000
808.000	280.000
809.000	291.000
810.000	310.000
811.000	266.000
812.000	302.000
813.000	279.000
814.000	288.000
815.000	267.000
816.000	277.000
817.000	292.000
818.000	326.000
819.000	292.000
820.000	284.000
821.000	282.000
822.000	327.000
823.000	298.000
824.000	285.000
825.000	287.000
826.000	282.000
827.000	360.000
828.000	293.000
829.000	319.000
830.000	323.000
831.000	315.000
832.000	323.000
833.000	287.000
834.000	312.000
835.000	332.000
836.000	279.000
837.000	310.000
838.000	284.000
839.000	326.000
840.000	312.000
841.000	310.000
842.000	338.000
843.000	317.000
844.000	318.000
845.000	335.000
846.000	316.000
847.000	309.000
848.000	333.000
849.000	328.000
850.000	326.000
851.000	327.000
852.000	348.000
853.000	369.000
854.000	342.000
855.000	381.000
856.000	348.000
857.000	377.000
858.000	377.000
859.000	388.000
860.000	368.000
861.000	386.000
862.000	390.000
863.000	355.000
864.000	392.000
865.000	369.000
866.000	410.000
867.000	453.000
868.000	439.000
869.000	446.000
870.000	418.000
871.000	466.000
872.000	430.000
873.000	478.000
874.000	528.000
875.000	542.000
876.000	530.000
877.000	531.000
878.000	620.000
879.000	608.000
880.000	604.000
881.000	681.000
882.000	694.000
883.000	737.000
884.000	824.000
885.000	832.000
886.000	944.000
887.000	958.000
888.000	1019.000
889.000	1090.000
890.000	1141.000
891.000	1211.000
892.000	1312.000
893.000	1306.000
894.000	1367.000
895.000	1384.000
896.000	1547.000
897.000	1477.000
898.000	1501.000
899.000	1479.000
900.000	1466.000
901.000	1435.000
902.000	1506.000
903.000	1440.000
904.000	1424.000
905.000	1427.000
906.000	1388.000
907.000	1360.000
908.000	1291.000
909.000	1184.000
910.000	1167.000
911.000	1130.000
912.000	1070.000
913.000	1029.000
914.000	974.000
915.000	899.000
916.000	823.000
917.000	824.000
918.000	713.000
919.000	716.000
920.000	622.000
921.000	610.000
922.000	573.000
923.000	570.000
924.000	481.000
925.000	465.000
926.000	471.000
927.000	448.000
928.000	472.000
929.000	405.000
930.000	397.000
931.000	375.000
932.000	367.000
933.000	367.000
934.000	359.000
935.000	373.000
936.000	353.000
937.000	369.000
938.000	360.000
939.000	364.000
940.000	359.000
941.000	383.000
942.000	438.000
943.000	451.000
944.000	503.000
945.000	515.000
946.000	607.000
947.000	607.000
948.000	634.000
949.000	683.000
950.000	778.000
951.000	733.000
952.000	829.000
953.000	800.000
954.000	778.000
955.000	740.000
956.000	734.000
957.000	743.000
958.000	686.000
959.000	606.000
960.000	543.000
961.000	467.000
962.000	477.000
963.000	407.000
964.000	373.000
965.000	376.000
966.000	339.000
967.000	379.000
968.000	318.000
969.000	305.000
970.000	276.000
971.000	284.000
972.000	299.000
973.000	308.000
974.000	286.000
975.000	290.000
976.000	305.000
977.000	295.000
978.000	312.000
979.000	290.000
980.000	315.000
981.000	308.000
982.000	293.000
983.000	306.000
984.000	338.000
985.000	304.000
986.000	334.000
987.000	340.000
988.000	339.000
989.000	359.000
990.000	357.000
991.000	355.000
992.000	395.000
993.000	370.000
994.000	368.000
995.000	435.000
996.000	411.000
997.000	443.000
998.000	441.000
999.000	429.000
1000.000	467.000
1001.000	454.000
1002.000	437.000
1003.000	445.000
1004.000	445.000
1005.000	446.000
1006.000	482.000
1007.000	441.000
1008.000	444.000
1009.000	414.000
1010.000	429.000
1011.000	404.000
1012.000	411.000
1013.000	421.000
1014.000	379.000
1015.000	387.000
1016.000	371.000
1017.000	364.000
1018.000	346.000
1019.000	348.000
1020.000	324.000
1021.000	301.000
1022.000	300.000
1023.000	257.000
1024.000	265.000
