Date:	8/19/2008		Time:	8:38 AM		Version no:	0.00		Project name:	55		Sample name:	222		Section name:	section		Position	32.039995	mm	E0	0.000000	keV	E1	1.000000	keV/channel	sample surface	7.660891	cm	Tube anode:	Mo		Tube voltage:	30	kV	Tube current:	50	mA	gain	20		std. database			resultfile	result		matrix element	11		sample thickness	1.000000		air passage	0.560000	cm	comments	not in position		peaking_time	3.000000	m-sec	trigger_threshold	1229.166667	V	mca_bin_width	22.090000	no:	number_mca_channels	1024.000000	no:	gap_time	0.400000	m-sec	trigger_peaking_time	0.150000	m-sec	GAINDAC	9455		HIGHGAIN	1		TAURC	0		RCTAU	53		RCTAUFRAC	32768		livetime	9.680970	seconds	runtime	10.000502	seconds	input_count_rate	30.167846	cps	output_count_rate	22.694062	cps	triggers	292054	seconds	events_in_run	226952	seconds	channel	content		1.000	0.000
2.000	0.000
3.000	0.000
4.000	0.000
5.000	0.000
6.000	0.000
7.000	0.000
8.000	0.000
9.000	0.000
10.000	0.000
11.000	0.000
12.000	0.000
13.000	0.000
14.000	0.000
15.000	0.000
16.000	0.000
17.000	0.000
18.000	0.000
19.000	0.000
20.000	0.000
21.000	0.000
22.000	0.000
23.000	0.000
24.000	0.000
25.000	0.000
26.000	0.000
27.000	0.000
28.000	0.000
29.000	0.000
30.000	0.000
31.000	0.000
32.000	0.000
33.000	0.000
34.000	0.000
35.000	0.000
36.000	3.000
37.000	5.000
38.000	2.000
39.000	1.000
40.000	2.000
41.000	5.000
42.000	4.000
43.000	3.000
44.000	8.000
45.000	4.000
46.000	5.000
47.000	7.000
48.000	4.000
49.000	6.000
50.000	8.000
51.000	10.000
52.000	12.000
53.000	10.000
54.000	11.000
55.000	10.000
56.000	10.000
57.000	7.000
58.000	8.000
59.000	10.000
60.000	12.000
61.000	11.000
62.000	13.000
63.000	10.000
64.000	11.000
65.000	12.000
66.000	11.000
67.000	13.000
68.000	6.000
69.000	11.000
70.000	15.000
71.000	2.000
72.000	5.000
73.000	12.000
74.000	12.000
75.000	6.000
76.000	10.000
77.000	5.000
78.000	8.000
79.000	9.000
80.000	9.000
81.000	3.000
82.000	15.000
83.000	8.000
84.000	7.000
85.000	9.000
86.000	9.000
87.000	10.000
88.000	5.000
89.000	10.000
90.000	9.000
91.000	6.000
92.000	7.000
93.000	10.000
94.000	5.000
95.000	13.000
96.000	9.000
97.000	6.000
98.000	13.000
99.000	11.000
100.000	11.000
101.000	10.000
102.000	13.000
103.000	9.000
104.000	9.000
105.000	6.000
106.000	8.000
107.000	10.000
108.000	10.000
109.000	6.000
110.000	10.000
111.000	7.000
112.000	10.000
113.000	7.000
114.000	8.000
115.000	4.000
116.000	2.000
117.000	3.000
118.000	8.000
119.000	8.000
120.000	9.000
121.000	0.000
122.000	10.000
123.000	8.000
124.000	14.000
125.000	14.000
126.000	5.000
127.000	13.000
128.000	16.000
129.000	14.000
130.000	10.000
131.000	4.000
132.000	8.000
133.000	4.000
134.000	6.000
135.000	6.000
136.000	4.000
137.000	5.000
138.000	10.000
139.000	5.000
140.000	4.000
141.000	6.000
142.000	7.000
143.000	4.000
144.000	4.000
145.000	2.000
146.000	3.000
147.000	6.000
148.000	6.000
149.000	6.000
150.000	0.000
151.000	2.000
152.000	7.000
153.000	4.000
154.000	4.000
155.000	8.000
156.000	5.000
157.000	6.000
158.000	7.000
159.000	8.000
160.000	10.000
161.000	8.000
162.000	19.000
163.000	13.000
164.000	13.000
165.000	10.000
166.000	6.000
167.000	6.000
168.000	8.000
169.000	4.000
170.000	7.000
171.000	4.000
172.000	6.000
173.000	1.000
174.000	5.000
175.000	2.000
176.000	2.000
177.000	7.000
178.000	5.000
179.000	3.000
180.000	7.000
181.000	11.000
182.000	5.000
183.000	11.000
184.000	9.000
185.000	7.000
186.000	5.000
187.000	4.000
188.000	5.000
189.000	8.000
190.000	3.000
191.000	4.000
192.000	4.000
193.000	2.000
194.000	6.000
195.000	8.000
196.000	6.000
197.000	6.000
198.000	11.000
199.000	25.000
200.000	19.000
201.000	26.000
202.000	38.000
203.000	26.000
204.000	31.000
205.000	25.000
206.000	13.000
207.000	12.000
208.000	10.000
209.000	4.000
210.000	11.000
211.000	4.000
212.000	9.000
213.000	3.000
214.000	1.000
215.000	6.000
216.000	7.000
217.000	6.000
218.000	9.000
219.000	9.000
220.000	7.000
221.000	5.000
222.000	8.000
223.000	7.000
224.000	7.000
225.000	2.000
226.000	9.000
227.000	3.000
228.000	3.000
229.000	5.000
230.000	3.000
231.000	6.000
232.000	3.000
233.000	7.000
234.000	3.000
235.000	1.000
236.000	2.000
237.000	2.000
238.000	5.000
239.000	2.000
240.000	6.000
241.000	3.000
242.000	5.000
243.000	10.000
244.000	9.000
245.000	11.000
246.000	16.000
247.000	18.000
248.000	9.000
249.000	11.000
250.000	11.000
251.000	11.000
252.000	7.000
253.000	7.000
254.000	8.000
255.000	4.000
256.000	12.000
257.000	4.000
258.000	9.000
259.000	7.000
260.000	8.000
261.000	8.000
262.000	8.000
263.000	4.000
264.000	8.000
265.000	9.000
266.000	11.000
267.000	4.000
268.000	1.000
269.000	6.000
270.000	8.000
271.000	6.000
272.000	4.000
273.000	6.000
274.000	5.000
275.000	9.000
276.000	3.000
277.000	7.000
278.000	9.000
279.000	8.000
280.000	5.000
281.000	4.000
282.000	8.000
283.000	2.000
284.000	7.000
285.000	6.000
286.000	4.000
287.000	5.000
288.000	11.000
289.000	5.000
290.000	7.000
291.000	4.000
292.000	7.000
293.000	8.000
294.000	7.000
295.000	8.000
296.000	4.000
297.000	10.000
298.000	5.000
299.000	6.000
300.000	5.000
301.000	7.000
302.000	9.000
303.000	7.000
304.000	7.000
305.000	7.000
306.000	8.000
307.000	5.000
308.000	4.000
309.000	15.000
310.000	7.000
311.000	15.000
312.000	13.000
313.000	12.000
314.000	6.000
315.000	8.000
316.000	14.000
317.000	17.000
318.000	20.000
319.000	27.000
320.000	48.000
321.000	40.000
322.000	47.000
323.000	50.000
324.000	50.000
325.000	56.000
326.000	47.000
327.000	39.000
328.000	30.000
329.000	29.000
330.000	16.000
331.000	12.000
332.000	12.000
333.000	10.000
334.000	15.000
335.000	17.000
336.000	9.000
337.000	13.000
338.000	20.000
339.000	19.000
340.000	24.000
341.000	34.000
342.000	60.000
343.000	80.000
344.000	164.000
345.000	259.000
346.000	353.000
347.000	542.000
348.000	644.000
349.000	797.000
350.000	863.000
351.000	817.000
352.000	791.000
353.000	642.000
354.000	542.000
355.000	375.000
356.000	252.000
357.000	173.000
358.000	102.000
359.000	75.000
360.000	52.000
361.000	28.000
362.000	21.000
363.000	21.000
364.000	21.000
365.000	16.000
366.000	20.000
367.000	20.000
368.000	12.000
369.000	23.000
370.000	6.000
371.000	19.000
372.000	10.000
373.000	23.000
374.000	21.000
375.000	27.000
376.000	26.000
377.000	25.000
378.000	34.000
379.000	43.000
380.000	38.000
381.000	69.000
382.000	109.000
383.000	112.000
384.000	148.000
385.000	127.000
386.000	154.000
387.000	133.000
388.000	142.000
389.000	125.000
390.000	108.000
391.000	90.000
392.000	62.000
393.000	51.000
394.000	34.000
395.000	32.000
396.000	26.000
397.000	32.000
398.000	24.000
399.000	25.000
400.000	22.000
401.000	20.000
402.000	25.000
403.000	20.000
404.000	23.000
405.000	27.000
406.000	33.000
407.000	33.000
408.000	23.000
409.000	25.000
410.000	22.000
411.000	31.000
412.000	21.000
413.000	30.000
414.000	37.000
415.000	42.000
416.000	31.000
417.000	31.000
418.000	38.000
419.000	23.000
420.000	26.000
421.000	33.000
422.000	33.000
423.000	36.000
424.000	20.000
425.000	34.000
426.000	32.000
427.000	24.000
428.000	29.000
429.000	43.000
430.000	37.000
431.000	25.000
432.000	43.000
433.000	37.000
434.000	34.000
435.000	37.000
436.000	45.000
437.000	31.000
438.000	32.000
439.000	29.000
440.000	37.000
441.000	60.000
442.000	32.000
443.000	46.000
444.000	56.000
445.000	46.000
446.000	35.000
447.000	48.000
448.000	48.000
449.000	39.000
450.000	46.000
451.000	42.000
452.000	50.000
453.000	55.000
454.000	41.000
455.000	50.000
456.000	58.000
457.000	64.000
458.000	50.000
459.000	50.000
460.000	56.000
461.000	42.000
462.000	42.000
463.000	62.000
464.000	52.000
465.000	45.000
466.000	31.000
467.000	51.000
468.000	49.000
469.000	57.000
470.000	55.000
471.000	53.000
472.000	49.000
473.000	62.000
474.000	54.000
475.000	63.000
476.000	38.000
477.000	50.000
478.000	49.000
479.000	65.000
480.000	57.000
481.000	56.000
482.000	49.000
483.000	44.000
484.000	60.000
485.000	60.000
486.000	63.000
487.000	61.000
488.000	63.000
489.000	55.000
490.000	57.000
491.000	46.000
492.000	50.000
493.000	66.000
494.000	56.000
495.000	48.000
496.000	69.000
497.000	51.000
498.000	79.000
499.000	69.000
500.000	67.000
501.000	74.000
502.000	83.000
503.000	81.000
504.000	68.000
505.000	73.000
506.000	68.000
507.000	81.000
508.000	79.000
509.000	66.000
510.000	76.000
511.000	69.000
512.000	81.000
513.000	73.000
514.000	79.000
515.000	90.000
516.000	68.000
517.000	77.000
518.000	94.000
519.000	72.000
520.000	86.000
521.000	83.000
522.000	89.000
523.000	87.000
524.000	79.000
525.000	88.000
526.000	90.000
527.000	89.000
528.000	93.000
529.000	70.000
530.000	82.000
531.000	105.000
532.000	92.000
533.000	94.000
534.000	89.000
535.000	95.000
536.000	80.000
537.000	93.000
538.000	111.000
539.000	106.000
540.000	92.000
541.000	106.000
542.000	105.000
543.000	90.000
544.000	92.000
545.000	100.000
546.000	106.000
547.000	122.000
548.000	105.000
549.000	80.000
550.000	88.000
551.000	98.000
552.000	109.000
553.000	131.000
554.000	113.000
555.000	120.000
556.000	118.000
557.000	102.000
558.000	102.000
559.000	108.000
560.000	97.000
561.000	94.000
562.000	108.000
563.000	111.000
564.000	110.000
565.000	113.000
566.000	123.000
567.000	123.000
568.000	107.000
569.000	105.000
570.000	106.000
571.000	114.000
572.000	124.000
573.000	127.000
574.000	145.000
575.000	130.000
576.000	142.000
577.000	117.000
578.000	141.000
579.000	145.000
580.000	127.000
581.000	118.000
582.000	137.000
583.000	157.000
584.000	134.000
585.000	135.000
586.000	126.000
587.000	142.000
588.000	118.000
589.000	150.000
590.000	146.000
591.000	128.000
592.000	136.000
593.000	146.000
594.000	154.000
595.000	143.000
596.000	131.000
597.000	136.000
598.000	137.000
599.000	124.000
600.000	136.000
601.000	155.000
602.000	163.000
603.000	156.000
604.000	137.000
605.000	154.000
606.000	153.000
607.000	152.000
608.000	134.000
609.000	143.000
610.000	148.000
611.000	154.000
612.000	150.000
613.000	151.000
614.000	143.000
615.000	134.000
616.000	151.000
617.000	147.000
618.000	146.000
619.000	147.000
620.000	153.000
621.000	156.000
622.000	166.000
623.000	176.000
624.000	176.000
625.000	140.000
626.000	171.000
627.000	157.000
628.000	170.000
629.000	175.000
630.000	170.000
631.000	164.000
632.000	161.000
633.000	159.000
634.000	172.000
635.000	169.000
636.000	187.000
637.000	169.000
638.000	188.000
639.000	178.000
640.000	181.000
641.000	190.000
642.000	161.000
643.000	181.000
644.000	191.000
645.000	197.000
646.000	197.000
647.000	196.000
648.000	213.000
649.000	189.000
650.000	201.000
651.000	184.000
652.000	205.000
653.000	193.000
654.000	218.000
655.000	192.000
656.000	197.000
657.000	187.000
658.000	207.000
659.000	179.000
660.000	226.000
661.000	229.000
662.000	212.000
663.000	175.000
664.000	199.000
665.000	181.000
666.000	215.000
667.000	190.000
668.000	187.000
669.000	211.000
670.000	196.000
671.000	189.000
672.000	210.000
673.000	214.000
674.000	207.000
675.000	210.000
676.000	227.000
677.000	195.000
678.000	202.000
679.000	198.000
680.000	207.000
681.000	224.000
682.000	223.000
683.000	237.000
684.000	254.000
685.000	211.000
686.000	208.000
687.000	215.000
688.000	231.000
689.000	212.000
690.000	242.000
691.000	222.000
692.000	245.000
693.000	207.000
694.000	207.000
695.000	222.000
696.000	207.000
697.000	221.000
698.000	218.000
699.000	223.000
700.000	227.000
701.000	228.000
702.000	230.000
703.000	249.000
704.000	234.000
705.000	236.000
706.000	213.000
707.000	210.000
708.000	243.000
709.000	235.000
710.000	240.000
711.000	222.000
712.000	255.000
713.000	213.000
714.000	244.000
715.000	250.000
716.000	227.000
717.000	258.000
718.000	261.000
719.000	246.000
720.000	241.000
721.000	254.000
722.000	233.000
723.000	246.000
724.000	254.000
725.000	224.000
726.000	277.000
727.000	248.000
728.000	217.000
729.000	246.000
730.000	245.000
731.000	252.000
732.000	274.000
733.000	269.000
734.000	268.000
735.000	234.000
736.000	267.000
737.000	265.000
738.000	253.000
739.000	257.000
740.000	259.000
741.000	231.000
742.000	280.000
743.000	265.000
744.000	260.000
745.000	240.000
746.000	250.000
747.000	233.000
748.000	244.000
749.000	272.000
750.000	259.000
751.000	267.000
752.000	251.000
753.000	240.000
754.000	272.000
755.000	260.000
756.000	279.000
757.000	246.000
758.000	239.000
759.000	277.000
760.000	245.000
761.000	301.000
762.000	269.000
763.000	260.000
764.000	268.000
765.000	292.000
766.000	278.000
767.000	292.000
768.000	290.000
769.000	290.000
770.000	299.000
771.000	313.000
772.000	311.000
773.000	310.000
774.000	322.000
775.000	287.000
776.000	297.000
777.000	280.000
778.000	316.000
779.000	314.000
780.000	308.000
781.000	282.000
782.000	273.000
783.000	308.000
784.000	283.000
785.000	278.000
786.000	272.000
787.000	265.000
788.000	292.000
789.000	296.000
790.000	257.000
791.000	295.000
792.000	275.000
793.000	273.000
794.000	274.000
795.000	302.000
796.000	292.000
797.000	270.000
798.000	277.000
799.000	272.000
800.000	278.000
801.000	257.000
802.000	275.000
803.000	282.000
804.000	284.000
805.000	278.000
806.000	310.000
807.000	303.000
808.000	287.000
809.000	311.000
810.000	273.000
811.000	275.000
812.000	272.000
813.000	281.000
814.000	326.000
815.000	343.000
816.000	332.000
817.000	304.000
818.000	287.000
819.000	360.000
820.000	327.000
821.000	312.000
822.000	292.000
823.000	320.000
824.000	278.000
825.000	345.000
826.000	316.000
827.000	287.000
828.000	301.000
829.000	315.000
830.000	318.000
831.000	307.000
832.000	318.000
833.000	317.000
834.000	310.000
835.000	323.000
836.000	317.000
837.000	302.000
838.000	339.000
839.000	344.000
840.000	321.000
841.000	315.000
842.000	326.000
843.000	314.000
844.000	336.000
845.000	338.000
846.000	349.000
847.000	318.000
848.000	342.000
849.000	313.000
850.000	335.000
851.000	315.000
852.000	342.000
853.000	346.000
854.000	368.000
855.000	360.000
856.000	343.000
857.000	375.000
858.000	363.000
859.000	391.000
860.000	376.000
861.000	363.000
862.000	419.000
863.000	471.000
864.000	391.000
865.000	417.000
866.000	416.000
867.000	397.000
868.000	465.000
869.000	405.000
870.000	450.000
871.000	476.000
872.000	442.000
873.000	443.000
874.000	552.000
875.000	533.000
876.000	545.000
877.000	525.000
878.000	576.000
879.000	646.000
880.000	688.000
881.000	735.000
882.000	746.000
883.000	770.000
884.000	852.000
885.000	893.000
886.000	970.000
887.000	983.000
888.000	1073.000
889.000	1049.000
890.000	1134.000
891.000	1200.000
892.000	1265.000
893.000	1375.000
894.000	1448.000
895.000	1406.000
896.000	1529.000
897.000	1498.000
898.000	1527.000
899.000	1549.000
900.000	1536.000
901.000	1537.000
902.000	1531.000
903.000	1512.000
904.000	1480.000
905.000	1484.000
906.000	1366.000
907.000	1371.000
908.000	1257.000
909.000	1263.000
910.000	1125.000
911.000	1110.000
912.000	1032.000
913.000	1026.000
914.000	925.000
915.000	931.000
916.000	857.000
917.000	774.000
918.000	757.000
919.000	712.000
920.000	678.000
921.000	609.000
922.000	581.000
923.000	517.000
924.000	531.000
925.000	486.000
926.000	506.000
927.000	476.000
928.000	422.000
929.000	410.000
930.000	411.000
931.000	390.000
932.000	385.000
933.000	358.000
934.000	389.000
935.000	345.000
936.000	377.000
937.000	362.000
938.000	380.000
939.000	409.000
940.000	412.000
941.000	396.000
942.000	444.000
943.000	489.000
944.000	440.000
945.000	507.000
946.000	595.000
947.000	606.000
948.000	640.000
949.000	726.000
950.000	720.000
951.000	755.000
952.000	806.000
953.000	844.000
954.000	830.000
955.000	782.000
956.000	804.000
957.000	764.000
958.000	694.000
959.000	569.000
960.000	536.000
961.000	508.000
962.000	442.000
963.000	393.000
964.000	377.000
965.000	349.000
966.000	335.000
967.000	316.000
968.000	289.000
969.000	334.000
970.000	287.000
971.000	274.000
972.000	287.000
973.000	304.000
974.000	275.000
975.000	297.000
976.000	311.000
977.000	322.000
978.000	284.000
979.000	299.000
980.000	324.000
981.000	317.000
982.000	319.000
983.000	289.000
984.000	335.000
985.000	305.000
986.000	339.000
987.000	338.000
988.000	343.000
989.000	348.000
990.000	368.000
991.000	407.000
992.000	397.000
993.000	399.000
994.000	402.000
995.000	388.000
996.000	396.000
997.000	426.000
998.000	460.000
999.000	448.000
1000.000	444.000
1001.000	467.000
1002.000	424.000
1003.000	477.000
1004.000	428.000
1005.000	429.000
1006.000	471.000
1007.000	450.000
1008.000	416.000
1009.000	391.000
1010.000	440.000
1011.000	438.000
1012.000	412.000
1013.000	371.000
1014.000	352.000
1015.000	380.000
1016.000	349.000
1017.000	380.000
1018.000	348.000
1019.000	321.000
1020.000	341.000
1021.000	301.000
1022.000	289.000
1023.000	276.000
1024.000	280.000
