Date:	12/05/2016		Time:	03:55		Version no:	0.00		Project name:	55		Sample name:	222		Section name:	section		Position	0.000000	mm	E0	0.000000	keV	E1	1.000000	keV/channel	sample surface	2.000000	cm	Tube anode:	Mo		Tube voltage:	30	kV	Tube current:	50	mA	gain	10		std. database			resultfile	result		matrix element	11		sample thickness	1.000000		air passage	0.560000	cm	comments	not in position		peaking_time	2.200000	m-sec	trigger_threshold	547.363281	V	mca_bin_width	22.090000	no:	number_mca_channels	1024.000000	no:	gap_time	0.150000	m-sec	trigger_peaking_time	0.200000	m-sec	GAINDAC	18610		HIGHGAIN	1		TAURC	1		RCTAU	1		RCTAUFRAC	1		livetime	9.597730	seconds	runtime	10.000494	seconds	input_count_rate	14011.959662	cps	output_count_rate	12167.098459	cps	triggers	134483	seconds	events_in_run	121677	seconds	channel	content		1	0
2	0
3	0
4	0
5	0
6	0
7	0
8	0
9	0
10	0
11	0
12	0
13	0
14	0
15	0
16	0
17	0
18	0
19	0
20	0
21	0
22	0
23	0
24	0
25	0
26	0
27	0
28	0
29	0
30	0
31	36358
32	36277
33	35825
34	35684
35	35289
36	35168
37	35260
38	34786
39	34763
40	34643
41	34736
42	34466
43	34139
44	33969
45	33914
46	34012
47	33689
48	33318
49	33134
50	33103
51	32636
52	32081
53	31837
54	31436
55	30721
56	29776
57	29263
58	28903
59	28119
60	27333
61	26199
62	26092
63	25533
64	25335
65	24543
66	24309
67	23888
68	23061
69	22557
70	21706
71	20849
72	19948
73	19389
74	18983
75	18760
76	18315
77	18505
78	19231
79	20670
80	23078
81	25220
82	26709
83	26100
84	24325
85	22201
86	19929
87	18140
88	16770
89	16221
90	16722
91	19570
92	26299
93	38050
94	53229
95	66677
96	73475
97	70132
98	58760
99	44670
100	32432
101	23666
102	18960
103	16686
104	15151
105	14459
106	14214
107	13955
108	13691
109	13163
110	12635
111	12176
112	11276
113	10973
114	10547
115	10338
116	9885
117	9627
118	9627
119	9567
120	9188
121	9376
122	9079
123	9480
124	9442
125	9370
126	9363
127	9238
128	9208
129	8876
130	8502
131	8177
132	7836
133	7809
134	7673
135	7612
136	7504
137	7439
138	7296
139	7229
140	7341
141	7318
142	7248
143	7421
144	7244
145	7471
146	7224
147	7389
148	7418
149	7544
150	7903
151	8088
152	8291
153	8338
154	8170
155	8845
156	10619
157	14713
158	22917
159	36234
160	53540
161	70985
162	84213
163	88018
164	81157
165	66518
166	47990
167	32180
168	20132
169	13305
170	10354
171	9784
172	11172
173	13406
174	16545
175	21091
176	29500
177	43407
178	66394
179	98578
180	134904
181	166493
182	183814
183	179587
184	155226
185	118286
186	80639
187	49635
188	28768
189	16773
190	11390
191	10394
192	11602
193	15323
194	21302
195	29323
196	40308
197	55116
198	76660
199	104476
200	138702
201	173158
202	198526
203	204701
204	187979
205	155391
206	114966
207	75806
208	45624
209	25770
210	15450
211	9879
212	8220
213	8223
214	9549
215	12303
216	16131
217	21654
218	27811
219	32864
220	35899
221	36381
222	33259
223	27934
224	22221
225	16566
226	12734
227	9945
228	8517
229	7724
230	7251
231	7000
232	7105
233	7156
234	7267
235	7446
236	7950
237	8727
238	10054
239	13443
240	20430
241	33016
242	54118
243	85019
244	124499
245	167747
246	203338
247	225426
248	226555
249	205976
250	171757
251	133023
252	100075
253	75707
254	60582
255	51360
256	45399
257	39502
258	33769
259	28318
260	24338
261	22288
262	22578
263	24266
264	27035
265	31475
266	36705
267	42921
268	49134
269	54701
270	58490
271	58428
272	55142
273	47951
274	39783
275	31652
276	25078
277	20062
278	17608
279	16076
280	15810
281	16218
282	17170
283	17837
284	18837
285	19323
286	20399
287	21571
288	22419
289	23593
290	25026
291	26378
292	28225
293	29421
294	31638
295	33520
296	34472
297	35107
298	34330
299	32177
300	30168
301	28007
302	26038
303	24846
304	24280
305	23698
306	23232
307	23234
308	22828
309	22364
310	22090
311	22325
312	22978
313	24556
314	27964
315	34055
316	45124
317	63016
318	90096
319	126105
320	165973
321	204680
322	234890
323	250394
324	244507
325	219828
326	184014
327	144330
328	106911
329	77973
330	57438
331	45907
332	39623
333	38237
334	39031
335	41045
336	44122
337	50063
338	59954
339	81375
340	126531
341	221605
342	408976
343	750333
344	1320756
345	2179223
346	3346198
347	4746784
348	6205051
349	7462847
350	8265353
351	8418992
352	7885215
353	6793875
354	5392840
355	3939864
356	2659513
357	1662142
358	970370
359	538478
360	289198
361	160521
362	98406
363	71286
364	58929
365	54977
366	54471
367	54423
368	55038
369	56802
370	58477
371	61370
372	64223
373	69068
374	76057
375	86305
376	102759
377	130210
378	177635
379	252579
380	367643
381	529409
382	735011
383	967586
384	1195513
385	1378206
386	1480794
387	1474744
388	1363161
389	1170970
390	932732
391	696065
392	488159
393	323927
394	209843
395	136977
396	94608
397	70946
398	60082
399	55306
400	53987
401	54831
402	56781
403	59786
404	63942
405	68141
406	72737
407	76613
408	79556
409	80539
410	79030
411	77033
412	72410
413	68077
414	63811
415	60394
416	57840
417	55480
418	55301
419	54027
420	55155
421	55383
422	56188
423	57212
424	57965
425	59766
426	60726
427	62295
428	63984
429	66208
430	68536
431	70660
432	73510
433	77375
434	81302
435	86274
436	91875
437	97974
438	104751
439	110206
440	115108
441	119401
442	122214
443	124944
444	125625
445	127043
446	127188
447	128257
448	129366
449	129810
450	132243
451	135131
452	140495
453	148550
454	158782
455	171960
456	184928
457	198322
458	208014
459	212579
460	210547
461	202477
462	189612
463	173633
464	158680
465	145346
466	137428
467	134996
468	135781
469	141073
470	147216
471	152901
472	157620
473	158612
474	156605
475	151491
476	144499
477	137741
478	130161
479	124858
480	121053
481	118236
482	117582
483	117949
484	119186
485	119922
486	121390
487	122742
488	124332
489	126289
490	127954
491	129869
492	131522
493	133857
494	136195
495	138110
496	140939
497	143809
498	147146
499	150533
500	153832
501	158478
502	162770
503	167422
504	171828
505	175372
506	179699
507	182682
508	184326
509	186354
510	187757
511	189410
512	190407
513	193026
514	194428
515	195637
516	197985
517	200712
518	203832
519	206569
520	211852
521	216528
522	222835
523	228872
524	234721
525	243649
526	249821
527	255840
528	259768
529	259550
530	257323
531	252076
532	243870
533	234978
534	225410
535	217938
536	211338
537	207394
538	204969
539	204148
540	205744
541	206679
542	209395
543	210282
544	210993
545	210941
546	209977
547	206959
548	203832
549	199991
550	195524
551	191467
552	189772
553	188146
554	187835
555	187933
556	187732
557	188397
558	188269
559	189404
560	188563
561	189947
562	189593
563	190388
564	190058
565	189953
566	190287
567	190740
568	192766
569	194881
570	196847
571	199538
572	202603
573	206785
574	210186
575	213259
576	216547
577	217907
578	217668
579	218661
580	217589
581	216245
582	216956
583	217072
584	216745
585	216844
586	218175
587	218868
588	221055
589	222651
590	224141
591	226351
592	228157
593	229895
594	231749
595	232601
596	234307
597	234777
598	235009
599	236902
600	236160
601	238028
602	238468
603	236945
604	238104
605	238844
606	238732
607	239811
608	240836
609	242599
610	244925
611	246792
612	250228
613	253055
614	256349
615	258473
616	260805
617	263057
618	264071
619	262577
620	262751
621	261480
622	259604
623	258668
624	257895
625	256182
626	255534
627	255500
628	254951
629	254816
630	254666
631	254457
632	255179
633	256104
634	256149
635	256015
636	257455
637	257381
638	257496
639	258077
640	258788
641	258445
642	259706
643	259390
644	259673
645	261031
646	260265
647	261478
648	261333
649	263169
650	263344
651	264413
652	265964
653	265767
654	266092
655	266633
656	267435
657	268067
658	268295
659	269164
660	269840
661	270795
662	272555
663	271772
664	273953
665	274542
666	275670
667	278002
668	278922
669	280892
670	281317
671	281859
672	283609
673	285005
674	287111
675	287265
676	288136
677	289658
678	291374
679	291860
680	291923
681	294069
682	295055
683	297122
684	298656
685	300212
686	302686
687	303430
688	305682
689	306597
690	308867
691	309751
692	311687
693	309376
694	310940
695	310911
696	312294
697	313858
698	313889
699	314397
700	315892
701	317205
702	317574
703	319125
704	319028
705	320013
706	319823
707	320552
708	321838
709	323150
710	322001
711	323000
712	323733
713	324134
714	323936
715	324358
716	326559
717	326107
718	328793
719	329526
720	331697
721	337508
722	342360
723	349617
724	357165
725	367162
726	378841
727	390377
728	400006
729	410079
730	417417
731	420884
732	419822
733	414860
734	408431
735	398663
736	388990
737	377333
738	368278
739	359876
740	353897
741	349334
742	344893
743	343442
744	342316
745	341347
746	340633
747	341252
748	340443
749	340373
750	342203
751	342129
752	342178
753	341986
754	341646
755	342122
756	342713
757	343323
758	345357
759	347239
760	351702
761	356937
762	363794
763	376149
764	389818
765	408855
766	429940
767	457725
768	483061
769	510713
770	535508
771	556185
772	566025
773	572577
774	568210
775	554576
776	533127
777	509629
778	482087
779	453054
780	428220
781	405664
782	386631
783	372029
784	363254
785	354881
786	350588
787	348023
788	347005
789	345652
790	344881
791	345017
792	345313
793	345469
794	345376
795	346485
796	347451
797	347182
798	347176
799	348030
800	349413
801	350043
802	350967
803	353070
804	355260
805	357260
806	359752
807	362527
808	367024
809	370706
810	376649
811	381251
812	387147
813	392182
814	396826
815	401387
816	402357
817	403742
818	402531
819	401041
820	397697
821	394099
822	389500
823	386176
824	381138
825	378451
826	376355
827	375034
828	374453
829	374740
830	374952
831	376320
832	377199
833	377908
834	377215
835	378135
836	379309
837	380992
838	382470
839	383388
840	384376
841	387401
842	389701
843	392545
844	393880
845	395319
846	399969
847	403051
848	407728
849	411888
850	418645
851	426306
852	434365
853	444896
854	455841
855	469391
856	482982
857	496815
858	508961
859	521437
860	533358
861	543550
862	549648
863	555897
864	558888
865	559146
866	557970
867	555913
868	554121
869	552283
870	553631
871	557158
872	563331
873	572378
874	586257
875	600600
876	619377
877	642265
878	668988
879	693869
880	725510
881	760141
882	797010
883	835341
884	878182
885	920778
886	967143
887	1014372
888	1060333
889	1109622
890	1156163
891	1200371
892	1243971
893	1280654
894	1315955
895	1347176
896	1369593
897	1384670
898	1397261
899	1404335
900	1402524
901	1392548
902	1378801
903	1357577
904	1330905
905	1301467
906	1264733
907	1225607
908	1183246
909	1137493
910	1092357
911	1046595
912	1001455
913	952310
914	907501
915	865017
916	822826
917	781459
918	745244
919	711544
920	678427
921	649095
922	621591
923	593126
924	572042
925	549751
926	531636
927	512975
928	497466
929	483641
930	469650
931	457117
932	448326
933	441359
934	434314
935	429679
936	428442
937	429607
938	434437
939	446164
940	463870
941	487685
942	520123
943	563482
944	614866
945	673567
946	738952
947	806737
948	875165
949	941024
950	997679
951	1042961
952	1071558
953	1084208
954	1074725
955	1046919
956	1000094
957	935454
958	862114
959	781060
960	700819
961	626141
962	557366
963	501737
964	452841
965	417511
966	387681
967	367517
968	352108
969	342828
970	337426
971	333164
972	330138
973	328708
974	329227
975	329920
976	331367
977	333167
978	335363
979	337370
980	340078
981	344176
982	345662
983	352034
984	356522
985	361287
986	365630
987	372596
988	377975
989	384766
990	391958
991	397455
992	403889
993	411265
994	417415
995	422745
996	427134
997	433109
998	436327
999	440206
1000	442519
1001	444991
1002	444606
1003	443885
1004	442654
1005	439202
1006	436962
1007	431671
1008	428921
1009	421767
1010	415213
1011	407645
1012	399338
1013	390208
1014	380966
1015	372780
1016	363050
1017	354511
1018	342785
1019	333770
1020	324640
1021	315326
1022	305113
1023	295945
1024	288681
