Date:	10/05/2016		Time:	11:08		Version no:	0.00		Project name:	55		Sample name:	222		Section name:	section		Position	0.000000	mm	E0	0.000000	keV	E1	1.000000	keV/channel	sample surface	2.000000	cm	Tube anode:	Mo		Tube voltage:	30	kV	Tube current:	50	mA	gain	10		std. database			resultfile	result		matrix element	11		sample thickness	1.000000		air passage	0.560000	cm	comments	not in position		peaking_time	2.200000	m-sec	trigger_threshold	547.363281	V	mca_bin_width	22.090000	no:	number_mca_channels	1024.000000	no:	gap_time	0.150000	m-sec	trigger_peaking_time	0.200000	m-sec	GAINDAC	18610		HIGHGAIN	1		TAURC	1		RCTAU	1		RCTAUFRAC	1		livetime	9.509452	seconds	runtime	10.000493	seconds	input_count_rate	21510.282611	cps	output_count_rate	17945.815630	cps	triggers	204551	seconds	events_in_run	179467	seconds	channel	content		1	0
2	0
3	0
4	0
5	0
6	0
7	0
8	0
9	0
10	0
11	0
12	0
13	0
14	0
15	0
16	0
17	0
18	0
19	0
20	0
21	0
22	0
23	0
24	0
25	0
26	0
27	0
28	0
29	0
30	0
31	15840
32	15570
33	15525
34	15482
35	15390
36	15348
37	15167
38	15035
39	15074
40	14838
41	14966
42	15271
43	14827
44	14891
45	14848
46	14795
47	14724
48	14816
49	14616
50	14713
51	14403
52	14140
53	13824
54	13709
55	13383
56	13231
57	12859
58	12527
59	12265
60	12059
61	11648
62	11408
63	11092
64	10657
65	10632
66	10481
67	10282
68	9928
69	9694
70	9390
71	9002
72	8920
73	8533
74	8299
75	8169
76	8062
77	8416
78	8810
79	10019
80	11273
81	12874
82	13877
83	13950
84	12837
85	11604
86	10435
87	9466
88	8825
89	8149
90	8371
91	10251
92	14811
93	22577
94	32586
95	41648
96	46064
97	44237
98	36655
99	27198
100	18811
101	13227
102	10315
103	8712
104	8001
105	7423
106	7483
107	7400
108	7214
109	6903
110	6548
111	6098
112	5663
113	5367
114	5259
115	5007
116	4697
117	4677
118	4794
119	4659
120	4640
121	4791
122	4570
123	4750
124	4844
125	5089
126	5397
127	5502
128	5103
129	4901
130	4646
131	4404
132	4135
133	3955
134	3934
135	3945
136	3810
137	3751
138	3721
139	3665
140	3770
141	3630
142	3776
143	3887
144	3921
145	3944
146	3962
147	3951
148	4121
149	4191
150	4457
151	4679
152	4792
153	4788
154	4603
155	4532
156	4684
157	5749
158	7602
159	11012
160	15210
161	19506
162	22854
163	24084
164	22269
165	18535
166	13914
167	9817
168	6732
169	5289
170	4556
171	4508
172	5157
173	6228
174	7804
175	11740
176	19324
177	33339
178	55932
179	87526
180	123248
181	154530
182	171103
183	166876
184	143979
185	109305
186	73868
187	44571
188	24969
189	13846
190	8779
191	7585
192	9028
193	12400
194	17912
195	25225
196	34526
197	47251
198	63762
199	86756
200	112997
201	139617
202	158653
203	163484
204	150995
205	124144
206	91498
207	60033
208	35982
209	19813
210	11391
211	6908
212	5589
213	5532
214	6725
215	8569
216	12088
217	16534
218	21226
219	25271
220	28080
221	28567
222	25751
223	22154
224	17089
225	12689
226	9237
227	7184
228	5717
229	5068
230	4558
231	4468
232	4426
233	4521
234	4559
235	4816
236	5276
237	5995
238	7191
239	9920
240	15129
241	25567
242	42116
243	66358
244	97946
245	131522
246	160662
247	176681
248	177756
249	161743
250	134232
251	104220
252	78044
253	59231
254	47658
255	40955
256	35811
257	31245
258	26433
259	21713
260	18017
261	16974
262	16545
263	18405
264	21594
265	25276
266	29621
267	34629
268	40011
269	44865
270	47574
271	47291
272	44937
273	38791
274	32100
275	25335
276	19330
277	15766
278	13410
279	12185
280	12196
281	12677
282	13344
283	13994
284	14698
285	15163
286	15711
287	16450
288	17361
289	18334
290	19377
291	20597
292	21741
293	23197
294	24788
295	26827
296	27251
297	27462
298	26365
299	25213
300	23017
301	21360
302	19642
303	18478
304	17957
305	17909
306	17641
307	17820
308	17670
309	17499
310	17630
311	17764
312	18397
313	19199
314	21801
315	27300
316	36169
317	50450
318	73601
319	102690
320	136481
321	168732
322	194548
323	206336
324	201806
325	181814
326	151151
327	118380
328	87266
329	62821
330	45942
331	35879
332	30501
333	29047
334	29613
335	31476
336	34162
337	38998
338	47186
339	64562
340	100867
341	176222
342	328347
343	607360
344	1077895
345	1787117
346	2758821
347	3927186
348	5145428
349	6206796
350	6874341
351	7003522
352	6560645
353	5642746
354	4472058
355	3261482
356	2193661
357	1366640
358	795913
359	438364
360	235203
361	128315
362	77727
363	54266
364	45405
365	41553
366	40248
367	40515
368	41279
369	43004
370	44383
371	46139
372	49179
373	52872
374	58142
375	66128
376	79255
377	100743
378	137740
379	197380
380	287160
381	412910
382	573147
383	755058
384	933426
385	1076656
386	1156938
387	1153608
388	1064890
389	914668
390	729712
391	543041
392	376995
393	248644
394	158950
395	101306
396	67999
397	50082
398	41538
399	38222
400	37006
401	37690
402	38676
403	40390
404	43095
405	45476
406	48015
407	50141
408	51486
409	52589
410	51952
411	50532
412	48495
413	45808
414	43206
415	41206
416	39464
417	39152
418	38699
419	38571
420	38186
421	38508
422	38783
423	39281
424	39806
425	39829
426	40574
427	41253
428	42036
429	43418
430	44150
431	45117
432	47304
433	49084
434	51937
435	54945
436	58869
437	63017
438	67020
439	70963
440	74872
441	77255
442	79242
443	81584
444	82107
445	83149
446	82986
447	83221
448	82968
449	84043
450	84102
451	86340
452	88961
453	92971
454	98564
455	105415
456	113845
457	121996
458	127233
459	130334
460	130207
461	124880
462	117961
463	107954
464	98894
465	92123
466	87330
467	85556
468	86316
469	90230
470	94383
471	99186
472	101237
473	101501
474	99925
475	96553
476	91920
477	86131
478	81766
479	78463
480	75396
481	73963
482	72804
483	72645
484	73022
485	72819
486	73831
487	73824
488	74986
489	75022
490	76293
491	76014
492	76584
493	77921
494	78955
495	80122
496	81745
497	82613
498	84727
499	87158
500	89866
501	92816
502	96258
503	98278
504	101287
505	104130
506	106875
507	107586
508	109388
509	109895
510	110322
511	111184
512	110833
513	111530
514	112074
515	113211
516	113920
517	115269
518	116507
519	118818
520	121906
521	124091
522	127928
523	130475
524	134487
525	138113
526	142148
527	144544
528	146206
529	146049
530	143768
531	140912
532	135148
533	130826
534	126201
535	121745
536	118718
537	116082
538	115377
539	114498
540	114975
541	115651
542	116322
543	117432
544	118105
545	118149
546	117041
547	115276
548	113190
549	110035
550	108690
551	106311
552	104851
553	103693
554	102419
555	103038
556	103041
557	102376
558	103054
559	103189
560	103464
561	103799
562	104682
563	105203
564	105097
565	105385
566	105567
567	106287
568	107346
569	107620
570	109362
571	110394
572	112681
573	114541
574	115825
575	117720
576	118690
577	119327
578	119199
579	118894
580	118401
581	117337
582	116580
583	116194
584	116018
585	115668
586	116544
587	116336
588	117412
589	118542
590	118640
591	120347
592	121428
593	122335
594	122486
595	122742
596	123587
597	124905
598	124589
599	124801
600	125347
601	125572
602	125871
603	126238
604	125254
605	125687
606	126289
607	126129
608	126479
609	126817
610	127123
611	127994
612	128838
613	130870
614	131840
615	133426
616	133684
617	134282
618	134308
619	134742
620	133993
621	133991
622	132861
623	132195
624	132453
625	131839
626	131306
627	131519
628	132037
629	131566
630	131747
631	131732
632	132355
633	132487
634	132512
635	132895
636	132698
637	133005
638	134035
639	133208
640	133155
641	133077
642	133177
643	132700
644	132469
645	132048
646	132003
647	131627
648	133129
649	132943
650	133341
651	133348
652	133326
653	133426
654	134445
655	134795
656	134938
657	135167
658	135229
659	135557
660	136797
661	136156
662	135691
663	135989
664	136902
665	137023
666	136968
667	137332
668	137999
669	138545
670	139356
671	139485
672	140100
673	140444
674	140860
675	141146
676	142505
677	142608
678	143164
679	143542
680	144198
681	144662
682	145047
683	145482
684	147002
685	148089
686	148378
687	148572
688	150210
689	150894
690	151059
691	152041
692	152532
693	152267
694	152435
695	152665
696	154764
697	155166
698	155505
699	156563
700	157084
701	158297
702	158277
703	158051
704	157252
705	156981
706	156839
707	156700
708	156616
709	156340
710	155543
711	156020
712	156390
713	155965
714	155316
715	156810
716	155577
717	156654
718	157666
719	157819
720	159494
721	162261
722	163741
723	168918
724	172755
725	178085
726	183424
727	189415
728	194417
729	199860
730	203816
731	205382
732	204425
733	202943
734	198149
735	195154
736	188702
737	183107
738	177301
739	172543
740	169507
741	165918
742	163617
743	163147
744	161688
745	161613
746	161390
747	160510
748	161159
749	160703
750	160990
751	160975
752	161273
753	161415
754	161938
755	161779
756	162404
757	162561
758	162684
759	163914
760	165331
761	166858
762	170768
763	174156
764	180659
765	187026
766	196559
767	206402
768	218038
769	228142
770	238671
771	244940
772	251106
773	251621
774	250637
775	245553
776	238271
777	227394
778	216156
779	204688
780	194270
781	185544
782	178268
783	172851
784	168400
785	165162
786	162836
787	162052
788	161410
789	161355
790	160683
791	160698
792	160856
793	161006
794	160914
795	160503
796	160943
797	161600
798	161367
799	161083
800	161475
801	160812
802	162475
803	163192
804	163775
805	164861
806	164167
807	166910
808	167932
809	170464
810	172058
811	173270
812	176881
813	178199
814	181538
815	182653
816	183616
817	183563
818	183891
819	183614
820	182318
821	179924
822	177579
823	175809
824	173840
825	172623
826	171276
827	170531
828	170998
829	170266
830	169998
831	170454
832	171383
833	170943
834	170946
835	172617
836	172704
837	172140
838	172813
839	173580
840	173569
841	175313
842	176494
843	176394
844	177214
845	178679
846	180190
847	180648
848	182193
849	184947
850	187657
851	190340
852	193021
853	198184
854	202250
855	206392
856	212296
857	218073
858	222468
859	228273
860	233536
861	236740
862	238761
863	241825
864	242156
865	242102
866	242127
867	241378
868	242014
869	240445
870	241129
871	241798
872	245788
873	249359
874	254353
875	259949
876	267810
877	277188
878	287355
879	298825
880	310951
881	326578
882	342627
883	360568
884	377685
885	398102
886	418153
887	439322
888	461275
889	481981
890	504652
891	528221
892	548359
893	568158
894	586579
895	602125
896	615783
897	626122
898	632578
899	639271
900	640713
901	640541
902	634844
903	626813
904	616753
905	604495
906	588816
907	572022
908	552973
909	533748
910	512662
911	490195
912	467637
913	446435
914	424287
915	402604
916	382592
917	361924
918	344714
919	327844
920	311149
921	295551
922	282723
923	270658
924	257844
925	247804
926	239177
927	229573
928	221353
929	215302
930	207676
931	202707
932	198742
933	194171
934	190757
935	188557
936	187371
937	188719
938	189399
939	194808
940	201459
941	212453
942	227371
943	244990
944	266491
945	292280
946	319872
947	349650
948	377468
949	406508
950	431292
951	450851
952	465267
953	468709
954	465443
955	452089
956	431146
957	403992
958	372174
959	337130
960	304377
961	269957
962	241534
963	215077
964	195521
965	178939
966	167540
967	159657
968	152993
969	149434
970	145419
971	145379
972	142814
973	142694
974	142384
975	143134
976	143087
977	143976
978	144193
979	145529
980	146787
981	147760
982	149911
983	151343
984	153695
985	155416
986	156724
987	159145
988	161891
989	164405
990	167407
991	171151
992	173091
993	177093
994	179624
995	182407
996	185667
997	187705
998	190454
999	191724
1000	192915
1001	194661
1002	195726
1003	196093
1004	195940
1005	194668
1006	193581
1007	193582
1008	190792
1009	188216
1010	185557
1011	182902
1012	178869
1013	175756
1014	171407
1015	167498
1016	162954
1017	158636
1018	154564
1019	149619
1020	145627
1021	140687
1022	136622
1023	132663
1024	128497
