Date:	11/05/2016		Time:	01:09		Version no:	0.00		Project name:	55		Sample name:	222		Section name:	section		Position	0.000000	mm	E0	0.000000	keV	E1	1.000000	keV/channel	sample surface	2.000000	cm	Tube anode:	Mo		Tube voltage:	30	kV	Tube current:	50	mA	gain	10		std. database			resultfile	result		matrix element	11		sample thickness	1.000000		air passage	0.560000	cm	comments	not in position		peaking_time	2.200000	m-sec	trigger_threshold	547.363281	V	mca_bin_width	22.090000	no:	number_mca_channels	1024.000000	no:	gap_time	0.150000	m-sec	trigger_peaking_time	0.200000	m-sec	GAINDAC	18610		HIGHGAIN	1		TAURC	1		RCTAU	1		RCTAUFRAC	1		livetime	9.370077	seconds	runtime	10.000498	seconds	input_count_rate	25827.536440	cps	output_count_rate	20782.965840	cps	triggers	242006	seconds	events_in_run	207840	seconds	channel	content		1	0
2	0
3	0
4	0
5	0
6	0
7	0
8	0
9	0
10	0
11	0
12	0
13	0
14	0
15	0
16	0
17	0
18	0
19	0
20	0
21	0
22	0
23	0
24	0
25	0
26	0
27	0
28	0
29	0
30	0
31	39526
32	38976
33	38997
34	38421
35	38437
36	38042
37	37946
38	37975
39	37733
40	37421
41	37570
42	37360
43	37309
44	37112
45	37434
46	37265
47	36766
48	36965
49	36126
50	36272
51	35925
52	35533
53	34795
54	34173
55	33307
56	32994
57	32403
58	31781
59	30567
60	30269
61	29360
62	28684
63	27938
64	27496
65	26712
66	26274
67	25652
68	25255
69	24398
70	23569
71	22693
72	22061
73	21496
74	21120
75	20814
76	20481
77	21150
78	22599
79	25891
80	30186
81	34321
82	36747
83	36941
84	33988
85	30322
86	27434
87	24561
88	22491
89	21487
90	23343
91	31270
92	48318
93	77353
94	113732
95	146245
96	163008
97	155022
98	127125
99	92875
100	62473
101	42273
102	30544
103	24326
104	21575
105	20120
106	19301
107	19325
108	18999
109	17880
110	17010
111	15628
112	14697
113	13619
114	13191
115	12667
116	12295
117	12055
118	11904
119	11810
120	11609
121	11684
122	11878
123	11943
124	12114
125	12466
126	12707
127	12179
128	12093
129	11751
130	11125
131	10506
132	10160
133	10013
134	9844
135	9618
136	9535
137	9667
138	9266
139	9268
140	9452
141	9532
142	9608
143	9870
144	9807
145	9744
146	9805
147	10125
148	10692
149	11168
150	11656
151	12636
152	12725
153	12741
154	12118
155	11807
156	12428
157	14809
158	20061
159	28936
160	40165
161	51816
162	60105
163	63102
164	58123
165	48113
166	35984
167	24918
168	17382
169	13135
170	11740
171	11528
172	13304
173	15999
174	21277
175	31142
176	52029
177	88684
178	149678
179	232729
180	326118
181	405860
182	446560
183	436077
184	372890
185	283951
186	190771
187	115331
188	64570
189	35891
190	22986
191	19908
192	23734
193	32664
194	47212
195	66702
196	92770
197	128168
198	177771
199	242482
200	320599
201	396563
202	452266
203	463974
204	427750
205	351044
206	257021
207	169011
208	100171
209	55480
210	30905
211	19035
212	14674
213	14797
214	17791
215	23853
216	33531
217	45426
218	58942
219	71188
220	78651
221	78793
222	71867
223	59669
224	46597
225	33967
226	24598
227	18308
228	14636
229	12599
230	11676
231	11163
232	11179
233	11491
234	12105
235	13007
236	13771
237	15904
238	19496
239	27737
240	43527
241	73499
242	123623
243	196854
244	290097
245	389574
246	476618
247	526652
248	523852
249	476384
250	394603
251	303706
252	224438
253	165480
254	128388
255	106875
256	91654
257	78952
258	66311
259	55155
260	46817
261	43023
262	44176
263	49441
264	57584
265	68678
266	81835
267	97159
268	111782
269	125168
270	133374
271	132808
272	123091
273	107525
274	88014
275	68684
276	53036
277	41486
278	34622
279	31460
280	30944
281	31789
282	33529
283	35827
284	37422
285	39440
286	41278
287	43215
288	45156
289	47827
290	50335
291	53139
292	56601
293	60841
294	65165
295	69226
296	71059
297	71813
298	69537
299	65341
300	60257
301	55415
302	51271
303	48538
304	47307
305	46887
306	46575
307	46223
308	46678
309	46908
310	46572
311	46835
312	47629
313	50362
314	55943
315	66948
316	86865
317	120468
318	168277
319	232006
320	306011
321	377891
322	431193
323	455802
324	444545
325	401316
326	335069
327	262545
328	195689
329	143018
330	107158
331	85898
332	75491
333	72508
334	74811
335	79379
336	87822
337	99693
338	120228
339	165287
340	258618
341	457793
342	850090
343	1569597
344	2768506
345	4575903
346	7018556
347	9958074
348	13003956
349	15624016
350	17269828
351	17538601
352	16384936
353	14073237
354	11126367
355	8107181
356	5449047
357	3394537
358	1973680
359	1086094
360	581158
361	318877
362	192934
363	137115
364	113908
365	105068
366	103185
367	103201
368	105632
369	109456
370	113347
371	118222
372	125273
373	135293
374	147719
375	169181
376	201786
377	259174
378	353510
379	504010
380	733968
381	1052403
382	1454776
383	1909827
384	2356353
385	2711671
386	2904733
387	2885784
388	2663998
389	2281803
390	1819201
391	1351031
392	940550
393	620255
394	395959
395	253943
396	170924
397	127575
398	106397
399	98432
400	96857
401	97927
402	100988
403	105269
404	110550
405	116696
406	123079
407	128491
408	132830
409	134587
410	132706
411	128922
412	123038
413	116931
414	111261
415	105630
416	102365
417	99281
418	97952
419	97864
420	97228
421	97519
422	97645
423	98565
424	99959
425	100883
426	102158
427	105252
428	106215
429	109490
430	111965
431	116049
432	120203
433	124279
434	131534
435	140206
436	149616
437	159546
438	171066
439	180937
440	190646
441	198108
442	203996
443	207614
444	210273
445	211336
446	212048
447	211946
448	213759
449	214737
450	217679
451	222280
452	229968
453	242857
454	259289
455	281387
456	304643
457	327253
458	343970
459	353217
460	350719
461	337325
462	315022
463	290717
464	262432
465	242075
466	227467
467	220071
468	221894
469	228804
470	239207
471	248702
472	254154
473	255375
474	251608
475	244075
476	231992
477	220664
478	208977
479	200302
480	193544
481	189420
482	187193
483	185972
484	186700
485	187854
486	188766
487	190444
488	191416
489	192408
490	194320
491	195443
492	198136
493	200648
494	203047
495	206745
496	210481
497	215587
498	221463
499	227124
500	233763
501	240638
502	248029
503	255660
504	262338
505	269270
506	274297
507	278577
508	281013
509	283053
510	283792
511	284533
512	285183
513	286411
514	288853
515	291126
516	292702
517	297188
518	301234
519	306775
520	312559
521	321763
522	329428
523	339986
524	350200
525	360084
526	369991
527	378070
528	381665
529	381307
530	375648
531	366739
532	354122
533	341145
534	326931
535	314306
536	305967
537	299810
538	296761
539	295795
540	297393
541	297702
542	300984
543	303584
544	304467
545	303230
546	300520
547	296203
548	291274
549	283502
550	278636
551	272156
552	268713
553	264959
554	263452
555	262644
556	262065
557	262632
558	262390
559	264394
560	263843
561	264054
562	266398
563	267480
564	266908
565	268318
566	268950
567	270072
568	271475
569	272406
570	275149
571	277615
572	280429
573	284402
574	288117
575	290197
576	292316
577	293381
578	294005
579	294543
580	293403
581	292754
582	292656
583	292073
584	291725
585	293587
586	293975
587	295280
588	296757
589	299376
590	301758
591	302698
592	304546
593	306757
594	309847
595	312292
596	312362
597	313679
598	314839
599	315954
600	317442
601	317580
602	316194
603	317124
604	317304
605	318215
606	318852
607	318557
608	319244
609	320540
610	322089
611	324158
612	328274
613	330369
614	334864
615	336276
616	338933
617	339021
618	341610
619	340370
620	339455
621	339048
622	336410
623	335442
624	334275
625	332854
626	332388
627	332721
628	333844
629	333467
630	333532
631	335031
632	334448
633	334645
634	336326
635	336634
636	335423
637	335307
638	334822
639	334750
640	333622
641	332967
642	332517
643	331050
644	331428
645	330888
646	330387
647	331167
648	332102
649	332376
650	333567
651	333911
652	335402
653	335776
654	337172
655	338143
656	338429
657	339130
658	338536
659	340218
660	340841
661	341045
662	341252
663	341129
664	341006
665	342149
666	342065
667	342381
668	344455
669	345498
670	347886
671	349650
672	349739
673	352548
674	352932
675	354880
676	356191
677	357047
678	358519
679	359890
680	361436
681	362118
682	363634
683	366277
684	367374
685	370830
686	371740
687	373204
688	374502
689	375972
690	377882
691	377151
692	380789
693	380835
694	381422
695	383352
696	384947
697	387661
698	388918
699	392107
700	392835
701	393287
702	394170
703	394227
704	393194
705	392288
706	392892
707	392225
708	391330
709	390946
710	390563
711	390234
712	390556
713	389595
714	390618
715	391064
716	391642
717	392709
718	393819
719	397611
720	399638
721	404377
722	412074
723	420903
724	429928
725	442331
726	456168
727	469846
728	484139
729	494364
730	502681
731	506485
732	504117
733	498125
734	490402
735	479076
736	466537
737	453261
738	439740
739	430849
740	422613
741	414677
742	410723
743	407209
744	405130
745	404444
746	403751
747	403397
748	403177
749	402922
750	403857
751	404966
752	405113
753	405146
754	405767
755	405716
756	405960
757	407573
758	408625
759	412267
760	416094
761	422654
762	431367
763	443766
764	460160
765	482376
766	508194
767	536272
768	568162
769	598402
770	627186
771	649616
772	664010
773	668790
774	662276
775	646047
776	623317
777	594529
778	560510
779	526845
780	497642
781	472935
782	449827
783	432978
784	422785
785	414341
786	407687
787	404885
788	402401
789	400551
790	401387
791	400293
792	400027
793	398871
794	399667
795	400104
796	400987
797	400979
798	400885
799	402305
800	402079
801	402592
802	403425
803	403878
804	405199
805	409281
806	410913
807	413488
808	418178
809	422486
810	429680
811	434944
812	442334
813	446777
814	450390
815	456175
816	459037
817	461108
818	459890
819	456351
820	452443
821	447817
822	442951
823	438242
824	432821
825	429682
826	427304
827	426405
828	425075
829	424687
830	424682
831	425847
832	425860
833	426615
834	426435
835	426861
836	428942
837	429431
838	430642
839	432640
840	433778
841	435049
842	436790
843	440198
844	442026
845	445276
846	448684
847	451315
848	456889
849	461129
850	468148
851	475830
852	485483
853	496869
854	509559
855	524307
856	537951
857	553623
858	569130
859	583002
860	593965
861	604997
862	613477
863	617949
864	618825
865	618321
866	615871
867	613517
868	610219
869	607149
870	607313
871	609159
872	615304
873	624987
874	636850
875	651205
876	670408
877	694263
878	717952
879	746480
880	777816
881	812437
882	854923
883	893150
884	937790
885	984670
886	1035404
887	1089342
888	1142084
889	1196998
890	1250456
891	1302127
892	1355516
893	1400498
894	1443344
895	1482218
896	1515126
897	1543029
898	1557896
899	1570769
900	1575741
901	1572481
902	1561881
903	1542889
904	1518321
905	1485548
906	1449767
907	1408243
908	1362233
909	1313207
910	1263899
911	1209499
912	1156192
913	1102285
914	1050021
915	998907
916	948928
917	901397
918	856748
919	813772
920	774261
921	738311
922	705404
923	673369
924	645240
925	618902
926	595775
927	576554
928	556538
929	538133
930	523344
931	508866
932	498233
933	488010
934	479352
935	475241
936	473644
937	472752
938	478978
939	490419
940	509793
941	535320
942	572812
943	617695
944	675473
945	740794
946	810434
947	887223
948	961297
949	1035431
950	1097500
951	1147920
952	1180128
953	1190374
954	1180809
955	1147106
956	1095034
957	1022094
958	940010
959	853448
960	766428
961	680936
962	608101
963	541553
964	491273
965	451460
966	420594
967	399287
968	382640
969	371839
970	363780
971	360558
972	357661
973	356380
974	356335
975	355763
976	356987
977	358545
978	358953
979	363041
980	365042
981	369098
982	372422
983	376844
984	381026
985	386549
986	390938
987	397529
988	402803
989	410437
990	416441
991	423951
992	431459
993	438894
994	445524
995	452110
996	459555
997	464577
998	470596
999	475044
1000	479344
1001	480330
1002	483554
1003	483338
1004	483187
1005	481942
1006	479659
1007	476427
1008	470174
1009	464992
1010	459815
1011	451049
1012	442447
1013	435706
1014	424276
1015	416132
1016	403987
1017	394177
1018	382624
1019	371793
1020	360721
1021	351361
1022	340472
1023	330071
1024	320583
