Date:	09/05/2016		Time:	21:15		Version no:	0.00		Project name:	55		Sample name:	222		Section name:	section		Position	0.000000	mm	E0	0.000000	keV	E1	1.000000	keV/channel	sample surface	2.000000	cm	Tube anode:	Mo		Tube voltage:	30	kV	Tube current:	50	mA	gain	10		std. database			resultfile	result		matrix element	11		sample thickness	1.000000		air passage	0.560000	cm	comments	not in position		peaking_time	2.200000	m-sec	trigger_threshold	547.363281	V	mca_bin_width	22.090000	no:	number_mca_channels	1024.000000	no:	gap_time	0.150000	m-sec	trigger_peaking_time	0.200000	m-sec	GAINDAC	18610		HIGHGAIN	1		TAURC	1		RCTAU	1		RCTAUFRAC	1		livetime	9.540657	seconds	runtime	10.000493	seconds	input_count_rate	20831.165418	cps	output_count_rate	17559.834651	cps	triggers	198743	seconds	events_in_run	175607	seconds	channel	content		1	0
2	0
3	0
4	0
5	0
6	0
7	0
8	0
9	0
10	0
11	0
12	0
13	0
14	0
15	0
16	0
17	0
18	0
19	0
20	0
21	0
22	0
23	0
24	0
25	0
26	0
27	0
28	0
29	0
30	0
31	20647
32	20585
33	20323
34	20130
35	20116
36	20097
37	19740
38	19798
39	19325
40	20052
41	19674
42	19902
43	19583
44	19799
45	19976
46	19779
47	19577
48	19328
49	19509
50	19241
51	18712
52	18626
53	18553
54	18031
55	17460
56	17445
57	16920
58	16415
59	16213
60	15641
61	15452
62	14809
63	14581
64	14108
65	13689
66	13788
67	13122
68	12853
69	12790
70	12118
71	11824
72	11397
73	11272
74	10605
75	10618
76	10472
77	10465
78	10863
79	11664
80	12727
81	13676
82	14251
83	13923
84	13189
85	11976
86	10658
87	10039
88	9455
89	8826
90	8959
91	9333
92	11069
93	14397
94	19077
95	22574
96	24624
97	23783
98	20411
99	16372
100	12873
101	10552
102	9485
103	9136
104	9423
105	10391
106	11318
107	11866
108	11690
109	11006
110	9387
111	8150
112	7284
113	6498
114	6159
115	5912
116	5727
117	5624
118	5594
119	5535
120	5655
121	5945
122	6482
123	7291
124	8955
125	10690
126	12005
127	12647
128	12283
129	10898
130	8833
131	7292
132	6043
133	5326
134	5262
135	5021
136	5039
137	4998
138	4711
139	4884
140	5168
141	5855
142	6621
143	7431
144	7843
145	7765
146	7165
147	6679
148	5650
149	5153
150	4913
151	4728
152	4592
153	4791
154	4696
155	4811
156	5197
157	6292
158	8467
159	11481
160	15759
161	20175
162	23200
163	24361
164	22368
165	18335
166	13866
167	10111
168	7057
169	5432
170	4908
171	4731
172	5182
173	6102
174	7487
175	9949
176	14902
177	23684
178	38693
179	58488
180	81150
181	100703
182	110754
183	107901
184	93311
185	71059
186	48191
187	29854
188	17607
189	10658
190	7657
191	7096
192	8413
193	11544
194	17435
195	28105
196	46541
197	79022
198	131661
199	207747
200	299626
201	392662
202	459000
203	479815
204	444146
205	364738
206	266942
207	172689
208	101250
209	53649
210	26809
211	14700
212	10162
213	10291
214	13255
215	19625
216	29763
217	42769
218	57780
219	70680
220	79196
221	78325
222	70829
223	56861
224	41859
225	28036
226	17933
227	11242
228	7614
229	5615
230	4779
231	4407
232	4230
233	4279
234	4403
235	4523
236	4738
237	5185
238	5753
239	7277
240	9975
241	14704
242	22663
243	34138
244	48491
245	63873
246	77053
247	84062
248	83895
249	76857
250	65108
251	51680
252	40937
253	33475
254	29087
255	26426
256	24474
257	21881
258	18549
259	15637
260	13552
261	12387
262	12346
263	13300
264	14656
265	16529
266	18649
267	21587
268	24157
269	26256
270	27793
271	27903
272	26590
273	23634
274	20208
275	16992
276	14017
277	12269
278	10889
279	10946
280	10702
281	11334
282	11594
283	12364
284	12858
285	13230
286	13613
287	14322
288	14978
289	15690
290	16804
291	17814
292	18999
293	20313
294	21689
295	22759
296	23671
297	23560
298	22906
299	21430
300	19773
301	18330
302	17156
303	16332
304	16155
305	15842
306	15567
307	15552
308	15547
309	15772
310	15645
311	16050
312	16407
313	17254
314	18966
315	22196
316	27177
317	35246
318	47386
319	63504
320	82052
321	99550
322	113220
323	120222
324	116782
325	106144
326	90358
327	72195
328	55672
329	42544
330	33827
331	28637
332	25921
333	25577
334	25862
335	27425
336	29227
337	32748
338	38338
339	50306
340	74357
341	126751
342	227748
343	414369
344	724138
345	1194953
346	1833398
347	2601843
348	3396441
349	4083782
350	4516651
351	4586228
352	4281086
353	3680069
354	2908051
355	2118021
356	1425261
357	889150
358	519790
359	289519
360	159101
361	91784
362	59606
363	45318
364	39835
365	37567
366	37200
367	37716
368	38089
369	39423
370	40564
371	42082
372	43985
373	46622
374	50618
375	56287
376	65038
377	80111
378	104688
379	144337
380	205456
381	289187
382	396825
383	517281
384	633174
385	727322
386	777108
387	773299
388	716904
389	615953
390	494119
391	371556
392	262569
393	178872
394	120179
395	82184
396	60159
397	48529
398	43061
399	40946
400	40948
401	41369
402	43045
403	44897
404	47438
405	50280
406	53087
407	55958
408	57677
409	58554
410	58221
411	56134
412	54589
413	52662
414	50419
415	48038
416	47024
417	46311
418	45823
419	45706
420	46302
421	47266
422	47006
423	47975
424	48296
425	49591
426	50294
427	50745
428	51647
429	52562
430	54156
431	54842
432	57228
433	58766
434	61622
435	64838
436	68602
437	72894
438	77524
439	82511
440	87422
441	91917
442	94665
443	97323
444	99633
445	101465
446	102670
447	103467
448	103062
449	102819
450	102997
451	103254
452	105148
453	108154
454	111826
455	116926
456	122933
457	129031
458	132919
459	134593
460	133705
461	129483
462	120613
463	113338
464	105041
465	97879
466	93003
467	90526
468	91427
469	92963
470	96177
471	99533
472	101181
473	101725
474	101064
475	98835
476	95388
477	92490
478	90142
479	87192
480	86148
481	85097
482	85487
483	85700
484	85821
485	86739
486	87622
487	88541
488	88756
489	90041
490	90706
491	91434
492	92359
493	93167
494	94026
495	95788
496	97794
497	98911
498	101217
499	102992
500	106152
501	109088
502	112029
503	115927
504	119416
505	122915
506	126129
507	128534
508	130791
509	133341
510	135812
511	137141
512	138210
513	139265
514	140095
515	141590
516	141541
517	143090
518	143804
519	145595
520	148625
521	149481
522	152600
523	155135
524	159718
525	163702
526	166539
527	168625
528	170752
529	170120
530	169166
531	165183
532	159686
533	154729
534	149664
535	145616
536	142008
537	139509
538	137771
539	137927
540	138430
541	139661
542	140270
543	140976
544	141632
545	141141
546	140175
547	138247
548	137105
549	134528
550	132332
551	131117
552	130284
553	128712
554	128868
555	128323
556	128687
557	128688
558	128962
559	129544
560	129670
561	130014
562	130652
563	130646
564	132246
565	132010
566	133482
567	134276
568	136368
569	139127
570	141109
571	145299
572	147854
573	152731
574	155898
575	157214
576	158810
577	158977
578	158767
579	157108
580	155781
581	154000
582	153219
583	150905
584	150971
585	151934
586	151653
587	151722
588	153080
589	153571
590	154613
591	155483
592	157845
593	158301
594	159169
595	159623
596	160464
597	160721
598	161003
599	161673
600	161981
601	161428
602	162724
603	161691
604	161504
605	161813
606	162871
607	164109
608	164194
609	165164
610	165955
611	166124
612	168407
613	169240
614	171063
615	171824
616	173766
617	172820
618	173287
619	173173
620	172916
621	171943
622	171307
623	170817
624	170410
625	170245
626	169131
627	170170
628	170057
629	170608
630	171402
631	171371
632	172547
633	172677
634	173462
635	175066
636	175384
637	175543
638	176611
639	176129
640	177169
641	177020
642	177213
643	178376
644	178520
645	178815
646	179369
647	179796
648	179620
649	180969
650	182010
651	182344
652	183036
653	182958
654	182558
655	182820
656	182795
657	181858
658	181782
659	181968
660	181994
661	181786
662	182148
663	182666
664	182093
665	183157
666	184394
667	184009
668	184820
669	184348
670	185655
671	186306
672	186205
673	187104
674	187216
675	188848
676	189212
677	189448
678	190138
679	191123
680	192362
681	191907
682	193500
683	193037
684	193527
685	194988
686	196253
687	196778
688	197983
689	198782
690	198439
691	199285
692	199459
693	200153
694	201527
695	201221
696	202149
697	201833
698	202047
699	202548
700	203319
701	203870
702	204133
703	204520
704	204088
705	204486
706	204124
707	205019
708	204708
709	204246
710	204773
711	204655
712	204242
713	204970
714	205642
715	204821
716	206403
717	206842
718	207292
719	208264
720	209522
721	211059
722	213234
723	217044
724	219617
725	223913
726	227589
727	231577
728	236041
729	238994
730	241078
731	242664
732	241559
733	240893
734	236937
735	234571
736	230745
737	227532
738	224296
739	220363
740	218509
741	217245
742	216220
743	215761
744	214915
745	214547
746	214961
747	213303
748	215036
749	214487
750	214690
751	214639
752	214537
753	215792
754	215852
755	216488
756	216395
757	216332
758	217630
759	219323
760	220345
761	222070
762	225453
763	230629
764	235621
765	242900
766	251183
767	261116
768	272120
769	281658
770	291105
771	299664
772	303647
773	304830
774	303281
775	298327
776	290541
777	280770
778	270365
779	259389
780	249474
781	241528
782	234915
783	229426
784	226214
785	223371
786	221833
787	220854
788	219453
789	219917
790	219434
791	219269
792	219445
793	220231
794	219666
795	220529
796	220460
797	221825
798	220892
799	221720
800	221243
801	221607
802	223075
803	222062
804	223800
805	223742
806	224501
807	225692
808	226806
809	228440
810	229478
811	231639
812	232740
813	234071
814	236421
815	237344
816	238011
817	237619
818	237580
819	237114
820	236401
821	237327
822	235349
823	233923
824	232967
825	232998
826	232484
827	232563
828	232330
829	232893
830	232738
831	232522
832	233653
833	234241
834	234260
835	235517
836	235688
837	236311
838	236944
839	238343
840	238611
841	239910
842	239880
843	241912
844	243069
845	243002
846	244433
847	246096
848	248602
849	250521
850	253122
851	255809
852	257365
853	262210
854	265186
855	269245
856	274629
857	279609
858	283922
859	289055
860	292874
861	297955
862	303046
863	306486
864	309327
865	312411
866	315243
867	317268
868	320489
869	322266
870	326946
871	331742
872	337837
873	346014
874	354237
875	366118
876	379949
877	393525
878	410049
879	430003
880	449203
881	473780
882	497301
883	524030
884	553390
885	584759
886	616805
887	652066
888	684141
889	718564
890	751518
891	785983
892	816408
893	845322
894	870904
895	893403
896	909761
897	925165
898	932097
899	935349
900	934429
901	931456
902	919012
903	905062
904	886883
905	862196
906	837123
907	807900
908	777726
909	744295
910	711365
911	676217
912	642111
913	606696
914	576962
915	546557
916	516356
917	487244
918	460968
919	436611
920	413633
921	393121
922	373970
923	355471
924	340202
925	326383
926	312323
927	300715
928	290808
929	280479
930	272167
931	265912
932	259225
933	255282
934	250779
935	247620
936	244710
937	247180
938	248860
939	253790
940	262352
941	273697
942	289938
943	310323
944	334728
945	363369
946	393986
947	426943
948	458812
949	491699
950	518017
951	538598
952	553865
953	557175
954	552380
955	537691
956	512646
957	482212
958	444457
959	406923
960	367652
961	331425
962	299321
963	270719
964	248988
965	231094
966	218062
967	209488
968	201716
969	199414
970	197256
971	195636
972	194494
973	193929
974	194889
975	194613
976	195791
977	197270
978	199384
979	200549
980	202487
981	205521
982	207802
983	210428
984	212855
985	217332
986	220289
987	224337
988	228606
989	233235
990	236373
991	241844
992	246284
993	250407
994	255066
995	258487
996	263145
997	266181
998	270417
999	272875
1000	274208
1001	275708
1002	274631
1003	275040
1004	274768
1005	274427
1006	271270
1007	268593
1008	266747
1009	260785
1010	256310
1011	251440
1012	246808
1013	240701
1014	234267
1015	227124
1016	220579
1017	215094
1018	208118
1019	201883
1020	194554
1021	188316
1022	182036
1023	176042
1024	169889
