Date:	11/05/2016		Time:	09:41		Version no:	0.00		Project name:	55		Sample name:	222		Section name:	section		Position	0.000000	mm	E0	0.000000	keV	E1	1.000000	keV/channel	sample surface	2.000000	cm	Tube anode:	Mo		Tube voltage:	30	kV	Tube current:	50	mA	gain	10		std. database			resultfile	result		matrix element	11		sample thickness	1.000000		air passage	0.560000	cm	comments	not in position		peaking_time	2.200000	m-sec	trigger_threshold	547.363281	V	mca_bin_width	22.090000	no:	number_mca_channels	1024.000000	no:	gap_time	0.150000	m-sec	trigger_peaking_time	0.200000	m-sec	GAINDAC	18610		HIGHGAIN	1		TAURC	1		RCTAU	1		RCTAUFRAC	1		livetime	9.238714	seconds	runtime	10.000489	seconds	input_count_rate	32985.650038	cps	output_count_rate	25335.761588	cps	triggers	304745	seconds	events_in_run	253370	seconds	channel	content		1	0
2	0
3	0
4	0
5	0
6	0
7	0
8	0
9	0
10	0
11	0
12	0
13	0
14	0
15	0
16	0
17	0
18	0
19	0
20	0
21	0
22	0
23	0
24	0
25	0
26	0
27	0
28	0
29	0
30	0
31	41588
32	41601
33	41348
34	40880
35	40480
36	40204
37	40010
38	39894
39	40294
40	39652
41	39845
42	39067
43	39252
44	39188
45	38960
46	39010
47	39238
48	38586
49	38210
50	37823
51	37889
52	37149
53	36763
54	36157
55	35539
56	34759
57	34253
58	33268
59	32370
60	31965
61	30789
62	30122
63	29484
64	28827
65	28301
66	27774
67	27243
68	26440
69	25781
70	24777
71	23888
72	23372
73	22762
74	22247
75	21783
76	21584
77	21950
78	24184
79	27333
80	31579
81	36331
82	39017
83	38858
84	35573
85	32307
86	28376
87	25982
88	23540
89	22507
90	24453
91	32378
92	50698
93	81338
94	120912
95	155614
96	173462
97	165255
98	135464
99	98802
100	66270
101	44958
102	32087
103	25795
104	22777
105	21385
106	20672
107	20496
108	20102
109	19563
110	18121
111	16742
112	15542
113	14351
114	13738
115	13400
116	13147
117	12805
118	12582
119	12429
120	12327
121	12441
122	12441
123	12632
124	12896
125	13318
126	13496
127	13386
128	12946
129	12447
130	11955
131	11283
132	10670
133	10659
134	10647
135	10371
136	10248
137	10025
138	9971
139	9991
140	10016
141	10134
142	10236
143	10111
144	10233
145	10518
146	10616
147	10616
148	11239
149	11819
150	12365
151	13098
152	13531
153	13256
154	12837
155	12320
156	12690
157	14851
158	19141
159	26947
160	37054
161	46747
162	54514
163	57416
164	52481
165	44036
166	33039
167	23671
168	16820
169	13237
170	11732
171	12067
172	13358
173	15928
174	20896
175	31434
176	52036
177	90233
178	151564
179	236006
180	332736
181	416159
182	460174
183	446859
184	385644
185	292635
186	197051
187	119555
188	66590
189	36692
190	23789
191	20675
192	24481
193	33727
194	47747
195	69042
196	96253
197	133321
198	185618
199	254134
200	337781
201	420619
202	479286
203	493958
204	455910
205	373774
206	274320
207	179823
208	107121
209	59923
210	32795
211	19799
212	15418
213	15361
214	18887
215	25028
216	34978
217	48223
218	62061
219	75847
220	84374
221	83863
222	76559
223	63891
224	49455
225	35759
226	26014
227	19004
228	15155
229	13071
230	12251
231	11589
232	11712
233	12001
234	12417
235	13286
236	14445
237	16557
238	20601
239	28933
240	45784
241	77101
242	129796
243	207162
244	306339
245	413876
246	507027
247	560696
248	559913
249	508258
250	419888
251	323598
252	236775
253	175373
254	135659
255	111673
256	95889
257	82196
258	69038
259	57128
260	48315
261	44225
262	44958
263	50662
264	59227
265	71373
266	85631
267	101235
268	118593
269	133020
270	141376
271	141823
272	131754
273	114320
274	93399
275	73127
276	55845
277	44152
278	36307
279	32614
280	32032
281	32870
282	34742
283	36869
284	38599
285	40263
286	42892
287	45211
288	47301
289	49774
290	52232
291	55890
292	59444
293	63909
294	68741
295	72843
296	75760
297	75703
298	73857
299	68384
300	63055
301	57683
302	53243
303	50588
304	48307
305	48379
306	48381
307	48214
308	48759
309	48794
310	48952
311	49494
312	50566
313	52786
314	57616
315	67444
316	85860
317	114584
318	157195
319	213898
320	280360
321	343699
322	392589
323	415256
324	407588
325	368021
326	308744
327	243912
328	183539
329	137028
330	104605
331	85126
332	76449
333	74852
334	77169
335	81901
336	89190
337	102200
338	123982
339	169031
340	264512
341	465095
342	864539
343	1596865
344	2824023
345	4683907
346	7204035
347	10242518
348	13406683
349	16132565
350	17863246
351	18172417
352	16990352
353	14607344
354	11554122
355	8417241
356	5662765
357	3525728
358	2049126
359	1127803
360	601885
361	328620
362	198898
363	142062
364	118145
365	109028
366	106618
367	107730
368	108957
369	112842
370	117575
371	123228
372	130645
373	140326
374	155119
375	176139
376	210742
377	269582
378	365759
379	523474
380	757384
381	1086884
382	1505880
383	1976642
384	2437726
385	2810580
386	3009997
387	2998130
388	2768632
389	2377360
390	1895615
391	1409102
392	980288
393	647450
394	413232
395	264019
396	177166
397	131769
398	109797
399	102303
400	100855
401	101978
402	105195
403	110746
404	116875
405	123697
406	129925
407	136518
408	141450
409	142977
410	141130
411	136774
412	131791
413	124401
414	118485
415	112505
416	108055
417	105707
418	103989
419	103144
420	102438
421	102850
422	103149
423	103186
424	104540
425	105651
426	106952
427	108711
428	111138
429	113390
430	115783
431	119630
432	123959
433	129374
434	136265
435	144536
436	153855
437	164984
438	176633
439	187343
440	196881
441	205216
442	211638
443	216201
444	217742
445	220462
446	221681
447	222077
448	223718
449	226430
450	228882
451	234632
452	243524
453	255847
454	273654
455	296716
456	321159
457	344542
458	363181
459	372753
460	370787
461	356604
462	334596
463	305841
464	279859
465	255735
466	239537
467	233231
468	234642
469	241511
470	251127
471	261017
472	266795
473	267903
474	263354
475	254886
476	242782
477	229919
478	218378
479	209581
480	202607
481	198228
482	196391
483	194836
484	195787
485	198181
486	198840
487	200347
488	201207
489	202587
490	203578
491	205406
492	207180
493	208546
494	211444
495	215029
496	218579
497	223626
498	229473
499	235262
500	242372
501	250786
502	257824
503	266173
504	273926
505	281306
506	286718
507	291675
508	294276
509	296515
510	298586
511	300791
512	300498
513	301436
514	302491
515	305541
516	308692
517	312073
518	315988
519	322344
520	328766
521	336512
522	346538
523	358251
524	369145
525	380959
526	390696
527	399833
528	405875
529	404597
530	399735
531	389668
532	375175
533	360650
534	347244
535	332564
536	322367
537	315600
538	311552
539	310397
540	311571
541	314588
542	316856
543	320064
544	321670
545	321528
546	317645
547	313732
548	307496
549	300209
550	293655
551	287330
552	281939
553	278453
554	275959
555	275276
556	274088
557	275158
558	274871
559	275308
560	275743
561	276030
562	277588
563	279275
564	278630
565	280788
566	281703
567	283773
568	284542
569	286216
570	288785
571	291752
572	294849
573	298313
574	300002
575	304046
576	305846
577	307347
578	306850
579	306042
580	306737
581	305845
582	304297
583	304794
584	304112
585	305707
586	307029
587	307674
588	310637
589	312309
590	313705
591	316298
592	318745
593	320975
594	322385
595	324908
596	326737
597	328918
598	328827
599	330492
600	331263
601	331474
602	331453
603	332759
604	331907
605	332658
606	331895
607	333847
608	335022
609	336528
610	338458
611	340886
612	341855
613	345475
614	349738
615	352831
616	354087
617	354739
618	355516
619	355048
620	354776
621	352905
622	350409
623	349318
624	348865
625	347631
626	348242
627	347061
628	347030
629	348283
630	349332
631	349795
632	349567
633	351689
634	350229
635	352391
636	353196
637	352201
638	352656
639	351349
640	350776
641	349342
642	348606
643	348135
644	346658
645	346631
646	346849
647	346208
648	347197
649	346905
650	348063
651	348025
652	349413
653	349698
654	352163
655	352151
656	353190
657	354652
658	355567
659	355107
660	354905
661	356632
662	357036
663	357032
664	357266
665	358384
666	358238
667	358727
668	360185
669	362140
670	362078
671	363079
672	364967
673	365362
674	366620
675	369600
676	370149
677	372118
678	373234
679	375093
680	375629
681	377513
682	378966
683	381709
684	382277
685	385445
686	386696
687	388394
688	391202
689	393085
690	393441
691	395125
692	395735
693	397137
694	399454
695	399446
696	402121
697	403701
698	405795
699	407639
700	410547
701	411367
702	410378
703	410718
704	410445
705	411129
706	409018
707	408470
708	408710
709	408312
710	407849
711	406886
712	407148
713	407216
714	406747
715	408310
716	408437
717	409800
718	411022
719	413600
720	417068
721	422877
722	431030
723	438918
724	448602
725	461733
726	476434
727	490489
728	504796
729	514294
730	522813
731	526411
732	526874
733	521732
734	512122
735	500986
736	485871
737	473677
738	461736
739	450214
740	440236
741	433996
742	428123
743	424415
744	423826
745	422648
746	421524
747	422228
748	421189
749	421686
750	422894
751	422941
752	423253
753	423613
754	422825
755	424351
756	425053
757	426463
758	428063
759	430179
760	435755
761	442768
762	452898
763	466392
764	484442
765	507006
766	537317
767	569107
768	602069
769	636688
770	668029
771	692643
772	709039
773	714446
774	709114
775	691208
776	662651
777	632484
778	596452
779	561547
780	526987
781	498647
782	474801
783	457268
784	443038
785	434051
786	428234
787	423884
788	421897
789	420060
790	418969
791	419207
792	418284
793	418926
794	419109
795	417283
796	418300
797	419409
798	418397
799	419234
800	420317
801	421305
802	421560
803	422912
804	426357
805	426702
806	429313
807	433644
808	437264
809	442627
810	447664
811	452521
812	460799
813	467335
814	473872
815	477110
816	481139
817	481037
818	480404
819	477154
820	473760
821	467938
822	464247
823	459154
824	452744
825	450242
826	446308
827	445664
828	444246
829	444141
830	443721
831	443603
832	444288
833	444763
834	447736
835	446693
836	447651
837	449068
838	450156
839	452198
840	452487
841	455525
842	457248
843	460133
844	460123
845	465284
846	468627
847	472736
848	477157
849	482826
850	488966
851	497419
852	509213
853	520953
854	533773
855	547832
856	564659
857	582336
858	598630
859	611759
860	625806
861	638610
862	645449
863	650437
864	652648
865	651695
866	647827
867	643956
868	640465
869	636414
870	634819
871	636458
872	642206
873	649616
874	661902
875	677395
876	696141
877	719114
878	744553
879	773252
880	805073
881	840229
882	878988
883	920549
884	968033
885	1016335
886	1066965
887	1122789
888	1177920
889	1234038
890	1291418
891	1347754
892	1402092
893	1451612
894	1500110
895	1541988
896	1577415
897	1611887
898	1628943
899	1643566
900	1651034
901	1650556
902	1641680
903	1626765
904	1601205
905	1571737
906	1535318
907	1490402
908	1444610
909	1394419
910	1342422
911	1288243
912	1233453
913	1176711
914	1118555
915	1063726
916	1014888
917	961734
918	914293
919	869711
920	827078
921	788751
922	751453
923	718543
924	687429
925	660185
926	633601
927	611554
928	592503
929	573554
930	556399
931	541918
932	528701
933	517595
934	507582
935	502262
936	501039
937	499132
938	505013
939	517549
940	536594
941	563635
942	602553
943	650663
944	708872
945	775355
946	851115
947	932923
948	1012000
949	1089882
950	1155604
951	1206627
952	1242572
953	1256276
954	1247195
955	1211954
956	1156316
957	1079491
958	995079
959	900449
960	807682
961	719547
962	641549
963	574789
964	518068
965	475619
966	442275
967	418128
968	402100
969	390670
970	382289
971	377432
972	374417
973	372929
974	371748
975	371228
976	372699
977	374935
978	375641
979	377820
980	380663
981	385353
982	387462
983	393130
984	396389
985	402725
986	407294
987	411938
988	419643
989	426283
990	433233
991	441387
992	448804
993	456300
994	463662
995	470771
996	477316
997	485477
998	490124
999	494962
1000	499202
1001	502661
1002	505080
1003	507055
1004	507630
1005	506617
1006	503426
1007	499438
1008	496026
1009	490331
1010	484580
1011	477564
1012	467733
1013	459506
1014	449356
1015	439170
1016	427794
1017	418079
1018	405371
1019	394359
1020	382890
1021	372394
1022	361081
1023	350589
1024	339495
