Date:	10/05/2016		Time:	15:48		Version no:	0.00		Project name:	55		Sample name:	222		Section name:	section		Position	0.000000	mm	E0	0.000000	keV	E1	1.000000	keV/channel	sample surface	2.000000	cm	Tube anode:	Mo		Tube voltage:	30	kV	Tube current:	50	mA	gain	10		std. database			resultfile	result		matrix element	11		sample thickness	1.000000		air passage	0.560000	cm	comments	not in position		peaking_time	2.200000	m-sec	trigger_threshold	547.363281	V	mca_bin_width	22.090000	no:	number_mca_channels	1024.000000	no:	gap_time	0.150000	m-sec	trigger_peaking_time	0.200000	m-sec	GAINDAC	18610		HIGHGAIN	1		TAURC	1		RCTAU	1		RCTAUFRAC	1		livetime	9.292082	seconds	runtime	10.000488	seconds	input_count_rate	29250.281229	cps	output_count_rate	22931.080963	cps	triggers	271796	seconds	events_in_run	229322	seconds	channel	content		1	0
2	0
3	0
4	0
5	0
6	0
7	0
8	0
9	0
10	0
11	0
12	0
13	0
14	0
15	0
16	0
17	0
18	0
19	0
20	0
21	0
22	0
23	0
24	0
25	0
26	0
27	0
28	0
29	0
30	0
31	16046
32	15962
33	15746
34	15391
35	15410
36	15515
37	15460
38	15096
39	15180
40	15113
41	14937
42	15208
43	14987
44	14993
45	15129
46	14957
47	15006
48	15117
49	14802
50	14749
51	14566
52	14462
53	14201
54	13894
55	13642
56	13235
57	13061
58	12862
59	12549
60	12101
61	11858
62	11639
63	11375
64	11074
65	10956
66	10674
67	10274
68	10157
69	9769
70	9352
71	9104
72	8987
73	8644
74	8458
75	8414
76	8264
77	8413
78	8860
79	10229
80	11637
81	13116
82	14100
83	14079
84	12947
85	11653
86	10374
87	9509
88	8822
89	8338
90	8767
91	11260
92	17056
93	26965
94	39214
95	50556
96	56230
97	53789
98	44885
99	32835
100	22391
101	15281
102	11497
103	9324
104	8347
105	7922
106	7770
107	7644
108	7538
109	7239
110	6643
111	6176
112	5745
113	5581
114	5220
115	5121
116	4976
117	4916
118	4577
119	4818
120	4725
121	4612
122	4585
123	4659
124	4846
125	5002
126	4990
127	4913
128	4837
129	4642
130	4423
131	4210
132	4225
133	3922
134	3979
135	3829
136	3870
137	3812
138	3759
139	3769
140	3759
141	3698
142	3908
143	3933
144	3945
145	3958
146	3943
147	4082
148	4167
149	4379
150	4601
151	4877
152	4988
153	4853
154	4669
155	4623
156	4946
157	5996
158	8338
159	12000
160	16597
161	21909
162	25608
163	26894
164	24661
165	20361
166	15024
167	10488
168	7302
169	5550
170	4714
171	4729
172	5280
173	6241
174	8017
175	11830
176	18991
177	32183
178	53412
179	83398
180	116390
181	146814
182	162119
183	157768
184	135567
185	103554
186	70121
187	42488
188	23663
189	13426
190	8514
191	7362
192	8731
193	12024
194	17164
195	24465
196	33826
197	47518
198	65642
199	90373
200	120711
201	150153
202	171298
203	177539
204	163384
205	134859
206	98866
207	65279
208	38696
209	21372
210	11718
211	7477
212	5673
213	5753
214	6748
215	9116
216	12610
217	17541
218	22317
219	27095
220	30028
221	30557
222	27706
223	23335
224	18011
225	13239
226	9585
227	7233
228	5796
229	5009
230	4719
231	4308
232	4451
233	4414
234	4587
235	4809
236	5323
237	6089
238	7499
239	10238
240	16427
241	26902
242	45443
243	72620
244	107774
245	145205
246	176463
247	196408
248	196235
249	178883
250	148357
251	114546
252	84383
253	63076
254	48727
255	40905
256	35076
257	30147
258	25233
259	21308
260	17881
261	16443
262	16848
263	19077
264	21556
265	25781
266	30715
267	35854
268	42035
269	46589
270	49769
271	49698
272	46391
273	40333
274	33054
275	25817
276	20336
277	15638
278	13403
279	12169
280	11827
281	12242
282	12765
283	13284
284	14216
285	14828
286	15673
287	16119
288	17155
289	17826
290	19023
291	20281
292	21399
293	22978
294	24553
295	25913
296	26936
297	27200
298	26469
299	24599
300	22969
301	20991
302	19828
303	18500
304	18095
305	17870
306	17770
307	17825
308	17891
309	17857
310	18027
311	17972
312	18382
313	19587
314	21701
315	26300
316	34941
317	49375
318	70579
319	98011
320	130380
321	159940
322	185555
323	195736
324	192016
325	173292
326	145027
327	112319
328	83139
329	60038
330	44297
331	34735
332	29699
333	28433
334	28911
335	30894
336	33748
337	38095
338	45666
339	62395
340	97138
341	171423
342	316817
343	584466
344	1032885
345	1711431
346	2637865
347	3748618
348	4908173
349	5911184
350	6551196
351	6666736
352	6246527
353	5371462
354	4255251
355	3102036
356	2092385
357	1304538
358	760120
359	418638
360	225132
361	123135
362	74556
363	52885
364	43363
365	40651
366	39467
367	40085
368	40852
369	41656
370	43678
371	44889
372	47997
373	51204
374	56676
375	64500
376	77218
377	97476
378	132625
379	190024
380	276065
381	396497
382	549497
383	722373
384	893332
385	1030613
386	1102836
387	1099808
388	1017185
389	871788
390	695980
391	517721
392	361327
393	238528
394	153245
395	97837
396	66532
397	49493
398	42118
399	38529
400	37752
401	37639
402	39138
403	40905
404	42993
405	45285
406	47906
407	49815
408	51578
409	52045
410	51040
411	49879
412	47470
413	45404
414	42934
415	40759
416	39559
417	38696
418	37912
419	37943
420	37221
421	37765
422	38081
423	38270
424	38805
425	39496
426	40103
427	40729
428	41777
429	42736
430	44105
431	44984
432	46676
433	48658
434	51273
435	54586
436	58436
437	62413
438	66602
439	70138
440	73702
441	76785
442	78719
443	80971
444	81570
445	82091
446	82492
447	82880
448	82588
449	83878
450	84418
451	87041
452	89887
453	95286
454	101002
455	109525
456	118201
457	127178
458	133290
459	137247
460	135764
461	131103
462	123098
463	112616
464	102250
465	93355
466	87631
467	85515
468	85706
469	88555
470	92315
471	96140
472	98334
473	98654
474	97489
475	94050
476	90230
477	85443
478	81511
479	78081
480	75326
481	73884
482	72990
483	72797
484	73115
485	73613
486	73866
487	74451
488	74498
489	75613
490	75948
491	76563
492	77561
493	78301
494	79320
495	81214
496	82709
497	84798
498	86748
499	88604
500	91528
501	94018
502	96832
503	99665
504	102232
505	105180
506	106441
507	108720
508	109359
509	109982
510	111506
511	111330
512	111588
513	112082
514	112875
515	113074
516	114910
517	116044
518	117525
519	120141
520	122255
521	125684
522	128981
523	132222
524	136098
525	140364
526	144858
527	147674
528	148142
529	149011
530	147270
531	143781
532	138795
533	134014
534	127731
535	123446
536	120366
537	117560
538	117137
539	115820
540	116636
541	116741
542	118076
543	118562
544	119259
545	118630
546	117667
547	116652
548	114568
549	111744
550	109686
551	107527
552	105259
553	104344
554	103786
555	103217
556	104061
557	103988
558	103987
559	104047
560	104204
561	104227
562	105488
563	105716
564	105555
565	105484
566	106381
567	106134
568	106486
569	107737
570	108040
571	109460
572	111023
573	112817
574	114622
575	115916
576	116695
577	117210
578	117411
579	116632
580	117365
581	116377
582	116563
583	116204
584	116379
585	116092
586	116388
587	117624
588	117446
589	118624
590	119472
591	120624
592	120918
593	121370
594	123271
595	123328
596	123868
597	124976
598	125322
599	125629
600	125755
601	125653
602	126520
603	126090
604	126659
605	126184
606	126289
607	126336
608	126774
609	126818
610	127324
611	129136
612	130601
613	131971
614	132590
615	134564
616	134606
617	135297
618	135601
619	135902
620	135504
621	134631
622	134893
623	133735
624	132366
625	132619
626	132741
627	132418
628	132751
629	131861
630	133571
631	133339
632	132849
633	133761
634	134416
635	134071
636	133682
637	133408
638	133403
639	133001
640	133987
641	132257
642	132726
643	132184
644	132285
645	132928
646	132447
647	132648
648	132535
649	132821
650	133366
651	133687
652	133726
653	134951
654	133748
655	134922
656	135438
657	135698
658	136511
659	135734
660	136257
661	136949
662	135654
663	137063
664	136143
665	137055
666	137978
667	137823
668	138205
669	138314
670	139669
671	140109
672	140361
673	141405
674	141837
675	142484
676	143009
677	143524
678	144308
679	143952
680	144783
681	145249
682	145152
683	146559
684	148267
685	148093
686	149216
687	149153
688	150159
689	151065
690	151286
691	151929
692	151509
693	153240
694	152840
695	154398
696	154564
697	155349
698	156742
699	157434
700	157916
701	157406
702	158781
703	157389
704	157760
705	157905
706	157385
707	156683
708	156798
709	156811
710	157101
711	157080
712	156944
713	157038
714	157517
715	156679
716	157680
717	158270
718	157951
719	159181
720	160483
721	162006
722	165442
723	169079
724	173487
725	177484
726	182574
727	188460
728	193758
729	197984
730	201647
731	203077
732	201812
733	199872
734	196696
735	192615
736	186453
737	182141
738	176855
739	172244
740	169985
741	167234
742	165728
743	163358
744	163593
745	162198
746	162903
747	162458
748	162629
749	162739
750	162569
751	163050
752	162997
753	162484
754	162885
755	163809
756	163737
757	164025
758	164170
759	165852
760	168017
761	169923
762	174370
763	178930
764	185465
765	194178
766	203290
767	215622
768	228924
769	241883
770	252840
771	261464
772	267515
773	270647
774	267556
775	261675
776	251081
777	239994
778	227287
779	213004
780	200536
781	189988
782	182269
783	175095
784	170362
785	166878
786	164634
787	164326
788	162779
789	162087
790	161699
791	161569
792	161048
793	161788
794	161503
795	161505
796	161503
797	161676
798	161866
799	162061
800	162012
801	162402
802	162672
803	163320
804	163348
805	165560
806	166181
807	167533
808	169073
809	171413
810	173334
811	175325
812	177906
813	180327
814	182601
815	185097
816	185177
817	185766
818	186051
819	184346
820	182714
821	180465
822	178507
823	177451
824	175005
825	173626
826	172438
827	172630
828	171427
829	171445
830	172107
831	172086
832	171685
833	172171
834	172600
835	172659
836	173368
837	173634
838	173636
839	174819
840	174715
841	176909
842	176768
843	177597
844	178555
845	179578
846	180485
847	182689
848	184259
849	186354
850	189653
851	193072
852	196554
853	201593
854	206746
855	211847
856	217485
857	224133
858	229986
859	235037
860	240198
861	244803
862	247765
863	250221
864	250956
865	249489
866	249958
867	247291
868	247004
869	246077
870	245642
871	246422
872	249109
873	252727
874	258559
875	264979
876	271485
877	280605
878	291331
879	302594
880	315470
881	330271
882	345267
883	361144
884	380996
885	400580
886	420799
887	441493
888	463663
889	484400
890	506999
891	526392
892	548915
893	566642
894	584133
895	599359
896	612794
897	623093
898	630021
899	633600
900	637381
901	634441
902	630371
903	623021
904	612936
905	600042
906	583763
907	568604
908	549188
909	529249
910	508939
911	487179
912	465792
913	443532
914	422054
915	401933
916	381112
917	363748
918	344838
919	328228
920	312951
921	297183
922	284813
923	272068
924	260342
925	250565
926	240740
927	231601
928	224053
929	217248
930	211874
931	205502
932	200345
933	197098
934	194219
935	191431
936	190616
937	191145
938	193531
939	198095
940	204811
941	217132
942	231728
943	250371
944	273754
945	298119
946	328035
947	357903
948	389588
949	418447
950	443441
951	463022
952	476959
953	481016
954	477873
955	464939
956	443357
957	414200
958	380463
959	345371
960	310492
961	275929
962	246214
963	220058
964	199917
965	182242
966	169379
967	161523
968	155133
969	151202
970	148366
971	145392
972	144986
973	144509
974	144195
975	144536
976	143551
977	145057
978	146188
979	146908
980	148515
981	150024
982	150779
983	152158
984	154376
985	156734
986	158405
987	161051
988	163823
989	166697
990	168971
991	172401
992	173974
993	177866
994	180905
995	182631
996	186262
997	189375
998	190851
999	192643
1000	194424
1001	194728
1002	195800
1003	195653
1004	195313
1005	194869
1006	193493
1007	192142
1008	191212
1009	188439
1010	185738
1011	183292
1012	179610
1013	175411
1014	171664
1015	167833
1016	162810
1017	159075
1018	154751
1019	150737
1020	145380
1021	142175
1022	136538
1023	133681
1024	129646
