Age_SH20	Ln(Fe/Mn)
cal a BP	NA
286.78	2.140426348
289.36	2.21061833
291.94	2.333745889
294.51	2.0433691
297.09	1.950120682
299.67	1.749472409
302.25	1.973502155
304.83	2.171794091
307.41	2.228556284
309.99	2.112450287
312.57	2.029931481
315.15	2.317239101
317.73	2.464018162
320.31	2.240709689
322.89	2.472161129
325.47	2.454344857
328.05	2.335884507
330.63	2.037539476
333.21	2.127078386
335.79	2.210152126
338.37	2.280565286
340.95	2.087936514
343.53	2.062162084
346.11	2.417811672
348.69	1.850810375
351.27	2.226272263
353.85	2.113539409
356.43	2.303329695
359.01	2.522493604
361.59	2.475798942
364.17	2.45534416
366.75	2.414245293
369.33	2.514271677
371.91	2.414974788
374.49	2.351120577
377.07	2.350781697
379.65	2.496646379
382.23	2.414186002
384.81	2.569017338
387.39	2.507883284
389.97	2.483202474
392.55	2.309457972
395.12	2.559002858
397.7	2.602152773
400.28	2.690489503
402.86	2.607081139
405.44	2.789719762
408.02	2.840770835
410.6	2.833454395
413.18	2.81192233
415.76	2.615963814
418.34	2.53839406
420.92	2.907376119
423.5	3.052025214
426.08	2.841874978
428.66	3.103510247
431.24	2.802388361
433.82	2.833213344
436.4	2.842389725
438.98	2.967738764
441.56	3.090733891
444.14	2.782228457
446.72	2.614469591
449.3	3.01658766
451.88	2.911405038
454.46	3.026503932
457.04	3.288729652
459.62	3.56304828
462.2	3.528529509
464.78	3.340054702
467.36	2.99973953
469.94	2.953880194
472.52	3.103464973
475.1	3.147524715
477.68	3.37492038
480.26	3.364604245
482.84	3.469029085
485.42	3.491761468
488	3.701493362
490.58	3.762087348
493.16	3.499101597
495.73	3.771104394
498.31	3.682336356
500.89	3.48035041
503.47	3.21240331
506.05	3.267313193
508.63	3.305678279
512.01	3.147326359
515.39	3.270314387
518.76	3.225889796
522.14	3.258590568
525.52	3.165556187
528.89	3.190096287
532.27	3.636299791
535.65	3.495350288
539.02	3.29986391
542.4	3.387843305
545.78	3.644453196
549.15	3.479879594
552.53	3.13842653
555.91	3.100702569
559.28	3.375527058
562.66	3.418297874
566.03	3.68690382
569.41	3.627141436
572.79	3.631207683
576.16	3.592529408
579.54	3.711026524
582.92	3.582006569
586.29	3.619579616
589.67	3.764900709
593.05	3.690120406
596.42	3.686173093
599.8	3.574356026
603.18	3.345735527
606.55	3.530957365
609.93	3.437771771
613.31	3.406507837
616.68	2.886692455
620.06	2.892263906
623.44	3.288415941
626.81	3.257205453
630.19	2.999386027
633.57	3.026032037
636.94	3.207660124
640.32	3.356524942
643.7	3.391230522
647.07	3.414551217
650.45	3.309868063
653.83	3.3318285
657.2	3.391868286
660.58	3.315277878
663.95	2.871211992
667.33	3.297144011
670.71	2.995412222
674.08	3.291052626
677.46	3.615037181
680.84	3.469164086
684.21	3.467359584
687.59	3.467299974
690.97	3.585402283
694.34	3.522014388
697.72	3.646909202
701.1	3.712927183
704.47	3.963552518
707.85	3.876098365
711.23	3.822144854
714.6	3.537197868
717.98	4.007069646
721.36	3.800911216
724.73	3.833336086
728.11	3.588738786
731.49	3.489382251
734.86	3.237039795
738.24	3.473299934
741.62	3.812934613
744.99	3.866290661
748.37	3.76912457
751.75	4.242055419
755.12	3.985178143
758.5	4.025175453
761.87	3.951700131
765.25	3.982324258
768.63	4.021319427
772	3.866565846
775.38	3.873492391
778.76	3.999249282
782.13	4.066092628
785.51	4.14538737
788.89	4.148014485
792.26	4.051429477
795.64	3.995414937
799.02	3.768816782
802.39	3.833028437
805.77	3.382181924
809.15	3.718842705
812.52	3.572424761
815.9	3.264314175
819.28	3.945169947
822.65	3.772661559
826.03	4.04036008
829.41	3.51005561
832.78	3.96465891
836.16	3.77929874
839.54	4.121675967
842.91	3.988703424
846.29	3.925790611
849.67	3.627890182
853.04	3.419744848
856.42	3.912904969
859.79	3.328309048
863.17	3.849670434
866.55	4.051286835
869.92	3.77191292
873.3	3.617364513
876.68	3.287487671
880.05	2.919983612
883.43	3.382415785
886.81	3.7309551
890.18	3.557314058
893.56	3.183958169
896.94	3.450694192
900.31	3.162246401
903.69	3.519803124
907.07	3.328094612
910.44	3.228198091
913.82	3.779317866
917.2	3.613766309
920.57	2.611839092
923.95	1.815084142
927.33	2.818726235
930.7	3.786081782
934.08	3.806834075
937.46	3.509752788
940.83	3.812529873
944.21	3.140036097
947.59	3.533224479
950.96	3.712104488
954.34	3.747888007
957.71	3.720154483
961.09	3.722533867
964.47	3.728509249
967.84	3.452069712
971.22	3.622171456
974.6	3.627668723
977.97	3.477175564
981.35	3.325723799
984.73	3.690768425
988.1	3.861916185
991.48	4.001992964
994.86	3.512599092
998.23	3.568384411
1001.61	3.63882088
1004.99	3.272547826
1008.36	3.495869399
1011.74	3.531720378
1015.12	3.916228708
1018.49	3.287856897
1021.87	3.319647515
1025.25	3.515999589
1028.62	3.651612713
1032	3.77468302
1035.38	3.696690199
1038.75	2.839525657
1042.13	2.977339112
1045.51	3.952610306
1048.88	4.081807555
1052.26	3.832934703
1055.63	4.004263344
1059.01	4.237382511
1062.39	4.013886342
1065.76	4.10396663
1069.14	3.654268354
1072.52	3.740732408
1075.89	3.939323003
1079.27	4.048106694
1082.65	4.052082473
1086.02	4.011470071
1089.4	3.409556802
1092.78	3.43726558
1096.15	3.377210132
1099.53	3.209079251
1102.91	3.601322474
1106.28	3.383825132
1109.66	3.415271868
1113.04	3.873824378
1116.41	4.067574321
1119.79	3.878949881
1123.17	3.973763838
1126.54	3.881702478
1129.92	3.935341243
1133.3	3.791331899
1136.67	3.730684354
1140.05	3.877943298
1143.43	4.000752844
1146.8	3.993047913
1150.18	3.680476479
1153.55	3.80152109
1156.93	3.371326218
1160.31	3.079813638
1163.68	3.704339047
1167.06	3.757244822
1170.44	3.209229448
1173.81	3.504251575
1177.19	3.982489046
1180.57	3.63111704
1183.94	3.95305305
1195.95	3.745323468
1207.96	3.964923116
1219.97	3.883300716
1231.98	3.811026004
1243.99	3.646482059
1256	3.797028417
1268	4.06371771
1280.01	3.903990834
1292.02	3.966302662
1304.03	4.068824198
1316.04	4.047390319
1328.05	3.975909655
1340.06	3.886914017
1352.06	3.618890567
1364.07	3.631659119
1376.08	3.572345638
1388.09	3.534692117
1400.1	3.891067255
1412.11	4.144279546
1424.11	3.540558892
1436.12	3.607747565
1448.13	3.900561344
1460.14	3.690065901
1472.15	4.011902881
1484.16	3.868677069
1496.17	4.057733297
1508.17	3.996900491
1520.18	3.970008145
1532.19	4.170042179
1544.2	3.849423646
1556.21	4.030679976
1568.22	3.843402089
1580.23	4.234187921
1592.23	4.25760907
1604.24	3.872947736
1616.25	4.04312467
1628.26	4.037211503
1640.27	3.874593595
1652.28	3.76944114
1664.29	3.911204827
1676.29	3.941156517
1688.3	3.735347371
1700.31	3.961724996
1712.32	4.032710909
1724.33	3.652442965
1736.34	3.459186247
1748.35	3.614470014
1760.35	3.738947166
1772.36	3.689878954
1784.37	4.14277595
1796.38	4.219105824
1808.39	4.098950527
1820.4	3.829534387
1832.41	3.860119893
1844.41	3.885249159
1856.42	3.915802263
1868.43	3.929340542
1880.44	4.05054194
1892.45	4.060292419
1904.46	4.15827015
1916.47	4.143275186
1928.47	4.112414634
1940.48	4.031401316
1952.49	3.842308373
1964.5	4.062266904
1976.51	3.885287188
1988.52	4.10318515
2000.53	4.232606129
2012.53	4.206940148
2024.54	4.0292324
2036.55	4.016777498
2048.56	4.134324097
2060.57	4.38785378
2072.58	4.461173261
2084.59	4.150284578
2096.59	4.430083061
2108.6	4.73416386
2120.61	4.689855944
2132.62	4.636143844
2144.63	4.652807612
2156.64	4.585621373
2168.65	4.72658299
2180.65	4.351581906
2192.66	3.876936496
2204.67	4.374191451
2216.68	4.109970428
2228.69	3.997328554
2240.7	4.127867254
2252.71	3.94731135
2264.71	3.783580682
2276.72	3.926096174
2288.73	3.81647336
2300.74	4.121617234
2312.75	3.890552782
2324.76	3.80534475
2336.76	3.96700514
2348.77	3.903320755
2360.78	3.995895331
2372.79	4.073120926
2384.8	4.089788746
2396.81	4.023778522
2408.82	4.225965173
2420.82	3.998571848
2432.83	4.348320989
2444.84	4.175992602
2456.85	4.295814139
2468.86	4.427259057
2480.87	4.190186233
2492.88	4.174159324
2504.88	4.103466423
2516.89	4.032660176
2528.9	4.056590399
2540.91	4.114517857
2552.92	4.012096186
2564.93	4.04244145
2576.94	4.054437421
2588.94	3.791711608
2600.95	3.930082878
2612.96	3.922628051
2624.97	4.103553442
2636.98	3.887813384
2648.99	3.867093123
2661	3.83507541
2673	3.980761876
2685.01	4.155367908
2697.02	4.013219884
2709.03	3.976870414
2721.04	4.046109799
2733.05	3.806950115
2745.06	3.823685118
2757.06	4.175590559
2769.07	3.966454229
2781.08	4.044500123
2793.09	3.954232364
2805.1	3.874356945
2817.11	3.8473308
2829.12	3.854786677
2841.12	3.630885634
2853.13	3.588771051
2865.14	3.606435785
2877.15	3.865928235
2889.16	3.834489366
2901.17	3.540616426
2913.18	3.808042579
2925.18	3.745421147
2937.19	3.844516404
2949.2	3.69305361
2961.21	3.868509219
2973.22	3.720744255
2985.23	3.747061409
2997.24	3.725939278
3009.24	3.911915761
3021.25	4.056709688
3033.26	3.871741211
3045.27	4.127134385
3057.28	3.911343529
3069.29	4.078337871
3081.3	3.940288935
3093.3	4.139768564
3105.31	4.084324975
3117.32	3.957741467
3129.33	4.174783702
3141.34	4.316747098
3153.35	4.009809456
3165.36	3.879714199
3177.36	4.414042849
3189.37	4.348064797
3201.38	4.258217413
3213.39	4.135910466
3225.4	3.975373321
3237.41	4.163168479
3249.41	3.722937049
3261.42	3.891161753
3273.43	3.745709965
3285.44	3.810418867
3297.45	4.066367841
3309.46	4.042676329
3321.47	4.276568305
3333.47	4.078149876
3345.48	4.446250086
3357.49	4.182050143
3369.5	4.205542438
3381.51	4.107751223
3393.52	4.213851124
3405.53	4.268886337
3417.53	3.858582234
3429.54	3.611849445
3441.55	3.597312261
3453.56	4.417091631
3465.57	4.073312324
3477.58	3.876225933
3489.59	3.939171781
3501.59	4.221481174
3513.6	4.010003414
3525.61	4.203887934
3537.62	4.181413808
3549.63	4.187295058
3561.64	3.79651903
3573.65	4.318513229
3585.65	4.179746959
3612.96	4.695763376
3640.26	4.023993208
3667.57	3.882643235
3694.87	3.969886069
3722.18	3.886680423
3749.48	4.14406194
3776.79	3.910901687
3804.09	3.85598358
3831.4	3.791481933
3858.7	3.848581921
3886.01	4.084838092
3913.31	3.844275762
3940.62	3.571619976
3967.92	3.484082538
3995.23	3.750774248
4022.53	3.801392989
4049.84	3.801893375
4077.14	3.770089063
4104.44	3.739895414
4131.75	3.905228676
4159.05	3.758375745
4186.36	3.748688368
4213.66	3.799139504
4240.97	3.812614888
4268.27	3.815190257
4295.58	3.754059453
4322.88	3.719023957
4350.19	3.651762909
4377.49	3.749704428
4404.8	3.766931694
4432.1	3.855801604
4459.41	3.848695871
4486.71	3.796499626
4514.02	3.767195484
4541.32	3.82018689
4568.63	3.824357686
4595.93	3.838869166
4623.23	3.797530006
4650.54	3.793416368
4677.84	3.75647969
4705.15	3.839894106
4732.45	3.844074884
4759.76	4.042382707
4787.06	3.837266429
4814.37	4.026594699
4841.67	3.982699368
4868.98	3.87285163
4896.28	3.791395018
4923.59	4.00952665
4950.89	3.806172894
4978.2	3.529848099
5005.5	3.911053372
5032.81	4.10173477
5060.11	3.901418452
5087.42	3.886468483
5114.72	3.844814256
5142.02	3.987949483
5169.33	3.848529272
5196.63	4.064277479
5223.94	3.773231903
5251.24	4.213421761
5278.55	3.806143144
5305.85	4.268015546
5333.16	4.161203025
5360.46	4.11408311
5387.77	4.089981825
5415.07	3.750673703
5442.38	4.359153389
5469.68	3.837426226
5496.99	3.962010812
5524.29	3.839246826
5551.6	3.614379983
5578.9	3.530847284
5606.21	4.218456733
5633.51	4.212339216
5660.81	4.633090027
5688.12	3.498516805
5715.42	3.59300148
5742.73	3.825011628
5770.03	4.370222546
5797.34	3.74936401
5824.64	4.020403347
5851.95	4.188510577
5879.25	4.694901741
5906.56	3.953049006
5933.86	4.271461803
5961.17	4.223041758
5988.47	4.350207037
6015.78	3.907278946
6043.08	4.523165461
6070.39	4.937572527
6097.69	5.158924674
6125	4.052864217
6152.3	4.55343358
6179.6	4.649187071
6206.91	3.742372105
6234.21	3.921471895
6261.52	3.015861645
6288.82	3.094053856
6316.13	2.45868527
6343.43	2.790049984
6370.74	4.320459884
6398.04	3.738940193
6425.35	3.999292286
6452.65	4.849096276
6479.96	4.640513787
6507.26	4.305021345
6534.57	2.768706195
6561.87	3.409400453
6589.18	4.43267519
6616.48	4.157833092
6643.79	3.527852977
6671.09	4.304171493
6698.39	4.045387717
6725.7	4.184678956
6753	4.106980442
6780.31	4.115158194
6807.61	4.148751284
6834.92	3.969896005
6862.22	4.461299816
6889.53	4.952692259
6916.83	4.777941072
6944.14	5.487939793
6971.44	5.237770867
6998.75	4.803474447
7026.05	4.348899676
7053.36	4.119892607
7080.66	5.183152851
7107.97	4.427960541
7135.27	5.518869327
7162.58	4.657089866
7189.88	4.724781614
7217.18	4.637252733
7244.49	4.88697294
7271.79	6.625392368
7299.1	5.969389339
7326.4	5.03396464
7353.71	4.935617818
7381.01	6.462462001
7408.32	5.138048719
7435.62	5.208740719
7462.93	4.561422167
7490.23	5.042263152
7517.54	5.111862278
7544.84	6.248725313
7572.15	5.249652195
7599.45	4.82255359
7626.76	4.949885003
7654.06	5.449047569
7681.37	5.207592811
7708.67	4.900971383
7735.97	5.026609587
7763.28	5.219077367
7790.58	5.225279056
7817.89	4.986197699
7845.19	4.823172338
7872.5	5.057382557
7899.8	4.82712384
7927.11	4.755894479
7954.41	4.598820958
7981.72	4.700480366
8009.02	4.860099472
8036.33	4.408792861
8063.63	5.199574472
8090.94	4.892227063
8118.24	5.356089627
8145.55	4.780173362
8172.85	4.751658321
8200.16	4.716527391
8227.46	4.455323209
8254.76	4.856636118
8282.07	4.961111528
8309.37	4.847832153
8336.68	4.628650319
8363.98	4.706581738
8391.29	4.899063398
8418.59	4.793552574
8445.9	4.989988833
8473.2	4.921157535
8500.51	5.475453086
8527.81	4.648186786
8555.12	4.936446876
8582.42	4.458553554
8609.73	4.907716958
8637.03	4.575959808
8664.34	5.210578452
8691.64	4.821846266
8718.95	5.058824677
8746.25	5.273773328
8773.55	4.858831794
8800.86	4.368441394
8828.16	4.804751179
8855.47	4.50918181
8882.77	5.224879145
8910.08	4.687443216
8937.38	4.957776624
8964.69	5.13386505
8991.99	4.979421465
9019.3	4.65879558
9046.6	4.983606622
9054.96	5.196114254
9063.33	4.677180722
9071.69	4.792132122
9080.05	4.749328248
9088.41	5.239867797
9096.77	5.098458307
9105.13	5.386531723
9113.49	6.309358681
9121.86	4.793938579
9130.22	5.03504752
9138.58	5.15198198
9146.94	5.11491628
9155.3	5.162767131
9163.66	5.086005096
9172.03	5.798022563
9180.39	5.27882869
9188.75	5.942913485
9197.11	5.10261638
9205.47	4.708296629
9213.83	4.523320291
9222.19	6.368015645
9230.56	4.696685295
9238.92	4.813631131
9247.28	5.21166956
9255.64	5.337930467
9264	4.742126263
9272.36	5.132115192
9280.73	5.212432627
9289.09	5.039262688
9297.45	5.973501137
9305.81	5.328380392
9314.17	5.592247485
9322.53	5.819441133
9330.89	6.098787422
9339.26	5.753848567
9347.62	5.516832039
9355.98	5.673247738
9364.34	5.575462468
9372.7	5.923307673
9381.06	5.521788137
9389.43	5.487315929
9397.79	5.607483855
9406.15	6.379032354
9414.51	5.708558286
9422.87	6.165961027
9431.23	5.939865208
9439.59	5.387771877
9447.96	5.842851986
9456.32	5.926473946
9464.68	5.695774304
9473.04	5.000928471
9481.4	4.826698989
9489.76	5.14007734
9498.13	4.997145373
9506.49	5.526098795
9514.85	4.857455336
9523.21	5.457706403
9531.57	4.415172182
9539.93	4.639494929
9548.29	4.17438727
9556.66	5.010635294
9565.02	4.272747989
9573.38	4.40370017
9581.74	4.201845642
9590.1	4.432237254
9598.46	5.149078845
9606.82	4.030067445
9615.19	5.163833139
9623.55	4.487899314
9631.91	3.916261797
9640.27	4.611045748
9648.63	4.665567078
9656.99	4.189984069
9665.36	4.109176551
9673.72	4.605366245
9682.08	3.736596542
9690.44	4.300555438
9698.8	4.114592723
9707.16	3.840295305
9715.52	3.687127921
9723.89	3.659079344
9732.25	3.56232078
9740.61	3.404293359
9748.97	3.917116395
9757.33	3.793882763
9765.69	3.908606322
9774.06	4.018715966
9782.42	3.691229631
9790.78	3.65186748
9799.14	3.946066522
9807.5	4.041632576
9815.86	4.365727862
9824.22	4.351743138
9832.59	3.980391209
9840.95	4.366885996
9849.31	4.869215729
9857.67	4.379709137
9866.03	4.522615267
9874.39	4.380650688
9882.76	3.92152991
9891.12	3.988160662
9899.48	3.898401237
9907.84	4.212800772
9916.2	4.580168884
9924.56	4.238185872
9932.92	4.153537941
9941.29	4.31338522
9949.65	4.405193694
9958.01	4.726281012
9966.37	4.512917826
9974.73	4.333210855
9983.09	4.345148004
9991.46	4.369045923
9999.82	4.678969669
10008.18	4.802995929
10016.54	4.55759803
10024.9	4.239756851
10033.26	4.856563976
10041.62	4.580822109
10049.99	4.507142943
10058.35	4.840546306
10066.71	4.956902379
10075.07	4.823913828
10083.43	4.320815904
10091.79	4.327824123
10100.16	5.02031056
10108.52	4.351508403
10116.88	4.932828181
10125.24	5.193583894
10133.6	4.657217825
10141.96	4.71784931
10150.32	4.554414588
10158.69	4.279363096
10167.05	4.98569265
10175.41	4.864232301
10183.77	5.182036012
10192.13	5.081452513
10200.49	5.005261403
10208.86	4.920579048
10217.22	5.193974851
10225.58	4.727819411
10233.94	4.829744293
10242.3	4.670441857
10250.66	4.611472126
10259.02	4.553990071
10267.39	4.411917305
10275.75	4.577813068
10284.11	4.802678863
10292.47	4.747867192
10300.83	4.778623168
10309.19	4.65351207
10317.56	4.492531789
10325.92	4.265773678
10334.28	4.425542671
10342.64	4.241202706
10351	5.016814991
10359.36	4.557220578
10367.72	5.325979984
10376.09	5.240900096
10384.45	4.891227563
10392.81	5.179012651
10401.17	5.393952169
10409.53	4.684745941
10417.89	4.769813027
10426.26	5.078001844
10434.62	4.53641767
10442.98	5.675130279
10451.34	4.649144728
10459.7	4.70456293
10468.06	4.764121355
10476.42	5.030836375
10484.79	5.001221756
10493.15	4.664822938
10501.51	5.189415233
10509.87	5.539651602
10518.23	5.108306321
10526.59	5.776993388
10534.96	5.737953831
10543.32	4.913363352
10551.68	5.029861054
10560.04	5.236102385
10568.4	4.627457287
10576.76	4.743067036
10585.12	5.10882732
10593.49	5.102981254
10601.85	4.872751587
10610.21	5.205575315
10618.57	4.532599493
10626.93	5.019595035
10635.29	4.723498882
10643.66	4.303230578
10652.02	4.757133602
10660.38	4.616769322
10668.74	4.573740222
10677.1	4.837123304
10685.46	5.262482914
10693.82	5.441787839
10702.19	5.418445658
10710.55	5.569298247
10718.91	5.611090659
10720.38	5.025943874
10721.84	4.907494535
10723.31	5.192312521
10724.78	5.069690057
10726.24	5.335506102
10727.71	5.950462939
10729.18	5.485565042
10730.64	5.519315762
10732.11	5.084717173
10733.58	4.920216358
10735.04	5.022926595
10736.51	4.994776878
10737.98	4.529188665
10739.44	5.075511596
10740.91	4.59970071
10742.38	5.093622381
10743.84	5.993181822
10745.31	4.487600943
10746.78	5.268538729
10748.24	5.363914649
10749.71	5.427301799
10751.18	6.040084629
10752.64	7.56112159
10754.11	4.966651741
10755.58	4.876930726
10757.04	4.559233091
10758.51	4.664328695
10759.98	4.440655248
10761.44	4.071943626
10762.91	4.45491435
10764.38	3.899593132
10765.84	4.756761202
10767.31	4.791750952
10768.78	4.620946719
10770.24	5.889965614
10771.71	5.323181124
10773.18	5.529924996
10774.64	5.562905876
10776.11	4.175249587
10777.58	4.428524797
10779.05	4.323456661
10780.51	4.008689118
10781.98	4.240972875
10783.45	4.766347791
10784.91	3.955290201
10786.38	3.94473218
10787.85	4.824131089
10789.31	4.314861717
10790.78	4.377448865
10792.25	4.38341456
10793.71	3.175413216
10795.18	4.477431507
10796.65	4.871373227
10798.11	5.015522323
10799.58	4.817435738
10801.05	4.892866964
10802.51	4.483364648
10803.98	4.933117576
10805.45	4.761330917
10806.91	5.061721671
10808.38	4.7783492
10809.85	5.360834028
10811.31	5.168335223
10812.78	5.043816047
10814.25	5.121616349
10815.71	4.627708399
10817.18	4.955946411
10818.65	5.739921521
10820.11	4.897128815
10821.58	4.65450965
10823.05	4.609789132
10824.51	4.676490565
10825.98	4.268812885
10827.45	4.229236298
10828.91	4.26969745
10830.38	4.733819891
10831.85	4.561279763
10833.31	5.055575115
10834.78	4.716264233
10836.25	5.173619028
10837.71	5.617679776
10839.18	5.550076141
10840.65	4.697334928
10842.11	5.155637108
10843.58	4.225435035
10845.05	4.468743851
10846.51	4.879342291
10847.98	5.191506524
10849.45	5.243126326
10850.92	5.197637239
10852.38	5.51362074
10853.85	5.17276989
10855.32	6.402055385
10856.78	6.69279246
10858.25	4.933551168
10859.72	4.361459429
10861.18	4.904402939
10862.65	5.3508771
10864.12	5.945017789
10865.58	4.32943295
10867.05	4.672172774
10868.52	4.234439616
10869.98	4.828829733
10871.45	4.623109574
10872.92	5.038272444
10874.38	5.03202114
10875.85	5.477214262
10877.32	4.678737943
10878.78	4.656787752
10880.25	5.134447477
10881.72	4.61819816
10883.18	4.745415103
10884.65	4.212705314
10886.12	3.752851105
10887.58	4.184432798
10889.05	4.503439438
10890.52	4.768275363
10891.98	4.377478637
10893.45	4.808496016
10894.92	4.641019839
10896.38	5.424052241
10897.85	4.438856798
10899.32	4.783358634
10900.78	4.988285948
10902.25	6.093743396
10903.72	6.256069888
10905.18	4.770805683
10906.65	5.590138588
10908.12	4.523987588
10909.58	5.29236217
10911.05	4.792394236
10912.52	6.295266001
10913.98	6.679958059
10915.45	4.449501501
10916.92	5.298555433
10918.38	4.691738202
10919.85	5.310019462
10921.32	5.066169583
10922.79	5.315041148
10924.25	5.201160655
10925.72	5.021862357
10927.19	4.491349072
10928.65	4.391533191
10930.12	4.801285065
10931.59	4.776196305
10933.05	4.54144293
10934.52	4.060214622
10935.99	4.02620167
10937.45	3.865832264
10938.92	4.074708588
10940.39	4.267489165
10941.85	4.331452654
10943.32	4.694688223
10944.79	4.778214609
10946.25	5.160081046
10947.72	4.162182921
10949.19	5.635503634
10950.65	4.952869485
10952.12	5.127651752
10953.59	4.995569999
10955.05	4.469295915
10956.52	5.790171052
10957.99	4.560132588
10959.45	5.181008356
10960.92	4.467065144
10962.39	4.511650402
10963.85	4.960620851
10965.32	4.8940123
10966.79	4.858137288
10968.25	5.555781826
10969.72	5.471556926
10971.19	4.713982681
10972.65	4.972252325
10974.12	4.834912606
10975.59	4.909484014
10977.05	5.104522839
10978.52	5.340497343
10979.99	5.594109843
10981.45	5.508431964
10982.92	5.522291741
10984.39	5.178634592
10985.85	5.303521194
10987.32	5.194486293
10988.79	5.231519886
10990.25	4.727908245
10991.72	4.455759635
10993.19	4.693941021
10994.66	4.204075678
10996.12	4.383587915
10997.59	5.621004548
10999.06	5.316242173
11000.52	5.381247149
11001.99	5.012356658
11003.46	NaN
11004.92	5.436628982
11006.39	5.360033829
11007.86	4.758716287
11009.32	5.403931948
11010.79	4.8797505
11012.26	5.327876169
11018.72	5.232110788
11025.18	4.708911745
11031.64	5.181535668
11038.11	7.810514877
11044.57	5.770378537
11051.03	5.340713506
11057.49	4.607591495
11063.96	5.749392986
11070.42	5.710862614
11076.88	5.511643655
11083.34	5.187996653
11089.8	5.108303966
11096.27	5.094772173
11102.73	4.927121924
11109.19	4.267117754
11115.65	4.264592446
11122.12	3.72029565
11128.58	4.252279958
11135.04	3.936025314
11141.5	4.703186491
11147.97	4.754043809
11154.43	4.387235647
11160.89	4.790773813
11167.35	4.963889017
11173.82	5.732281581
11180.28	5.371547624
11186.74	4.702776578
11193.2	4.109658797
11199.67	4.757999921
11206.13	4.477063613
11212.59	5.263590887
11219.05	5.23341664
11225.52	5.013298412
11231.98	4.757328735
11238.44	4.876697886
11244.9	4.625736464
11251.36	4.371357947
11257.83	5.590503171
11264.29	6.236467433
11270.75	6.020294929
11277.21	6.737085575
11283.68	5.328945204
11290.14	5.07809922
11296.6	5.785142995
11303.06	5.098610259
11309.53	4.848116365
11315.99	4.981822332
11322.45	5.733708965
11328.91	5.000320103
11335.38	5.545077279
11341.84	4.736672494
11348.3	4.272025739
11354.76	4.119986993
11361.23	3.997933453
11367.69	3.921330208
11374.15	4.216844588
11380.61	5.252273428
11387.07	4.102165141
11393.54	4.507189778
11400	4.197822573
11406.46	4.672828834
11412.92	4.61566289
11419.39	5.192432604
11425.85	4.91513462
11432.31	4.861184202
11438.77	4.633786652
11445.24	4.459110307
11451.7	4.480761475
11458.16	4.974463809
11464.62	4.684880198
11471.09	4.774068722
11477.55	4.329459184
11484.01	4.179257932
11490.47	4.552322621
11496.94	5.092082523
11503.4	4.581321623
11509.86	4.865508107
11516.32	4.649255422
11522.79	4.423005042
11529.25	4.722514168
11535.71	4.418914977
11542.17	4.793554409
11548.63	4.377981196
11555.1	4.228209233
11561.56	4.004075173
11568.02	4.41376752
11574.48	4.469701434
11580.95	4.618039402
11587.41	4.52496942
11593.87	4.040069688
11600.33	4.253046693
11606.8	4.619138113
11613.26	4.238320667
11619.72	4.244381703
11626.18	4.271325562
11632.65	4.819001548
11639.11	4.777690783
11645.57	4.285347806
11652.03	4.161959333
11658.5	4.26365749
11664.96	4.021645853
11671.42	4.065357025
11677.88	4.321340333
11684.35	4.564737524
11690.81	4.392117064
11697.27	4.589283793
11703.73	4.402328852
11710.19	4.505221357
11716.66	4.418217231
11723.12	4.510957618
11729.58	4.037986567
11736.04	4.519690104
11742.51	4.468812935
11748.97	4.357160549
11755.43	4.24343319
11761.89	4.165549009
11768.36	3.717147451
11774.82	3.99544719
11781.28	4.117609067
11787.74	4.335001553
11794.21	4.278749499
11800.67	4.20715624
11807.13	4.24960733
11813.59	4.093210775
11820.06	3.870391622
11826.52	4.012699537
11832.98	4.127887054
11839.44	4.030569638
11845.91	4.44677785
11852.37	4.422176648
11858.83	4.366512827
11865.29	4.455589202
11871.75	4.343001447
11878.22	4.140479477
11884.68	4.301498896
11891.14	4.457440851
11897.6	5.211760432
11904.07	5.466813061
11910.53	5.718625654
11916.99	5.481725955
11923.45	5.115392238
11929.92	4.85208567
11936.38	4.787795833
11942.84	4.824198137
11949.3	4.601971158
11955.77	4.337382792
11962.23	4.503778393
11968.69	4.04642439
11975.15	3.97580231
11981.62	4.121720632
11988.08	4.16063263
11994.54	4.203548489
12001	4.062791348
12007.47	3.755731671
12013.93	3.977117422
12020.39	3.994774451
12026.85	4.081911266
12033.31	4.319609005
12039.78	4.33886714
12046.24	4.267819515
12052.7	3.95715269
12059.16	3.889431418
12065.63	3.7832671
12072.09	3.726152301
12078.55	3.750401382
12085.01	3.842199224
12091.48	3.808228805
12097.94	3.92566861
12104.4	3.87770643
12110.86	3.85134619
12117.33	3.706055197
12123.79	3.701994239
12130.25	3.715045117
12136.71	3.822596059
12143.18	3.881996262
12149.64	3.939467555
12156.1	3.843760265
12162.56	3.93560701
12169.02	3.917666826
12175.49	4.012698513
12181.95	3.873031178
12188.41	3.863842626
12194.87	3.846978218
12201.34	3.979456429
12207.8	3.937469671
12214.26	3.963793351
12220.72	3.903039435
12227.19	3.861747868
12233.65	4.057145255
12240.11	4.120004851
12246.57	4.287143629
12253.04	4.074003579
12259.5	4.015774866
12265.96	4.001450815
12272.42	4.046784728
12278.89	3.968587483
12285.35	3.981582334
12291.81	4.031859209
12298.27	3.828307406
12304.74	4.068333513
12308.14	3.82988495
12311.54	3.867731392
12314.94	3.877889787
12318.34	3.918167055
12321.74	3.920286069
12325.14	3.905150962
12328.54	3.857016376
12331.94	3.905742195
12335.34	3.950915698
12338.74	3.938499456
12342.14	3.93425062
12345.54	3.89909426
12348.94	3.904274267
12352.34	3.876648956
12355.74	3.875688283
12359.14	3.920327411
12362.54	4.01107638
12365.94	3.798132384
12369.34	3.952985171
12372.74	3.934684227
12376.14	3.925874456
12379.54	3.866416858
12382.94	3.804362295
12386.34	3.917888125
12389.74	3.862498627
12393.14	4.140108234
12396.54	3.990602432
12399.94	3.974905342
12403.34	3.838664436
12406.74	3.801032281
12410.14	3.896410232
12413.54	3.993929979
12416.94	3.99543046
12420.34	3.906468687
12423.74	3.962660867
12427.14	3.965382011
12430.54	3.951352823
12433.94	3.958714888
12437.34	3.894653291
12440.74	4.015475132
12444.14	3.923906467
12447.54	3.942967809
12450.94	3.961134474
12454.34	3.922512213
12457.74	3.898113769
12461.14	3.853101478
12464.54	3.88956941
12467.94	3.887475173
12471.34	3.901445827
12474.74	3.980427051
12478.14	3.927837592
12481.54	3.868537893
12484.94	3.891871317
12488.34	3.876443145
12491.74	3.873778392
12495.14	3.903863285
12498.54	3.974183863
12501.94	3.920922067
12505.34	3.943552295
12508.74	3.940529373
12512.14	3.952979931
12515.55	3.935119374
12518.95	3.999311782
12522.35	3.978242805
12525.75	3.865175738
12529.15	3.944657978
12532.55	3.906013334
12535.95	4.001545524
12539.35	3.927045822
12542.75	4.052936229
12546.15	3.958998836
12549.55	3.972214219
12552.95	3.962108227
12556.35	3.928870576
12559.75	3.910871595
12563.15	3.932323675
12566.55	3.957007752
12569.95	3.902929742
12573.35	4.077473321
12576.75	3.909368322
12580.15	3.943609379
12583.55	3.927888178
12586.95	3.91730431
12590.35	3.978881518
12593.75	3.865968404
12597.15	3.913593041
12600.55	3.94897068
12603.95	3.982535709
12607.35	3.903493303
12610.75	3.975611511
12614.15	3.939154788
12617.55	4.036153513
12620.95	3.903578145
12624.35	3.882332177
12627.75	3.987318609
12631.15	3.899154558
12634.55	3.883387107
12637.95	3.929484721
12641.35	4.027241745
12644.75	3.961790813
12648.15	3.887534958
12651.55	4.017013888
12654.95	4.022934413
12658.35	3.968252454
12661.75	3.977324114
12665.15	3.922661981
12668.55	3.960096347
12671.95	3.960778537
12675.35	3.924246134
12678.75	3.876196293
12682.15	4.007290303
12685.55	4.079673982
12688.95	4.122203891
12692.35	4.060879959
12695.75	4.054370224
12699.15	4.034950021
12702.55	4.057956844
12705.95	4.043589829
12709.35	4.097915045
12712.75	4.065643928
12716.15	4.109492912
12719.55	4.123622982
12722.95	4.124354008
12726.35	4.103078242
12729.75	4.18577483
12733.16	4.126535911
12736.56	4.111680977
12739.96	4.20266943
12743.36	4.079736877
12746.76	4.056303408
12750.16	4.050588396
12753.56	4.102947451
12756.96	4.222024801
12760.36	4.145333297
12763.76	4.054873258
12767.16	4.376959338
12770.56	4.248900018
12773.96	4.165124454
12777.36	4.231435247
12780.76	4.262777851
12784.16	4.250427361
12787.56	4.149109174
12790.96	4.382899002
12794.36	4.384062604
12797.76	4.435630786
12801.16	4.319238406
12804.56	4.286362619
12807.96	4.392445799
12811.36	4.378117006
12814.76	4.396042434
12818.16	4.290295699
12821.56	4.43776655
12824.96	4.18352134
12828.36	4.098327231
12831.76	4.030942346
12835.16	4.262703708
12838.56	4.198467352
12841.96	4.154489303
12845.36	4.336627831
12848.76	4.256610565
12852.16	4.262883488
12855.56	4.149861789
12858.96	4.073198459
12862.36	3.888100349
12865.76	4.034989527
12869.16	3.913569312
12872.56	4.02363985
12875.96	4.074858683
12879.36	4.128349934
12882.76	4.215625826
12886.16	4.10908519
12889.56	4.073391481
12892.96	4.179019516
12896.36	4.0985095
12899.76	4.148404032
12903.16	4.106375534
12906.56	3.943879284
12909.96	4.094866619
12913.36	4.081232812
12916.76	4.09221074
12920.16	4.138791048
12923.56	4.197664728
12926.96	4.147147827
12930.36	4.176303183
12933.76	4.339173276
12937.16	4.172544679
12940.56	3.677324058
12943.96	3.43431168
12947.36	4.176913622
12950.77	4.337315038
12954.17	4.40077829
12957.57	4.578605162
12960.97	4.631366422
12964.37	4.634784677
12967.77	4.554849819
12971.17	4.461462256
12974.57	4.490188299
12977.97	4.618430297
12981.37	4.657937289
12984.77	4.535486066
12985.31	4.596195796
12985.86	4.534533526
12986.41	4.626795565
12986.95	4.533967897
12987.5	4.831647305
12988.04	4.815150193
12988.59	4.843649608
12989.14	4.680871687
12989.68	4.475950044
12990.23	4.459252774
12990.77	4.395165888
12991.32	4.400106138
12991.87	4.929448072
12992.41	4.266930535
12992.96	4.117904716
12993.5	3.885863587
12994.05	3.482417697
12994.6	3.831419319
12995.14	3.950302521
12995.69	2.98911888
12996.24	2.476468683
12996.78	3.18047168
12997.33	3.960756275
12997.87	3.299178854
12998.42	2.664659978
12998.97	3.293996868
12999.51	3.942884796
13000.06	3.950458967
13000.6	3.921418727
13001.15	4.043545749
13001.7	3.943372175
13002.24	4.029744233
13002.79	4.064616604
13003.34	4.112281525
13003.88	3.612691303
13004.43	2.500127896
13004.97	1.671336511
13005.52	1.359914486
13006.07	1.563871683
13006.61	1.505599178
13007.16	1.894556321
13007.7	1.61293918
13008.25	1.694340375
13008.8	3.231995251
13009.34	3.86903165
13009.89	3.997685381
13010.43	3.912299374
13010.98	3.958046466
13011.53	3.809383961
13012.07	3.869637817
13012.62	3.927241303
13013.17	3.951772519
13013.71	3.963509025
13014.26	3.966503405
13014.8	3.948432077
13015.35	3.998113138
13015.9	3.965654633
13016.44	3.960783925
13016.99	3.974336146
13017.53	3.987761265
13018.08	3.99842219
13018.63	4.064217971
13019.17	3.929756341
13019.72	3.927682201
13020.27	3.928460866
13020.81	3.917890338
13021.36	3.934545243
13021.9	3.911000456
13022.45	3.91818454
13023	3.878784035
13023.54	3.976337142
13024.09	4.077092985
13024.63	3.935002556
13025.18	4.155320369
13025.73	4.254661068
13026.27	4.334987818
13026.82	4.108146986
13027.36	4.017108022
13027.91	3.967857792
13028.46	4.10702739
13029	4.08279709
13029.55	4.118489712
13030.1	4.058261425
13030.64	4.029409137
13031.19	4.06153646
13031.73	4.019486007
13032.28	3.997347449
13032.83	3.92541442
13033.37	3.97973306
13033.92	3.973689527
13034.46	3.968655478
13035.01	4.178782881
13035.56	4.090750745
13036.1	4.024530134
13036.65	4.121594205
13037.2	4.051223781
13037.74	4.101850815
13038.29	4.052030763
13038.83	4.103591297
13039.38	4.108036876
13039.93	4.100421403
13040.47	4.084440607
13041.02	4.009156861
13041.56	4.048105921
13042.11	4.037500124
13042.66	4.089302825
13043.2	4.013434442
13043.75	3.996263281
13044.29	4.094921596
13044.84	4.053298413
13045.39	4.120280444
13045.93	4.008046967
13046.48	4.090332999
13047.03	4.023803547
13047.57	4.025283466
13048.12	4.101072056
13048.66	4.061787775
13049.21	4.003938375
13049.76	4.087624048
13050.3	4.053107517
13050.85	4.028604003
13051.39	4.050779164
13051.94	4.055290825
13052.49	3.969871791
13053.03	4.009246122
13053.58	4.037599575
13054.13	4.071007977
13054.67	4.007060761
13055.22	3.981417558
13055.76	4.078070497
13056.31	3.952962066
13056.86	4.046198844
13057.4	3.943898908
13057.95	4.049018239
13058.49	3.964184322
13059.04	4.063907163
13059.59	4.052290749
13060.13	3.922169921
13060.68	3.922141654
13061.22	3.927516262
13061.77	4.001656151
13062.32	4.026414764
13062.86	4.038416462
13063.41	3.997235969
13063.96	4.085806623
13064.5	4.053649399
13065.05	4.062180403
13065.59	4.053685084
13066.14	3.964875505
13066.69	3.98895486
13067.23	3.917406217
13067.78	3.912454849
13068.32	3.954534114
13068.87	3.913399107
13069.42	3.978134363
13069.96	4.112920948
13070.51	4.139415806
13071.06	4.134025012
13071.6	3.928042049
13072.15	3.933173887
13072.69	3.939556191
13073.24	3.917236838
13073.79	3.932771046
13074.33	3.932501537
13074.88	3.966928295
13075.42	3.950074396
13075.97	3.988588988
13076.52	4.023464911
13077.06	4.113149381
13077.61	3.998511035
13078.15	3.992250028
13078.7	3.954379462
13079.25	3.988215167
13079.79	4.018039879
13080.34	3.954160403
13080.89	3.911407882
13081.43	4.003729147
13081.98	3.918403807
13082.52	4.125253816
13083.07	4.018363196
13083.62	4.006718226
13084.16	4.078035824
13084.71	4.07432966
13085.25	4.136246662
13085.8	4.047844236
13086.35	3.960417639
13086.89	4.01025316
13087.44	3.951134091
13087.99	4.050440814
13088.53	4.070742927
13089.08	4.064667774
13089.62	4.038493552
13090.17	4.073203108
13090.72	4.096356547
13091.26	4.172085606
13091.81	4.214455566
13092.35	4.127869341
13092.9	4.174934067
13093.45	4.135517652
13093.99	4.032192578
13094.57	4.116086574
13095.14	4.020873374
13095.72	4.133293459
13096.3	4.178501568
13096.87	4.031187105
13097.45	4.00544565
13098.03	4.081019108
13098.6	4.071746988
13099.18	3.997079022
13099.75	4.050539906
13100.33	4.151978568
13100.91	4.089275358
13101.48	4.046612001
13102.06	3.967566869
13102.63	3.970878667
13103.21	3.984732598
13103.79	4.150563891
13104.36	3.946899743
13104.94	4.008628988
13105.52	3.936171875
13106.09	3.902052088
13106.67	3.979155099
13107.24	4.016086519
13107.82	4.007510036
13108.4	4.035140056
13108.97	3.964124796
13109.55	3.978378904
13110.12	4.090238314
13110.7	4.106536334
13111.28	4.045968436
13111.85	4.071313768
13112.43	4.003549352
13113	4.053190948
13113.58	4.021234365
13114.16	4.061137719
13114.73	4.01236517
13115.31	3.889252812
13115.89	4.00972897
13116.46	3.960404923
13117.04	4.030090851
13117.61	3.907721314
13118.19	4.061038417
13118.77	4.109828706
13119.34	4.117338085
13119.92	4.103669244
13120.49	4.133474404
13121.07	4.094611702
13121.65	4.133912135
13122.22	4.110888488
13122.8	4.082657229
13123.38	4.036589677
13123.95	4.043846428
13124.53	4.124010216
13125.1	4.075281362
13125.68	4.021079717
13126.26	4.021302149
13126.83	4.078891306
13127.41	4.053911309
13127.98	4.046658489
13128.56	4.154032719
13129.14	4.157128828
13129.71	4.07525681
13130.29	4.141001942
13130.86	4.070745823
13131.44	4.044657049
13132.02	4.090703503
13132.59	4.032215654
13133.17	3.96634157
13133.75	3.98940111
13134.32	3.996154673
13134.9	3.934336304
13135.47	3.887151487
13136.05	3.982705743
13136.63	3.987965081
13137.2	3.951840946
13137.78	3.981314786
13138.35	3.998512291
13138.93	3.983979224
13139.51	3.96362791
13140.08	3.857929134
13140.66	3.668438799
13141.24	3.977888126
13141.81	4.045574398
13142.39	4.066153331
13142.96	4.11030894
13143.54	4.00006546
13144.12	4.084940178
13144.69	4.066128808
13145.27	4.111155958
13145.84	4.186614251
13146.42	4.307915232
13147	4.265831345
13147.57	4.069516048
13148.15	4.163834205
13148.72	4.147731558
13149.3	4.054925853
13149.88	4.040244892
13150.45	4.014061675
13151.03	4.026341669
13151.61	3.946337419
13152.18	3.930757437
13152.76	3.956461503
13153.33	4.123205047
13153.91	3.992922621
13154.49	3.959659465
13155.06	3.980435642
13155.64	4.00474051
13156.21	3.918425713
13156.79	4.05528388
13157.37	4.042332383
13157.94	4.014404239
13158.52	4.020290287
13159.1	4.064908447
13159.67	3.992956897
13160.25	4.055386074
13160.82	4.073308578
13161.4	4.015013107
13161.98	3.988849194
13162.55	3.955968899
13163.13	4.018815854
13163.7	4.003693195
13164.28	3.95625158
13164.86	3.908042387
13165.43	3.953243659
13166.01	3.948486254
13166.58	4.00948777
13167.16	3.937333771
13167.74	3.949970284
13168.31	3.922986529
13168.89	3.952150954
13169.47	3.941381963
13170.04	3.96353158
13170.62	3.889139475
13171.19	3.96557911
13171.77	3.784659245
13172.35	3.926459777
13172.92	3.762792301
13173.5	3.899012077
13174.07	3.880048293
13174.65	3.849666659
13175.23	3.85603037
13175.8	3.64886819
13176.38	2.511715699
13176.95	1.817666293
13177.53	2.226508413
13178.11	3.948827704
13178.68	3.974232904
13179.26	3.716240628
13179.84	3.78524515
13180.41	3.91240403
13180.99	3.964381036
13181.56	3.900970478
13182.14	3.921322695
13182.72	3.936296579
13183.29	4.045226841
13183.87	4.018341966
13184.44	4.004931852
13185.02	4.092026664
13185.6	3.929030335
13186.17	3.951954198
13186.75	3.914523393
13187.33	3.907430302
13187.9	4.016145546
13188.48	3.913611873
13189.05	4.012329526
13189.63	3.984324314
13190.21	3.967320312
13190.78	3.887673097
13191.36	3.8742253
13191.93	3.377030454
13192.51	3.525966479
13193.09	3.746466758
13193.66	3.808999703
13194.24	3.823444411
13194.81	3.900399237
13195.39	3.875552305
13195.97	3.91017454
13196.54	3.91832034
13197.12	3.802057953
13197.7	3.630034757
13198.27	3.555640559
13198.85	3.691095697
13199.42	3.634226549
13200	3.35461556
13200.58	3.399193865
13201.15	3.169773255
13201.73	2.835506774
13202.3	2.726569806
13202.88	2.86386181
13203.46	2.653818888
13204.03	2.839084652
13204.61	2.706481393
13205.19	2.63264913
13205.76	2.452198932
13206.34	2.092507178
13206.91	1.678253339
13207.49	1.376035256
13208.07	1.805865455
13208.64	2.884025707
13209.22	3.073669126
13209.79	3.176036318
13210.37	3.759731629
13210.95	4.427584959
13211.52	4.21542455
13212.1	3.75785375
13212.67	3.755377284
13213.25	3.751782244
13213.83	3.893157644
13214.4	3.937645992
13214.98	3.922396902
13215.56	3.919076816
13216.13	3.944115296
13216.71	4.01459729
13217.28	3.918037331
13217.86	3.970675161
13218.44	3.935081698
13219.01	3.857975932
13219.59	3.905778092
13220.16	3.891267328
13220.74	4.107495231
13221.32	4.067946856
13221.89	3.997438587
13222.47	4.099919627
13223.05	4.051057883
13223.62	4.156628542
13224.2	4.154205336
13224.77	4.037559561
13225.35	4.058110754
13225.93	4.016549583
13226.5	4.024643264
13227.08	4.083773335
13227.65	4.063075341
13228.23	4.014202564
13228.81	4.102677886
13229.38	4.052898752
13229.96	4.086347096
13230.53	4.11746216
13231.11	4.032546302
13231.69	4.045377252
13232.26	4.075455904
13232.84	4.077489109
13233.42	4.163180632
13233.99	4.085069963
13234.57	4.035171325
13235.14	4.019250391
13235.72	3.999067811
13236.3	4.01276682
13236.87	4.086038673
13237.45	4.033804525
13238.02	4.01292112
13238.6	3.998249537
13239.18	4.119745354
13239.75	4.07645262
13240.33	4.065492476
13240.91	4.099785191
13241.48	4.091182312
13242.06	4.065772691
13242.63	4.14560688
13243.21	4.086757715
13243.79	4.146053642
13244.36	4.057158682
13244.94	4.10069379
13245.51	4.072512346
13246.09	4.118972262
13246.67	4.111787822
13247.24	4.128438089
13247.82	4.191492157
13248.39	4.211742338
13248.97	4.302801207
13249.55	4.224027137
13250.12	4.208502743
13250.7	4.311284514
13251.28	4.318812456
13251.85	4.291783267
13252.43	4.32323842
13253	4.254002391
13253.58	4.099039407
13254.16	4.062734034
13254.73	4.113604918
13255.31	4.111996073
13255.88	4.015167113
13256.46	4.008054646
13257.04	4.060412548
13257.61	3.976014436
13258.19	4.030712815
13258.77	4.013271347
13259.34	3.980431294
13259.92	3.984329086
13260.49	4.035906992
13261.07	3.994132412
13261.65	3.939039154
13262.22	3.964850888
13262.8	3.951544624
13263.37	3.96656514
13263.95	3.986787499
13264.53	4.037903618
13265.1	4.174417947
13265.68	4.104977487
13266.25	4.077282057
13266.83	4.109498268
13267.41	4.057985047
13267.98	3.971462629
13268.56	3.994640107
13269.14	3.997066977
13269.71	4.086653905
13270.29	4.108079591
13270.86	4.020146963
13271.44	4.006845541
13272.02	4.02278662
13272.59	3.962858104
13273.17	4.069090417
13273.74	4.065359264
13274.32	4.108591082
13274.9	4.078693184
13275.47	4.11057148
13276.05	4.114153225
13276.62	4.039946832
13277.2	4.07473113
13277.78	4.034835453
13278.35	4.075016289
13278.93	4.104578719
13279.51	4.086282522
13280.08	4.113677151
13280.66	4.097518804
13281.23	4.022120571
13281.81	4.009266509
13282.39	4.036892773
13282.96	4.069711932
13283.54	4.058118976
13284.11	4.086370759
13284.69	4.016342329
13285.27	4.048605741
13285.84	3.983289941
13286.42	4.009075571
13287	4.014398749
13287.57	4.050550706
13288.15	4.035018962
13288.72	3.996446768
13289.3	4.087916383
13289.88	4.010415616
13290.45	4.049219033
13291.03	4.102741082
13291.6	4.051317173
13292.18	4.121423757
13292.76	4.015768064
13293.33	4.023390029
13293.91	4.002815611
13294.48	4.046830667
13295.06	4.12080117
13295.64	4.045320891
13296.21	4.006267511
13296.79	4.023987072
13297.37	4.060502616
13297.94	3.963476287
13298.52	3.981536609
13299.09	4.036629555
13299.67	4.00407166
13300.25	4.102027141
13300.82	4.004354378
13301.4	3.957962106
13301.97	4.01851446
13302.55	4.026398843
13303.13	3.975974801
13303.7	3.971810425
13304.28	4.055544614
13304.86	4.01819759
13305.43	4.041125892
13306.01	4.051404101
13306.58	4.017882166
13307.16	4.004243016
13307.74	3.948579605
13308.31	4.032625457
13308.89	4.025640133
13309.46	4.103989206
13310.04	4.047420787
13310.62	4.118063285
13311.19	3.963365419
13311.77	4.023442647
13312.34	4.042428643
13312.92	3.989571536